Wavelength_microns Throughput
0.5503499755859375 3.0955792511390177e-09
0.5513499755859375 5.450254999157984e-09
0.5523499755859375 6.197975068968762e-09
0.5533499755859375 5.48941894135553e-09
0.5543499755859375 5.648543233307595e-09
0.5553499755859375 8.761941818875673e-09
0.5563499755859375 1.2138923332844956e-08
0.5573499755859375 6.59118489123594e-09
0.5583499755859375 5.055270814872321e-09
0.5593499755859375 5.311832954950547e-09
0.5603499755859375 3.686068900324366e-09
0.5613499755859375 4.073751590570626e-09
0.5623499755859375 7.507976075126458e-09
0.5633499755859375 1.0832134984598328e-08
0.5643499755859375 1.3571503017496358e-08
0.5653499755859375 1.87846859452502e-08
0.5663499755859375 2.1888953248103067e-08
0.5673499755859375 3.013561616999346e-08
0.5683499755859375 4.4556251183278146e-08
0.5693499755859375 9.606751556162308e-09
0.5703499755859375 2.1444031057223175e-09
0.5713499755859375 1.7426704544045083e-08
0.5723499755859375 4.910762050460794e-09
0.5733499755859375 1.163316991728622e-09
0.5743499755859375 7.069560201448604e-12
0.5753499755859375 2.911378157099283e-09
0.5763499755859375 6.532678924640833e-12
0.5773499755859375 1.7163298786868897e-09
0.5783499755859375 5.774806210140134e-12
0.5793499755859375 5.711829765422325e-10
0.5803499755859375 4.3750537110680555e-09
0.5813499755859375 9.297855145517777e-09
0.5823499755859375 1.8022581449522355e-08
0.5833499755859375 1.5217864047071256e-08
0.5843499755859375 7.630577494887766e-09
0.5853499755859375 1.8303656518460442e-08
0.5863499755859375 5.6387509399369004e-09
0.5873499755859375 1.4834562675238154e-11
0.5883499755859375 1.6038609946601894e-11
0.5893499755859375 1.706925829670124e-11
0.5903499755859375 6.090743147528696e-09
0.5913499755859375 2.4145696036770063e-08
0.5923499755859375 3.9742125532566344e-08
0.5933499755859375 5.131751885741502e-08
0.5943499755859375 1.261365981333354e-08
0.5953499755859375 2.755820651295459e-08
0.5963499755859375 1.2071425503397874e-08
0.5973499755859375 1.6831740621163037e-08
0.5983499755859375 5.647467082325121e-08
0.5993499755859375 5.558387968868683e-08
0.6003499755859375 1.7056838771833984e-08
0.6013499755859375 3.0734283947201194e-08
0.6023499755859375 3.67988906086435e-08
0.6033499755859375 2.45769715384535e-11
0.6043499755859375 3.2834860233962806e-08
0.6053499755859375 3.199942611588517e-08
0.6063499755859375 1.9447180423318023e-08
0.6073499755859375 5.3474175443114764e-08
0.6083499755859375 2.1990962002814624e-08
0.6093499755859375 2.175576540275441e-08
0.6103499755859375 2.9480628889920632e-08
0.6113499755859375 8.447991848433444e-09
0.6123499755859375 3.768653903950692e-08
0.6133499755859375 4.6099302674245146e-08
0.6143499755859375 1.4818665484081134e-10
0.6153499755859375 6.43377653516165e-08
0.6163499755859375 1.9656262736966933e-08
0.6173499755859375 3.0848476990165976e-08
0.6183499755859375 1.162329821926933e-08
0.6193499755859375 1.0635800189845393e-08
0.6203499755859375 1.739926542844363e-08
0.6213499755859375 2.7521860892832642e-08
0.6223499755859375 2.663000728142059e-11
0.6233499755859375 1.079879132880057e-08
0.6243499755859375 3.0738017251335653e-09
0.6253499755859375 1.2906154287723023e-08
0.6263499755859375 7.3949217748582705e-09
0.6273499755859375 2.1257226872804503e-08
0.6283499755859375 7.463319267823805e-09
0.6293499755859375 1.0462523894834002e-08
0.6303499755859375 1.7527120840438806e-08
0.6313499755859375 1.430056925331928e-08
0.6323499755859375 2.480936707488428e-08
0.6333499755859375 5.847934871276224e-08
0.6343499755859375 1.0709146462135499e-08
0.6353499755859375 7.455923971733891e-09
0.6363499755859375 3.0220972179687314e-08
0.6373499755859375 2.8547741949859566e-08
0.6383499755859375 4.123772510140164e-08
0.6393499755859375 1.8183343686927258e-08
0.6403499755859375 6.071485535795393e-08
0.6413499755859375 1.4203652967541255e-08
0.6423499755859375 3.2011256484798616e-08
0.6433499755859375 4.865341296089078e-08
0.6443499755859375 2.916498166077928e-08
0.6453499755859375 2.6071311781021855e-08
0.6463499755859375 1.3211610722837674e-08
0.6473499755859375 2.728956810211677e-08
0.6483499755859375 3.1496669232781166e-09
0.6493499755859375 3.4773266501472696e-08
0.6503499755859375 1.548877271934066e-08
0.6513499755859375 2.396193070842109e-08
0.6523499755859375 1.727469454902045e-08
0.6533499755859375 2.7149104225271295e-08
0.6543499755859375 1.0754925446379054e-07
0.6553499755859375 6.203601884419402e-08
0.6563499755859376 4.383982321230213e-08
0.6573499755859376 4.027469464536424e-08
0.6583499755859376 6.686632059812829e-08
0.6593499755859376 2.242975616199878e-08
0.6603499755859376 3.185908029197811e-08
0.6613499755859376 9.280542541463963e-08
0.6623499755859374 5.679981277202839e-08
0.6633499755859374 7.295086323693691e-08
0.6643499755859374 8.506188329714941e-08
0.6653499755859374 1.2543317477169035e-07
0.6663499755859374 1.6607673901221227e-07
0.6673499755859374 7.396785370763676e-08
0.6683499755859375 8.884107927704382e-08
0.6693499755859375 7.456399881223027e-08
0.6703499755859375 1.177770395417348e-07
0.6713499755859375 8.414093878352748e-08
0.6723499755859375 2.7880903451379777e-08
0.6733499755859375 4.8343876735813696e-08
0.6743499755859375 7.601958360218767e-08
0.6753499755859375 7.716250858550887e-08
0.6763499755859375 3.722247283434924e-08
0.6773499755859375 1.0149165086764918e-07
0.6783499755859375 7.463670393390273e-08
0.6793499755859375 3.306259227195513e-08
0.6803499755859375 2.9285131584898174e-11
0.6813499755859375 2.2047111489614922e-08
0.6823499755859375 5.695078801498735e-09
0.6833499755859375 4.8734192731935265e-08
0.6843499755859375 3.0831860370630386e-08
0.6853499755859375 6.04868319307976e-08
0.6863499755859375 5.171916680968455e-08
0.6873499755859375 2.21871678168577e-08
0.6883499755859375 8.607342426076287e-08
0.6893499755859375 6.971866627472224e-08
0.6903499755859375 9.822701954479694e-08
0.6913499755859375 7.608770874182576e-08
0.6923499755859375 4.737138553417577e-08
0.6933499755859375 3.183386137339527e-08
0.6943499755859375 1.1688476479475498e-07
0.6953499755859375 4.557689002729323e-08
0.6963499755859375 7.62316090683153e-09
0.6973499755859375 1.1241956357986665e-07
0.6983499755859375 1.040565808857323e-08
0.6993499755859375 4.142023658107832e-08
0.7003499755859375 1.981406242327326e-08
0.7013499755859375 6.282306746501153e-08
0.7023499755859375 1.0534759104400613e-08
0.7033499755859375 1.82559870456699e-08
0.7043499755859375 5.413614200734205e-08
0.7053499755859375 7.758206182679463e-08
0.7063499755859375 1.0245294288885806e-07
0.7073499755859375 3.02212731622798e-11
0.7083499755859375 3.5686440413958665e-09
0.7093499755859375 3.135338092535482e-08
0.7103499755859375 1.7985965222297774e-08
0.7113499755859375 7.76201994902275e-08
0.7123499755859375 7.513132855031238e-08
0.7133499755859375 8.473262456694952e-08
0.7143499755859375 1.0756384501083936e-07
0.7153499755859375 6.057986133086963e-08
0.7163499755859375 1.0961443736115051e-07
0.7173499755859375 1.0321156459678474e-07
0.7183499755859375 3.167419243494515e-08
0.7193499755859375 7.530000800400972e-08
0.7203499755859375 9.480729563271594e-08
0.7213499755859375 5.8113680129972855e-08
0.7223499755859375 1.2703007956815475e-07
0.7233499755859375 7.772353921510249e-08
0.7243499755859375 1.1212902843234495e-07
0.7253499755859375 6.903039540679716e-08
0.7263499755859375 1.1641678696990467e-07
0.7273499755859375 1.232177725862409e-07
0.7283499755859375 1.2184621051423207e-07
0.7293499755859375 5.869085608007494e-08
0.7303499755859375 1.2630787013706446e-07
0.7313499755859375 5.593394442660319e-08
0.7323499755859375 7.364098050511994e-08
0.7333499755859375 1.1142425231010156e-07
0.7343499755859375 1.0434158534912292e-07
0.7353499755859375 1.6842628184355655e-07
0.7363499755859375 5.4332153350280733e-08
0.7373499755859375 1.3389029090739205e-07
0.7383499755859375 1.2407163568430405e-07
0.7393499755859375 1.2556816162090387e-07
0.7403499755859375 8.237431998372371e-08
0.7413499755859375 9.187877820437329e-08
0.7423499755859375 1.678571316644534e-07
0.7433499755859375 1.3239786455300108e-07
0.7443499755859375 5.7848691076953236e-08
0.7453499755859375 2.0758551608723575e-07
0.7463499755859375 1.3374507143455027e-07
0.7473499755859375 1.3322067550663845e-07
0.7483499755859375 2.0375877680504844e-07
0.7493499755859375 1.1812909518257921e-07
0.7503499755859375 1.8897648617329018e-07
0.7513499755859375 5.3987291341188487e-08
0.7523499755859375 8.790838391039863e-08
0.7533499755859375 1.5515314516848159e-07
0.7543499755859375 1.2335848896929456e-07
0.7553499755859375 1.5205421484861566e-07
0.7563499755859375 1.4787739474389e-07
0.7573499755859375 5.0234086243636314e-08
0.7583499755859375 3.2926299945281195e-07
0.7593499755859375 7.184485002415008e-08
0.7603499755859375 1.2455863954575983e-07
0.7613499755859375 1.4001094619136778e-07
0.7623499755859375 1.8562836509487465e-07
0.7633499755859375 1.3002982220619225e-07
0.7643499755859375 2.7126183166622305e-07
0.7653499755859375 1.5997123793185674e-07
0.7663499755859375 1.8369518610257698e-07
0.7673499755859375 1.0789314854869576e-07
0.7683499755859375 2.2046849203374325e-07
0.7693499755859375 1.7749995860916307e-07
0.7703499755859375 1.6192970041979148e-07
0.7713499755859375 1.9431989559770324e-07
0.7723499755859375 3.1599155155099215e-07
0.7733499755859375 1.1522581572466378e-07
0.7743499755859375 2.906985642968598e-07
0.7753499755859375 1.8519978759203216e-07
0.7763499755859375 2.2978591072763667e-07
0.7773499755859375 1.0536811090658991e-07
0.7783499755859375 9.014013521997187e-08
0.7793499755859375 1.041838752661883e-07
0.7803499755859375 9.605895096001983e-08
0.7813499755859376 7.668653709146065e-08
0.7823499755859376 2.242175328757931e-07
0.7833499755859376 1.6580881680392775e-07
0.7843499755859376 1.9184280315201603e-07
0.7853499755859376 2.5841285770504494e-08
0.7863499755859376 2.96730872755434e-07
0.7873499755859374 1.5732167710814936e-07
0.7883499755859374 1.462578166695678e-07
0.7893499755859374 1.8209261366720294e-07
0.7903499755859374 1.1808584984435093e-07
0.7913499755859374 1.5638527258709798e-07
0.7923499755859374 6.613324838484925e-08
0.7933499755859375 4.793892423338027e-08
0.7943499755859375 1.5654428288709127e-07
0.7953499755859375 1.1761809562120952e-07
0.7963499755859375 7.726621336174209e-08
0.7973499755859375 4.6394099357280866e-08
0.7983499755859375 3.305798627929926e-08
0.7993499755859375 1.3188418635643062e-07
0.8003499755859375 5.127853672870513e-07
0.8013499755859375 5.264638962273711e-07
0.8023499755859375 5.575047057746186e-07
0.8033499755859375 4.3722020156170035e-07
0.8043499755859375 4.571236718975712e-07
0.8053499755859375 3.824013268514571e-07
0.8063499755859375 4.5376263328337924e-07
0.8073499755859375 6.244019669445106e-07
0.8083499755859375 2.6303640244965864e-07
0.8093499755859375 2.874856180479574e-07
0.8103499755859375 4.440720574414939e-07
0.8113499755859375 3.534013243181929e-07
0.8123499755859375 2.4441504796253573e-07
0.8133499755859375 2.0026829221479255e-07
0.8143499755859375 3.2109605744229533e-07
0.8153499755859375 1.8138794654116331e-07
0.8163499755859375 2.7589805573065545e-07
0.8173499755859375 3.062284627370481e-07
0.8183499755859375 2.384010597542028e-07
0.8193499755859375 3.102566555307555e-07
0.8203499755859375 2.461853011586727e-07
0.8213499755859375 4.745199663665344e-07
0.8223499755859375 1.953058937000116e-07
0.8233499755859375 2.5525023905869084e-07
0.8243499755859375 2.674936494086536e-07
0.8253499755859375 2.834254985885725e-07
0.8263499755859375 2.0330811952138538e-07
0.8273499755859375 4.3359839516442187e-07
0.8283499755859375 3.9744360065466136e-07
0.8293499755859375 3.220327792144767e-07
0.8303499755859375 2.0689297708394985e-07
0.8313499755859375 2.8196394576104463e-07
0.8323499755859375 4.110801275255239e-07
0.8333499755859375 2.4391823331103566e-07
0.8343499755859375 3.1006327805201157e-07
0.8353499755859375 3.2601593672345384e-07
0.8363499755859375 2.669849337727015e-07
0.8373499755859375 3.4162011649440467e-07
0.8383499755859375 2.8031016105769565e-07
0.8393499755859375 4.0720909069269617e-07
0.8403499755859375 4.2342390763003094e-07
0.8413499755859375 3.9781690777052756e-07
0.8423499755859375 4.765373109310372e-07
0.8433499755859375 4.636650870043556e-07
0.8443499755859375 4.933272454695872e-07
0.8453499755859375 5.31811676552317e-07
0.8463499755859375 5.268430458581604e-07
0.8473499755859375 5.62187763129317e-07
0.8483499755859375 5.528043603619441e-07
0.8493499755859375 6.193372314830158e-07
0.8503499755859375 6.383237437451396e-07
0.8513499755859375 7.061305342851861e-07
0.8523499755859375 6.696508535057838e-07
0.8533499755859375 6.723833309838904e-07
0.8543499755859375 6.811720878186081e-07
0.8553499755859375 6.761119252592654e-07
0.8563499755859375 7.411952774450951e-07
0.8573499755859375 6.830727595082248e-07
0.8583499755859375 7.159345531800163e-07
0.8593499755859375 7.227325455859953e-07
0.8603499755859375 6.249309706150278e-07
0.8613499755859375 5.739976990126267e-07
0.8623499755859375 7.196115058032456e-07
0.8633499755859375 6.933691457498316e-07
0.8643499755859375 6.942203909704954e-07
0.8653499755859375 7.375245327679519e-07
0.8663499755859375 7.02251660693507e-07
0.8673499755859375 7.87926528861729e-07
0.8683499755859375 8.639191581845488e-07
0.8693499755859375 8.516410908971898e-07
0.8703499755859375 8.483253901342093e-07
0.8713499755859375 7.811049947981479e-07
0.8723499755859375 7.817693535937329e-07
0.8733499755859375 7.977999149009153e-07
0.8743499755859375 8.532954014431636e-07
0.8753499755859375 7.832897277861055e-07
0.8763499755859375 7.708021732821503e-07
0.8773499755859375 7.522969649263979e-07
0.8783499755859375 8.633413110113885e-07
0.8793499755859375 9.355816415346584e-07
0.8803499755859375 8.758968592007586e-07
0.8813499755859375 8.855883166865086e-07
0.8823499755859375 1.004873722951656e-06
0.8833499755859375 1.0106522728799766e-06
0.8843499755859375 1.0642224243640132e-06
0.8853499755859375 1.156882427893288e-06
0.8863499755859375 1.121440386138178e-06
0.8873499755859375 1.1402692717148276e-06
0.8883499755859375 1.14216736907045e-06
0.8893499755859375 1.181745242169109e-06
0.8903499755859375 1.1391698359745419e-06
0.8913499755859375 1.1316924557383467e-06
0.8923499755859375 1.0689567203756676e-06
0.8933499755859375 1.0508423645715993e-06
0.8943499755859375 1.0512291014617249e-06
0.8953499755859375 9.95853391369346e-07
0.8963499755859375 9.969745808273609e-07
0.8973499755859375 9.322416887395874e-07
0.8983499755859375 1.0069703452115013e-06
0.8993499755859375 9.185405508769259e-07
0.9003499755859375 8.42459983631076e-07
0.9013499755859375 9.359336480600898e-07
0.9023499755859375 8.051340670103349e-07
0.9033499755859375 7.846482789217679e-07
0.9043499755859375 8.156076631935999e-07
0.9053499755859375 7.883830749840081e-07
0.9063499755859376 7.715017821103682e-07
0.9073499755859376 8.469315307655917e-07
0.9083499755859376 7.817621306296024e-07
0.9093499755859376 7.476243767328838e-07
0.9103499755859376 8.485431160226579e-07
0.9113499755859376 7.007221431510556e-07
0.9123499755859374 7.21145112914442e-07
0.9133499755859374 6.327773742672172e-07
0.9143499755859374 6.948631273072821e-07
0.9153499755859374 6.855216487394313e-07
0.9163499755859374 6.871179672991196e-07
0.9173499755859374 7.684167325725826e-07
0.9183499755859375 8.240001917043864e-07
0.9193499755859375 8.90465262381832e-07
0.9203499755859375 8.597113079766002e-07
0.9213499755859375 9.242122875798643e-07
0.9223499755859375 8.941252535835592e-07
0.9233499755859375 8.628225133720223e-07
0.9243499755859375 8.43255174820993e-07
0.9253499755859375 7.589208053206381e-07
0.9263499755859375 7.458568924961413e-07
0.9273499755859375 7.016546699956626e-07
0.9283499755859375 6.631641345205432e-07
0.9293499755859375 5.526371244951395e-07
0.9303499755859375 5.450259721584151e-07
0.9313499755859375 4.918021117324712e-07
0.9323499755859375 3.9639440936899495e-07
0.9333499755859375 4.3873153594979363e-07
0.9343499755859375 4.941796452051411e-07
0.9353499755859375 4.6953218224728145e-07
0.9363499755859375 4.371413642051915e-07
0.9373499755859375 4.538270636537089e-07
0.9383499755859375 3.8666800718312405e-07
0.9393499755859375 3.23160099620777e-07
0.9403499755859375 3.929368907651223e-07
0.9413499755859375 4.167736771858155e-07
0.9423499755859375 3.9264905100231993e-07
0.9433499755859375 4.390527365027889e-07
0.9443499755859375 3.840041898050536e-07
0.9453499755859375 3.962639319657423e-07
0.9463499755859375 4.6411599390192584e-07
0.9473499755859375 4.5188828121868296e-07
0.9483499755859375 4.1131517551119685e-07
0.9493499755859375 3.3292345137796756e-07
0.9503499755859375 3.2488604746723857e-07
0.9513499755859375 4.67902843250118e-07
0.9523499755859375 4.5743534345278405e-07
0.9533499755859375 5.089961487908998e-07
0.9543499755859375 6.831030863791325e-07
0.9553499755859375 7.22038575685406e-07
0.9563499755859375 8.485743396690138e-07
0.9573499755859375 8.498956315671076e-07
0.9583499755859375 9.72019090635135e-07
0.9593499755859375 8.072896128870549e-07
0.9603499755859375 8.379222300406091e-07
0.9613499755859375 9.036944395735484e-07
0.9623499755859375 8.782104807138545e-07
0.9633499755859375 9.193499875502132e-07
0.9643499755859375 8.511056684794354e-07
0.9653499755859375 8.078795002021718e-07
0.9663499755859375 7.24926720991649e-07
0.9673499755859375 6.192463189533561e-07
0.9683499755859375 4.932390272693045e-07
0.9693499755859375 3.3037651206086156e-07
0.9703499755859375 3.0002061692187505e-07
0.9713499755859375 3.2507958316977036e-07
0.9723499755859375 3.1363472546399456e-07
0.9733499755859375 3.6736446363176743e-07
0.9743499755859375 3.327211435992894e-07
0.9753499755859375 3.8790874073127834e-07
0.9763499755859375 4.5671553914565414e-07
0.9773499755859375 5.400765005441454e-07
0.9783499755859375 7.637935023567363e-07
0.9793499755859375 1.013975045051916e-06
0.9803499755859375 1.2054067190841634e-06
0.9813499755859375 1.3300163287555438e-06
0.9823499755859375 1.4137306080538816e-06
0.9833499755859375 1.4001378821953954e-06
0.9843499755859375 1.3309939248093786e-06
0.9853499755859375 1.302651856113515e-06
0.9863499755859375 1.3187260291266997e-06
0.9873499755859375 1.315056202876898e-06
0.9883499755859375 1.346393546322406e-06
0.9893499755859375 1.381518929668954e-06
0.9903499755859375 1.3840317100825686e-06
0.9913499755859375 1.3245532660312154e-06
0.9923499755859375 1.1634037985874226e-06
0.9933499755859375 9.6472719534502e-07
0.9943499755859375 6.564232814883732e-07
0.9953499755859375 4.5396242160241567e-07
0.9963499755859375 3.1599769069567256e-07
0.9973499755859375 3.595156728736816e-07
0.9983499755859375 4.969010131865599e-07
0.9993499755859375 4.269352747552161e-07
1.0003499755859375 5.171681239677066e-07
1.0013499755859374 1.9343965513351243e-06
1.0023499755859375 1.2668581072355066e-06
1.0033499755859374 3.2490212870270525e-06
1.0043499755859375 1.951483087414368e-06
1.0053499755859374 1.5202377518757058e-06
1.0063499755859375 2.5837455278715897e-06
1.0073499755859374 1.1251697026074006e-06
1.0083499755859375 1.9203996350494463e-06
1.0093499755859374 9.473082749410098e-07
1.0103499755859375 1.8095413904303133e-06
1.0113499755859374 1.6861830108335734e-06
1.0123499755859375 1.6087414811018015e-06
1.0133499755859374 1.5543887185663049e-06
1.0143499755859375 2.540187139028148e-06
1.0153499755859374 1.0397046975497294e-06
1.0163499755859375 1.7458658425055235e-06
1.0173499755859374 2.5549735081568994e-06
1.0183499755859375 6.895587152188324e-07
1.0193499755859374 2.857420948098953e-06
1.0203499755859375 1.015457310433964e-06
1.0213499755859374 7.372653670038048e-07
1.0223499755859375 2.752064749260882e-06
1.0233499755859374 1.449859813162199e-06
1.0243499755859375 1.3391785642622185e-06
1.0253499755859374 3.188325374486461e-06
1.0263499755859375 9.322911406250823e-07
1.0273499755859374 1.5725955931810416e-06
1.0283499755859375 1.6230571794562013e-06
1.0293499755859374 1.9953796966741214e-06
1.0303499755859375 1.0207295727893385e-06
1.0313499755859374 1.6533853975930702e-06
1.0323499755859376 2.068417947319346e-06
1.0333499755859374 3.7465954726307127e-07
1.0343499755859376 2.528161162090434e-06
1.0353499755859374 1.1374980442078113e-06
1.0363499755859376 2.3520983665090114e-06
1.0373499755859374 5.041089253413046e-07
1.0383499755859376 1.988293393096174e-06
1.0393499755859374 2.9640999873730263e-06
1.0403499755859376 3.9363226802995255e-11
1.0413499755859374 2.1754939862791238e-06
1.0423499755859376 2.36401722893663e-06
1.0433499755859375 4.6637338542217965e-07
1.0443499755859376 1.4669136220563643e-06
1.0453499755859375 6.411701051875444e-07
1.0463499755859376 1.0599365326537345e-06
1.0473499755859375 3.796442491120313e-07
1.0483499755859376 2.2643651143901247e-07
1.0493499755859375 7.530685721348151e-07
1.0503499755859376 3.4766931389088393e-07
1.0513499755859375 1.5527576619033435e-06
1.0523499755859376 1.6123737667122011e-06
1.0533499755859375 1.607905462754318e-06
1.0543499755859376 2.778796414693668e-07
1.0553499755859375 2.1245205066029246e-06
1.0563499755859376 1.2080973350620957e-06
1.0573499755859375 6.543983040944877e-07
1.0583499755859376 1.5896635381803762e-06
1.0593499755859375 8.424369128520015e-07
1.0603499755859376 1.6271799225204652e-06
1.0613499755859375 7.902515785020806e-07
1.0623499755859376 1.6875289824981054e-06
1.0633499755859375 7.274809922527572e-07
1.0643499755859376 6.307536561557549e-07
1.0653499755859375 3.834275114092e-07
1.0663499755859376 2.116746608126108e-06
1.0673499755859375 1.3404739568218764e-06
1.0683499755859376 1.0083910287889153e-06
1.0693499755859375 1.82806378622549e-06
1.0703499755859376 1.2519906836836827e-06
1.0713499755859375 1.2737647379777275e-06
1.0723499755859376 1.3890292018938858e-06
1.0733499755859375 3.979007125176209e-11
1.0743499755859376 2.705346156048595e-06
1.0753499755859375 1.390139021626778e-06
1.0763499755859376 5.547145205588576e-07
1.0773499755859375 1.3739755412587328e-06
1.0783499755859376 9.184141674012136e-07
1.0793499755859375 5.900074044983166e-07
1.0803499755859376 1.3991804543083947e-06
1.0813499755859375 1.4849925357474544e-06
1.0823499755859376 8.419689525524232e-07
1.0833499755859375 6.467215778375892e-07
1.0843499755859376 1.9000582363256706e-06
1.0853499755859375 8.494546848908913e-07
1.0863499755859376 9.042428973223669e-07
1.0873499755859375 7.258428776765492e-07
1.0883499755859376 1.1164568270217345e-06
1.0893499755859375 1.07906226463471e-06
1.0903499755859376 9.579479302295506e-07
1.0913499755859375 1.2564571131305842e-06
1.0923499755859376 1.5037903282524236e-06
1.0933499755859375 1.4822669288690288e-06
1.0943499755859376 2.994614938612178e-07
1.0953499755859375 1.6249551369051652e-06
1.0963499755859376 1.3998895040595654e-06
1.0973499755859375 9.239586016170205e-07
1.0983499755859376 1.1663151023736152e-07
1.0993499755859375 1.8652186853700374e-06
1.1003499755859374 1.0524940529424873e-06
1.1013499755859375 6.025282086106185e-07
1.1023499755859374 9.312895716186706e-07
1.1033499755859375 1.4996572521819755e-06
1.1043499755859374 2.0048754086745673e-07
1.1053499755859375 6.155003881044123e-07
1.1063499755859374 7.56787663818455e-07
1.1073499755859375 4.6492939975134555e-07
1.1083499755859374 1.0222606265288284e-07
1.1093499755859375 7.021187027478573e-07
1.1103499755859374 9.568747627262577e-07
1.1113499755859375 2.1288841261918384e-06
1.1123499755859374 1.4633890299951015e-06
1.1133499755859375 1.407233504144848e-06
1.1143499755859374 2.6552798688278e-06
1.1153499755859375 1.7817893570458277e-06
1.1163499755859374 1.5557358494921957e-07
1.1173499755859375 5.878918101088603e-07
1.1183499755859374 7.64176638344614e-07
1.1193499755859375 1.2899797640964572e-07
1.1203499755859374 1.0017320226129973e-06
1.1213499755859375 1.7741308012906836e-06
1.1223499755859374 1.0460581497221874e-06
1.1233499755859375 1.2343454997273033e-06
1.1243499755859374 8.227314331402364e-07
1.1253499755859375 1.7062574337298317e-06
1.1263499755859374 8.679911076647438e-07
1.1273499755859375 2.252238291335567e-06
1.1283499755859374 4.639875384799821e-07
1.1293499755859375 9.546931021379892e-07
1.1303499755859374 9.789653608414878e-07
1.1313499755859375 3.618621137214227e-07
1.1323499755859374 1.9164954526345435e-06
1.1333499755859375 5.158270286534222e-07
1.1343499755859374 9.202752675237157e-07
1.1353499755859375 6.080091417861456e-07
1.1363499755859374 1.9571683126154752e-06
1.1373499755859375 1.075953554335749e-06
1.1383499755859374 1.3382186621986115e-06
1.1393499755859375 8.519007318471186e-07
1.1403499755859374 1.4641842193037366e-07
1.1413499755859375 1.3534091268721078e-06
1.1423499755859374 1.9667755741893738e-06
1.1433499755859375 1.0988778693414342e-06
1.1443499755859374 2.197153732503481e-06
1.1453499755859375 4.3452563377487526e-11
1.1463499755859374 2.6479709856689506e-06
1.1473499755859375 2.0005884159445517e-07
1.1483499755859374 9.489053248710663e-07
1.1493499755859375 1.9818537322724976e-06
1.1503499755859374 2.9476239216583295e-06
1.1513499755859375 4.597086422934435e-08
1.1523499755859374 1.1841336288269801e-06
1.1533499755859375 9.290547008209122e-07
1.1543499755859374 1.2427640175548233e-06
1.1553499755859375 1.7369690360864717e-06
1.1563499755859374 1.3148099013389988e-06
1.1573499755859376 1.887471812314863e-06
1.1583499755859374 4.5225624303359426e-07
1.1593499755859376 1.0901322253960231e-06
1.1603499755859374 1.465613603146913e-06
1.1613499755859376 1.496621433535809e-06
1.1623499755859374 1.7785820811472718e-06
1.1633499755859376 9.550518587725197e-07
1.1643499755859374 2.5429775751728356e-07
1.1653499755859376 2.020143297675589e-06
1.1663499755859374 1.7052133246111076e-06
1.1673499755859376 8.701955385382357e-07
1.1683499755859375 1.6003939885762272e-06
1.1693499755859376 2.2710503539743085e-06
1.1703499755859375 1.5578025011036025e-06
1.1713499755859376 7.172843473861691e-07
1.1723499755859375 2.4514670850333833e-06
1.1733499755859376 2.6645431598620987e-06
1.1743499755859375 4.4682027586350016e-11
1.1753499755859376 1.0090787019352518e-06
1.1763499755859375 8.370918507247843e-07
1.1773499755859376 1.1086910789801928e-06
1.1783499755859375 1.505939312702263e-06
1.1793499755859376 2.7099275129187924e-07
1.1803499755859375 1.7466021734379273e-06
1.1813499755859376 2.1132686782200336e-06
1.1823499755859375 7.241949871470775e-07
1.1833499755859376 1.3651689845465408e-06
1.1843499755859375 2.459397136942051e-06
1.1853499755859376 1.5096855033595352e-06
1.1863499755859375 8.738444211436711e-07
1.1873499755859376 1.7526955004471842e-06
1.1883499755859375 1.729729684381797e-06
1.1893499755859376 2.2183456863465928e-07
1.1903499755859375 1.153916980872836e-06
1.1913499755859376 1.7644351306715632e-06
1.1923499755859375 1.287457435782986e-06
1.1933499755859376 1.3495909312911642e-06
1.1943499755859375 7.963388838639313e-07
1.1953499755859376 2.8658586048076257e-06
1.1963499755859375 1.39276441250456e-06
1.1973499755859376 5.05267252311445e-07
1.1983499755859375 1.1399410492663546e-06
1.1993499755859376 2.0347980432821956e-06
1.2003499755859375 1.1326343130595323e-06
1.2013499755859376 1.7425171123151772e-06
1.2023499755859375 1.0839692168918559e-06
1.2033499755859376 1.3931030744917435e-06
1.2043499755859375 2.0873285566593285e-06
1.2053499755859376 1.1848918349375989e-06
1.2063499755859375 1.9489783859481023e-06
1.2073499755859376 1.436894153342228e-06
1.2083499755859375 2.116326539753116e-06
1.2093499755859376 1.2884756489500127e-06
1.2103499755859375 2.2746369353314305e-06
1.2113499755859376 1.8991021342747197e-06
1.2123499755859375 2.1892104102392597e-06
1.2133499755859376 1.6303416685743453e-06
1.2143499755859375 1.8178207716535798e-06
1.2153499755859376 1.9273784634557243e-06
1.2163499755859375 1.9925234642182537e-06
1.2173499755859376 2.0944573416904836e-06
1.2183499755859375 1.270761521299358e-06
1.2193499755859376 2.0140889744202985e-06
1.2203499755859375 1.0208047121105026e-06
1.2213499755859376 1.6134663182550451e-06
1.2223499755859375 1.510077808082085e-06
1.2233499755859376 1.6822084248730271e-06
1.2243499755859375 1.8339939236504273e-06
1.2253499755859374 1.550337845747636e-06
1.2263499755859375 1.1299248942020346e-06
1.2273499755859374 1.4546248156689251e-06
1.2283499755859375 5.361395145496515e-07
1.2293499755859374 2.2265613721720083e-06
1.2303499755859375 1.3190778907046724e-06
1.2313499755859374 1.3636484656560167e-06
1.2323499755859375 1.912075833247059e-06
1.2333499755859374 2.1886564005535726e-06
1.2343499755859375 2.3638877422995085e-06
1.2353499755859374 1.0858494539009663e-06
1.2363499755859375 1.6905335350369386e-06
1.2373499755859374 1.6930365006444417e-06
1.2383499755859375 2.6099968122305237e-06
1.2393499755859374 2.6655428820666755e-06
1.2403499755859375 2.333658289696163e-06
1.2413499755859374 2.0276151159645513e-06
1.2423499755859375 2.3058335773597838e-06
1.2433499755859374 2.242359968905979e-06
1.2443499755859375 3.1793392613231852e-06
1.2453499755859374 2.1022636924766955e-06
1.2463499755859375 3.464650945745728e-06
1.2473499755859374 3.500875925895292e-06
1.2483499755859375 3.247994435680543e-06
1.2493499755859374 4.023158853175232e-06
1.2503499755859375 3.793663376114673e-06
1.2513499755859374 3.5567364001318755e-06
1.2523499755859375 4.592786765409962e-06
1.2533499755859374 6.580555481919612e-06
1.2543499755859375 3.5183755468870613e-06
1.2553499755859374 5.437373038938901e-06
1.2563499755859375 6.07236493285923e-06
1.2573499755859374 5.639194947093073e-06
1.2583499755859375 6.4236809837381115e-06
1.2593499755859374 6.973090572130004e-06
1.2603499755859375 8.232347118244017e-06
1.2613499755859374 7.758284107767556e-06
1.2623499755859375 8.760647856289507e-06
1.2633499755859374 1.0139507574547963e-05
1.2643499755859375 1.2860967476587657e-05
1.2653499755859374 1.3546082885143058e-05
1.2663499755859375 1.569173635357574e-05
1.2673499755859374 1.5952413297346185e-05
1.2683499755859375 2.061572793996133e-05
1.2693499755859374 2.2214405682185244e-05
1.2703499755859375 2.6336003865064396e-05
1.2713499755859374 3.148476242169026e-05
1.2723499755859375 3.4524976347243725e-05
1.2733499755859374 3.944716892310878e-05
1.2743499755859375 4.2945346050487266e-05
1.2753499755859374 4.895421046461655e-05
1.2763499755859375 5.602747899757666e-05
1.2773499755859374 6.703332283151577e-05
1.2783499755859375 7.142360751743753e-05
1.2793499755859374 8.236157338273145e-05
1.2803499755859375 9.266890381482839e-05
1.2813499755859374 0.0001062247836353889
1.2823499755859376 0.00011936751391009126
1.2833499755859374 0.0001397025470373073
1.2843499755859376 0.00015477120901312538
1.2853499755859374 0.0001757274483429617
1.2863499755859376 0.00019613086202248327
1.2873499755859374 0.0002324971213790827
1.2883499755859376 0.00026610369456484207
1.2893499755859374 0.00030903396936169286
1.2903499755859376 0.0003730372803441562
1.2913499755859374 0.00042395610602276307
1.2923499755859376 0.0005060459585389282
1.2933499755859375 0.0005768458539063465
1.2943499755859376 0.0006996727884989843
1.2953499755859375 0.000847108349908555
1.2963499755859376 0.001035294137068939
1.2973499755859375 0.0012403660140257672
1.2983499755859376 0.0015073392796773695
1.2993499755859375 0.001830252158580097
1.3003499755859376 0.0022322152328779024
1.3013499755859375 0.002738347918057053
1.3023499755859376 0.0033068944742262753
1.3033499755859375 0.004046857047301031
1.3043499755859376 0.004985743060279514
1.3053499755859375 0.00568245823949228
1.3063499755859376 0.007202891998042106
1.3073499755859375 0.008499984657696332
1.3083499755859376 0.009720016868271368
1.3093499755859375 0.011061756763010744
1.3103499755859376 0.012542270572051118
1.3113499755859375 0.014096500059017454
1.3123499755859376 0.014820019956930065
1.3133499755859375 0.017201024407066282
1.3143499755859376 0.018682800340940532
1.3153499755859375 0.021554332620435254
1.3163499755859376 0.024108120198469977
1.3173499755859375 0.027624896291694005
1.3183499755859376 0.03169587480644357
1.3193499755859375 0.03700425626909185
1.3203499755859376 0.041701766128601436
1.3213499755859375 0.04929084040540335
1.3223499755859376 0.056245246628878726
1.3233499755859375 0.0675112776639939
1.3243499755859376 0.07577454425506572
1.3253499755859375 0.0892866510669459
1.3263499755859376 0.10306900871342368
1.3273499755859375 0.12110287617153938
1.3283499755859376 0.14514463784904633
1.3293499755859375 0.1658623171835169
1.3303499755859376 0.19660609637571627
1.3313499755859375 0.22198634383054652
1.3323499755859376 0.25954784780307344
1.3333499755859375 0.2994737077142078
1.3343499755859376 0.33307645539400316
1.3353499755859375 0.36099655227724897
1.3363499755859376 0.3891120812795173
1.3373499755859375 0.4112024406060957
1.3383499755859376 0.4205448192372718
1.3393499755859375 0.43374789119052115
1.3403499755859376 0.450304450887995
1.3413499755859375 0.44642978516656723
1.3423499755859376 0.45426878694557055
1.3433499755859375 0.4523038772096548
1.3443499755859376 0.45069149574191786
1.3453499755859375 0.45868466266429636
1.3463499755859376 0.45520170502481305
1.3473499755859375 0.4508780752168384
1.3483499755859376 0.46784096130400776
1.3493499755859375 0.456270357860559
1.3503499755859374 0.4651513437862075
1.3513499755859375 0.4574852639821709
1.3523499755859374 0.46472274594671936
1.3533499755859375 0.4578041757215675
1.3543499755859374 0.46034828366427016
1.3553499755859375 0.46020913082890125
1.3563499755859374 0.4565271293842475
1.3573499755859375 0.45835140962005333
1.3583499755859374 0.4593085170824384
1.3593499755859375 0.45801674395837183
1.3603499755859374 0.45787198059433415
1.3613499755859375 0.46228469732097344
1.3623499755859374 0.4574482953067294
1.3633499755859375 0.45468846486672637
1.3643499755859374 0.46535195744074653
1.3653499755859375 0.4609053075491092
1.3663499755859374 0.4626272102894635
1.3673499755859375 0.46364880234682987
1.3683499755859374 0.45945881019826545
1.3693499755859375 0.4601228531847195
1.3703499755859374 0.4606214342502328
1.3713499755859375 0.45679045845763844
1.3723499755859374 0.4594712355663742
1.3733499755859375 0.4639653087560926
1.3743499755859374 0.45005104278616875
1.3753499755859375 0.45901417585412735
1.3763499755859374 0.45165095706319475
1.3773499755859375 0.4524706222115422
1.3783499755859374 0.4502687867874942
1.3793499755859375 0.44655715290528836
1.3803499755859374 0.4450742493264128
1.3813499755859375 0.44683987921897256
1.3823499755859374 0.4411452190275374
1.3833499755859375 0.4407087171300081
1.3843499755859374 0.4444686487574473
1.3853499755859375 0.4359158079348969
1.3863499755859374 0.442396921269076
1.3873499755859375 0.44015561699551686
1.3883499755859374 0.43940967698368183
1.3893499755859375 0.44090090630182116
1.3903499755859374 0.4418999620658816
1.3913499755859375 0.4386502720812369
1.3923499755859374 0.4384311906347386
1.3933499755859375 0.44153805699607673
1.3943499755859374 0.4403745487986999
1.3953499755859375 0.4405148164646434
1.3963499755859374 0.4366045240314815
1.3973499755859375 0.4369159222660214
1.3983499755859374 0.45145795892243656
1.3993499755859375 0.4465619244385096
1.4003499755859374 0.4426041331936597
1.4013499755859375 0.4450869678412801
1.4023499755859374 0.45349621720534933
1.4033499755859375 0.4458945949597723
1.4043499755859374 0.4513721508323537
1.4053499755859375 0.4582354460416045
1.4063499755859374 0.44424133352381373
1.4073499755859376 0.45910216007383736
1.4083499755859374 0.456657872911437
1.4093499755859376 0.46021919824664326
1.4103499755859374 0.45847716921940507
1.4113499755859376 0.46163215358860066
1.4123499755859374 0.46181633407369216
1.4133499755859376 0.4673964453060659
1.4143499755859374 0.460634221513323
1.4153499755859376 0.47103239549070053
1.4163499755859374 0.46704735723930524
1.4173499755859376 0.4713958272345154
1.4183499755859375 0.4745225593199858
1.4193499755859376 0.47539305599438075
1.4203499755859375 0.4702835576676629
1.4213499755859376 0.4756459042947372
1.4223499755859375 0.4785725368289726
1.4233499755859376 0.4752008434912778
1.4243499755859375 0.47933116568605966
1.4253499755859376 0.48113536544320934
1.4263499755859375 0.47503156172319705
1.4273499755859376 0.4782447681858615
1.4283499755859375 0.47326214987385823
1.4293499755859376 0.47810719910146526
1.4303499755859375 0.4840898945466233
1.4313499755859376 0.4803048548246053
1.4323499755859375 0.4773584736841179
1.4333499755859376 0.473990891089457
1.4343499755859375 0.47575094137765656
1.4353499755859376 0.47795917619172607
1.4363499755859375 0.47689703618802876
1.4373499755859376 0.4738875204306787
1.4383499755859375 0.4770742904098947
1.4393499755859376 0.47501010730867693
1.4403499755859375 0.48073659992987616
1.4413499755859376 0.47378290854578325
1.4423499755859375 0.47071885902282473
1.4433499755859376 0.48210991340338716
1.4443499755859375 0.47799523454359055
1.4453499755859376 0.47575252343290214
1.4463499755859375 0.4785221878586511
1.4473499755859376 0.47952212149263546
1.4483499755859375 0.48597049291170785
1.4493499755859376 0.48424245590370446
1.4503499755859375 0.4791380577568753
1.4513499755859376 0.4810602687567665
1.4523499755859375 0.48660482142061184
1.4533499755859376 0.48626700706523895
1.4543499755859375 0.4879789778394848
1.4553499755859376 0.4896190686740211
1.4563499755859375 0.4833564318130569
1.4573499755859376 0.48954940199300373
1.4583499755859375 0.49326192224112214
1.4593499755859376 0.48654835914087846
1.4603499755859375 0.4903759506678617
1.4613499755859376 0.4887781344385324
1.4623499755859375 0.491365737142065
1.4633499755859376 0.49404961053716767
1.4643499755859375 0.49940230518190837
1.4653499755859376 0.4909719089563768
1.4663499755859375 0.4924322569151012
1.4673499755859376 0.4901180146637292
1.4683499755859375 0.4888478888721527
1.4693499755859376 0.48216316290064143
1.4703499755859375 0.47729366675924306
1.4713499755859376 0.4692119134737583
1.4723499755859375 0.4543593268527827
1.4733499755859376 0.436421554964747
1.4743499755859375 0.412980971279417
1.4753499755859374 0.38155774434540674
1.4763499755859375 0.3614052468770816
1.4773499755859374 0.3205302736197481
1.4783499755859375 0.28695016692759284
1.4793499755859374 0.2475695090644415
1.4803499755859375 0.21414379643131853
1.4813499755859374 0.18566235520255472
1.4823499755859375 0.15669653837724523
1.4833499755859374 0.13328227512625743
1.4843499755859375 0.11633768075971021
1.4853499755859374 0.09930681950498257
1.4863499755859375 0.08490840915100352
1.4873499755859374 0.07075919440283703
1.4883499755859375 0.06511983554924826
1.4893499755859374 0.05318521110437955
1.4903499755859375 0.0468064897099239
1.4913499755859374 0.04068440465899989
1.4923499755859375 0.03528122415273066
1.4933499755859374 0.03164101074894875
1.4943499755859375 0.027268209956306574
1.4953499755859374 0.02522931604753724
1.4963499755859375 0.02278901577353486
1.4973499755859374 0.02050605769863808
1.4983499755859375 0.018149685711511494
1.4993499755859374 0.0162888826817828
1.5003499755859375 0.014238138034605363
1.5013499755859374 0.011739801241675557
1.5023499755859375 0.009752318757551918
1.5033499755859374 0.00813335010259051
1.5043499755859375 0.0066953119839453165
1.5053499755859374 0.005612109645837204
1.5063499755859375 0.0046634190829426825
1.5073499755859374 0.003994661255232512
1.5083499755859375 0.0033707347020040094
1.5093499755859374 0.00290147276568861
1.5103499755859375 0.002461763896355033
1.5113499755859374 0.0020990292009687534
1.5123499755859375 0.0018172518760877995
1.5133499755859374 0.0015629586586328973
1.5143499755859375 0.0013990979782107075
1.5153499755859374 0.0011905943945818324
1.5163499755859375 0.0010524046273610445
1.5173499755859374 0.0009225487900563682
1.5183499755859375 0.0008105093736396571
1.5193499755859374 0.0007159292396652837
1.5203499755859375 0.0006330506039480895
1.5213499755859374 0.0005744351626731798
1.5223499755859375 0.0005058799408518118
1.5233499755859374 0.00045297877988488653
1.5243499755859375 0.00040904703639583177
1.5253499755859374 0.0003625176236940203
1.5263499755859375 0.0003288779429839128
1.5273499755859374 0.00029547895792365913
1.5283499755859375 0.00026975876900716696
1.5293499755859374 0.00024081440075784783
1.5303499755859375 0.0002173051991759414
1.5313499755859374 0.00020139423729365914
1.5323499755859376 0.00017889431874040627
1.5333499755859374 0.00016570536955891262
1.5343499755859376 0.00015066144659110943
1.5353499755859374 0.00013369954268581532
1.5363499755859376 0.0001247871725370791
1.5373499755859374 0.00011505833674679995
1.5383499755859376 0.0001067590907081727
1.5393499755859374 9.47455307009771e-05
1.5403499755859376 8.719215516353105e-05
1.5413499755859374 7.995635988155348e-05
1.5423499755859376 7.103343742500653e-05
1.5433499755859375 6.789241866611344e-05
1.5443499755859376 6.265344508632733e-05
1.5453499755859375 5.558169922856258e-05
1.5463499755859376 5.0658510838257256e-05
1.5473499755859375 4.852662891602641e-05
1.5483499755859376 4.19544497909631e-05
1.5493499755859375 3.983374850380973e-05
1.5503499755859376 3.7484273868840734e-05
1.5513499755859375 3.436251766984236e-05
1.5523499755859376 3.1175144087751264e-05
1.5533499755859375 2.8236945593783964e-05
1.5543499755859376 2.746557980379576e-05
1.5553499755859375 2.6188141999548778e-05
1.5563499755859376 2.1649452611796823e-05
1.5573499755859375 2.0197231369510095e-05
1.5583499755859376 2.0296204321290366e-05
1.5593499755859375 1.8867442193053977e-05
1.5603499755859376 1.9124863117293293e-05
1.5613499755859375 1.6501401440483205e-05
1.5623499755859376 1.4023400887337437e-05
1.5633499755859375 1.3425191468424228e-05
1.5643499755859376 1.2811744895257945e-05
1.5653499755859375 1.1877219909384824e-05
1.5663499755859376 1.3731629012192094e-05
1.5673499755859375 1.3130551850695518e-05
1.5683499755859376 1.2631475076763544e-05
1.5693499755859375 1.2160207481421242e-05
1.5703499755859376 9.421300813928202e-06
1.5713499755859375 8.801751932549672e-06
1.5723499755859376 9.773687771781687e-06
1.5733499755859375 9.513007776058923e-06
1.5743499755859376 8.823235536231214e-06
1.5753499755859375 6.005146874736646e-06
1.5763499755859376 5.826637367013902e-06
1.5773499755859375 8.295352114335833e-06
1.5783499755859376 7.945083167809444e-06
1.5793499755859375 7.6282689358493944e-06
1.5803499755859376 6.3688360405719185e-06
1.5813499755859375 7.588040683254717e-06
1.5823499755859376 6.873468147350624e-06
1.5833499755859375 7.245627355400505e-06
1.5843499755859376 4.709506588604314e-06
1.5853499755859375 4.600358149909928e-06
1.5863499755859376 6.7098823062999495e-06
1.5873499755859375 6.2078635418392e-06
1.5883499755859376 3.019451361941781e-06
1.5893499755859375 4.144594067538487e-06
1.5903499755859376 5.414595207163639e-06
1.5913499755859375 6.382705252003975e-06
1.5923499755859376 5.4594202071567645e-06
1.5933499755859375 4.459180920907919e-06
1.5943499755859376 3.599659222584487e-06
1.5953499755859375 6.017179058540338e-06
1.5963499755859376 4.199497890912855e-06
1.5973499755859375 3.812633046445249e-06
1.5983499755859376 3.7002359511014773e-06
1.5993499755859375 5.325347841750115e-06
1.6003499755859374 3.8791538690199225e-06
1.6013499755859375 3.0045135577741264e-06
1.6023499755859374 4.798209830195862e-06
1.6033499755859375 6.1335829843983386e-06
1.6043499755859374 3.454938659191094e-06
1.6053499755859375 3.4174955107640804e-06
1.6063499755859374 1.9015809384668827e-06
1.6073499755859375 2.4813338828713446e-06
1.6083499755859374 2.76210964872805e-06
1.6093499755859375 3.7739851860198803e-06
1.6103499755859374 3.2098329705670412e-06
1.6113499755859375 3.034596021757758e-06
1.6123499755859374 4.131927831476097e-06
1.6133499755859375 1.7359632102219656e-06
1.6143499755859374 3.186798265943443e-06
1.6153499755859375 3.566189354626749e-06
1.6163499755859374 3.5291016738017393e-07
1.6173499755859375 2.469451795396362e-06
1.6183499755859374 1.1408330707776604e-06
1.6193499755859375 2.906848028887357e-06
1.6203499755859374 3.2009325580650396e-07
1.6213499755859375 8.721727500366278e-08
1.6223499755859374 1.5797421657333713e-06
1.6233499755859375 8.740700250841978e-07
1.6243499755859374 3.5237453573053015e-06
1.6253499755859375 2.9729348680433653e-06
1.6263499755859374 1.5633097731420069e-06
1.6273499755859375 6.566186066154694e-07
1.6283499755859374 1.2454876490918952e-06
1.6293499755859375 1.9985919684743498e-07
1.6303499755859374 1.2401349137787008e-06
1.6313499755859375 1.405939023137237e-06
1.6323499755859374 8.41574080644416e-07
1.6333499755859375 4.84811715346949e-06
1.6343499755859374 5.321642305586913e-11
1.6353499755859375 5.289204885349585e-07
1.6363499755859374 9.352615545257969e-07
1.6373499755859375 4.50253370771785e-06
1.6383499755859374 6.536827488212269e-07
1.6393499755859375 4.7557829347543147e-07
1.6403499755859374 2.817923263450191e-06
1.6413499755859375 1.7131641741185175e-06
1.6423499755859374 1.2645723774999307e-06
1.6433499755859375 4.2816724587096856e-06
1.6443499755859374 5.822970637095389e-07
1.6453499755859375 2.1235682237595972e-07
1.6463499755859374 4.05927519644471e-06
1.6473499755859375 2.489417276264141e-07
1.6483499755859374 4.908728298543997e-06
1.6493499755859375 1.6159211609158859e-06
1.6503499755859374 3.3141125548335505e-06
1.6513499755859375 9.105541609206922e-07
1.6523499755859374 4.570320780574049e-06
1.6533499755859375 1.3361998450562775e-06
1.6543499755859374 4.288679181252541e-06
1.6553499755859375 3.898618984672747e-06
1.6563499755859374 5.224819220970123e-07
1.6573499755859376 2.270069608283641e-06
1.6583499755859374 2.2175278555327764e-06
1.6593499755859376 3.5824085909567633e-06
1.6603499755859374 2.474870682500495e-07
1.6613499755859376 1.5922386151841545e-06
1.6623499755859374 4.986037170013275e-06
1.6633499755859376 1.0409072373303672e-06
1.6643499755859374 4.76570232995458e-06
1.6653499755859376 4.0952627284227405e-06
1.6663499755859374 3.3766631142028216e-06
1.6673499755859376 4.4176913456410176e-07
1.6683499755859375 4.134613375585543e-06
1.6693499755859376 3.3715036385511615e-06
1.6703499755859375 1.5867894712712483e-06
1.6713499755859376 2.029180815486492e-06
1.6723499755859375 2.314786579646596e-06
1.6733499755859376 3.5390790438584777e-06
1.6743499755859375 1.4550656006259902e-06
1.6753499755859376 6.1956301492755445e-06
1.6763499755859375 6.635476280534089e-07
1.6773499755859376 1.8346213538765908e-06
1.6783499755859375 2.6821771826575207e-06
1.6793499755859376 1.8732278392733437e-06
1.6803499755859375 5.637055011386059e-06
1.6813499755859376 6.06295293410797e-06
1.6823499755859375 1.8817169274308662e-06
1.6833499755859376 3.918078287484532e-06
1.6843499755859375 2.4411519425507035e-06
1.6853499755859376 1.1693603155956422e-06
1.6863499755859375 2.5277395701845428e-06
1.6873499755859376 7.365412639174709e-06
1.6883499755859375 1.4626820301258401e-06
1.6893499755859376 3.658192075398459e-06
1.6903499755859375 4.731974617139145e-06
1.6913499755859376 1.8328828877599435e-06
1.6923499755859375 2.5539109343635125e-06
1.6933499755859376 4.452671969895672e-06
1.6943499755859375 1.143962518993374e-06
1.6953499755859376 2.0970258032452293e-06
1.6963499755859375 1.412993338125715e-06
1.6973499755859376 4.759072172226321e-06
1.6983499755859375 2.3732318604003674e-06
1.6993499755859376 2.3922878484560585e-06
1.7003499755859375 9.55062231102861e-06
1.7013499755859376 7.002876676688853e-07
1.7023499755859375 1.6406279124333739e-06
1.7033499755859376 5.660352224818536e-06
1.7043499755859375 9.352561105900815e-07
1.7053499755859376 3.7684950529757255e-06
1.7063499755859375 5.259475545665122e-06
1.7073499755859376 4.255444821959881e-06
1.7083499755859375 3.7271064757233184e-06
1.7093499755859376 1.3701646863481414e-06
1.7103499755859375 2.0830163411711283e-06
1.7113499755859376 3.8002074464669804e-06
1.7123499755859375 7.48881229660357e-06
1.7133499755859376 6.9126037136310945e-06
1.7143499755859375 2.7353630655358625e-06
1.7153499755859376 3.2756997247696104e-06
1.7163499755859375 4.7657654650681715e-06
1.7173499755859376 5.608254959692669e-06
1.7183499755859375 3.7821142651603244e-06
1.7193499755859376 2.9879958050287237e-06
1.7203499755859375 2.099896801660214e-06
1.7213499755859376 2.0458874803538816e-06
1.7223499755859375 4.971701830862268e-06
1.7233499755859376 1.0965023912446846e-06
1.7243499755859375 2.336311825340174e-06
1.7253499755859374 1.1122947938678011e-06
1.7263499755859375 5.280411581256957e-06
1.7273499755859374 4.690494537778607e-06
1.7283499755859375 2.7535320086076996e-06
1.7293499755859374 3.037319375655957e-06
1.7303499755859375 9.447786652632866e-07
1.7313499755859374 2.729354424618956e-06
1.7323499755859375 1.3825832695454114e-06
1.7333499755859374 4.064488516628011e-06
1.7343499755859375 3.1364946937224307e-06
1.7353499755859374 2.4804127474896763e-06
1.7363499755859375 3.3383317758897794e-06
1.7373499755859374 7.184505101261587e-06
1.7383499755859375 1.792448996538686e-06
1.7393499755859374 6.434923476445006e-06
1.7403499755859375 6.9291438047990125e-06
1.7413499755859374 6.606283068553623e-07
1.7423499755859375 3.565764560834387e-06
1.7433499755859374 4.558659268922847e-06
1.7443499755859375 1.460214121010439e-07
1.7453499755859374 5.831932123002364e-07
1.7463499755859375 2.8335766193777833e-06
1.7473499755859374 1.4603864349613862e-06
1.7483499755859375 1.3434579363714062e-06
1.7493499755859374 2.1307215852550307e-06
1.7503499755859375 1.1294931310031352e-06
1.7513499755859374 4.349134319007834e-06
1.7523499755859375 9.809355849510686e-06
1.7533499755859374 2.007401190359355e-06
1.7543499755859375 1.1210353547581426e-06
1.7553499755859374 6.524660358274438e-06
1.7563499755859375 8.513984565903727e-06
1.7573499755859374 5.637751007221549e-06
1.7583499755859375 5.826008192408392e-06
1.7593499755859374 1.1525852938729544e-06
1.7603499755859375 5.168182179406165e-06
1.7613499755859374 4.131274470319597e-06
1.7623499755859375 1.7963586503135822e-06
1.7633499755859374 7.50483962293757e-06
1.7643499755859375 3.663066069283809e-06
1.7653499755859374 4.803710314965771e-06
1.7663499755859375 9.276491929397647e-07
1.7673499755859374 1.1980017172974602e-06
1.7683499755859375 1.7122603698948793e-06
1.7693499755859374 8.29378613416899e-07
1.7703499755859375 1.9468133585623525e-06
1.7713499755859374 6.084190684553099e-06
1.7723499755859375 7.144620446036937e-06
1.7733499755859374 4.913887473300932e-06
1.7743499755859375 2.9424908334191363e-06
1.7753499755859374 8.351307303417411e-07
1.7763499755859375 5.226668415616058e-06
1.7773499755859374 2.578247671442085e-06
1.7783499755859375 5.529897564420999e-06
1.7793499755859374 2.2545030344077544e-06
1.7803499755859375 4.296266542094129e-06
1.7813499755859374 3.2168274203650447e-06
1.7823499755859376 3.1464505467281064e-06
1.7833499755859374 5.341372544967359e-06
1.7843499755859376 2.1241109053228616e-06
1.7853499755859374 1.844663659433747e-06
1.7863499755859376 2.7345933216464063e-06
1.7873499755859374 2.840343954505906e-06
1.7883499755859376 2.58961899906467e-06
1.7893499755859374 6.174646393964339e-06
1.7903499755859376 2.285017269927226e-06
1.7913499755859374 6.927007811864775e-06
1.7923499755859376 3.6750846657690326e-06
1.7933499755859375 3.0049378477286868e-06
1.7943499755859376 1.6552123672326295e-06
1.7953499755859375 7.257863525955886e-06
1.7963499755859376 6.0607688431317045e-06
1.7973499755859375 3.100005755363585e-06
1.7983499755859376 4.7124113503417455e-06
1.7993499755859375 1.6905158200886305e-06
1.8003499755859376 1.6406441957510486e-06
1.8013499755859375 3.5073783514251517e-06
1.8023499755859376 3.582074607548768e-06
1.8033499755859375 5.294723235752423e-06
1.8043499755859376 3.996071457503534e-06
1.8053499755859375 5.34588054412506e-06
1.8063499755859376 2.026958792754541e-06
1.8073499755859375 7.271143551728477e-06
1.8083499755859376 3.4007862733905476e-06
1.8093499755859375 4.898034957417085e-06
1.8103499755859376 1.8678708359834063e-07
1.8113499755859375 3.662011113632663e-06
1.8123499755859376 1.729102686838788e-06
1.8133499755859375 3.823512140969104e-07
1.8143499755859376 7.485383607442147e-07
1.8153499755859375 7.867024554458118e-07
1.8163499755859376 4.4902881074190156e-07
1.8173499755859375 1.7071149495341145e-06
1.8183499755859376 1.928072042187696e-06
1.8193499755859375 5.844392394631064e-07
1.8203499755859376 1.30765041931427e-06
1.8213499755859375 1.1386226402297286e-06
1.8223499755859376 4.171320357597672e-06
1.8233499755859375 2.3080435171927398e-06
1.8243499755859376 6.7717407782895635e-06
1.8253499755859375 7.363285752768996e-06
1.8263499755859376 6.269298102732417e-06
1.8273499755859375 4.023451275910826e-06
1.8283499755859376 6.00490797291795e-06
1.8293499755859375 3.7842493800766032e-06
1.8303499755859376 5.455643776267022e-06
1.8313499755859375 1.290255701671605e-05
1.8323499755859376 5.029981840997127e-07
1.8333499755859375 5.4816389015498884e-11
1.8343499755859376 3.576502154061353e-06
1.8353499755859375 2.486808807952479e-06
1.8363499755859376 3.648969508060424e-06
1.8373499755859375 7.111596783274791e-06
1.8383499755859376 5.977079089344666e-07
1.8393499755859375 8.903506069512803e-07
1.8403499755859376 8.235911647866679e-06
1.8413499755859375 1.477388506057496e-06
1.8423499755859376 4.719941301723635e-06
1.8433499755859375 5.82311764302731e-06
1.8443499755859376 4.608253121454314e-06
1.8453499755859375 2.425522613206997e-06
1.8463499755859376 3.6640959249858598e-06
1.8473499755859375 1.1045794252538282e-06
1.8483499755859376 7.482695412538746e-06
1.8493499755859375 5.643813246961994e-06
1.8503499755859374 5.491868486458217e-11
1.8513499755859375 4.7138717987574985e-06
1.8523499755859374 3.131035875192241e-06
1.8533499755859375 7.393005031875001e-07
1.8543499755859374 8.877439271379796e-06
1.8553499755859375 2.220335039363411e-06
1.8563499755859374 1.0745280918717305e-06
1.8573499755859375 4.388810489624144e-06
1.8583499755859374 2.638465919749999e-06
1.8593499755859375 5.139684174694876e-06
1.8603499755859374 3.64042989743635e-07
1.8613499755859375 2.84881406295945e-06
1.8623499755859374 3.485090964971805e-06
1.8633499755859375 6.8458219293387115e-06
1.8643499755859374 8.222625071050485e-07
1.8653499755859375 4.363494742379086e-06
1.8663499755859374 7.125208387875853e-06
1.8673499755859375 1.1212755220195113e-06
1.8683499755859374 1.557423098588432e-06
1.8693499755859375 3.0076855597038893e-06
1.8703499755859374 3.1060647699470036e-07
1.8713499755859375 2.0141248450741778e-06
1.8723499755859374 1.5173211965930876e-05
1.8733499755859375 1.5920114554710944e-06
1.8743499755859374 5.095093848743366e-06
1.8753499755859375 7.15924663489178e-06
1.8763499755859374 4.8447653803510655e-06
1.8773499755859375 4.324975409917076e-06
1.8783499755859374 2.538760673610946e-06
1.8793499755859375 4.616998021338239e-06
1.8803499755859374 4.956052306144664e-06
1.8813499755859375 2.560028271174069e-06
1.8823499755859374 2.911302624947379e-06
1.8833499755859375 6.25474818439868e-06
1.8843499755859374 6.090748208329029e-06
1.8853499755859375 2.5139816516893184e-06
1.8863499755859374 3.2542464433836053e-06
1.8873499755859375 1.2240898464843022e-06
1.8883499755859374 1.939712730508166e-06
1.8893499755859375 6.371137007016277e-06
1.8903499755859374 1.0422934658893781e-05
1.8913499755859375 9.91574284357952e-06
1.8923499755859374 5.512407953425076e-11
1.8933499755859375 2.2647428749128317e-06
1.8943499755859374 5.5132625169346294e-11
1.8953499755859375 9.68675535394891e-07
1.8963499755859374 5.515886238438285e-11
1.8973499755859375 4.846529139259861e-06
1.8983499755859374 1.3778513214680262e-05
1.8993499755859375 5.417681557333163e-06
1.9003499755859374 3.5039741437467313e-06
1.9013499755859375 1.0228420204884161e-05
1.9023499755859374 3.9924836523307264e-06
1.9033499755859375 1.3155526238735468e-05
1.9043499755859374 5.506772503577849e-11
1.9053499755859375 8.755864994456132e-06
1.9063499755859374 7.411773467667363e-06
1.9073499755859376 4.9388927042599045e-06
1.9083499755859374 1.1653224983721367e-05
1.9093499755859376 6.858715937464774e-06
1.9103499755859374 9.680230710494864e-06
1.9113499755859376 5.548132284201946e-06
1.9123499755859374 3.119636145290662e-06
1.9133499755859376 3.2171042274776644e-07
1.9143499755859374 2.115350978362653e-06
1.9153499755859376 3.8042658531529685e-06
1.9163499755859374 4.133342314047285e-06
1.9173499755859376 4.7076037415113095e-07
1.9183499755859375 1.856446453563435e-06
1.9193499755859376 1.3369950992044818e-07
1.9203499755859375 9.045873841737626e-07
1.9213499755859376 1.1291956285107803e-06
1.9223499755859375 4.604283279896872e-06
1.9233499755859376 1.5726757127032677e-06
1.9243499755859375 3.0895857817915087e-06
1.9253499755859376 8.54123998536661e-06
1.9263499755859375 4.297714198430236e-06
1.9273499755859376 5.347581030567081e-06
1.9283499755859375 1.2925041105513445e-05
1.9293499755859376 5.1300015606701925e-06
1.9303499755859375 9.947175056520655e-06
1.9313499755859376 1.0265917388340458e-05
1.9323499755859375 4.24420791585696e-06
1.9333499755859376 7.042887813279466e-06
1.9343499755859375 1.135940104733602e-06
1.9353499755859376 5.255110092315749e-06
1.9363499755859375 5.485831392790939e-06
1.9373499755859376 1.0141421972077277e-05
1.9383499755859375 1.3286404165596254e-05
1.9393499755859376 6.734505309051285e-06
1.9403499755859375 2.690168487888062e-06
1.9413499755859376 2.291397781302849e-06
1.9423499755859375 8.400458122841352e-06
1.9433499755859376 9.337108519493634e-06
1.9443499755859375 1.0934890398333146e-05
1.9453499755859376 1.2544455765781554e-06
1.9463499755859375 5.041166262591758e-06
1.9473499755859376 5.5348486304623083e-11
1.9483499755859375 7.987125581792037e-06
1.9493499755859376 1.0040766580089171e-05
1.9503499755859375 7.335762127197321e-06
1.9513499755859376 7.460144405139463e-06
1.9523499755859375 1.0482821336154735e-05
1.9533499755859376 9.190424973290852e-06
1.9543499755859375 1.0632400358450823e-05
1.9553499755859376 2.6685468737259793e-06
1.9563499755859375 4.7477238757041145e-06
1.9573499755859376 5.186063528396863e-07
1.9583499755859375 5.554950527683306e-11
1.9593499755859376 3.8245906160269175e-06
1.9603499755859375 5.6577994336766745e-06
1.9613499755859376 5.362631555308918e-06
1.9623499755859375 3.746375736230034e-06
1.9633499755859376 3.049168835160546e-06
1.9643499755859375 1.0502235834926053e-05
1.9653499755859376 5.880426169631628e-07
1.9663499755859375 3.7725865628549144e-06
1.9673499755859376 3.394826392018661e-06
1.9683499755859375 8.535544519842043e-06
1.9693499755859376 5.85112647037516e-06
1.9703499755859375 1.1493453791088385e-05
1.9713499755859376 1.1020662349572165e-05
1.9723499755859375 3.4799291438130698e-06
1.9733499755859376 1.5873848948142455e-05
1.9743499755859375 5.06734114122444e-06
1.9753499755859374 6.446675515334201e-06
1.9763499755859375 2.2299262850518126e-06
1.9773499755859374 7.567517229435178e-06
1.9783499755859375 9.017077938656051e-06
1.9793499755859374 8.019780565286866e-06
1.9803499755859375 6.009741281146127e-06
1.9813499755859374 3.6827072525256224e-06
1.9823499755859375 7.816953409163737e-06
1.9833499755859374 4.193950894547628e-06
1.9843499755859375 4.461666125668238e-06
1.9853499755859374 1.8943087640095517e-05
1.9863499755859375 9.98765511881886e-06
1.9873499755859374 4.820094640303159e-06
1.9883499755859375 6.638269872343938e-06
1.9893499755859374 6.133050139228482e-06
1.9903499755859375 6.6995933395417825e-06
1.9913499755859374 1.133065772206638e-05
1.9923499755859375 6.091724104367634e-06
1.9933499755859374 1.0932404661015406e-05
1.9943499755859375 1.951861502618091e-06
1.9953499755859374 7.664998157452093e-06
1.9963499755859375 7.767099285291416e-06
1.9973499755859374 1.2690023206894662e-05
1.9983499755859375 7.758192319191425e-06
1.9993499755859374 1.4203109973217933e-05
2.0003499755859373 8.989648798614388e-06
2.0013499755859376 3.4109968285295895e-06
2.0023499755859375 1.1819908413888769e-05
2.0033499755859374 4.797304960187261e-06
2.0043499755859373 9.033231298296449e-06
2.0053499755859376 1.3118310441604185e-05
2.0063499755859375 9.895955203564658e-06
2.0073499755859374 3.8308914253646466e-06
2.0083499755859373 4.6056257701269847e-07
2.0093499755859376 7.332302364202547e-07
2.0103499755859375 8.79468692561577e-06
2.0113499755859374 1.2576361803061802e-05
2.0123499755859373 1.1908387403569568e-05
2.0133499755859376 1.3355795079199166e-05
2.0143499755859375 8.107325053949463e-06
2.0153499755859374 3.584917725558933e-06
2.0163499755859373 4.549557879727793e-06
2.0173499755859376 1.1863498485453141e-05
2.0183499755859375 8.580670999939354e-06
2.0193499755859374 9.766370813166291e-06
2.0203499755859373 1.1842782100464638e-05
2.0213499755859377 9.15980143313078e-06
2.0223499755859375 1.0840707921277145e-05
2.0233499755859374 3.1047031279094962e-06
2.0243499755859373 4.640002694612915e-06
2.0253499755859377 2.2484571460930677e-06
2.0263499755859375 1.7225823655260554e-05
2.0273499755859374 1.109001404813647e-05
2.0283499755859373 1.6223803823491923e-05
2.0293499755859377 6.413743783355119e-06
2.0303499755859375 6.189758900085895e-06
2.0313499755859374 8.93469773330549e-06
2.0323499755859373 2.52237539568752e-06
2.0333499755859377 9.254329304462803e-07
2.0343499755859376 4.556173295975809e-06
2.0353499755859374 6.086778467541396e-06
2.0363499755859373 2.4249448330729555e-06
2.0373499755859377 4.08450437756732e-06
2.0383499755859376 2.8530215420344785e-06
2.0393499755859374 5.1030962459797005e-06
2.0403499755859373 6.405436254443565e-07
2.0413499755859377 4.839634715568199e-06
2.0423499755859376 1.0800331565498818e-05
2.0433499755859375 8.979622009884461e-06
2.0443499755859373 1.3665969319032736e-05
2.0453499755859377 6.35033772776147e-06
2.0463499755859376 3.9747524478687666e-06
2.0473499755859375 5.818980483254356e-06
2.04835009765625 5.8939386372043966e-06
2.04935009765625 5.259798570545505e-06
2.05035009765625 8.102201461416708e-06
2.05135009765625 5.642439723169371e-07
2.05235009765625 5.581686250735784e-11
2.05335009765625 1.056852916629706e-06
2.05435009765625 6.786541204715522e-06
2.05535009765625 1.3003116901501058e-05
2.05635009765625 5.589282429733153e-11
2.05735009765625 1.0721920176104804e-05
2.05835009765625 5.672216280433487e-06
2.05935009765625 1.190264241941318e-05
2.06035009765625 1.2342862813582648e-05
2.06135009765625 8.927167505903228e-06
2.06235009765625 1.1963651910517531e-05
2.06335009765625 1.4183228174648875e-05
2.06435009765625 9.44386696980772e-06
2.06535009765625 7.999684852691327e-06
2.06635009765625 1.6145293492742007e-05
2.06735009765625 4.183317844346562e-06
2.06835009765625 1.0634465009701272e-05
2.06935009765625 1.2405681404675915e-05
2.07035009765625 1.3341950694109014e-05
2.07135009765625 8.782656338216144e-06
2.07235009765625 5.010140461238499e-06
2.07335009765625 3.3644756766893726e-06
2.07435009765625 7.3887864707198015e-06
2.07535009765625 7.516282822370177e-06
2.07635009765625 1.6244087604301264e-05
2.07735009765625 1.3162878705425936e-05
2.07835009765625 4.647048379616016e-06
2.07935009765625 5.44845109709804e-06
2.08035009765625 4.0102766444461085e-06
2.08135009765625 7.536534467434382e-08
2.08235009765625 5.9349790010820515e-06
2.08335009765625 4.1992635486133375e-06
2.08435009765625 2.2052463150715535e-05
2.08535009765625 1.4923798665262063e-05
2.08635009765625 1.3789144383988677e-05
2.08735009765625 6.956566933420354e-06
2.08835009765625 4.416213769545229e-06
2.08935009765625 5.203726096316307e-06
2.09035009765625 1.6788580377277117e-05
2.09135009765625 1.2659428762167132e-05
2.09235009765625 1.374537815557066e-05
2.09335009765625 7.479787036825549e-06
2.09435009765625 3.817975937077559e-06
2.09535009765625 7.42805204877776e-06
2.09635009765625 1.0073602310537691e-05
2.09735009765625 8.773799661159881e-06
2.09835009765625 9.355072321321828e-06
2.09935009765625 8.508674542145841e-06
2.10035009765625 1.6457475541115795e-05
2.10135009765625 6.8371420814295895e-06
2.10235009765625 1.3064065205557427e-05
2.10335009765625 1.0229626104699709e-05
2.10435009765625 6.831478667965815e-06
2.10535009765625 5.0315766403083016e-06
2.10635009765625 8.388609313808603e-06
2.10735009765625 1.1538233779753165e-05
2.10835009765625 1.596708977192947e-05
2.10935009765625 1.5576998226364244e-05
2.11035009765625 2.5897312226401264e-06
2.11135009765625 1.3735416991331482e-05
2.11235009765625 5.1521787158306415e-06
2.11335009765625 4.506542661252565e-06
2.11435009765625 1.5108122661766008e-05
2.11535009765625 2.5702677983144335e-06
2.11635009765625 7.452555246891233e-06
2.11735009765625 9.059322458721326e-06
2.11835009765625 7.424285462204266e-06
2.11935009765625 1.2527191788585351e-05
2.12035009765625 3.715350335677372e-06
2.12135009765625 9.090488205093816e-06
2.12235009765625 8.475276723055977e-06
2.12335009765625 6.496012700528762e-07
2.12435009765625 1.1095700214347741e-05
2.12535009765625 1.4274598506172478e-05
2.12635009765625 3.12146474932365e-06
2.12735009765625 7.836974830275222e-06
2.12835009765625 1.5858364348374997e-05
2.12935009765625 8.942634538975744e-06
2.13035009765625 4.70101130239703e-06
2.13135009765625 1.119783701504604e-05
2.13235009765625 6.176945740558862e-06
2.13335009765625 2.1987623070145613e-05
2.13435009765625 1.1017248731110684e-05
2.13535009765625 9.845655419936548e-06
2.13635009765625 9.240826216461813e-06
2.13735009765625 6.5642629770397655e-06
2.13835009765625 2.0029310028803916e-06
2.13935009765625 7.238183241734474e-06
2.14035009765625 1.1617328372349764e-05
2.14135009765625 7.188121338549597e-06
2.14235009765625 1.2296508902439109e-05
2.14335009765625 1.3432452338009952e-05
2.14435009765625 7.579275148168071e-06
2.14535009765625 1.573061078385872e-05
2.14635009765625 1.2914266517267076e-05
2.14735009765625 8.648583218330412e-06
2.14835009765625 1.1766553230460609e-05
2.14935009765625 2.5133712520382023e-06
2.15035009765625 1.1326831348795304e-05
2.15135009765625 1.815800860230331e-06
2.15235009765625 7.036673584363518e-06
2.15335009765625 1.8723633169654274e-05
2.15435009765625 5.665398549031425e-11
2.15535009765625 6.371319498341917e-06
2.15635009765625 3.9363258413669465e-06
2.15735009765625 5.0532716622518274e-06
2.15835009765625 8.171054099585648e-06
2.15935009765625 4.7144234216426255e-06
2.16035009765625 1.0196803511188651e-05
2.16135009765625 1.0441490733825472e-05
2.16235009765625 9.201966102699434e-06
2.16335009765625 3.980998962845577e-06
2.16435009765625 3.100092120317506e-06
2.16535009765625 1.2695000108451257e-05
2.16635009765625 4.0925678375444645e-07
2.16735009765625 5.872966330821007e-06
2.16835009765625 1.9436318562303393e-05
2.16935009765625 1.6545015469577705e-05
2.17035009765625 5.616591814326404e-11
2.17135009765625 2.743524490606371e-07
2.17235009765625 1.047574924556621e-05
2.17335009765625 1.3498399053313631e-05
2.17435009765625 7.756666339249982e-06
2.17535009765625 5.969643222260481e-06
2.17635009765625 6.336897426966131e-06
2.17735009765625 3.986394392713085e-06
2.17835009765625 8.291851324676643e-06
2.17935009765625 1.2006449355123559e-05
2.18035009765625 5.5840924995336603e-11
2.18135009765625 7.416469743950082e-06
2.18235009765625 1.5956957968040202e-05
2.18335009765625 1.0229386159101604e-05
2.18435009765625 1.6010722007121147e-06
2.18535009765625 1.5410366815980788e-07
2.18635009765625 1.0246032670568194e-05
2.18735009765625 5.5789705990346143e-11
2.18835009765625 1.1317906787920702e-05
2.18935009765625 9.81428240796021e-06
2.19035009765625 1.240619612518793e-05
2.19135009765625 4.294061659701279e-06
2.19235009765625 7.662166088930131e-06
2.19335009765625 1.3378872811880246e-05
2.19435009765625 1.0884634194292103e-05
2.19535009765625 4.407144188900658e-06
2.19635009765625 1.0556173553597055e-05
2.19735009765625 5.39730272541139e-07
2.19835009765625 8.176365695236674e-06
2.19935009765625 1.415202483518618e-05
2.20035009765625 1.0259588671597795e-05
2.20135009765625 1.1316343032660765e-05
2.20235009765625 8.582482295171516e-06
2.20335009765625 1.1853900303937192e-05
2.20435009765625 3.5671087275089975e-06
2.20535009765625 5.7545232242675685e-06
2.20635009765625 1.0586778910183616e-05
2.20735009765625 1.7484749860872704e-06
2.20835009765625 6.593226745806716e-06
2.20935009765625 8.999560289565386e-06
2.21035009765625 1.0586520769902584e-05
2.21135009765625 8.03542822735416e-06
2.21235009765625 8.405650414928093e-06
2.21335009765625 1.2491980911638256e-05
2.21435009765625 1.0870607780260908e-05
2.21535009765625 1.2891745520295385e-05
2.21635009765625 3.942034085116832e-06
2.21735009765625 1.5228910999062942e-05
2.21835009765625 2.0279323338845106e-05
2.21935009765625 6.543715644304313e-06
2.22035009765625 1.442151855922354e-06
2.22135009765625 3.1062603926376842e-06
2.22235009765625 1.5560886526893202e-06
2.22335009765625 1.0038639761877302e-05
2.22435009765625 1.6028601942180606e-05
2.22535009765625 5.278679128149032e-06
2.22635009765625 1.241244635914188e-05
2.22735009765625 2.2377550913124242e-05
2.22835009765625 5.6704733665619864e-11
2.22935009765625 3.486589669679171e-06
2.23035009765625 5.754335919127026e-06
2.23135009765625 1.508296182637148e-05
2.23235009765625 1.2565936348517349e-05
2.23335009765625 1.532672116180665e-05
2.23435009765625 2.0521528978931316e-06
2.23535009765625 1.3032942827380946e-05
2.23635009765625 7.961046045498264e-06
2.23735009765625 3.182184535008942e-07
2.23835009765625 1.2552817160272467e-05
2.23935009765625 1.9771690268674275e-05
2.24035009765625 7.067926685778291e-06
2.24135009765625 1.8266332265249409e-06
2.24235009765625 7.588261025886382e-06
2.24335009765625 1.0021461285322397e-05
2.24435009765625 1.9927238002795617e-05
2.24535009765625 1.3455821523572229e-05
2.24635009765625 3.3001664960592967e-06
2.24735009765625 5.723642707169356e-06
2.24835009765625 2.242623290808813e-05
2.24935009765625 9.109146047297898e-06
2.25035009765625 1.1621917292372366e-06
2.25135009765625 1.2137930408220458e-05
2.25235009765625 3.045115706220905e-05
2.25335009765625 5.613426934067313e-11
2.25435009765625 6.424049993184077e-06
2.25535009765625 5.593372767103597e-11
2.25635009765625 1.0524669354547254e-05
2.25735009765625 1.4998022715784123e-05
2.25835009765625 3.883010644296287e-06
2.25935009765625 1.578890966321158e-05
2.26035009765625 8.584797726344704e-06
2.26135009765625 1.817605096959184e-05
2.26235009765625 5.829252113476011e-07
2.26335009765625 5.813187565648155e-06
2.26435009765625 8.099213852060456e-06
2.26535009765625 5.4401708779057194e-11
2.26635009765625 9.795172478674072e-06
2.26735009765625 1.3431595268738562e-06
2.26835009765625 7.175604170229019e-06
2.26935009765625 2.091114425348033e-05
2.27035009765625 2.0038509135867754e-06
2.27135009765625 6.0858016223999e-06
2.27235009765625 1.8579018210605288e-05
2.27335009765625 3.2281201979151708e-06
2.27435009765625 5.533536426625961e-11
2.27535009765625 6.363827544249301e-06
2.27635009765625 9.36394584081194e-06
2.27735009765625 2.4685402157614327e-06
2.27835009765625 9.009318119183417e-06
2.27935009765625 5.457229548191206e-06
2.28035009765625 3.4413362731652953e-06
2.28135009765625 4.249058416266472e-06
2.28235009765625 2.52145901952183e-06
2.28335009765625 3.499350362026319e-06
2.28435009765625 5.5440390315388507e-11
2.28535009765625 8.433787336276775e-07
2.28635009765625 1.1398109850460214e-06
2.28735009765625 5.5383803066412423e-11
2.28835009765625 5.53568805510227e-11
2.28935009765625 9.181200774318773e-06
2.29035009765625 2.41963611608543e-06
2.29135009765625 9.376612473339477e-06
2.29235009765625 5.443742203038126e-06
2.29335009765625 1.241917929698084e-06
2.29435009765625 3.2358998829931394e-06
2.29535009765625 9.058955254465234e-06
2.29635009765625 9.121947694010582e-06
2.29735009765625 8.340016413327393e-07
2.29835009765625 3.2735077009273144e-06
2.29935009765625 8.224025934346792e-06
2.30035009765625 1.8912716368990685e-06
2.30135009765625 2.693064957024479e-06
2.30235009765625 5.444261977406328e-11
2.30335009765625 6.667077768004457e-06
2.30435009765625 7.795342507517718e-06
2.30535009765625 1.1252028439986684e-06
2.30635009765625 4.704467883016962e-06
2.30735009765625 2.121568554826129e-06
2.30835009765625 1.5750146504915929e-06
2.30935009765625 4.7503300469542467e-07
2.31035009765625 1.53620038246985e-06
2.31135009765625 1.2721716379501507e-06
2.31235009765625 1.7300120404811717e-06
2.31335009765625 3.224315220185291e-06
2.31435009765625 2.403225974121641e-06
2.31535009765625 4.773295982749969e-06
2.31635009765625 6.67635018278792e-06
2.31735009765625 9.598399713752913e-06
2.31835009765625 4.688644456272697e-06
2.31935009765625 3.065536949764561e-06
2.32035009765625 1.6823144514700925e-06
2.32135009765625 8.512550588898571e-07
2.32235009765625 4.133654923795354e-06
2.32335009765625 4.916456772014482e-06
2.32435009765625 6.255550006133208e-06
2.32535009765625 5.309835352432601e-06
2.32635009765625 2.8249241260899535e-06
2.32735009765625 2.9702162247456566e-06
2.32835009765625 5.425838537412084e-07
2.32935009765625 9.315477712159427e-08
2.33035009765625 2.971046447607618e-06
2.33135009765625 3.5430443199595364e-06
2.33235009765625 1.4307670736955098e-06
2.33335009765625 1.6543777946814582e-06
2.33435009765625 1.5661447244337784e-06
2.33535009765625 1.5360344116502568e-06
2.33635009765625 1.2154851304267042e-06
2.33735009765625 1.870116755002531e-06
2.33835009765625 1.4068894645589292e-06
2.33935009765625 9.604775659827628e-07
2.34035009765625 9.97121136628576e-07
2.34135009765625 1.3940489776833066e-06
2.34235009765625 1.6899809004289488e-06
2.34335009765625 2.02290839491871e-11
2.34435009765625 4.330306905306754e-07
2.34535009765625 6.77704589327561e-07
2.34635009765625 1.6333386868502934e-06
2.34735009765625 5.866358621833533e-07
2.34835009765625 1.8575775212157318e-06
2.34935009765625 9.089321771424928e-07
2.35035009765625 2.272819950775982e-06
2.35135009765625 9.422458041445915e-07
2.35235009765625 4.816708408085226e-07
2.35335009765625 1.9842052168196825e-06
2.35435009765625 8.619193719996394e-07
2.35535009765625 4.281763261783068e-07
2.35635009765625 2.026680926192599e-06
2.35735009765625 4.823180953096529e-07
2.35835009765625 1.1501673842117564e-06
2.35935009765625 7.527763812862408e-07
2.36035009765625 1.994256118924571e-06
2.36135009765625 1.782427483141945e-06
2.36235009765625 1.007497942370194e-06
2.36335009765625 1.131317532383823e-06
2.36435009765625 1.9057589656134017e-06
2.36535009765625 5.539877669014923e-07
2.36635009765625 7.972582188851412e-07
2.36735009765625 6.335227098073258e-07
2.36835009765625 4.8319687574584636e-08
2.36935009765625 9.380082951281202e-07
2.37035009765625 4.189372544469143e-07
2.37135009765625 7.217629555875886e-07
2.37235009765625 5.975494452975404e-07
2.37335009765625 3.01509031623588e-07
2.37435009765625 2.0960172240984202e-07
2.37535009765625 8.01276258439632e-08
2.37635009765625 4.3959089156401667e-07
2.37735009765625 3.5544631290088734e-07
2.37835009765625 2.601659661485686e-07
2.37935009765625 2.5837821072919005e-07
2.38035009765625 3.452136203949697e-07
2.38135009765625 2.9825914848854595e-07
2.38235009765625 2.818698954951209e-07
2.38335009765625 1.4796959618050363e-07
2.38435009765625 1.6187241886549352e-07
2.38535009765625 2.1197225273311975e-07
2.38635009765625 1.6583675316792778e-07
2.38735009765625 1.0194101820926489e-07
2.38835009765625 1.9101420573117316e-07
2.38935009765625 1.0876785822616636e-07
2.39035009765625 1.47383570635831e-07
2.39135009765625 1.4536115478747145e-07
2.39235009765625 4.865719421787615e-08
2.39335009765625 3.2480433534692075e-08
2.39435009765625 8.0475231328279e-08
2.39535009765625 7.706173032681339e-08
2.39635009765625 4.707169619182709e-08
2.39735009765625 3.2903435079199245e-08
2.39835009765625 4.856688952651546e-08
2.39935009765625 6.269500484440927e-08
2.40035009765625 4.590720662680949e-08
2.40135009765625 2.0941732573814467e-08
2.40235009765625 2.5851921105637605e-08
2.40335009765625 1.9559528066366576e-08
2.40435009765625 1.6762146826482517e-08
2.40535009765625 1.2480164026143246e-08
2.40635009765625 2.1826110694779078e-08
2.40735009765625 3.3363516118197775e-08
2.40835009765625 6.279004883767921e-09
2.40935009765625 1.1384355134377373e-08
2.41035009765625 1.2985208081958101e-08
2.41135009765625 2.1034765073559902e-08
2.41235009765625 5.142646541123226e-09
2.41335009765625 8.31856689022784e-09
2.41435009765625 8.802333930095086e-09
2.41535009765625 8.841179484797286e-09
2.41635009765625 8.312635825556603e-09
2.41735009765625 1.0317822029266798e-08
2.41835009765625 3.784999767925575e-09
2.41935009765625 9.367289423153095e-09
2.42035009765625 3.407591525680645e-09
2.42135009765625 3.0403466801582205e-09
2.42235009765625 5.619889533562566e-09
2.42335009765625 1.8443823702979157e-09
2.42435009765625 3.773651228252992e-09
2.42535009765625 2.8858518175229057e-09
2.42635009765625 1.7856757592404845e-09
2.42735009765625 8.258294616925663e-11
2.42835009765625 2.9351476462096866e-09
2.42935009765625 6.712771869850507e-10
2.43035009765625 1.9933548180851674e-09
2.43135009765625 1.2059735008834967e-09
2.43235009765625 8.74128493603857e-10
2.43335009765625 8.591330513130272e-10
2.43435009765625 5.357292249062279e-10
2.43535009765625 5.459437252661486e-10
2.43635009765625 3.6995205805892756e-10
2.43735009765625 2.3961299133500105e-10
2.43835009765625 5.782001928350951e-10
2.43935009765625 3.0905886866417884e-10
2.44035009765625 4.016264128187658e-10
2.44135009765625 2.1467988568115734e-10
2.44235009765625 2.4586559533413886e-10
2.44335009765625 1.1119154698963684e-10
2.44435009765625 2.8439551198309844e-10
2.44535009765625 2.96503272060631e-10
2.44635009765625 2.8563485664845204e-11
2.44735009765625 4.931434205682869e-11
2.44835009765625 2.7084748110302618e-11
2.44935009765625 1.0015668323927086e-10
2.45035009765625 1.18050114017957e-10
2.45135009765625 3.970487545962566e-11
2.45235009765625 6.062515303174009e-11
2.45335009765625 9.396533493660153e-11
2.45435009765625 1.1307550369808538e-11
2.45535009765625 5.014578506047339e-11
2.45635009765625 9.628074672097112e-11
2.45735009765625 2.1284291930151432e-16
2.45835009765625 9.450366323015433e-11
2.45935009765625 8.259002927774894e-11
2.46035009765625 3.5579071792509184e-11
2.46135009765625 5.703170319294518e-11
2.46235009765625 5.5616153909753e-12
2.46335009765625 4.3347530961796386e-11
2.46435009765625 3.2841131458091376e-11
2.46535009765625 4.3134195525690684e-11
2.46635009765625 1.7867788292873223e-12
2.46735009765625 2.986668071945422e-11
2.46835009765625 3.705232444657521e-11
2.46935009765625 1.779792619850511e-11
2.47035009765625 5.9893536942888545e-12
2.47135009765625 4.15379674238445e-11
2.47235009765625 1.5799254927250347e-11
2.47335009765625 7.336042064298777e-12
2.47435009765625 2.8173154452768375e-11
2.47535009765625 4.309761234847012e-12
2.47635009765625 8.147543776260585e-12
2.47735009765625 1.3962233977567232e-11
2.47835009765625 1.5372769523479632e-12
2.47935009765625 1.1546964901331091e-11
2.48035009765625 9.534855206036534e-12
2.48135009765625 2.5206315187848386e-11
2.48235009765625 2.5915998499392745e-17
2.48335009765625 6.873275280419513e-12
2.48435009765625 4.805945942505965e-12
2.48535009765625 4.360456846910943e-13
2.48635009765625 4.130240107492723e-12
2.48735009765625 6.079450037526665e-12
2.48835009765625 5.377215720780502e-12
2.48935009765625 4.680027991573065e-12
2.49035009765625 1.307904263022717e-12
2.49135009765625 5.296805747412427e-12
2.49235009765625 6.320034146217994e-13
2.49335009765625 3.612872393046219e-12
2.49435009765625 4.189376037409532e-12
2.49535009765625 1.368336030438724e-12
2.49635009765625 1.5254965946278403e-12
2.49735009765625 2.3009090629664442e-12
2.49835009765625 2.281435455827982e-12
2.49935009765625 1.28192012396673e-12
2.50035009765625 3.602924585336316e-12
2.50135009765625 4.0839678639378323e-13
2.50235009765625 1.0598616068058674e-12
2.50335009765625 1.8001130979309223e-12
2.50435009765625 9.074422793943119e-13
2.50535009765625 8.313168577904223e-13
2.50635009765625 1.102048218583387e-12
2.50735009765625 7.694631438941944e-13
2.50835009765625 1.4673381269559623e-12
2.50935009765625 1.315083725189411e-12
2.51035009765625 2.1117175058760212e-13
2.51135009765625 7.23014751260634e-13
2.51235009765625 4.332587778311777e-13
2.51335009765625 7.5094156325121e-13
2.51435009765625 3.884871414440228e-13
2.51535009765625 9.46065267789296e-13
2.51635009765625 2.97976568987552e-13
2.51735009765625 3.4939503283110507e-13
2.51835009765625 4.6953469813429e-13
2.51935009765625 2.906188635819405e-13
2.52035009765625 2.912762044956793e-13
2.52135009765625 1.4082097014965973e-13
2.52235009765625 1.3127562334231816e-13
2.52335009765625 2.1882496533910354e-13
2.52435009765625 2.0382538825674792e-13
2.52535009765625 6.80651548265167e-14
2.52635009765625 1.7262151519318134e-13
2.52735009765625 4.3331464701498004e-14
2.52835009765625 8.965694771903193e-14
2.52935009765625 7.167843858788124e-14
2.53035009765625 1.077237243743256e-13
2.53135009765625 8.375376167907629e-14
2.53235009765625 7.823519118385581e-14
2.53335009765625 5.141392712167398e-14
2.53435009765625 4.1045820727931486e-14
2.53535009765625 3.6964121464256845e-14
2.53635009765625 8.552565701147692e-14
2.53735009765625 5.88275470801857e-14
2.53835009765625 1.2462825657320163e-14
2.53935009765625 5.60781043073113e-14
2.54035009765625 3.092542808158604e-14
2.54135009765625 4.999236511274875e-14
2.54235009765625 2.1929951331516385e-14
2.54335009765625 2.2469164113559304e-14
2.54435009765625 2.880619124512595e-14
2.54535009765625 5.9478702605995936e-15
2.54635009765625 1.7343792605042737e-14
2.54735009765625 1.6753934391115637e-14
2.54835009765625 4.650710108849566e-16
2.54935009765625 1.1436533734864164e-14
2.55035009765625 2.106144309171568e-14
2.55135009765625 2.0630354102855473e-14
2.55235009765625 1.3317540757929085e-14
2.55335009765625 2.0843794468023824e-14
2.55435009765625 8.57299688319816e-15
2.55535009765625 4.388757501941198e-15
2.55635009765625 2.4549161072853758e-15
2.55735009765625 8.342180052120489e-15
2.55835009765625 1.23305316146876e-14
2.55935009765625 2.950566162600149e-16
2.56035009765625 2.7357912481382267e-15
2.56135009765625 6.852197073602309e-15
2.56235009765625 1.6256682939316462e-15
2.56335009765625 1.845285166279667e-15
2.56435009765625 2.2030120602069035e-15
2.56535009765625 1.5036325677537179e-15
2.56635009765625 2.083836190139442e-15
2.56735009765625 3.030486925146717e-15
2.56835009765625 1.9162816909201725e-15
2.56935009765625 1.933517570749908e-15
2.57035009765625 7.906389064794367e-16
2.57135009765625 1.3733716553063768e-15
2.57235009765625 1.3397252759538266e-15
2.57335009765625 6.337924471190869e-16
2.57435009765625 8.52739730050122e-16
2.57535009765625 3.734126707185293e-16
2.57635009765625 1.377602317294505e-15
2.57735009765625 1.6554227299998518e-15
2.57835009765625 8.524962191433008e-16
2.57935009765625 8.415599663016586e-16
2.58035009765625 3.1051930256942025e-16
2.58135009765625 6.951270701965389e-16
2.58235009765625 1.3719570131849595e-16
2.58335009765625 6.333592577266303e-16
2.58435009765625 5.700506443243917e-16
2.58535009765625 2.1611330989700301e-16
2.58635009765625 2.1992877605703864e-16
2.58735009765625 4.2327362366169497e-16
2.58835009765625 1.4202633567075497e-16
2.58935009765625 2.984063819173586e-16
2.59035009765625 1.0756928903469312e-16
2.59135009765625 6.630965832050887e-17
2.59235009765625 5.632029714141616e-17
2.59335009765625 7.867167341051376e-17
2.59435009765625 4.53281908713847e-17
2.59535009765625 4.631253697567466e-17
2.59635009765625 8.927272769374374e-17
2.59735009765625 1.861742143656823e-17
2.59835009765625 2.6552309458117526e-17
2.59935009765625 6.177746253826125e-17
2.60035009765625 3.7515505381948516e-17
