Wavelength_microns Throughput
0.5504000244140625 2.1454853024647507e-12
0.5514000244140626 1.7814063632404406e-12
0.5524000244140626 1.39655013541456e-12
0.5534000244140626 8.413763552666567e-13
0.5544000244140626 5.118820849181094e-12
0.5554000244140626 3.774818173852157e-12
0.5564000244140626 7.155743771957023e-12
0.5574000244140624 2.939114273207341e-12
0.5584000244140624 4.696099709795587e-12
0.5594000244140624 1.2058074874971304e-12
0.5604000244140624 2.7889149810086357e-12
0.5614000244140624 2.255243579362852e-12
0.5624000244140624 9.336225443173167e-13
0.5634000244140625 1.0381130853558173e-12
0.5644000244140625 2.4436781025525704e-12
0.5654000244140625 1.81833316284894e-12
0.5664000244140625 3.4912853806166585e-12
0.5674000244140625 3.994638067509536e-12
0.5684000244140625 3.2240388695366254e-12
0.5694000244140625 2.241880335657744e-12
0.5704000244140625 1.81801565206688e-15
0.5714000244140625 1.9926498743279747e-15
0.5724000244140625 2.344571556835914e-15
0.5734000244140625 7.664445752395098e-13
0.5744000244140625 5.896582178846763e-13
0.5754000244140625 5.921478023867136e-13
0.5764000244140625 1.1789074958391947e-12
0.5774000244140625 4.183882916653407e-15
0.5784000244140625 3.2269144166708144e-12
0.5794000244140625 4.620136245725986e-15
0.5804000244140625 5.994952477066574e-12
0.5814000244140625 1.301112402731835e-11
0.5824000244140625 1.7296569395125607e-12
0.5834000244140625 3.4370396944553194e-12
0.5844000244140625 9.884664832261994e-12
0.5854000244140625 1.3339961098762001e-11
0.5864000244140625 8.971110860527405e-14
0.5874000244140625 9.953144710867993e-12
0.5884000244140625 4.1494438822779036e-11
0.5894000244140625 3.689006236562604e-12
0.5904000244140625 5.322103811646249e-11
0.5914000244140625 1.611779070627984e-11
0.5924000244140625 1.3356092142773631e-11
0.5934000244140625 4.587606086856965e-12
0.5944000244140625 7.940850657080994e-15
0.5954000244140625 7.556828547167713e-15
0.5964000244140625 3.4015749567256222e-12
0.5974000244140625 6.947734405384886e-12
0.5984000244140625 1.0289689346164935e-11
0.5994000244140625 8.364298666032174e-15
0.6004000244140625 6.717344195068478e-12
0.6014000244140625 8.55116353220685e-12
0.6024000244140625 9.496362842937561e-12
0.6034000244140625 1.0113103642833147e-11
0.6044000244140625 1.7205247327391447e-14
0.6054000244140625 7.648391744248892e-12
0.6064000244140625 2.5967099142967135e-11
0.6074000244140625 1.418253768069973e-11
0.6084000244140625 1.9832019957350025e-11
0.6094000244140625 1.4471970324750455e-11
0.6104000244140625 3.3851015781910016e-13
0.6114000244140625 1.4717747601853447e-11
0.6124000244140625 1.936968084295947e-11
0.6134000244140625 1.869693665407978e-11
0.6144000244140625 1.0703815669285587e-14
0.6154000244140625 8.475611431740595e-12
0.6164000244140625 4.243622762869458e-12
0.6174000244140625 1.6416925061507669e-12
0.6184000244140625 5.861345516939954e-12
0.6194000244140625 3.273000756495707e-12
0.6204000244140625 3.3041419100065004e-12
0.6214000244140625 6.658912677842156e-12
0.6224000244140625 7.842782824238032e-13
0.6234000244140625 8.292195604126442e-15
0.6244000244140625 3.1581689700105946e-12
0.6254000244140625 1.1373275497724367e-14
0.6264000244140625 1.3124624698483947e-11
0.6274000244140625 1.9244871594314786e-14
0.6284000244140625 1.547891301246921e-11
0.6294000244140625 4.045586547866607e-14
0.6304000244140625 5.846349708548956e-14
0.6314000244140625 3.556561044849506e-11
0.6324000244140625 5.084572882194262e-11
0.6334000244140625 4.3485866469090036e-11
0.6344000244140625 6.621315910315479e-14
0.6354000244140625 5.11739816443209e-14
0.6364000244140625 4.051830553696825e-14
0.6374000244140625 2.7128130951092705e-11
0.6384000244140625 6.949401190169948e-12
0.6394000244140625 3.827093951449135e-11
0.6404000244140625 2.159591829710151e-12
0.6414000244140625 2.4019735863266227e-12
0.6424000244140625 6.652838042962446e-12
0.6434000244140625 2.6982796716151828e-11
0.6444000244140625 1.562916575168084e-11
0.6454000244140625 7.130943279817225e-12
0.6464000244140625 2.0016810524675846e-12
0.6474000244140625 3.584054760853515e-11
0.6484000244140625 2.7483743268400924e-12
0.6494000244140625 5.062502925454084e-12
0.6504000244140625 1.0703602942819978e-11
0.6514000244140625 1.4825826033303984e-11
0.6524000244140625 1.3043494138527855e-14
0.6534000244140625 9.28104360131837e-12
0.6544000244140625 1.4392773833125908e-11
0.6554000244140625 7.325654126283586e-12
0.6564000244140625 1.1355670488105731e-11
0.6574000244140625 1.733747396784479e-14
0.6584000244140625 2.0552095698156848e-14
0.6594000244140625 6.441181012636302e-11
0.6604000244140625 2.619608629788874e-11
0.6614000244140625 1.2609314635416367e-11
0.6624000244140625 1.7312204517876354e-11
0.6634000244140625 4.9385589724326206e-11
0.6644000244140625 2.12831531685387e-11
0.6654000244140625 1.3796507771292445e-11
0.6664000244140625 2.9001141475950867e-11
0.6674000244140625 1.1172788424661882e-11
0.6684000244140625 1.166050906966917e-11
0.6694000244140625 1.750275805297453e-11
0.6704000244140625 8.058295717600923e-12
0.6714000244140625 1.1539867758074111e-11
0.6724000244140625 3.572624210226093e-11
0.6734000244140625 8.651138738082106e-12
0.6744000244140625 4.424736596395701e-11
0.6754000244140625 3.881270767206259e-11
0.6764000244140626 1.918877050769618e-11
0.6774000244140626 2.3019293520994346e-11
0.6784000244140626 4.661272001532453e-11
0.6794000244140626 2.7380427272096653e-11
0.6804000244140626 3.692975943675392e-11
0.6814000244140626 4.2371321286483386e-11
0.6824000244140624 2.3031059790241916e-11
0.6834000244140624 3.5262827260473184e-11
0.6844000244140624 3.2935949403364776e-11
0.6854000244140624 3.164076403120925e-11
0.6864000244140624 1.1742225544132758e-11
0.6874000244140624 6.023563841968104e-11
0.6884000244140625 4.259503288744873e-11
0.6894000244140625 3.0483472047775285e-11
0.6904000244140625 6.594558808123413e-11
0.6914000244140625 6.045974795988753e-11
0.6924000244140625 5.178356128966309e-11
0.6934000244140625 8.978008066473897e-11
0.6944000244140625 1.1523703813307128e-10
0.6954000244140625 6.393310107646903e-11
0.6964000244140625 1.179964759393063e-10
0.6974000244140625 1.2027865153890486e-10
0.6984000244140625 1.2436309748360866e-10
0.6994000244140625 1.3059549721805556e-10
0.7004000244140625 1.4867161728356885e-10
0.7014000244140625 1.6197245831223576e-10
0.7024000244140625 2.27622051514107e-10
0.7034000244140625 2.47455107302946e-10
0.7044000244140625 3.273829365339074e-10
0.7054000244140625 5.18979337569429e-10
0.7064000244140625 7.23216775920402e-10
0.7074000244140625 1.1963450431007444e-09
0.7084000244140625 1.8349735381902661e-09
0.7094000244140625 2.8394647784363844e-09
0.7104000244140625 4.372578542391742e-09
0.7114000244140625 5.966594615006766e-09
0.7124000244140625 7.165767123663376e-09
0.7134000244140625 8.43998229912325e-09
0.7144000244140625 8.020780064420722e-09
0.7154000244140625 8.768684124971177e-09
0.7164000244140625 7.705164186362433e-09
0.7174000244140625 6.2112251826631265e-09
0.7184000244140625 4.609194969266457e-09
0.7194000244140625 3.1611744143686644e-09
0.7204000244140625 2.098076461565651e-09
0.7214000244140625 1.4245124760272246e-09
0.7224000244140625 7.784190260253525e-10
0.7234000244140625 4.235148847975543e-10
0.7244000244140625 3.4055064538264083e-10
0.7254000244140625 2.0858258705289173e-10
0.7264000244140625 1.2525321300110526e-10
0.7274000244140625 1.0401560431205178e-10
0.7284000244140625 8.237726305127547e-11
0.7294000244140625 2.5515950182604887e-11
0.7304000244140625 4.6326144720409904e-11
0.7314000244140625 3.5724297108176883e-11
0.7324000244140625 4.7183775156203824e-11
0.7334000244140625 3.5257876808913807e-11
0.7344000244140625 3.9541394200343665e-11
0.7354000244140625 4.082190157704353e-11
0.7364000244140625 4.3564161575072946e-11
0.7374000244140625 3.6098407459383925e-11
0.7384000244140625 8.376301862064067e-11
0.7394000244140625 1.1444481159315065e-10
0.7404000244140625 1.6055307093191195e-10
0.7414000244140625 2.0952202996683064e-10
0.7424000244140625 2.757103956702418e-10
0.7434000244140625 5.217274479663517e-10
0.7444000244140625 4.552082691695146e-10
0.7454000244140625 4.178182397514918e-10
0.7464000244140625 1.1906942646173974e-10
0.7474000244140625 3.4430620223804965e-10
0.7484000244140625 2.323100118233078e-10
0.7494000244140625 4.257515461232436e-10
0.7504000244140625 3.740685345701443e-10
0.7514000244140625 1.629823951855046e-10
0.7524000244140625 5.932405714099572e-10
0.7534000244140625 4.180540171670064e-10
0.7544000244140625 6.986410887136761e-10
0.7554000244140625 1.8472690301552519e-09
0.7564000244140625 1.2349526225693825e-09
0.7574000244140625 4.00489691796025e-10
0.7584000244140625 1.257545378767906e-10
0.7594000244140625 1.0686093713510042e-10
0.7604000244140625 5.997194734809158e-11
0.7614000244140625 3.5294575602516316e-11
0.7624000244140625 8.962903673105898e-12
0.7634000244140625 3.333777084090805e-11
0.7644000244140625 1.74495486364948e-11
0.7654000244140625 5.473666315075759e-12
0.7664000244140625 3.321973839078421e-12
0.7674000244140625 5.4665029869432245e-12
0.7684000244140625 3.163033493639147e-12
0.7694000244140625 3.85264072575064e-12
0.7704000244140625 1.917715024553586e-12
0.7714000244140625 2.175131086944184e-12
0.7724000244140625 2.2236746638271493e-13
0.7734000244140625 2.0041351025067486e-12
0.7744000244140625 1.194806238764826e-12
0.7754000244140625 3.904878243732764e-12
0.7764000244140625 2.312896847572243e-12
0.7774000244140625 3.695290030279539e-12
0.7784000244140625 1.2225368554334055e-12
0.7794000244140625 4.486766674214993e-12
0.7804000244140625 1.0947523796412119e-11
0.7814000244140625 7.873022899087236e-12
0.7824000244140625 6.681373233614266e-12
0.7834000244140625 3.7671601828803445e-12
0.7844000244140625 1.097078691415925e-11
0.7854000244140625 5.576368981858298e-12
0.7864000244140625 1.1148288998036916e-11
0.7874000244140625 1.4340660657065926e-11
0.7884000244140625 9.837739299182832e-12
0.7894000244140625 2.364765918051269e-11
0.7904000244140625 3.9200842938454156e-11
0.7914000244140625 1.9270236529101367e-11
0.7924000244140625 1.9470458470253556e-11
0.7934000244140625 4.282889670535592e-11
0.7944000244140625 3.307267396413124e-11
0.7954000244140625 3.075847947289299e-11
0.7964000244140625 0.0
0.7974000244140625 3.197204260132059e-11
0.7984000244140625 5.044591738389029e-10
0.7994000244140625 4.915234734622392e-10
0.8004000244140625 2.953899336303609e-09
0.8014000244140626 2.7363514964740517e-09
0.8024000244140626 2.6986533294383602e-09
0.8034000244140626 3.0614143984447195e-09
0.8044000244140626 1.8210077257694058e-09
0.8054000244140626 2.565237253070892e-10
0.8064000244140626 3.908182799220164e-10
0.8074000244140624 1.593155041206918e-09
0.8084000244140624 2.5370359051606935e-09
0.8094000244140624 1.7304595347421375e-09
0.8104000244140624 1.0564021613398575e-09
0.8114000244140624 1.427383844584183e-09
0.8124000244140624 2.031382104093304e-09
0.8134000244140625 2.6340232371029305e-09
0.8144000244140625 2.5844647094848796e-09
0.8154000244140625 1.9448605360977736e-09
0.8164000244140625 1.4069630107233755e-09
0.8174000244140625 1.4595818213573462e-09
0.8184000244140625 1.3234599151245004e-09
0.8194000244140625 1.5751318376302647e-09
0.8204000244140625 1.1316358430885887e-09
0.8214000244140625 1.1697011258264752e-09
0.8224000244140625 1.3412041482905485e-09
0.8234000244140625 2.0533791940214557e-10
0.8244000244140625 0.0
0.8254000244140625 5.366412666549095e-10
0.8264000244140625 1.4557583161439407e-09
0.8274000244140625 1.1093933057637826e-09
0.8284000244140625 5.491468559366623e-10
0.8294000244140625 2.6435147220319407e-10
0.8304000244140625 5.626612314049123e-10
0.8314000244140625 1.6402467018684062e-09
0.8324000244140625 1.3856446917094519e-09
0.8334000244140625 5.414494149722964e-10
0.8344000244140625 1.113616089328025e-09
0.8354000244140625 1.205187083462295e-09
0.8364000244140625 7.188326553596554e-10
0.8374000244140625 1.259571799554184e-09
0.8384000244140625 1.4489229528373851e-09
0.8394000244140625 6.127171528121332e-10
0.8404000244140625 3.458929159377958e-10
0.8414000244140625 2.2232693611101765e-10
0.8424000244140625 7.791994903186381e-10
0.8434000244140625 1.0870999241280078e-09
0.8444000244140625 3.7334676130505024e-10
0.8454000244140625 4.0410063240527195e-10
0.8464000244140625 4.5490475587929696e-10
0.8474000244140625 7.408798957929041e-10
0.8484000244140625 9.060662494260977e-10
0.8494000244140625 5.670756150789792e-10
0.8504000244140625 6.241275445976303e-10
0.8514000244140625 7.64577509610105e-10
0.8524000244140625 1.1883142868933572e-09
0.8534000244140625 1.2326497854169229e-09
0.8544000244140625 9.21674987518803e-10
0.8554000244140625 7.174844679274442e-10
0.8564000244140625 4.430785561289858e-10
0.8574000244140625 3.7740873595563395e-10
0.8584000244140625 8.972722656287871e-10
0.8594000244140625 6.932796271222395e-10
0.8604000244140625 9.629835457323844e-10
0.8614000244140625 6.625724698551324e-10
0.8624000244140625 2.5341008185109455e-10
0.8634000244140625 6.029429073518904e-10
0.8644000244140625 1.230366299011008e-09
0.8654000244140625 8.694032225717911e-10
0.8664000244140625 7.802650597278486e-10
0.8674000244140625 6.99623958768388e-10
0.8684000244140625 8.270693654415831e-10
0.8694000244140625 1.2401591575460407e-09
0.8704000244140625 1.0708173085132604e-09
0.8714000244140625 1.106686789998436e-09
0.8724000244140625 1.2046984593740722e-09
0.8734000244140625 1.2564697991856019e-09
0.8744000244140625 1.0757368810027942e-09
0.8754000244140625 1.0991973010625946e-09
0.8764000244140625 1.4473439941455214e-09
0.8774000244140625 1.3469860488902002e-09
0.8784000244140625 1.2246045027983269e-09
0.8794000244140625 1.3982044526062815e-09
0.8804000244140625 9.318608541327132e-10
0.8814000244140625 8.33846430300036e-10
0.8824000244140625 9.411902810570818e-10
0.8834000244140625 1.0839487882337152e-09
0.8844000244140625 9.231973762970744e-10
0.8854000244140625 6.541377287181068e-10
0.8864000244140625 7.812196858992094e-10
0.8874000244140625 9.042845424860635e-10
0.8884000244140625 7.820282746726974e-10
0.8894000244140625 8.421324680313562e-10
0.8904000244140625 1.0484686645155775e-09
0.8914000244140625 9.724002373445258e-10
0.8924000244140625 1.2185217795227684e-09
0.8934000244140625 1.051143336440941e-09
0.8944000244140625 1.5440409865110027e-09
0.8954000244140625 1.1629190879565864e-09
0.8964000244140625 1.4271402657266227e-09
0.8974000244140625 1.6179119401650945e-09
0.8984000244140625 1.532502865961339e-09
0.8994000244140625 1.2838241674651774e-09
0.9004000244140625 1.5352981085429142e-09
0.9014000244140625 1.7207000766115808e-09
0.9024000244140625 1.901767525892882e-09
0.9034000244140625 1.654246315590379e-09
0.9044000244140625 9.947593437714437e-10
0.9054000244140625 1.428371462120155e-09
0.9064000244140625 1.0518750755865267e-09
0.9074000244140625 9.763759625576967e-10
0.9084000244140625 1.2056886741885619e-09
0.9094000244140625 1.3965530570405245e-09
0.9104000244140625 1.3362898267307769e-09
0.9114000244140625 9.703231145480535e-10
0.9124000244140625 1.06328098210468e-09
0.9134000244140625 1.3447086722613704e-09
0.9144000244140625 1.1584899615856012e-09
0.9154000244140625 7.960586670980795e-10
0.9164000244140625 6.400326617570727e-10
0.9174000244140625 3.626063973213532e-10
0.9184000244140625 4.133453663278852e-10
0.9194000244140625 5.866767933531438e-10
0.9204000244140625 4.561826349494874e-10
0.9214000244140625 3.0938636399567374e-10
0.9224000244140625 4.575894612963762e-10
0.9234000244140625 5.487190001448578e-10
0.9244000244140625 6.119173959367922e-10
0.9254000244140625 6.403473914627915e-10
0.9264000244140626 7.699735837122122e-10
0.9274000244140626 7.737002928756214e-10
0.9284000244140626 8.516946883848822e-10
0.9294000244140626 1.5803115755217425e-09
0.9304000244140626 1.837552178580371e-09
0.9314000244140626 2.468892748359754e-09
0.9324000244140624 3.036154419551706e-09
0.9334000244140624 3.1736188492277054e-09
0.9344000244140624 3.3851223374717767e-09
0.9354000244140624 3.3708529658395636e-09
0.9364000244140624 2.648036325219793e-09
0.9374000244140624 2.3473435659187246e-09
0.9384000244140625 2.1601933085162008e-09
0.9394000244140625 2.1960166094804363e-09
0.9404000244140625 1.6306486784238922e-09
0.9414000244140625 8.280741397828549e-10
0.9424000244140625 4.95075945207762e-10
0.9434000244140625 5.730751281119776e-10
0.9444000244140625 9.999301076295503e-10
0.9454000244140625 1.1131558401961204e-09
0.9464000244140625 5.481118300588642e-10
0.9474000244140625 1.1323973504636506e-09
0.9484000244140625 9.176894689620053e-10
0.9494000244140625 5.092550737465473e-10
0.9504000244140625 1.2845650749154693e-09
0.9514000244140625 1.2040717952605333e-09
0.9524000244140625 8.754528379934508e-10
0.9534000244140625 8.036349237483561e-10
0.9544000244140625 1.056564615018384e-09
0.9554000244140625 1.2150668459410376e-09
0.9564000244140625 1.2123108457576665e-09
0.9574000244140625 1.2070976800522006e-09
0.9584000244140625 1.0686417097343424e-09
0.9594000244140625 1.0114533497486505e-09
0.9604000244140625 8.901133656200418e-10
0.9614000244140625 1.1684757491425386e-09
0.9624000244140625 9.19138425586316e-10
0.9634000244140625 9.170614161034286e-10
0.9644000244140625 1.110434884825297e-09
0.9654000244140625 1.1787473649406e-09
0.9664000244140625 1.0577178548033426e-09
0.9674000244140625 1.3846624000260492e-09
0.9684000244140625 1.2783412637089434e-09
0.9694000244140625 1.0872010061755574e-09
0.9704000244140625 1.5849367107350605e-09
0.9714000244140625 7.896806887093721e-10
0.9724000244140625 3.7079015801249014e-09
0.9734000244140625 2.2343647961531742e-09
0.9744000244140625 3.3905638798793216e-09
0.9754000244140625 4.522974852683002e-09
0.9764000244140625 6.500487555456916e-09
0.9774000244140625 7.805762855528209e-09
0.9784000244140625 9.376108871260292e-09
0.9794000244140625 9.906140580876527e-09
0.9804000244140625 1.1326175163372508e-08
0.9814000244140625 2.3946117772663444e-08
0.9824000244140625 2.281859114192516e-08
0.9834000244140625 2.8822291362419327e-08
0.9844000244140625 3.2394631273922387e-08
0.9854000244140625 4.656761443713892e-08
0.9864000244140625 5.947394341935707e-08
0.9874000244140625 5.903339806491036e-08
0.9884000244140625 8.423270264971235e-08
0.9894000244140625 8.701816222253889e-08
0.9904000244140625 1.0295458756441729e-07
0.9914000244140625 1.104090603355451e-07
0.9924000244140625 1.5398937164367986e-07
0.9934000244140625 1.4052355525953613e-07
0.9944000244140625 1.6153737004428838e-07
0.9954000244140625 1.339953707667311e-07
0.9964000244140625 1.7381390625647356e-07
0.9974000244140625 2.0952264336221883e-07
0.9984000244140625 1.1716927205120849e-07
0.9994000244140625 1.8566719913708672e-07
1.0004000244140625 2.0644928074786718e-07
1.0014000244140624 3.6108665413744766e-07
1.0024000244140625 8.117884468575806e-07
1.0034000244140624 3.032570221656047e-07
1.0044000244140625 7.456714682139453e-07
1.0054000244140624 5.568826617860433e-07
1.0064000244140625 4.942710032045421e-07
1.0074000244140624 7.323205182861037e-07
1.0084000244140625 3.7247535056865136e-07
1.0094000244140624 1.3112453473581693e-06
1.0104000244140625 1.2355178012823427e-06
1.0114000244140624 5.377695385652255e-07
1.0124000244140625 8.730565771529361e-07
1.0134000244140624 3.054107915525908e-07
1.0144000244140625 2.6866952818454076e-07
1.0154000244140624 3.5036052327162024e-07
1.0164000244140625 7.301906944134477e-07
1.0174000244140624 8.705040979243962e-07
1.0184000244140625 7.54938633186111e-07
1.0194000244140624 8.596321496963648e-08
1.0204000244140625 7.475980815068322e-07
1.0214000244140624 1.053294687140233e-06
1.0224000244140625 1.6045493066705525e-06
1.0234000244140624 2.525091025365338e-07
1.0244000244140625 9.765865380429177e-07
1.0254000244140624 6.255462280469459e-07
1.0264000244140625 1.734143708660079e-07
1.0274000244140624 7.014587394215989e-07
1.0284000244140625 1.9036562306079487e-07
1.0294000244140624 8.76093933999468e-07
1.0304000244140625 6.420258038990441e-07
1.0314000244140624 3.6886379833265673e-07
1.0324000244140625 8.177879124073855e-07
1.0334000244140624 4.189078420832795e-07
1.0344000244140625 4.433093300331815e-07
1.0354000244140624 9.183371639900398e-07
1.0364000244140625 1.3655149442951572e-06
1.0374000244140624 6.690422783605263e-07
1.0384000244140625 4.5239631173876103e-07
1.0394000244140624 6.252939176806867e-07
1.0404000244140625 3.637317091372911e-11
1.0414000244140624 2.0882297621690508e-06
1.0424000244140625 1.0396421329857144e-06
1.0434000244140624 1.0858695031140965e-06
1.0444000244140625 8.066603568965758e-07
1.0454000244140624 4.400748941273228e-07
1.0464000244140625 7.609544253637803e-07
1.0474000244140624 5.707071350542185e-07
1.0484000244140625 9.719176672716098e-07
1.0494000244140624 1.8965326229602765e-07
1.0504000244140625 5.940197100228672e-07
1.0514000244140624 1.495828660043727e-06
1.0524000244140626 1.792247379879832e-08
1.0534000244140624 1.583135933261465e-06
1.0544000244140626 1.1344663797699572e-06
1.0554000244140624 3.705522581590336e-11
1.0564000244140626 8.955322821963556e-07
1.0574000244140624 2.127128620340056e-07
1.0584000244140626 2.8970413711622656e-07
1.0594000244140624 8.16913589265904e-07
1.0604000244140626 3.842111303606942e-07
1.0614000244140624 3.9612350061124707e-08
1.0624000244140626 7.030197000881492e-07
1.0634000244140625 4.915714757330944e-07
1.0644000244140626 1.2817286830345646e-06
1.0654000244140625 4.1068139965557694e-07
1.0664000244140626 6.820532482848413e-07
1.0674000244140625 3.719417728703492e-11
1.0684000244140626 8.851254127654672e-07
1.0694000244140625 4.457349207977613e-07
1.0704000244140626 3.719241724904048e-11
1.0714000244140625 1.0767504248915165e-06
1.0724000244140626 3.719593173954718e-11
1.0734000244140625 4.668602235471958e-07
1.0744000244140626 1.3992312377633251e-06
1.0754000244140625 1.2119663694137727e-06
1.0764000244140626 2.627129725426572e-07
1.0774000244140625 1.0420154222134097e-06
1.0784000244140626 8.615993041501771e-07
1.0794000244140625 1.0096381689388242e-06
1.0804000244140626 8.511933825235799e-07
1.0814000244140625 2.7220449436585445e-07
1.0824000244140626 9.066963386612758e-07
1.0834000244140625 5.438562760178132e-08
1.0844000244140626 2.8431964840622926e-07
1.0854000244140625 8.963488232922388e-07
1.0864000244140626 5.451723783533696e-07
1.0874000244140625 1.206254257367698e-06
1.0884000244140626 7.030134223489943e-07
1.0894000244140625 3.987783850538777e-07
1.0904000244140626 2.851875466152171e-07
1.0914000244140625 4.790060810484346e-07
1.0924000244140626 8.430140551593476e-07
1.0934000244140625 3.2221379034509044e-07
1.0944000244140626 1.8283882811896596e-07
1.0954000244140625 8.775772197768857e-07
1.0964000244140626 5.304139139037765e-07
1.0974000244140625 3.269274967791018e-07
1.0984000244140626 7.06359836718971e-07
1.0994000244140625 3.1851492046209424e-07
1.1004000244140626 5.074138184075252e-07
1.1014000244140625 3.80570926131003e-07
1.1024000244140626 3.9749884264485704e-11
1.1034000244140625 7.198894223454946e-07
1.1044000244140626 1.5074993718205732e-07
1.1054000244140625 1.7432607036496228e-06
1.1064000244140626 2.0329724180525278e-07
1.1074000244140625 4.452580922836958e-07
1.1084000244140626 9.960559695651997e-08
1.1094000244140625 1.9923349133640033e-07
1.1104000244140626 2.3671151816448835e-07
1.1114000244140625 8.419629783799144e-07
1.1124000244140626 5.489289406134167e-07
1.1134000244140625 1.6449705019502504e-07
1.1144000244140626 9.861568879976523e-07
1.1154000244140625 7.835443241526339e-07
1.1164000244140626 4.014883010525033e-11
1.1174000244140625 2.926982972823234e-07
1.1184000244140626 3.2093935954225516e-07
1.1194000244140625 1.7026151011594339e-06
1.1204000244140624 7.892188389469177e-08
1.1214000244140625 2.675058483467802e-07
1.1224000244140624 1.1368727540704845e-06
1.1234000244140625 2.659679283940019e-08
1.1244000244140624 1.0669997221588474e-06
1.1254000244140625 3.206606179955961e-07
1.1264000244140624 8.396255512581914e-07
1.1274000244140625 3.4289233442888546e-07
1.1284000244140624 4.6905970689618567e-07
1.1294000244140625 9.681680140145977e-07
1.1304000244140624 9.163254946305925e-07
1.1314000244140625 4.0133685838857284e-11
1.1324000244140624 6.098735407428192e-07
1.1334000244140625 1.0513540393313252e-06
1.1344000244140624 9.456126576546257e-07
1.1354000244140625 3.579813314169383e-07
1.1364000244140624 1.0142327427550375e-06
1.1374000244140625 4.025886599006855e-11
1.1384000244140624 5.391856191737671e-07
1.1394000244140625 5.581866707754867e-07
1.1404000244140624 7.889238884274285e-07
1.1414000244140625 1.0117283281648979e-07
1.1424000244140624 3.7018462629975617e-07
1.1434000244140625 4.095547181367749e-11
1.1444000244140624 1.1916053335123833e-06
1.1454000244140625 1.1234112343167293e-06
1.1464000244140624 4.10942233060976e-11
1.1474000244140625 9.021307338180782e-07
1.1484000244140624 6.858572183281925e-07
1.1494000244140625 8.459650322522538e-08
1.1504000244140624 7.060156516544568e-07
1.1514000244140625 2.2330410871107497e-07
1.1524000244140624 3.5170311409508816e-07
1.1534000244140625 4.1656682269903915e-11
1.1544000244140624 3.658069262328709e-07
1.1554000244140625 4.179149994750093e-11
1.1564000244140624 8.308288668111533e-07
1.1574000244140625 1.4583822686507243e-07
1.1584000244140624 5.841307583535214e-07
1.1594000244140625 1.9887450989190863e-07
1.1604000244140624 1.197181909710655e-07
1.1614000244140625 1.9550057059477002e-07
1.1624000244140624 4.403982932312068e-07
1.1634000244140625 4.1829468383318313e-07
1.1644000244140624 8.151325876492861e-09
1.1654000244140625 6.545770730740096e-07
1.1664000244140624 5.595032061473332e-07
1.1674000244140625 1.3202980061443658e-06
1.1684000244140624 2.774377454081392e-08
1.1694000244140625 5.641460210359745e-07
1.1704000244140624 1.3685562699195112e-06
1.1714000244140625 1.0943786517187019e-07
1.1724000244140624 2.0714758997517507e-07
1.1734000244140625 1.5188547648551342e-06
1.1744000244140624 9.457260806391605e-07
1.1754000244140625 9.159108908536355e-07
1.1764000244140624 1.3871489686865342e-06
1.1774000244140626 9.214629975611507e-07
1.1784000244140624 1.3636738882296718e-07
1.1794000244140626 4.829581466695871e-07
1.1804000244140624 5.375953567037507e-07
1.1814000244140626 2.847089504581976e-09
1.1824000244140624 9.410170018335418e-08
1.1834000244140626 7.546513340241294e-07
1.1844000244140624 5.97211379022261e-07
1.1854000244140626 2.4143858569324657e-07
1.1864000244140624 1.3363359239851618e-06
1.1874000244140626 1.3665219520130624e-07
1.1884000244140625 7.468422398813701e-07
1.1894000244140626 2.542140459077503e-07
1.1904000244140625 6.333873040094141e-07
1.1914000244140626 3.0514201586142207e-07
1.1924000244140625 5.418140048970565e-07
1.1934000244140626 9.593189932220181e-08
1.1944000244140625 2.342062670074197e-07
1.1954000244140626 5.190338766129894e-07
1.1964000244140625 4.7199002661801405e-08
1.1974000244140626 1.7054006673242192e-07
1.1984000244140625 3.155662558817557e-07
1.1994000244140626 6.843303907665405e-07
1.2004000244140625 7.805268100171107e-08
1.2014000244140626 3.251461319708105e-07
1.2024000244140625 2.834461280325879e-07
1.2034000244140626 1.46408412469313e-07
1.2044000244140625 2.154820442823765e-07
1.2054000244140626 7.215468575681988e-07
1.2064000244140625 6.047604689230736e-07
1.2074000244140626 4.425937870900957e-07
1.2084000244140625 3.3374832236893926e-07
1.2094000244140626 7.529482666004601e-07
1.2104000244140625 1.8077738918670127e-07
1.2114000244140626 6.868334862306189e-07
1.2124000244140625 1.7011924118879167e-07
1.2134000244140626 8.258873310411963e-07
1.2144000244140625 9.205164735462073e-08
1.2154000244140626 4.042480305229263e-11
1.2164000244140625 4.1137269747096514e-11
1.2174000244140626 3.840393395240739e-07
1.2184000244140625 8.32069183787062e-07
1.2194000244140626 3.603807038292395e-08
1.2204000244140625 2.4516417114547457e-07
1.2214000244140626 3.9879881282075336e-07
1.2224000244140625 4.376309601078035e-07
1.2234000244140626 3.84612585517692e-07
1.2244000244140625 4.802598451002616e-07
1.2254000244140626 2.280329091303648e-07
1.2264000244140625 7.003084457999886e-07
1.2274000244140626 3.707169889387221e-07
1.2284000244140625 9.736165261542459e-07
1.2294000244140626 4.382955142347567e-11
1.2304000244140625 4.375891381257038e-11
1.2314000244140626 5.759351677291271e-07
1.2324000244140625 3.5339138304284044e-07
1.2334000244140626 6.111184909269514e-08
1.2344000244140625 1.2535797572072294e-07
1.2354000244140626 4.3869640746925764e-11
1.2364000244140625 5.341939264200374e-07
1.2374000244140626 1.15660791076354e-06
1.2384000244140625 4.3922180461682225e-11
1.2394000244140626 3.6333951619254017e-09
1.2404000244140625 4.6215019373636884e-08
1.2414000244140626 6.275009806695123e-07
1.2424000244140625 9.068808139287196e-07
1.2434000244140626 6.3580020130364e-08
1.2444000244140625 5.441462326670929e-07
1.2454000244140624 6.29274628810681e-07
1.2464000244140625 4.4078621302123954e-11
1.2474000244140624 4.427292097893643e-07
1.2484000244140625 5.071229173288654e-08
1.2494000244140624 2.1785231388405152e-07
1.2504000244140625 1.1266280424235283e-06
1.2514000244140624 1.2728774590083293e-06
1.2524000244140625 7.201953506136839e-07
1.2534000244140624 1.311561514224901e-07
1.2544000244140625 5.74154909139234e-07
1.2554000244140624 2.2470940037794687e-07
1.2564000244140625 5.705033756863586e-07
1.2574000244140624 4.419856536005579e-11
1.2584000244140625 3.975003262750715e-07
1.2594000244140624 7.450412353899885e-07
1.2604000244140625 4.252667079379027e-07
1.2614000244140624 9.254328945372215e-07
1.2624000244140625 1.8335005933187136e-07
1.2634000244140624 1.1902651811800884e-06
1.2644000244140625 1.105466037186298e-06
1.2654000244140624 1.8945140621932082e-07
1.2664000244140625 8.338017565522376e-07
1.2674000244140624 4.454501838609379e-11
1.2684000244140625 2.2335238711747582e-07
1.2694000244140624 8.210837541765276e-07
1.2704000244140625 6.041956039724027e-08
1.2714000244140624 5.797227994751485e-08
1.2724000244140625 4.444650312350628e-11
1.2734000244140624 7.651129169040376e-07
1.2744000244140625 1.7565837500741742e-07
1.2754000244140624 6.13228452736346e-07
1.2764000244140625 1.8608230665901232e-07
1.2774000244140624 3.90702000506138e-07
1.2784000244140625 6.837161837068211e-07
1.2794000244140624 5.234343259367313e-07
1.2804000244140625 2.253059728437728e-07
1.2814000244140624 1.2936515511878348e-06
1.2824000244140625 4.4556388321592605e-11
1.2834000244140624 7.854615606221166e-07
1.2844000244140625 1.251637021133258e-06
1.2854000244140624 3.5479900500916613e-07
1.2864000244140625 1.5481365701592123e-07
1.2874000244140624 3.9357613167933684e-07
1.2884000244140625 1.2008332599474661e-06
1.2894000244140624 2.8949173302500914e-07
1.2904000244140625 1.1169248020082832e-06
1.2914000244140624 7.565565395897155e-07
1.2924000244140625 4.681346985369207e-07
1.2934000244140624 5.983418559061441e-08
1.2944000244140625 9.165867340345273e-07
1.2954000244140624 9.391417890753734e-08
1.2964000244140625 6.279796927976061e-07
1.2974000244140624 7.213948060512805e-07
1.2984000244140625 3.908623063903282e-07
1.2994000244140624 5.245168843323531e-07
1.3004000244140625 2.6006120009786727e-07
1.3014000244140624 9.923378792017165e-07
1.3024000244140626 8.898198815161143e-07
1.3034000244140624 4.748472484990246e-07
1.3044000244140626 4.4431911690114805e-07
1.3054000244140624 7.099169935601823e-07
1.3064000244140626 1.0332238764834253e-06
1.3074000244140624 2.8206955912247686e-07
1.3084000244140626 1.012700183511029e-06
1.3094000244140624 5.591870778468008e-07
1.3104000244140626 3.424646450524624e-07
1.3114000244140624 4.491990138151064e-11
1.3124000244140626 2.8213877263838867e-07
1.3134000244140625 5.770414570948965e-07
1.3144000244140626 1.3823485303887557e-07
1.3154000244140625 6.430022518480669e-07
1.3164000244140626 2.422332882925947e-07
1.3174000244140625 1.0305910082120432e-06
1.3184000244140626 8.011063146156767e-07
1.3194000244140625 1.0008199673573456e-07
1.3204000244140626 4.804829732100971e-07
1.3214000244140625 1.9388193248721196e-07
1.3224000244140626 6.136875601058415e-07
1.3234000244140625 4.497247757854352e-07
1.3244000244140626 4.2644319159249977e-08
1.3254000244140625 1.5995603381282436e-09
1.3264000244140626 1.9059198593854977e-08
1.3274000244140625 2.732789197810007e-07
1.3284000244140626 2.1300086111320587e-08
1.3294000244140625 1.0202079454578494e-06
1.3304000244140626 7.509993468250389e-07
1.3314000244140625 8.471495962267756e-07
1.3324000244140626 5.896810025550602e-07
1.3334000244140625 4.78277159453872e-07
1.3344000244140626 2.499888842651673e-07
1.3354000244140625 8.692623508175854e-09
1.3364000244140626 8.817367816811801e-07
1.3374000244140625 7.742742389751093e-07
1.3384000244140626 2.57908570386609e-07
1.3394000244140625 1.1437792186977489e-06
1.3404000244140626 6.482542066837865e-08
1.3414000244140625 1.9427357170705492e-07
1.3424000244140626 3.1857073439363134e-07
1.3434000244140625 3.116949767497343e-07
1.3444000244140626 7.371777095722817e-07
1.3454000244140625 4.193630674715153e-07
1.3464000244140626 5.418833590331584e-07
1.3474000244140625 1.0652336889125552e-06
1.3484000244140626 1.4570464002993744e-06
1.3494000244140625 9.273871025657638e-07
1.3504000244140626 7.462118068838287e-07
1.3514000244140625 5.296574414403542e-07
1.3524000244140626 1.728709844787224e-07
1.3534000244140625 1.5130362960684876e-06
1.3544000244140626 4.640217955737336e-11
1.3554000244140625 1.2955924547941866e-06
1.3564000244140626 3.106747575713343e-07
1.3574000244140625 6.211950074987943e-07
1.3584000244140626 8.293778314802462e-07
1.3594000244140625 9.195801246235793e-07
1.3604000244140626 2.3580690601949408e-07
1.3614000244140625 8.12440643624067e-07
1.3624000244140626 2.0259869311397383e-06
1.3634000244140625 5.198277181610287e-07
1.3644000244140626 1.1848627780318503e-06
1.3654000244140625 3.087891948246024e-07
1.3664000244140626 1.4836271955175572e-06
1.3674000244140625 2.1216054474201437e-06
1.3684000244140626 4.5191809376010725e-07
1.3694000244140625 6.094055635859081e-07
1.3704000244140624 5.213125354384016e-07
1.3714000244140625 1.2627737471559286e-06
1.3724000244140624 5.208504762329937e-07
1.3734000244140625 2.569152393514383e-06
1.3744000244140624 9.542571663514134e-07
1.3754000244140625 1.6773540400745988e-06
1.3764000244140624 9.78536779297558e-07
1.3774000244140625 1.1246996468007572e-06
1.3784000244140624 1.6925972962082024e-06
1.3794000244140625 3.027561342282211e-07
1.3804000244140624 1.6288329467511182e-06
1.3814000244140625 3.458897568013676e-07
1.3824000244140624 1.943942533647341e-06
1.3834000244140625 7.220280576635021e-07
1.3844000244140624 2.2670120122199812e-07
1.3854000244140625 5.155500762593266e-07
1.3864000244140624 9.514023122988982e-07
1.3874000244140625 2.2811660758910043e-06
1.3884000244140624 1.1370123351774924e-06
1.3894000244140625 7.206053417392462e-07
1.3904000244140624 1.7075064488577154e-06
1.3914000244140625 1.1655879000386821e-06
1.3924000244140624 1.364935894382343e-07
1.3934000244140625 1.3032040630500983e-06
1.3944000244140624 4.1031135956085236e-07
1.3954000244140625 2.1355366150622926e-06
1.3964000244140624 1.2215890226030812e-06
1.3974000244140625 1.5449281301467976e-06
1.3984000244140624 6.09427534792996e-07
1.3994000244140625 9.229561680242732e-07
1.4004000244140624 5.157650005638898e-07
1.4014000244140625 6.724136871272898e-07
1.4024000244140624 5.401123842554843e-07
1.4034000244140625 1.5951313831965851e-06
1.4044000244140624 1.2689326746550857e-06
1.4054000244140625 1.1303932177407674e-06
1.4064000244140624 6.013397041374975e-07
1.4074000244140625 7.861973696346831e-07
1.4084000244140624 5.706414640276972e-07
1.4094000244140625 4.002778808655748e-09
1.4104000244140624 1.2665768820958558e-06
1.4114000244140625 6.087484017023134e-07
1.4124000244140624 1.0309248505568393e-06
1.4134000244140625 3.6657053921577357e-07
1.4144000244140624 1.3504642664127121e-06
1.4154000244140625 5.158353055796055e-07
1.4164000244140624 4.539693625923368e-07
1.4174000244140625 5.990428300753085e-07
1.4184000244140624 7.386303321578264e-07
1.4194000244140625 7.526307211406039e-07
1.4204000244140624 5.474681520092057e-07
1.4214000244140625 9.193934249522641e-07
1.4224000244140624 1.2444418529596255e-06
1.4234000244140625 1.4377404894170011e-06
1.4244000244140624 2.435955051869976e-07
1.4254000244140625 2.0771048272327395e-06
1.4264000244140624 7.386647280135168e-07
1.4274000244140626 1.2866071032448689e-06
1.4284000244140624 1.0599484335575724e-06
1.4294000244140626 4.5375378721175064e-07
1.4304000244140624 1.0574142866778366e-06
1.4314000244140626 8.812154889234136e-07
1.4324000244140624 1.4881711117601053e-06
1.4334000244140626 7.841603058718533e-07
1.4344000244140624 8.105836859832146e-07
1.4354000244140626 9.851452447728732e-07
1.4364000244140624 7.55683031163247e-07
1.4374000244140626 8.67799276850835e-07
1.4384000244140625 1.483302515462252e-06
1.4394000244140626 7.225534912330998e-07
1.4404000244140625 1.1840281180473025e-06
1.4414000244140626 1.28914301813886e-06
1.4424000244140625 8.907144169894636e-07
1.4434000244140626 2.345611892454423e-06
1.4444000244140625 2.105320502034645e-06
1.4454000244140626 2.2346048567045027e-06
1.4464000244140625 1.4403306228888214e-06
1.4474000244140626 1.7968383785638948e-06
1.4484000244140625 2.0343996834312327e-06
1.4494000244140626 1.954854547116074e-06
1.4504000244140625 2.6187008472074322e-06
1.4514000244140626 2.4407482404218794e-06
1.4524000244140625 2.5992870422386956e-06
1.4534000244140626 2.9314049632822834e-06
1.4544000244140625 2.278648726381469e-06
1.4554000244140626 3.2711469297524064e-06
1.4564000244140625 3.3144451425802955e-06
1.4574000244140626 3.822415317462384e-06
1.4584000244140625 3.951060547458189e-06
1.4594000244140626 3.877824085245815e-06
1.4604000244140625 5.459670961717386e-06
1.4614000244140626 5.608524974156178e-06
1.4624000244140625 6.164794647098098e-06
1.4634000244140626 7.436816007746599e-06
1.4644000244140625 7.745808860394644e-06
1.4654000244140626 8.875150609972375e-06
1.4664000244140625 1.1629752199702519e-05
1.4674000244140626 1.0864344304795223e-05
1.4684000244140625 1.353793123860664e-05
1.4694000244140626 1.5111993223818175e-05
1.4704000244140625 1.5995855639197592e-05
1.4714000244140626 2.0645141391038156e-05
1.4724000244140625 2.2929991891160454e-05
1.4734000244140626 2.5473058193561178e-05
1.4744000244140625 2.8853403824624134e-05
1.4754000244140626 3.3305312260174444e-05
1.4764000244140625 3.631285903806521e-05
1.4774000244140626 4.195817341916322e-05
1.4784000244140625 4.585229306767095e-05
1.4794000244140626 5.3534316463620906e-05
1.4804000244140625 5.877709674720049e-05
1.4814000244140626 6.444059451860279e-05
1.4824000244140625 7.476923518140682e-05
1.4834000244140626 8.110360356250771e-05
1.4844000244140625 9.208599710183977e-05
1.4854000244140626 0.00010260147797176301
1.4864000244140625 0.00011569796594952649
1.4874000244140626 0.00013071661110676425
1.4884000244140625 0.00014435148461954962
1.4894000244140626 0.00016623059441240418
1.4904000244140625 0.00018940965837223718
1.4914000244140626 0.00021482609210018617
1.4924000244140625 0.00024606246394769354
1.4934000244140626 0.000278272936740202
1.4944000244140625 0.00032877162909928525
1.4954000244140624 0.000363964784541637
1.4964000244140625 0.00042518965102041767
1.4974000244140624 0.0004940866537746082
1.4984000244140625 0.0005823130502135608
1.4994000244140624 0.0006714950906309794
1.5004000244140625 0.0007963120692955612
1.5014000244140624 0.0009258094208144267
1.5024000244140625 0.0010785504520214846
1.5034000244140624 0.0012681547192736615
1.5044000244140625 0.0014763884618592977
1.5054000244140624 0.0017579206842213261
1.5064000244140625 0.002066572598672984
1.5074000244140624 0.002445592827924781
1.5084000244140625 0.002823593174871222
1.5094000244140624 0.0033025255757742566
1.5104000244140625 0.0038538255927800464
1.5114000244140624 0.0046042806022170086
1.5124000244140625 0.0052361223113459605
1.5134000244140624 0.006241362211195725
1.5144000244140625 0.0069888166126867235
1.5154000244140624 0.00839709988359997
1.5164000244140625 0.009790642255335004
1.5174000244140624 0.011356718692798591
1.5184000244140625 0.013181269907617012
1.5194000244140624 0.014783698070980601
1.5204000244140625 0.016364410665695623
1.5214000244140624 0.017955837501788925
1.5224000244140625 0.020011847420777423
1.5234000244140624 0.022180621854671186
1.5244000244140625 0.024042644891766947
1.5254000244140624 0.027628780647348618
1.5264000244140625 0.030481705909658364
1.5274000244140624 0.034214763309952746
1.5284000244140625 0.03906751591059515
1.5294000244140624 0.04412816040366723
1.5304000244140625 0.05052985101414892
1.5314000244140624 0.05737918517790084
1.5324000244140625 0.06578486949941087
1.5334000244140624 0.07625680912915303
1.5344000244140625 0.08660324779478454
1.5354000244140624 0.10278832076527133
1.5364000244140625 0.11688438420103633
1.5374000244140624 0.13248543936613158
1.5384000244140625 0.16035130026991015
1.5394000244140624 0.18192425155594064
1.5404000244140625 0.20837145040730376
1.5414000244140624 0.23829829215035447
1.5424000244140625 0.26847954228599624
1.5434000244140624 0.2972714946122018
1.5444000244140625 0.3272560224496167
1.5454000244140624 0.36000425611959175
1.5464000244140625 0.3813397901723031
1.5474000244140624 0.4029112226375351
1.5484000244140625 0.4218622682002022
1.5494000244140624 0.4329188017732838
1.5504000244140625 0.44117456787929904
1.5514000244140624 0.44744567716815803
1.5524000244140626 0.45295021889042325
1.5534000244140624 0.45710178709173116
1.5544000244140626 0.4594407249077053
1.5554000244140624 0.4674477191502992
1.5564000244140626 0.46463365517175176
1.5574000244140624 0.466834996575211
1.5584000244140626 0.46073582773063093
1.5594000244140624 0.47523056254188395
1.5604000244140626 0.4696370873366867
1.5614000244140624 0.47236429692566234
1.5624000244140626 0.4786570372685083
1.5634000244140625 0.4854695535991428
1.5644000244140626 0.47381484619506414
1.5654000244140625 0.4790032665886599
1.5664000244140626 0.47729549760351087
1.5674000244140625 0.4845761145016092
1.5684000244140626 0.47767556793432064
1.5694000244140625 0.48075339192425737
1.5704000244140626 0.48070801910688266
1.5714000244140625 0.48367206259354195
1.5724000244140626 0.4837652575073321
1.5734000244140625 0.4740949138847477
1.5744000244140626 0.483443754868153
1.5754000244140625 0.4929025466169995
1.5764000244140626 0.4846239121006511
1.5774000244140625 0.48438366234393365
1.5784000244140626 0.48191033911767234
1.5794000244140625 0.4799584328723959
1.5804000244140626 0.5023653736073498
1.5814000244140625 0.48350583145577686
1.5824000244140626 0.498306848346893
1.5834000244140625 0.4892305415448982
1.5844000244140626 0.48587517555352766
1.5854000244140625 0.49755599576436244
1.5864000244140626 0.4896657706219442
1.5874000244140625 0.49223642777642096
1.5884000244140626 0.4861893654516185
1.5894000244140625 0.48850027353473213
1.5904000244140626 0.490293018544751
1.5914000244140625 0.4900243605797966
1.5924000244140626 0.4856741802853674
1.5934000244140625 0.4898335166180056
1.5944000244140626 0.4837185282735801
1.5954000244140625 0.48686451091872485
1.5964000244140626 0.4853318383661041
1.5974000244140625 0.4875460091906725
1.5984000244140626 0.48167436137340564
1.5994000244140625 0.48447892005459153
1.6004000244140626 0.4828288784661467
1.6014000244140625 0.4862784222088446
1.6024000244140626 0.48676544765059515
1.6034000244140625 0.4854450626089272
1.6044000244140626 0.4883512000764849
1.6054000244140625 0.4903975252793655
1.6064000244140626 0.48029450045791855
1.6074000244140625 0.4790328416440681
1.6084000244140626 0.4854455741250496
1.6094000244140625 0.48693508894837584
1.6104000244140626 0.48195919392248415
1.6114000244140625 0.4835519205700287
1.6124000244140626 0.48011271170156194
1.6134000244140625 0.47783441367097174
1.6144000244140626 0.47740598364190906
1.6154000244140625 0.48921328722120344
1.6164000244140626 0.4751956683921582
1.6174000244140625 0.4851356769376652
1.6184000244140626 0.4745318738741743
1.6194000244140625 0.4804785304032102
1.6204000244140624 0.4854613297297545
1.6214000244140625 0.4823163080458427
1.6224000244140624 0.4801412285285169
1.6234000244140625 0.4846014753757941
1.6244000244140624 0.4828848182265123
1.6254000244140625 0.4750243723097297
1.6264000244140624 0.5006923246587016
1.6274000244140625 0.48537680204538375
1.6284000244140624 0.490814171075087
1.6294000244140625 0.490936618646002
1.6304000244140624 0.4911579286508469
1.6314000244140625 0.4889472852995129
1.6324000244140624 0.4929641484857924
1.6334000244140625 0.4931333227186716
1.6344000244140624 0.48715539266629887
1.6354000244140625 0.5010475514096925
1.6364000244140624 0.5011744247703313
1.6374000244140625 0.4917766545701923
1.6384000244140624 0.49500343216507386
1.6394000244140625 0.49895346279721936
1.6404000244140624 0.49782850384588156
1.6414000244140625 0.4984301978143436
1.6424000244140624 0.5016321170141743
1.6434000244140625 0.49454513201451994
1.6444000244140624 0.49966890032803635
1.6454000244140625 0.49963155607200815
1.6464000244140624 0.49339067356846456
1.6474000244140625 0.4974210345544633
1.6484000244140624 0.5018809595071442
1.6494000244140625 0.49945461822433596
1.6504000244140624 0.5006396233674214
1.6514000244140625 0.5079652781409104
1.6524000244140624 0.49442841665053716
1.6534000244140625 0.4966596598742058
1.6544000244140624 0.4989379868974602
1.6554000244140625 0.49926577851723347
1.6564000244140624 0.4956085218306869
1.6574000244140625 0.5002069427635731
1.6584000244140624 0.48923805446009516
1.6594000244140625 0.500188697144482
1.6604000244140624 0.499748824948489
1.6614000244140625 0.492497409886413
1.6624000244140624 0.4946587287530398
1.6634000244140625 0.49010170115431073
1.6644000244140624 0.49331144147482825
1.6654000244140625 0.48672508340179127
1.6664000244140624 0.488789101987768
1.6674000244140625 0.492401506591937
1.6684000244140624 0.48842699111442817
1.6694000244140625 0.4853590226024475
1.6704000244140624 0.485162769633874
1.6714000244140625 0.48301732633258776
1.6724000244140624 0.4788561889632713
1.6734000244140625 0.4871537395098176
1.6744000244140624 0.48724739260528727
1.6754000244140625 0.48914460772662716
1.6764000244140624 0.49554166041168796
1.6774000244140626 0.4835601653018331
1.6784000244140624 0.4929188261254161
1.6794000244140626 0.4969190681586624
1.6804000244140624 0.49886652822358735
1.6814000244140626 0.4909436565651673
1.6824000244140624 0.4936550108580592
1.6834000244140626 0.5071402202566551
1.6844000244140624 0.5013855001405261
1.6854000244140626 0.5040340275937923
1.6864000244140624 0.49747649533623967
1.6874000244140626 0.5048555176608501
1.6884000244140625 0.503072043543119
1.6894000244140626 0.49827431858981647
1.6904000244140625 0.4943263352034331
1.6914000244140626 0.5040106494267879
1.6924000244140625 0.5042123849765372
1.6934000244140626 0.5018477361512811
1.6944000244140625 0.4929016838576555
1.6954000244140626 0.5077037442357428
1.6964000244140625 0.4931340685859208
1.6974000244140626 0.49284000190070826
1.6984000244140625 0.493571010508249
1.6994000244140626 0.48253917567239546
1.7004000244140625 0.48238192365069715
1.7014000244140626 0.47930076322914233
1.7024000244140625 0.467263579328927
1.7034000244140626 0.45805983144555
1.7044000244140625 0.4455457710270407
1.7054000244140626 0.43437121061676137
1.7064000244140625 0.41787420998506164
1.7074000244140626 0.4035426602982941
1.7084000244140625 0.3797897925334359
1.7094000244140626 0.3534909701346613
1.7104000244140625 0.3302521198753541
1.7114000244140626 0.30545951548921413
1.7124000244140625 0.27066824995327937
1.7134000244140626 0.2623636487945192
1.7144000244140625 0.22787373044360212
1.7154000244140626 0.2046310290037685
1.7164000244140625 0.18249308672657083
1.7174000244140626 0.16117815479891603
1.7184000244140625 0.14081228248431052
1.7194000244140626 0.12741214318000085
1.7204000244140625 0.1124825331445865
1.7214000244140626 0.09928634886898259
1.7224000244140625 0.0871428782490357
1.7234000244140626 0.07777276819899823
1.7244000244140625 0.06885675128624723
1.7254000244140626 0.05966855897554348
1.7264000244140625 0.05574886711426097
1.7274000244140626 0.04960512994746621
1.7284000244140625 0.04473160645391624
1.7294000244140626 0.03989048374176515
1.7304000244140625 0.037308504820407505
1.7314000244140626 0.033122914170833705
1.7324000244140625 0.02981181670050863
1.7334000244140626 0.02615805395169623
1.7344000244140625 0.022349179213023894
1.7354000244140626 0.01908227909200718
1.7364000244140625 0.016407942517272518
1.7374000244140626 0.01358441158063349
1.7384000244140625 0.012197098315791985
1.7394000244140626 0.010288957402894993
1.7404000244140625 0.009026242044172536
1.7414000244140626 0.007580092935692493
1.7424000244140625 0.006609526020121408
1.7434000244140626 0.005673222714530362
1.7444000244140625 0.004757282512148828
1.7454000244140624 0.0041813658192393485
1.7464000244140625 0.0037022331991557315
1.7474000244140624 0.00327690883610023
1.7484000244140625 0.0028222189770676152
1.7494000244140624 0.0024801059827427485
1.7504000244140625 0.002163521643744532
1.7514000244140624 0.0019196802090182112
1.7524000244140625 0.0016876698325572063
1.7534000244140624 0.0014804377253251168
1.7544000244140625 0.001350248203022276
1.7554000244140624 0.0011650775810960975
1.7564000244140625 0.0010399216142599312
1.7574000244140624 0.0009564041176375893
1.7584000244140625 0.0008535763776072891
1.7594000244140624 0.0007705022601199672
1.7604000244140625 0.0006769795008209551
1.7614000244140624 0.0006183239307700491
1.7624000244140625 0.0005524294996454569
1.7634000244140624 0.0004949282414007662
1.7644000244140625 0.00045004677254414086
1.7654000244140624 0.00041888684329139867
1.7664000244140625 0.0003837431017981963
1.7674000244140624 0.0003471333700704266
1.7684000244140625 0.00031659023129346995
1.7694000244140624 0.00028978723657213635
1.7704000244140625 0.0002599763406510977
1.7714000244140624 0.00024134664713814277
1.7724000244140625 0.00022648795343099183
1.7734000244140624 0.00020446615482353842
1.7744000244140625 0.0001938071817507856
1.7754000244140624 0.00016937351067280434
1.7764000244140625 0.0001659168382589005
1.7774000244140624 0.00014601595646957145
1.7784000244140625 0.00013735883500706788
1.7794000244140624 0.0001289259050265482
1.7804000244140625 0.00011727889931671735
1.7814000244140624 0.00011294437684556499
1.7824000244140625 0.00010187911685492628
1.7834000244140624 9.470085638838315e-05
1.7844000244140625 8.734857525840515e-05
1.7854000244140624 8.101446655469705e-05
1.7864000244140625 7.878972697588987e-05
1.7874000244140624 7.008759647766957e-05
1.7884000244140625 6.556524448617152e-05
1.7894000244140624 6.054378598520849e-05
1.7904000244140625 5.865162532730228e-05
1.7914000244140624 5.176348170694069e-05
1.7924000244140625 5.1049151942569324e-05
1.7934000244140624 4.8346525739714276e-05
1.7944000244140625 4.2778626260697885e-05
1.7954000244140624 3.936764224852317e-05
1.7964000244140625 3.857825707482282e-05
1.7974000244140624 3.639889121980645e-05
1.7984000244140625 3.396091660740944e-05
1.7994000244140624 3.108441276627533e-05
1.8004000244140625 3.0231854068363286e-05
1.8014000244140624 2.9852920996626926e-05
1.8024000244140626 2.618306689531344e-05
1.8034000244140624 2.231967508965866e-05
1.8044000244140626 2.521225998129925e-05
1.8054000244140624 2.218670616089036e-05
1.8064000244140626 1.7595365943054498e-05
1.8074000244140624 2.2302995047559422e-05
1.8084000244140626 2.278732649325128e-05
1.8094000244140624 1.7821374389030676e-05
1.8104000244140626 1.763335967334275e-05
1.8114000244140624 1.7049302206706504e-05
1.8124000244140626 1.6992507259245553e-05
1.8134000244140625 1.4829829047824062e-05
1.8144000244140626 1.456171571049029e-05
1.8154000244140625 1.6162961555214892e-05
1.8164000244140626 1.171742464148728e-05
1.8174000244140625 1.6449159178507978e-05
1.8184000244140626 1.2821066658642513e-05
1.8194000244140625 9.864784391917842e-06
1.8204000244140626 1.0753238481874856e-05
1.8214000244140625 1.3721012115708206e-05
1.8224000244140626 9.000114078395348e-06
1.8234000244140625 1.1362898021934574e-05
1.8244000244140626 1.2674168427342475e-05
1.8254000244140625 9.234159932726064e-06
1.8264000244140626 7.902988504228348e-06
1.8274000244140625 9.330999313617003e-06
1.8284000244140626 1.162340192292105e-05
1.8294000244140625 8.9671699037996e-06
1.8304000244140626 5.538051954506127e-06
1.8314000244140625 1.018193180552485e-05
1.8324000244140626 1.2998201237571815e-05
1.8334000244140625 8.540058039686951e-06
1.8344000244140626 3.862505281098045e-06
1.8354000244140625 1.1067315699176361e-05
1.8364000244140626 7.5656369651526355e-06
1.8374000244140625 6.694575403354622e-06
1.8384000244140626 1.1601100496749207e-05
1.8394000244140625 9.10798972332816e-06
1.8404000244140626 9.942537991744038e-06
1.8414000244140625 5.770816726447357e-06
1.8424000244140626 1.2950893350726739e-05
1.8434000244140625 6.726763823756972e-06
1.8444000244140626 7.3339971564590765e-06
1.8454000244140625 1.2701511476851142e-05
1.8464000244140626 2.1226681468261073e-06
1.8474000244140625 9.041956109517796e-06
1.8484000244140626 8.820325020184776e-06
1.8494000244140625 6.565915980580787e-06
1.8504000244140626 4.495884477271536e-06
1.8514000244140625 5.702485446504813e-06
1.8524000244140626 9.057989603532717e-06
1.8534000244140625 6.19326538757532e-06
1.8544000244140626 2.655060269241478e-06
1.8554000244140625 5.538639821415829e-06
1.8564000244140626 8.439717467578851e-06
1.8574000244140625 6.720540223721996e-06
1.8584000244140626 3.1717269848564444e-06
1.8594000244140625 1.0144128683001539e-05
1.8604000244140626 8.26968109775506e-06
1.8614000244140625 4.613907583864171e-06
1.8624000244140626 8.079281248779872e-06
1.8634000244140625 7.085522520337247e-06
1.8644000244140626 5.134481106604558e-06
1.8654000244140625 4.403054988978633e-06
1.8664000244140626 9.171315418384334e-06
1.8674000244140625 7.603283639675648e-06
1.8684000244140626 4.625503043061656e-06
1.8694000244140625 9.157021918211931e-06
1.8704000244140624 6.875391593500359e-06
1.8714000244140625 6.008659368676452e-06
1.8724000244140624 8.284709085671706e-06
1.8734000244140625 4.161316315984562e-06
1.8744000244140624 6.776119547116333e-06
1.8754000244140625 9.129647170830813e-06
1.8764000244140624 6.423738906472839e-06
1.8774000244140625 8.34689462000764e-06
1.8784000244140624 8.660415350119768e-06
1.8794000244140625 3.2979303105948004e-06
1.8804000244140624 6.148023018421077e-06
1.8814000244140625 4.970561037752218e-06
1.8824000244140624 2.4450039572454695e-06
1.8834000244140625 5.26058362856187e-06
1.8844000244140624 5.447922746272615e-06
1.8854000244140625 1.7457929206798924e-06
1.8864000244140624 3.8127411689118566e-06
1.8874000244140625 5.777569433511737e-06
1.8884000244140624 1.6726261069467776e-06
1.8894000244140625 3.4552491621088905e-06
1.8904000244140624 7.51477275101522e-06
1.8914000244140625 5.681630735956746e-06
1.8924000244140624 1.5440880395931781e-06
1.8934000244140625 4.1254815756603404e-06
1.8944000244140624 7.226584174322305e-06
1.8954000244140625 7.028495711724203e-06
1.8964000244140624 6.167046448557869e-06
1.8974000244140625 1.17685417773608e-07
1.8984000244140624 2.8472028882949732e-06
1.8994000244140625 8.780209738086783e-06
1.9004000244140624 4.959551130323762e-06
1.9014000244140625 5.385006345151197e-06
1.9024000244140624 2.3910090124397386e-06
1.9034000244140625 5.288606291305067e-06
1.9044000244140624 4.997693428331436e-06
1.9054000244140625 5.62189980451451e-06
1.9064000244140624 7.236641283838851e-06
1.9074000244140625 3.7433513150445752e-06
1.9084000244140624 6.540297605235485e-06
1.9094000244140625 2.3727871021876987e-06
1.9104000244140624 1.2872062555988186e-07
1.9114000244140625 1.3939752493353256e-05
1.9124000244140624 8.689164191206208e-07
1.9134000244140625 3.8015002693064074e-06
1.9144000244140624 3.944476810440818e-06
1.9154000244140625 7.821544180529015e-06
1.9164000244140624 2.0769978003455397e-06
1.9174000244140625 6.360783158310222e-06
1.9184000244140624 4.870446952057029e-06
1.9194000244140625 4.529354985824231e-06
1.9204000244140624 5.00290855471403e-06
1.9214000244140625 4.354396124702209e-06
1.9224000244140624 6.025631916234907e-06
1.9234000244140625 5.1081225384116695e-06
1.9244000244140624 3.351389135500583e-06
1.9254000244140625 2.7815385288171204e-06
1.9264000244140624 1.6549187945288524e-07
1.9274000244140626 1.4556304217497898e-06
1.9284000244140624 4.712123979171785e-06
1.9294000244140626 7.755382456698209e-07
1.9304000244140624 5.3642991782266514e-06
1.9314000244140626 3.0800091562311514e-06
1.9324000244140624 2.491850397068103e-06
1.9334000244140626 4.573493618431112e-06
1.9344000244140624 1.3380201420263266e-06
1.9354000244140626 4.831132572297792e-06
1.9364000244140624 2.0318082827243076e-06
1.9374000244140626 9.89109698484689e-07
1.9384000244140625 3.457076862739156e-06
1.9394000244140626 5.2011848413006333e-11
1.9404000244140625 3.7543051974988176e-06
1.9414000244140626 6.912527647963903e-06
1.9424000244140625 1.0844439529173132e-07
1.9434000244140626 7.22899205934684e-07
1.9444000244140625 5.092978472481459e-06
1.9454000244140626 3.341435187288869e-06
1.9464000244140625 1.5446134589229185e-06
1.9474000244140626 3.561937518349211e-06
1.9484000244140625 2.7926359395057365e-06
1.9494000244140626 1.4292978434147094e-06
1.9504000244140625 2.5202163687265845e-06
1.9514000244140626 5.3882602758012395e-06
1.9524000244140625 1.0261419422699603e-06
1.9534000244140626 4.8303637799277174e-06
1.9544000244140625 2.705407159080133e-06
1.9554000244140626 2.527022184600489e-07
1.9564000244140625 6.44716434255368e-06
1.9574000244140626 2.0164528469777423e-06
1.9584000244140625 4.484893816223762e-08
1.9594000244140626 2.283640782654355e-06
1.9604000244140625 3.438191080643537e-06
1.9614000244140626 5.26353784504846e-11
1.9624000244140625 4.85868952892705e-06
1.9634000244140626 3.3170750059901593e-06
1.9644000244140625 5.2623249980586966e-11
1.9654000244140626 6.651772379504418e-07
1.9664000244140625 5.265832655559917e-11
1.9674000244140626 4.954940167702213e-06
1.9684000244140625 2.394265895511504e-07
1.9694000244140626 5.5636735680356775e-06
1.9704000244140625 5.263957839651242e-11
1.9714000244140626 9.358073201438955e-06
1.9724000244140625 6.229515846265579e-06
1.9734000244140626 5.259655212408192e-11
1.9744000244140625 3.3118835773450585e-07
1.9754000244140626 4.6185727690346133e-07
1.9764000244140625 2.549779785456872e-06
1.9774000244140626 8.05665816683119e-06
1.9784000244140625 4.613183898945539e-06
1.9794000244140626 3.996401075024659e-06
1.9804000244140625 1.8464855553990019e-06
1.9814000244140626 1.3830566800578254e-07
1.9824000244140625 2.983050183944761e-06
1.9834000244140626 8.567785117366035e-07
1.9844000244140625 5.287212301674593e-11
1.9854000244140626 4.286776425467211e-06
1.9864000244140625 3.773140327219872e-06
1.9874000244140626 5.3027445191286475e-11
1.9884000244140625 4.957451987299234e-06
1.9894000244140626 6.364833405037221e-06
1.9904000244140625 6.367249136160359e-06
1.9914000244140626 5.29717055239866e-11
1.9924000244140625 5.941740167066652e-06
1.9934000244140626 5.290393232413013e-11
1.9944000244140625 4.293674336306721e-06
1.9954000244140624 3.017289472616693e-06
1.9964000244140625 4.2367032343202994e-07
1.9974000244140624 2.8371726259482837e-06
1.9984000244140625 5.07784509082562e-06
1.9994000244140624 1.6375813237240644e-06
2.0004000244140623 3.5886160143817164e-06
2.0014000244140626 1.3300763706637696e-06
2.0024000244140625 2.5360546075426423e-06
2.0034000244140624 4.57717623283496e-06
2.0044000244140623 4.057210178547373e-06
2.0054000244140626 2.081810818313215e-06
2.0064000244140625 4.143023092185477e-06
2.0074000244140624 6.727764825644199e-06
2.0084000244140623 5.281316101591839e-11
2.0094000244140626 1.5748405759050863e-06
2.0104000244140625 1.4676103218840318e-06
2.0114000244140624 4.985872636142213e-06
2.0124000244140623 4.6053575278674836e-07
2.0134000244140626 1.6020782593854782e-06
2.0144000244140625 5.271119897217359e-11
2.0154000244140624 4.22697640129999e-06
2.0164000244140623 4.8930108239539204e-06
2.0174000244140626 1.5215893966581266e-06
2.0184000244140625 1.8308142715859625e-06
2.0194000244140624 8.886575039121005e-07
2.0204000244140623 5.251731460792921e-11
2.0214000244140626 3.853151634911891e-06
2.0224000244140625 4.236989660136578e-06
2.0234000244140624 1.0777422970253596e-06
2.0244000244140623 3.5724332883740175e-06
2.0254000244140626 5.575898148580045e-06
2.0264000244140625 3.1961920915444026e-08
2.0274000244140624 5.278227885349385e-06
2.0284000244140623 8.042921480584596e-06
2.0294000244140626 2.2484348018124955e-06
2.0304000244140625 7.587216414551708e-06
2.0314000244140624 1.7118320918808113e-06
2.0324000244140623 2.6975458671929927e-06
2.0334000244140626 5.2643549288406245e-11
2.0344000244140625 2.852640188726245e-06
2.0354000244140624 5.278561643436875e-07
2.0364000244140623 5.2566495886948785e-11
2.0374000244140626 7.479274089832879e-07
2.0384000244140625 5.356398331858385e-06
2.0394000244140624 2.835030796365231e-06
2.0404000244140623 6.526373228842551e-06
2.0414000244140627 6.009004670722909e-07
2.0424000244140625 2.0089370807875134e-06
2.0434000244140624 1.3477573895267896e-06
2.0444000244140623 4.543783725131771e-06
2.0454000244140627 1.0971358544815112e-06
2.0464000244140625 6.543917613550558e-06
2.0474000244140624 1.9280951752618117e-06
2.04839990234375 2.8433974602571917e-06
2.04939990234375 4.721151285363217e-06
2.05039990234375 1.0420988868272267e-06
2.05139990234375 1.1619696009103534e-06
2.05239990234375 3.595793387861535e-06
2.05339990234375 3.1250386075052714e-06
2.05439990234375 6.142746185676601e-06
2.05539990234375 3.4738222113916976e-06
2.05639990234375 5.222309816783023e-11
2.05739990234375 4.195780618910879e-06
2.05839990234375 5.2375756310483746e-11
2.05939990234375 3.4600428303817515e-06
2.06039990234375 7.261656205873525e-06
2.06139990234375 5.2330994951953907e-11
2.06239990234375 2.548499715738087e-06
2.06339990234375 3.0262416983013885e-06
2.06439990234375 9.043127698275911e-07
2.06539990234375 3.836262714707012e-06
2.06639990234375 9.315915026569744e-06
2.06739990234375 2.1940123221772833e-06
2.06839990234375 5.238245193670315e-11
2.06939990234375 7.349080320052243e-06
2.07039990234375 1.0872365432289541e-06
2.07139990234375 2.507779611541746e-06
2.07239990234375 1.8188084692045594e-07
2.07339990234375 5.558553105973054e-06
2.07439990234375 5.2950041802810056e-11
2.07539990234375 4.4894429988082525e-06
2.07639990234375 5.296946059754488e-11
2.07739990234375 4.370271080160371e-07
2.07839990234375 5.274636534360416e-11
2.07939990234375 4.9878204388637565e-06
2.08039990234375 2.9746392290698e-06
2.08139990234375 1.587924927057136e-06
2.08239990234375 1.8183445797833753e-06
2.08339990234375 5.325227069438712e-11
2.08439990234375 4.870799665348611e-06
2.08539990234375 1.873757444664505e-06
2.08639990234375 8.226102318300072e-06
2.08739990234375 6.169002879315599e-07
2.08839990234375 3.02734566193951e-06
2.08939990234375 2.3895842289750255e-06
2.09039990234375 8.370717450320959e-07
2.09139990234375 3.223487246333702e-06
2.09239990234375 3.921244455287327e-06
2.09339990234375 1.0788941259093177e-06
2.09439990234375 5.3073572638386374e-11
2.09539990234375 7.016225060120872e-06
2.09639990234375 5.299780715254698e-11
2.09739990234375 3.7955990302502603e-06
2.09839990234375 8.126081334086238e-06
2.09939990234375 5.314333588189251e-11
2.10039990234375 1.2692906964143397e-06
2.10139990234375 5.369307809564228e-06
2.10239990234375 1.0999817006476981e-07
2.10339990234375 8.75408128748038e-06
2.10439990234375 4.890412511028841e-07
2.10539990234375 4.551421041334095e-06
2.10639990234375 5.308883102134862e-11
2.10739990234375 4.909371575099379e-06
2.10839990234375 5.3130395048503716e-11
2.10939990234375 7.751809126795732e-06
2.11039990234375 5.436891830978882e-06
2.11139990234375 8.24227566288063e-06
2.11239990234375 5.300689565703447e-11
2.11339990234375 5.008946781027299e-07
2.11439990234375 1.3874402086313905e-05
2.11539990234375 5.30952245581224e-11
2.11639990234375 5.3098842584343145e-11
2.11739990234375 7.430259035553889e-07
2.11839990234375 9.528432242684302e-06
2.11939990234375 4.896139730338019e-06
2.12039990234375 4.709041487189284e-09
2.12139990234375 5.338010387582574e-11
2.12239990234375 9.952274468242417e-06
2.12339990234375 8.795274828307847e-06
2.12439990234375 1.423571298338653e-06
2.12539990234375 8.332805328260105e-07
2.12639990234375 6.586480717312533e-06
2.12739990234375 5.3438725459035886e-11
2.12839990234375 7.939684628463069e-07
2.12939990234375 2.8124894502798858e-06
2.13039990234375 4.687277070718055e-06
2.13139990234375 1.1519949543716524e-05
2.13239990234375 5.339589651987574e-11
2.13339990234375 1.3575366891759456e-06
2.13439990234375 1.8306917082568861e-06
2.13539990234375 1.6692212305983847e-06
2.13639990234375 5.312830752754664e-11
2.13739990234375 1.716012821002503e-05
2.13839990234375 1.002558069905309e-05
2.13939990234375 2.2107336836173686e-06
2.14039990234375 5.456179480936321e-06
2.14139990234375 1.0826093321249968e-05
2.14239990234375 8.830165180204082e-06
2.14339990234375 2.969298875302616e-07
2.14439990234375 5.250536802687645e-11
2.14539990234375 1.0652765181142783e-05
2.14639990234375 8.389016697535514e-06
2.14739990234375 5.8696829525937225e-06
2.14839990234375 4.0165710733894436e-07
2.14939990234375 2.415158553310518e-06
2.15039990234375 5.247754970341688e-11
2.15139990234375 2.2533971956486e-06
2.15239990234375 6.956286730322334e-06
2.15339990234375 5.263878589019889e-06
2.15439990234375 2.5897500840881053e-05
2.15539990234375 5.213094615701582e-11
2.15639990234375 5.134745894586726e-07
2.15739990234375 6.353930329334058e-06
2.15839990234375 3.373370915479781e-06
2.15939990234375 5.5292073144149254e-06
2.16039990234375 5.859926988192934e-06
2.16139990234375 1.635767932107452e-06
2.16239990234375 9.70836952061155e-07
2.16339990234375 3.2010170748829995e-06
2.16439990234375 2.053619795059823e-06
2.16539990234375 1.0118507156083583e-05
2.16639990234375 5.1486149529378714e-11
2.16739990234375 7.773635213737643e-06
2.16839990234375 9.170832802638346e-07
2.16939990234375 5.754619395897707e-06
2.17039990234375 2.2096318207710678e-07
2.17139990234375 5.123548019817623e-11
2.17239990234375 1.5056423042267416e-06
2.17339990234375 1.0668230998344412e-05
2.17439990234375 7.942586735907141e-07
2.17539990234375 5.102117704377646e-11
2.17639990234375 4.483268802735573e-06
2.17739990234375 4.044219337723783e-06
2.17839990234375 4.829101387336541e-06
2.17939990234375 2.747491453899989e-06
2.18039990234375 3.3992341755466035e-06
2.18139990234375 1.3368395049202083e-06
2.18239990234375 4.933688405163738e-06
2.18339990234375 1.0964308037534659e-05
2.18439990234375 2.0870332307227653e-06
2.18539990234375 4.882987208642582e-11
2.18639990234375 1.747773541577779e-06
2.18739990234375 8.993214709358337e-06
2.18839990234375 7.937023913185031e-06
2.18939990234375 1.2443938923473673e-07
2.19039990234375 1.5976692260470539e-06
2.19139990234375 8.246572293852665e-07
2.19239990234375 4.695140679284877e-11
2.19339990234375 6.725215207325446e-06
2.19439990234375 4.261733851379907e-06
2.19539990234375 6.810477575582198e-06
2.19639990234375 7.77279940615442e-06
2.19739990234375 7.824033131389274e-06
2.19839990234375 4.499189747296862e-11
2.19939990234375 1.1178826542522376e-06
2.20039990234375 4.428969174019491e-11
2.20139990234375 7.035684566275053e-06
2.20239990234375 5.461484173787828e-06
2.20339990234375 8.33851105509855e-06
2.20439990234375 4.9250488985362e-06
2.20539990234375 2.064592764168938e-06
2.20639990234375 4.2201088900511455e-11
2.20739990234375 2.1127701282738987e-06
2.20839990234375 8.342069843320212e-06
2.20939990234375 8.614688978083677e-06
2.21039990234375 1.686731412812959e-07
2.21139990234375 1.4532308548923082e-06
2.21239990234375 1.043183810966176e-07
2.21339990234375 4.063779569084099e-06
2.21439990234375 4.105692486008742e-11
2.21539990234375 4.0997952202756755e-11
2.21639990234375 4.45088851887521e-06
2.21739990234375 4.4984776355928744e-07
2.21839990234375 8.680394620612277e-07
2.21939990234375 1.4880218713887848e-06
2.22039990234375 1.3250088417007863e-05
2.22139990234375 6.187112048389272e-06
2.22239990234375 2.698960957595347e-06
2.22339990234375 4.197037517929591e-11
2.22439990234375 4.2125604487085875e-11
2.22539990234375 2.7257664753685303e-06
2.22639990234375 1.1303062335191515e-05
2.22739990234375 7.786571990909672e-07
2.22839990234375 1.2442592731166556e-06
2.22939990234375 4.247664871500389e-11
2.23039990234375 7.801740660707376e-06
2.23139990234375 1.2450151857417162e-05
2.23239990234375 2.653883629026051e-07
2.23339990234375 4.278521520637341e-11
2.23439990234375 5.780166028738102e-06
2.23539990234375 2.3935922848747773e-06
2.23639990234375 4.3051276818060264e-11
2.23739990234375 2.4939281873436203e-06
2.23839990234375 1.5819400054550494e-05
2.23939990234375 1.5147999907061759e-05
2.24039990234375 4.3353389906470704e-11
2.24139990234375 1.450129745041069e-05
2.24239990234375 1.1067081309507756e-05
2.24339990234375 5.738212708714047e-06
2.24439990234375 4.329886440487374e-11
2.24539990234375 5.996283199198593e-06
2.24639990234375 1.2950657821544044e-05
2.24739990234375 3.079231472986914e-06
2.24839990234375 4.3393064522098867e-11
2.24939990234375 8.148716100998761e-06
2.25039990234375 6.9901112663511115e-06
2.25139990234375 3.4473040599586863e-06
2.25239990234375 9.035488800938377e-06
2.25339990234375 1.3983297083139554e-05
2.25439990234375 4.34493261345478e-11
2.25539990234375 1.3425710360285645e-05
2.25639990234375 1.7567102065423455e-05
2.25739990234375 1.5764452264015656e-06
2.25839990234375 7.196930185047922e-07
2.25939990234375 1.2545228865905105e-05
2.26039990234375 4.358194578882372e-11
2.26139990234375 1.566141504868557e-05
2.26239990234375 3.5060375989074965e-06
2.26339990234375 9.351674640727193e-06
2.26439990234375 1.531052428704483e-05
2.26539990234375 1.2482202334618388e-05
2.26639990234375 4.782541066756189e-06
2.26739990234375 2.3073305995297912e-06
2.26839990234375 2.1677019523296387e-05
2.26939990234375 4.416800477780704e-11
2.27039990234375 6.995846362750785e-06
2.27139990234375 5.410665451708038e-06
2.27239990234375 3.3556981144304957e-06
2.27339990234375 1.4336885096538333e-05
2.27439990234375 1.8273961160999958e-06
2.27539990234375 1.2420766867593774e-06
2.27639990234375 1.70856838690849e-05
2.27739990234375 1.9799566445209136e-05
2.27839990234375 4.876038789212179e-06
2.27939990234375 2.5721045992462915e-06
2.28039990234375 1.1977198347747166e-05
2.28139990234375 7.2289722284255614e-06
2.28239990234375 1.1508991720563955e-06
2.28339990234375 2.3083197824975628e-06
2.28439990234375 4.641238960367123e-11
2.28539990234375 1.0538503119773784e-06
2.28639990234375 1.3912027697252966e-06
2.28739990234375 2.1356765604163415e-06
2.28839990234375 1.0573913149934096e-06
2.28939990234375 5.149782782726268e-07
2.29039990234375 4.504179839972688e-06
2.29139990234375 8.774911141184251e-06
2.29239990234375 2.418748250502338e-06
2.29339990234375 4.855047945344146e-07
2.29439990234375 4.7265775420336086e-11
2.29539990234375 7.38616229647147e-06
2.29639990234375 1.3657997516295657e-06
2.29739990234375 2.7916494751769724e-06
2.29839990234375 3.5419621791145627e-06
2.29939990234375 6.528288173625598e-06
2.30039990234375 2.849129680873763e-06
2.30139990234375 5.347612822781889e-06
2.30239990234375 6.511773141850999e-06
2.30339990234375 1.9153112156629983e-06
2.30439990234375 9.501029012589723e-07
2.30539990234375 4.984316676517434e-07
2.30639990234375 2.1095577693227307e-06
2.30739990234375 4.053141186767962e-06
2.30839990234375 6.171428569498839e-06
2.30939990234375 3.9032816045233637e-07
2.31039990234375 7.013468983074645e-06
2.31139990234375 4.829995415948581e-06
2.31239990234375 2.7745321089619608e-06
2.31339990234375 4.605370198187022e-11
2.31439990234375 1.2297075005207107e-06
2.31539990234375 6.670861783861944e-06
2.31639990234375 3.760595389891757e-06
2.31739990234375 2.86950804993183e-06
2.31839990234375 4.327934865273192e-11
2.31939990234375 4.360206832179459e-06
2.32039990234375 5.828643279307752e-06
2.32139990234375 4.054812611874726e-11
2.32239990234375 2.431365425546504e-06
2.32339990234375 8.285860883963731e-07
2.32439990234375 6.261462555774269e-07
2.32539990234375 1.8405702503365917e-06
2.32639990234375 2.74268870250329e-06
2.32739990234375 2.1477284542039514e-06
2.32839990234375 1.490870683246424e-06
2.32939990234375 2.4080866603530774e-06
2.33039990234375 2.0919467159658835e-06
2.33139990234375 7.152411792462229e-07
2.33239990234375 2.7470588596963764e-07
2.33339990234375 2.1134071672597327e-06
2.33439990234375 1.4369333230453307e-06
2.33539990234375 3.6353812399527007e-07
2.33639990234375 6.301510426888749e-07
2.33739990234375 2.1989518731821924e-06
2.33839990234375 3.2770374499218047e-06
2.33939990234375 5.43695846991069e-07
2.34039990234375 2.10918703496002e-06
2.34139990234375 9.598683585808582e-07
2.34239990234375 2.328683254148011e-06
2.34339990234375 1.813779087437224e-11
2.34439990234375 1.5351565799803458e-06
2.34539990234375 1.2293659763038168e-06
2.34639990234375 5.871807043849955e-07
2.34739990234375 4.781948826977695e-08
2.34839990234375 1.4558539534175864e-06
2.34939990234375 2.2586381784605086e-06
2.35039990234375 1.4662067419142673e-06
2.35139990234375 5.950855589535477e-07
2.35239990234375 1.7765213760853594e-06
2.35339990234375 1.4022246813194654e-06
2.35439990234375 1.8529378255858404e-06
2.35539990234375 3.4441032939569867e-07
2.35639990234375 1.7996039702363138e-06
2.35739990234375 5.226730552553572e-07
2.35839990234375 1.5618754859771706e-06
2.35939990234375 5.976918455656531e-07
2.36039990234375 1.2139249535559235e-06
2.36139990234375 9.745276779672672e-07
2.36239990234375 1.21074224076335e-06
2.36339990234375 1.0883295163618816e-06
2.36439990234375 7.207365815313996e-07
2.36539990234375 9.237150828067989e-07
2.36639990234375 2.1673792702129056e-07
2.36739990234375 5.176150707229332e-07
2.36839990234375 2.7431010395456206e-07
2.36939990234375 2.420457802713717e-07
2.37039990234375 5.884851113266545e-07
2.37139990234375 1.8253999854835768e-07
2.37239990234375 6.188374391746882e-07
2.37339990234375 2.7870216299790054e-12
2.37439990234375 3.712153566754832e-07
2.37539990234375 1.8996968109867638e-07
2.37639990234375 2.3271888418713876e-07
2.37739990234375 3.1290678088473844e-07
2.37839990234375 2.3709867863557045e-07
2.37939990234375 3.874355856975754e-07
2.38039990234375 9.602704999434118e-08
2.38139990234375 2.5894384099421643e-07
2.38239990234375 1.4131426841078036e-07
2.38339990234375 7.909262984584523e-08
2.38439990234375 5.539322581327584e-08
2.38539990234375 2.8050914170422014e-07
2.38639990234375 1.5877817353646976e-07
2.38739990234375 8.669271460988314e-08
2.38839990234375 4.078024531064382e-08
2.38939990234375 7.232368889511327e-13
2.39039990234375 1.691606776815477e-08
2.39139990234375 4.02643172256057e-09
2.39239990234375 8.991345306968894e-09
2.39339990234375 3.0220175830337823e-08
2.39439990234375 1.1894318054653444e-08
2.39539990234375 6.946791410165353e-08
2.39639990234375 1.1373596834145427e-09
2.39739990234375 5.86823045798108e-08
2.39839990234375 5.645482552319697e-08
2.39939990234375 1.3933181201332316e-08
2.40039990234375 8.62068747563688e-09
2.40139990234375 4.68716758354757e-09
2.40239990234375 1.63704083526919e-08
2.40339990234375 3.7756614571402267e-08
2.40439990234375 5.9507881602557915e-09
2.40539990234375 1.7782763751078522e-08
2.40639990234375 5.105471011035043e-09
2.40739990234375 7.29586043733176e-09
2.40839990234375 1.1266335949518227e-08
2.40939990234375 1.4799444176657099e-08
2.41039990234375 2.9498875780084717e-09
2.41139990234375 2.1261562739583543e-09
2.41239990234375 1.0475006817745158e-08
2.41339990234375 1.704399444360344e-09
2.41439990234375 1.886438357057196e-09
2.41539990234375 2.0465137897311187e-09
2.41639990234375 2.2400770038784814e-09
2.41739990234375 2.3410900577510614e-09
2.41839990234375 3.3675291890697644e-09
2.41939990234375 4.377168945328957e-09
2.42039990234375 1.75594331788373e-09
2.42139990234375 1.6127031831563915e-09
2.42239990234375 3.885123509708047e-11
2.42339990234375 1.0040217226715111e-09
2.42439990234375 1.8333510877767687e-09
2.42539990234375 3.5234910800915224e-10
2.42639990234375 6.061675451642017e-10
2.42739990234375 1.341030934656645e-09
2.42839990234375 9.34451716261421e-10
2.42939990234375 1.2349011831052766e-09
2.43039990234375 6.564697622347088e-10
2.43139990234375 2.2379032167408802e-10
2.43239990234375 1.0971188225254587e-09
2.43339990234375 2.9623003011944924e-15
2.43439990234375 1.6303951686004033e-10
2.43539990234375 3.5615291009209745e-10
2.43639990234375 4.191641303643507e-10
2.43739990234375 5.3185800158878026e-11
2.43839990234375 9.834637431611135e-11
2.43939990234375 3.9173965283501186e-10
2.44039990234375 1.932933670378054e-10
2.44139990234375 1.360516721120305e-10
2.44239990234375 5.994211741519389e-11
2.44339990234375 2.2077381533963445e-11
2.44439990234375 1.0195121880295249e-10
2.44539990234375 9.868199513078037e-11
2.44639990234375 1.742765344757197e-11
2.44739990234375 8.717227957816376e-11
2.44839990234375 9.483998711688638e-11
2.44939990234375 2.1372777628941457e-11
2.45039990234375 3.197006936522864e-11
2.45139990234375 4.8623430338518966e-11
2.45239990234375 6.266157187952119e-12
2.45339990234375 2.3426429274754187e-13
2.45439990234375 4.366350333343256e-11
2.45539990234375 7.73697575983562e-11
2.45639990234375 3.421591657542926e-11
2.45739990234375 1.616239741358933e-11
2.45839990234375 4.109489116612293e-11
2.45939990234375 1.1557358346010164e-11
2.46039990234375 1.346871494515114e-16
2.46139990234375 7.076243642847228e-12
2.46239990234375 3.163701107098423e-11
2.46339990234375 2.3077989779541544e-11
2.46439990234375 1.3867680221118977e-11
2.46539990234375 2.3320677082936883e-11
2.46639990234375 3.226350629528537e-11
2.46739990234375 8.18428085512624e-17
2.46839990234375 6.896945179282545e-12
2.46939990234375 1.0925935482226027e-11
2.47039990234375 1.0073336484230505e-11
2.47139990234375 6.356443511547902e-12
2.47239990234375 2.065378430362778e-13
2.47339990234375 1.295115520414115e-11
2.47439990234375 7.186382125505533e-13
2.47539990234375 5.74185253436052e-12
2.47639990234375 1.9926678000635453e-12
2.47739990234375 3.734156733641769e-13
2.47839990234375 9.022500381362639e-12
2.47939990234375 5.881765633493676e-13
2.48039990234375 7.499768784764478e-12
2.48139990234375 2.0947414729792627e-17
2.48239990234375 1.2466873278003546e-12
2.48339990234375 1.66709026507387e-17
2.48439990234375 4.998914138771657e-12
2.48539990234375 1.3757923332358134e-17
2.48639990234375 1.23968316262028e-13
2.48739990234375 4.16920438279968e-12
2.48839990234375 9.841195496273262e-13
2.48939990234375 2.4011250269437374e-12
2.49039990234375 8.078440319561714e-18
2.49139990234375 3.503756106072334e-12
2.49239990234375 6.451075667889483e-18
2.49339990234375 2.941470073160844e-13
2.49439990234375 1.6283715118365362e-12
2.49539990234375 8.93557364445285e-14
2.49639990234375 1.1545449361083884e-12
2.49739990234375 2.0512965776800934e-13
2.49839990234375 6.86178714154617e-13
2.49939990234375 2.0438766670251048e-13
2.50039990234375 9.342439711898707e-13
2.50139990234375 2.3188765964104984e-18
2.50239990234375 2.0690480690167134e-18
2.50339990234375 6.371785515200215e-13
2.50439990234375 5.612731986147967e-13
2.50539990234375 1.4686302824190802e-18
2.50639990234375 8.893899849668113e-13
2.50739990234375 2.3989123406564128e-14
2.50839990234375 1.0539222247420003e-18
2.50939990234375 4.1567216676379614e-13
2.51039990234375 1.7738216580904116e-13
2.51139990234375 1.5819503791761628e-13
2.51239990234375 2.6778145655256718e-14
2.51339990234375 2.5967263335291117e-13
2.51439990234375 4.2822913169582855e-14
2.51539990234375 7.934501167567857e-14
2.51639990234375 4.349168876669997e-19
2.51739990234375 2.1516477399958316e-14
2.51839990234375 3.498234126698188e-19
2.51939990234375 3.1342775947669914e-19
2.52039990234375 2.809199809984173e-19
2.52139990234375 1.1857103574920552e-14
2.52239990234375 8.961463675316691e-14
2.52339990234375 2.0168029381455258e-14
2.52439990234375 5.017210090545965e-15
2.52539990234375 1.6223348714987624e-14
2.52639990234375 1.0431271650757023e-14
2.52739990234375 1.3218661483616873e-19
2.52839990234375 4.072909292921117e-14
2.52939990234375 6.981218713671395e-14
2.53039990234375 4.4582309010514776e-14
2.53139990234375 6.411951405261197e-14
2.53239990234375 2.3500360655021675e-14
2.53339990234375 8.119539133401468e-14
2.53439990234375 3.357969443664425e-14
2.53539990234375 1.8848385279760878e-14
2.53639990234375 2.6566296757108088e-14
2.53739990234375 1.021547459302391e-14
2.53839990234375 1.1782958816730621e-14
2.53939990234375 9.883440381814093e-15
2.54039990234375 1.0286094970264971e-14
2.54139990234375 3.0702774505754824e-20
2.54239990234375 2.7679321425048046e-20
2.54339990234375 8.160232595071867e-15
2.54439990234375 4.494289350547862e-15
2.54539990234375 1.4283633323295434e-14
2.54639990234375 2.2832543066545523e-15
2.54739990234375 1.041294015741074e-14
2.54839990234375 8.481209445473802e-15
2.54939990234375 6.601690743556251e-15
2.55039990234375 2.9801352247777207e-15
2.55139990234375 1.0742201312783437e-14
2.55239990234375 1.146502087212585e-16
2.55339990234375 6.975682444812943e-15
2.55439990234375 5.567118971279596e-15
2.55539990234375 1.0061173277855704e-14
2.55639990234375 7.591033857874634e-15
2.55739990234375 7.474205416499967e-15
2.55839990234375 7.558572960847792e-15
2.55939990234375 7.642535832806239e-15
2.56039990234375 5.707644339725171e-15
2.56139990234375 4.461298290625851e-15
2.56239990234375 3.910825350206575e-15
2.56339990234375 5.730633281818073e-15
2.56439990234375 4.3382524632066685e-15
2.56539990234375 1.7577589884576917e-15
2.56639990234375 1.2321090268717447e-15
2.56739990234375 1.568646007270119e-15
2.56839990234375 4.223634204499829e-15
2.56939990234375 1.360340431564794e-15
2.57039990234375 9.108212021892094e-16
2.57139990234375 2.738141706345422e-15
2.57239990234375 1.9510488963371755e-15
2.57339990234375 1.1025931527440464e-15
2.57439990234375 1.5112270941525039e-15
2.57539990234375 3.8830082899997007e-16
2.57639990234375 1.1831944474352097e-15
2.57739990234375 1.0868889760156933e-15
2.57839990234375 6.876121904099633e-16
2.57939990234375 6.565437553659864e-16
2.58039990234375 8.799434175276119e-16
2.58139990234375 6.214549315387178e-16
2.58239990234375 2.6028792640317713e-16
2.58339990234375 7.29438701090851e-16
2.58439990234375 2.750974213999301e-16
2.58539990234375 4.2285588443746894e-16
2.58639990234375 1.9244671688134015e-16
2.58739990234375 3.8481321167497643e-16
2.58839990234375 3.443131496051662e-16
2.58939990234375 1.6311076622136853e-16
2.59039990234375 4.565035855618352e-17
2.59139990234375 2.3390779674258076e-16
2.59239990234375 9.718491729826223e-17
2.59339990234375 2.062498996390658e-16
2.59439990234375 3.8534260281627994e-17
2.59539990234375 1.4156182276350954e-16
2.59639990234375 1.16301140512447e-16
2.59739990234375 3.4231884937513604e-17
2.59839990234375 5.915637327898383e-17
2.59939990234375 6.432395367603504e-17
2.60039990234375 4.377019509778916e-17
