Wavelength_microns Throughput
0.5505 1.701728500122905e-12
0.5515 1.9152634368995586e-12
0.5525 2.3041494505243535e-10
0.5535 6.666097739613352e-10
0.5545 2.5389304088405528e-12
0.5555 2.7005238729405878e-12
0.5565 1.2428988809867066e-09
0.5575 2.488111232425457e-09
0.5585 1.8013109491130404e-09
0.5595 1.618545847803942e-09
0.5605 6.57140315354841e-10
0.5615 2.8041568001814187e-10
0.5625 5.592259379370119e-10
0.5635 2.8321435191565386e-12
0.5645 3.4956229309320483e-12
0.5655 4.273444992901379e-12
0.5665 4.995072192044304e-12
0.5675 1.0541267402625944e-09
0.5685 6.1138611804799324e-12
0.5695 6.522042763926566e-12
0.5705 1.8751638011779233e-09
0.5715 1.043027360813615e-08
0.5725 5.952563485630577e-09
0.5735 1.1137371057977246e-08
0.5745 1.3053542759224837e-08
0.5755 1.101869425742716e-08
0.5765 1.0914890579412922e-08
0.5775 6.093297606582518e-12
0.5785 5.726670484332339e-12
0.5795 5.55623585338905e-12
0.5805 5.788871074560466e-12
0.5815 2.857396774098371e-09
0.5825 4.631458177350997e-09
0.5835 1.3928768373978646e-09
0.5845 1.047513488710779e-11
0.5855 2.858812231393589e-09
0.5865 1.0194220612043241e-08
0.5875 2.8649841496596876e-08
0.5885 2.486519505996565e-09
0.5895 1.65734949705393e-08
0.5905 8.968597009990962e-09
0.5915 9.162448449039878e-09
0.5925 1.165040912955739e-08
0.5935 2.1017682701531533e-11
0.5945 2.1740336089635576e-11
0.5955 8.141133356959967e-09
0.5965 2.2737864466170095e-11
0.5975 1.8978080667810266e-09
0.5985 2.9543134777347254e-08
0.5995 2.3694560222818595e-11
0.6005 4.402423127547402e-08
0.6015 4.631976153571307e-09
0.6025 1.790695776970791e-08
0.6035 1.3159061067801982e-08
0.6045 6.3206819124121085e-09
0.6055 1.3229753466316267e-08
0.6065 2.068924750770269e-08
0.6075 3.280767194429958e-08
0.6085 7.560900543280289e-09
0.6095 5.213824718566284e-09
0.6105 2.5658103510257426e-11
0.6115 2.289837037684045e-08
0.6125 5.217884784118274e-09
0.6135 2.8236392580469017e-08
0.6145 2.0652495263262873e-08
0.6155 2.4700576428753848e-08
0.6165 2.3398628975308444e-08
0.6175 3.94783326323407e-08
0.6185 5.0811720838555705e-08
0.6195 2.298754930761715e-08
0.6205 4.0281703674596684e-08
0.6215 2.5637365047093636e-08
0.6225 3.134495168329958e-08
0.6235 6.179931652438149e-08
0.6245 7.672963905838724e-08
0.6255 7.157267799124509e-09
0.6265 4.474451086340688e-08
0.6275 6.499098136423945e-08
0.6285 6.780479339906309e-08
0.6295 2.7434662044759016e-11
0.6305 2.890004583867499e-08
0.6315 9.197144345698262e-08
0.6325 4.331108265381137e-08
0.6335 8.355856233021913e-08
0.6345 7.676678952461845e-08
0.6355 1.3489311737723403e-07
0.6365 8.63758158797932e-08
0.6375 1.4742719760463844e-07
0.6385 9.883691562355099e-08
0.6395 1.9630058757889958e-07
0.6405 1.396309636016111e-07
0.6415 1.356470828356943e-07
0.6425 1.1997980802426404e-07
0.6435 2.1115701144365855e-07
0.6445 2.3047528368921363e-07
0.6455 2.9015142012114816e-07
0.6465 3.4487083383867146e-07
0.6475 3.6746305681477005e-07
0.6485 3.781960236645942e-07
0.6495 5.286678064702545e-07
0.6505 4.879314523538497e-07
0.6515 6.328607882124048e-07
0.6525 4.698913746906854e-07
0.6535 6.008973915210813e-07
0.6545 6.53183624068429e-07
0.6555 7.096910685257169e-07
0.6565 8.02648981183091e-07
0.6575 7.89996646201431e-07
0.6585 9.052526696805543e-07
0.6595 8.578902344333992e-07
0.6605 8.719876024436918e-07
0.6615 8.811773845781967e-07
0.6625 8.429015545770544e-07
0.6635 8.617866193356298e-07
0.6645 9.168449511913681e-07
0.6655 1.0500579640915102e-06
0.6665 1.2555595198517862e-06
0.6675 1.318558826869392e-06
0.6685 1.4573751356807487e-06
0.6695 1.5537680448388082e-06
0.6705 1.500195794352849e-06
0.6715 1.588015256395205e-06
0.6725 1.5939438374596873e-06
0.6735 1.6302845262940279e-06
0.6745 1.4596999725603437e-06
0.6755 1.3016383573246284e-06
0.6765 1.030546852173865e-06
0.6775 9.578831423694777e-07
0.6785 7.461482286168682e-07
0.6795 6.025550779728415e-07
0.6805 4.718150541346343e-07
0.6815 2.849650488353172e-07
0.6825 2.3762343257802898e-07
0.6835 2.3250752672346787e-07
0.6845 1.2060887094829602e-07
0.6855 1.5590341878988946e-07
0.6865 1.7246546276708554e-07
0.6875 1.3346421601588015e-07
0.6885 2.0558825403449666e-07
0.6895 2.1600321089976133e-07
0.6905 3.849352803052135e-07
0.6915 4.7334778753994185e-07
0.6925 4.1324198985973995e-07
0.6935 4.626449079800972e-07
0.6945 3.0840132965827815e-07
0.6955 3.103339203119112e-07
0.6965 2.7491447922498943e-07
0.6975 2.9881746151512677e-07
0.6985 3.4160416180253137e-07
0.6995 4.161496490143386e-07
0.7005 3.848154396632584e-07
0.7015 2.730881345432052e-07
0.7025 3.2407552721448605e-07
0.7035 3.9859647121257106e-07
0.7045 4.7250084408074545e-07
0.7055 6.05087198242955e-07
0.7065 6.412446791584359e-07
0.7075 7.464270512836195e-07
0.7085 6.037770700645674e-07
0.7095 6.005509300411179e-07
0.7105 4.089058014755213e-07
0.7115 4.0276668412944965e-07
0.7125 2.6695962678109267e-07
0.7135 2.5715019012963384e-07
0.7145 2.318849430066263e-07
0.7155 1.6361420301901265e-07
0.7165 1.6202758004642028e-07
0.7175 2.092878228656789e-07
0.7185 1.9751240425359548e-07
0.7195 2.261011022882176e-07
0.7205 3.6871276190482884e-07
0.7215 3.923520520922436e-07
0.7225 2.255046112394507e-07
0.7235 2.0548435195476028e-07
0.7245 9.773313730757364e-08
0.7255 1.1711001427788207e-07
0.7265 2.250927001349577e-08
0.7275 2.776528473856284e-09
0.7285 1.0449612717082793e-08
0.7295 4.087009406467381e-08
0.7305 1.2956258546140186e-07
0.7315 5.557323528196361e-08
0.7325 3.210797648150245e-11
0.7335 5.5639095112952935e-08
0.7345 4.5748066940164744e-08
0.7355 1.6462919660777778e-08
0.7365 4.383658312613434e-08
0.7375 1.1598178657198995e-08
0.7385 8.202978132179627e-08
0.7395 3.769555608308217e-09
0.7405 3.272528217441342e-11
0.7415 2.3819016102371034e-08
0.7425 5.757303258474507e-08
0.7435 1.9236574739910426e-08
0.7445 4.847619229251303e-08
0.7455 3.993448700944377e-08
0.7465 3.31652787756643e-11
0.7475 2.776663329311418e-08
0.7485 2.3306188666098277e-08
0.7495 3.980571718305958e-08
0.7505 1.457040051785742e-07
0.7515 1.1381669200585559e-08
0.7525 1.2917537929922385e-07
0.7535 4.417199095336407e-08
0.7545 4.354379584252144e-08
0.7555 3.376569563940391e-11
0.7565 3.3814846397465684e-11
0.7575 2.0517913138586188e-08
0.7585 1.203321979431781e-07
0.7595 1.65239778068564e-08
0.7605 5.0256189322521156e-08
0.7615 2.4269569689052696e-08
0.7625 7.079868632250558e-08
0.7635 5.951507649060859e-08
0.7645 8.928539534544854e-08
0.7655 1.014212530216648e-07
0.7665 7.799618399165392e-08
0.7675 3.439714394911503e-11
0.7685 4.410535410633079e-08
0.7695 8.945081341149288e-08
0.7705 6.165711335062436e-09
0.7715 1.1082329340181604e-08
0.7725 7.259215602939689e-08
0.7735 7.588588356286177e-08
0.7745 5.6335800707402694e-08
0.7755 7.443595538695217e-08
0.7765 3.6523859787963697e-08
0.7775 1.1496293900621232e-07
0.7785 3.485233941454306e-11
0.7795 2.689341320538939e-08
0.7805 6.820613362704425e-08
0.7815 6.382062116875177e-08
0.7825 1.7650015095615034e-07
0.7835 2.534457478457113e-07
0.7845 3.9613211701973543e-07
0.7855 1.6120738596168464e-07
0.7865 2.9166865048905183e-07
0.7875 1.8266761965312034e-07
0.7885 1.6295239618896423e-07
0.7895 1.359445581956661e-07
0.7905 1.2319892824033233e-07
0.7915 1.709927911105208e-07
0.7925 3.9507477043195836e-08
0.7935 2.0134133663071318e-07
0.7945 7.918810855294406e-08
0.7955 2.510072643812583e-07
0.7965 7.141346271127129e-08
0.7975 9.065480342077935e-08
0.7985 3.0420505496615405e-07
0.7995 3.7868120653116424e-09
0.8005 5.977397094758235e-08
0.8015 3.3739999470737296e-08
0.8025 6.785138503149371e-08
0.8035 8.608773301440082e-08
0.8045 8.868094753959574e-08
0.8055 4.956011418064958e-08
0.8065 8.204246734743897e-08
0.8075 2.5921259770490296e-08
0.8085 6.70314217227106e-08
0.8095 4.9611397549432584e-08
0.8105 3.749566772963051e-08
0.8115 6.455826520836346e-08
0.8125 3.42296627962039e-08
0.8135 8.004459961694848e-08
0.8145 1.3007537629438997e-08
0.8155 9.069193702680421e-08
0.8165 6.134650061772717e-08
0.8175 8.711940901453694e-08
0.8185 1.3016471000413046e-07
0.8195 6.035768868835673e-08
0.8205 5.6906901379087755e-08
0.8215 7.125034334307605e-08
0.8225 1.051756182989748e-07
0.8235 6.39310330243607e-08
0.8245 1.1948543665692313e-07
0.8255 1.223309696253912e-07
0.8265 4.663209579419598e-08
0.8275 6.476546678686421e-08
0.8285 8.221423844767772e-08
0.8295 1.1505202967950518e-08
0.8305 4.293109283505815e-08
0.8315 9.252867579457583e-08
0.8325 9.247490060591744e-08
0.8335 7.79094930507289e-08
0.8345 7.229075920728636e-08
0.8355 8.303043196627482e-08
0.8365 1.357836393071619e-07
0.8375 1.5506782361446088e-07
0.8385 1.84263808386234e-07
0.8395 1.0856318661947774e-07
0.8405 7.906347860636943e-08
0.8415 1.5310148989958273e-07
0.8425 1.7014152646522286e-07
0.8435 1.206570410375931e-07
0.8445 4.735038952701752e-08
0.8455 9.806052102230778e-08
0.8465 1.3415735755989267e-07
0.8475 1.2574115960204268e-07
0.8485 1.6471043415993794e-07
0.8495 9.043760646119473e-08
0.8505 1.42189789646555e-07
0.8515 1.811923196887639e-07
0.8525 1.1765225975358327e-07
0.8535 1.3796460642405654e-07
0.8545 1.5942519395475706e-07
0.8555 1.1712248868990495e-07
0.8565 6.333047897243936e-08
0.8575 2.160603648667421e-07
0.8585 1.8386159762965452e-07
0.8595 1.7513597808478322e-07
0.8605 1.359919511185867e-07
0.8615 7.45176595253772e-09
0.8625 1.3998501177397551e-07
0.8635 2.5625338895265265e-07
0.8645 2.2182246398514823e-07
0.8655 1.83963011329195e-07
0.8665 1.1306429451858342e-07
0.8675 9.779366904948648e-08
0.8685 6.441752472076544e-08
0.8695 9.49263834738901e-08
0.8705 3.727185685369399e-11
0.8715 8.894682705989571e-08
0.8725 3.736474527954342e-11
0.8735 3.737287312974239e-11
0.8745 3.738341406784419e-11
0.8755 1.0259711837737875e-07
0.8765 3.741676514085963e-11
0.8775 1.263203565669219e-07
0.8785 3.5019368076378146e-07
0.8795 4.1934897360485864e-07
0.8805 3.7460796174285876e-11
0.8815 3.743448568620561e-11
0.8825 4.312989914958416e-07
0.8835 1.0163958809983189e-07
0.8845 9.274922547002678e-08
0.8855 3.516703285004109e-07
0.8865 3.6716935745744837e-07
0.8875 2.923097523445408e-07
0.8885 7.916660606727767e-07
0.8895 5.285475243924888e-07
0.8905 9.953463972536537e-09
0.8915 7.657492757064272e-07
0.8925 3.780119840623378e-11
0.8935 1.0668166963084721e-06
0.8945 3.782045339168886e-11
0.8955 3.7776436800649274e-11
0.8965 9.55169296475815e-07
0.8975 3.767444575683274e-11
0.8985 1.7292891228665615e-06
0.8995 3.7820185391295005e-11
0.9005 1.5668805736554917e-07
0.9015 4.703349774887894e-08
0.9025 1.36750998604502e-07
0.9035 2.4143312023908752e-08
0.9045 8.831584418723184e-08
0.9055 3.648074376677831e-08
0.9065 1.0203236775844912e-07
0.9075 1.629645348066144e-07
0.9085 1.6425491980952655e-07
0.9095 1.1471095186772995e-07
0.9105 7.12903511838098e-08
0.9115 1.1632661141080756e-07
0.9125 1.4234917077692782e-07
0.9135 2.183905812118052e-08
0.9145 1.3463298517445897e-07
0.9155 2.2522398721849219e-07
0.9165 9.767626876901399e-08
0.9175 1.5652658617470297e-07
0.9185 9.919039686061696e-08
0.9195 1.5733229064196552e-07
0.9205 1.399039493041115e-07
0.9215 8.496218120237414e-08
0.9225 1.8912784587700054e-07
0.9235 1.3759968982613495e-07
0.9245 1.4547051079122853e-07
0.9255 2.0433844560836348e-07
0.9265 1.4162740681773346e-07
0.9275 1.912346891231456e-07
0.9285 1.7607168633044186e-07
0.9295 9.208594146161087e-08
0.9305 2.156451598632896e-07
0.9315 2.8906773985683337e-07
0.9325 2.9123135700487033e-07
0.9335 1.4994021519323094e-07
0.9345 2.546114176650988e-07
0.9355 2.942869603091093e-07
0.9365 1.7560908138213383e-07
0.9375 2.552913901775565e-07
0.9385 2.687792773037563e-07
0.9395 2.871362691625916e-07
0.9405 2.3603631147770784e-07
0.9415 2.9336025173956976e-07
0.9425 1.9016846367546595e-07
0.9435 2.1488030325001802e-07
0.9445 1.800995042854733e-07
0.9455 2.5691806207026304e-07
0.9465 2.451870479883142e-07
0.9475 1.8671592660552515e-07
0.9485 1.366146897579906e-07
0.9495 2.715010121968404e-07
0.9505 2.824234459640508e-07
0.9515 2.7567575954013424e-07
0.9525 1.7585221865312048e-07
0.9535 3.013902168903329e-07
0.9545 2.6577330609838833e-07
0.9555 2.9859744756630774e-07
0.9565 3.6313004976093233e-07
0.9575 2.7551133646243524e-07
0.9585 2.7425605447969514e-07
0.9595 3.0093120260824594e-07
0.9605 3.986911107503447e-07
0.9615 3.1991710691308273e-07
0.9625 2.3784558299747025e-07
0.9635 2.660713453784825e-07
0.9645 2.856720453502355e-07
0.9655 1.6490947512242187e-07
0.9665 2.557781305210257e-07
0.9675 2.425871801206406e-07
0.9685 3.1298364743656563e-07
0.9695 2.6910539642981457e-07
0.9705 2.17811581397001e-07
0.9715 3.7293205943715216e-07
0.9725 3.2113691445963566e-07
0.9735 2.917904570568211e-07
0.9745 3.2886676291793433e-07
0.9755 3.7252497230018703e-07
0.9765 2.589981301120756e-07
0.9775 2.62020765307618e-07
0.9785 3.2385141561929e-07
0.9795 2.684415119527506e-07
0.9805 2.0905426728047707e-07
0.9815 1.3308126202167668e-07
0.9825 2.54049457383622e-07
0.9835 2.266635450862173e-07
0.9845 2.6422051762430096e-07
0.9855 1.6358972293386404e-07
0.9865 1.8776555841177946e-07
0.9875 2.255341833915619e-07
0.9885 2.635236421429604e-07
0.9895 3.424330620188819e-07
0.9905 1.6782078241116102e-07
0.9915 2.833667989944154e-07
0.9925 3.477337075476935e-07
0.9935 2.910075857069324e-07
0.9945 2.313497785028253e-07
0.9955 2.519504201290447e-07
0.9965 2.6982687528631595e-07
0.9975 3.032004040850563e-07
0.9985 3.0021019328357824e-07
0.9995 2.759789999407165e-07
1.0005 2.8887163389165466e-07
1.0015 6.372286274825366e-07
1.0025 3.07864966266199e-07
1.0035 2.6056489003946036e-07
1.0045 4.5480158759537963e-07
1.0055 2.487000069017162e-08
1.0065 1.8132115269013403e-08
1.0075 1.2708643067718405e-07
1.0085 1.1666416820175217e-06
1.0095 4.3619984897648227e-07
1.0105 3.256904303393854e-07
1.0115 1.4238237453766318e-07
1.0125 1.0393378226162842e-06
1.0135 1.5390360054974928e-06
1.0145 9.447757932812959e-07
1.0155 3.831499446399241e-11
1.0165 3.828577172242578e-11
1.0175 3.0287390632515037e-07
1.0185 1.1830779761191857e-06
1.0195 3.826602257180872e-11
1.0205 1.2429566811318132e-06
1.0215 2.935722975894352e-07
1.0225 3.11791007159351e-07
1.0235 3.6550525860784765e-06
1.0245 9.46689976381035e-07
1.0255 1.5891458764479007e-07
1.0265 1.8564586395461835e-06
1.0275 4.293206919893093e-07
1.0285 1.623564977586377e-06
1.0295 3.853383303229164e-11
1.0305 3.955992478461198e-07
1.0315 6.362328342442782e-07
1.0325 2.740156471036122e-06
1.0335 3.892084390188358e-08
1.0345 4.111632293127704e-07
1.0355 5.330837466090326e-07
1.0365 2.7912843838986453e-07
1.0375 6.73879511841242e-07
1.0385 1.0062749054311816e-06
1.0395 3.932258896110437e-11
1.0405 4.6615720066001696e-07
1.0415 3.942025199578163e-11
1.0425 2.0204955832198115e-07
1.0435 1.1199149309628865e-06
1.0445 3.157378213407188e-07
1.0455 6.415486089725292e-07
1.0465 8.304328398308666e-07
1.0475 1.429855819456076e-06
1.0485 1.2958724586661967e-06
1.0495 4.6605560154724587e-07
1.0505 7.158100310724258e-07
1.0515 8.720214661358774e-07
1.0525 5.197839021251949e-07
1.0535 1.208256674395761e-07
1.0545 1.3307138864087247e-06
1.0555 1.5243302399463605e-06
1.0565 3.7729776336418214e-07
1.0575 5.611374975960588e-07
1.0585 1.5138065565860956e-06
1.0595 1.4802331082182775e-06
1.0605 1.9879625645825317e-07
1.0615 4.7514620626690804e-07
1.0625 8.263171519355518e-07
1.0635 2.8837391914167004e-06
1.0645 5.561771739490916e-07
1.0655 3.278201081372065e-07
1.0665 7.231148253365386e-07
1.0675 1.2973038732174372e-06
1.0685 6.81741076871398e-07
1.0695 1.6791563096231286e-06
1.0705 2.6915633204279127e-06
1.0715 8.057936031257513e-07
1.0725 2.0219126748925497e-07
1.0735 1.129319728846136e-06
1.0745 3.17146398532518e-07
1.0755 1.4468151371671971e-06
1.0765 1.7083553050900593e-06
1.0775 1.2589954035629693e-06
1.0785 4.050080363952286e-11
1.0795 3.243409195484187e-07
1.0805 1.4957797513987122e-06
1.0815 1.642888755208338e-06
1.0825 6.510615222262303e-08
1.0835 7.570198850929391e-07
1.0845 9.280576995115228e-07
1.0855 6.162636460268612e-07
1.0865 1.1683446700798256e-06
1.0875 7.122443902162052e-07
1.0885 1.210911684578027e-06
1.0895 6.122225122226122e-07
1.0905 2.3937313148838245e-07
1.0915 1.3890698819873565e-06
1.0925 7.367762853762664e-07
1.0935 8.284054616936785e-08
1.0945 3.685786321896311e-07
1.0955 1.146364276496458e-06
1.0965 9.080018851844651e-07
1.0975 1.925552343170504e-06
1.0985 4.961126094561199e-07
1.0995 7.746103929908758e-08
1.1005 1.3112596638618204e-06
1.1015 1.3361863606220592e-06
1.1025 5.588783140621194e-07
1.1035 7.935658477677841e-08
1.1045 1.0521244847887682e-06
1.1055 1.955495028250491e-06
1.1065 6.434090354529097e-07
1.1075 1.2404156717906318e-06
1.1085 2.001194155341202e-06
1.1095 5.837647712118061e-07
1.1105 1.1662060011319474e-06
1.1115 8.969058667624555e-07
1.1125 3.350935297868944e-07
1.1135 1.3339276000930813e-06
1.1145 8.871624613829681e-07
1.1155 1.0203295861573505e-06
1.1165 4.033023428945564e-07
1.1175 2.437918277750959e-06
1.1185 2.2339102152274825e-07
1.1195 5.33760947230211e-07
1.1205 3.6768811981380044e-07
1.1215 3.8869352214467634e-07
1.1225 7.889233410713249e-07
1.1235 1.6195838800017617e-06
1.1245 8.70481384074807e-07
1.1255 5.435484167836154e-07
1.1265 1.6345308061456826e-06
1.1275 2.3298957581500726e-07
1.1285 3.2228083869025966e-07
1.1295 5.621610881971887e-07
1.1305 3.067486716403903e-07
1.1315 6.127407337385438e-07
1.1325 7.007018714141805e-07
1.1335 8.84150445968834e-07
1.1345 5.55096966161799e-07
1.1355 4.247733453543696e-11
1.1365 1.1906281266859201e-06
1.1375 3.6051515080253316e-07
1.1385 8.080902007679154e-07
1.1395 2.6375427759918086e-07
1.1405 1.2870680314496738e-06
1.1415 3.6094170793927505e-07
1.1425 1.8998067619400008e-06
1.1435 1.0939341075126809e-07
1.1445 9.661336995959284e-07
1.1455 1.3675681294734432e-08
1.1465 4.3566320447842996e-11
1.1475 2.193346926378911e-07
1.1485 1.1742021285153452e-06
1.1495 1.525205439250208e-07
1.1505 4.385812410339713e-11
1.1515 7.028473898713901e-07
1.1525 9.621945935247626e-07
1.1535 1.109182952123991e-06
1.1545 1.3025887575384942e-06
1.1555 1.0889607826684806e-07
1.1565 9.172208934004911e-07
1.1575 7.059574444349872e-07
1.1585 4.2650279090163917e-07
1.1595 3.0853415097237735e-07
1.1605 8.343848702773745e-07
1.1615 5.973724654733349e-07
1.1625 2.2715699530747516e-08
1.1635 2.971649585407149e-07
1.1645 4.449963124872642e-11
1.1655 3.947826125063037e-07
1.1665 9.962074647836838e-07
1.1675 5.740585701001263e-07
1.1685 8.338115659614844e-07
1.1695 1.3005641139525127e-06
1.1705 2.9315321645105735e-07
1.1715 9.27596389067504e-07
1.1725 1.269403617400457e-06
1.1735 1.1490564737802765e-06
1.1745 4.882928302984617e-07
1.1755 6.774232906851902e-07
1.1765 4.237742767279842e-08
1.1775 9.015732595392348e-08
1.1785 9.128696293362849e-07
1.1795 7.478829594198725e-07
1.1805 1.176016058171197e-06
1.1815 4.4821997831166824e-11
1.1825 2.2359169778616272e-07
1.1835 1.2787932619367119e-06
1.1845 7.243661963375586e-07
1.1855 7.316713608879077e-07
1.1865 3.4670906779236334e-07
1.1875 6.552224173191565e-07
1.1885 2.5353884446229864e-07
1.1895 3.9431834381339676e-07
1.1905 7.710742930090681e-08
1.1915 6.849848744778937e-07
1.1925 6.15797138534403e-07
1.1935 4.320436018842505e-07
1.1945 2.1339955046659993e-07
1.1955 6.386256844549786e-07
1.1965 4.0259974590151606e-07
1.1975 4.4500489799393676e-11
1.1985 3.484040592339272e-07
1.1995 1.8339857617538875e-06
1.2005 9.921701304721733e-07
1.2015 4.457539298555259e-11
1.2025 3.064245493087028e-07
1.2035 1.322402523490887e-07
1.2045 2.9767245617491993e-07
1.2055 9.880566680390625e-07
1.2065 1.1263504340437113e-06
1.2075 7.034886699873648e-07
1.2085 7.043616419178474e-07
1.2095 6.234557736387971e-07
1.2105 1.7464742935065098e-06
1.2115 1.8100440483414042e-07
1.2125 8.55925344906179e-07
1.2135 9.273238769023291e-07
1.2145 2.7894411597960555e-07
1.2155 9.909561434728146e-07
1.2165 2.3080769253829447e-07
1.2175 1.0936127788514845e-06
1.2185 3.3408249683938364e-07
1.2195 8.22956959206857e-08
1.2205 2.880691686408661e-07
1.2215 7.396552316100247e-07
1.2225 2.5045002789842166e-07
1.2235 3.6559508131815816e-07
1.2245 2.504203683631839e-07
1.2255 4.583772189270354e-11
1.2265 2.448227051528664e-06
1.2275 1.5022430093856297e-07
1.2285 2.528721318609193e-07
1.2295 4.5961451081118436e-11
1.2305 1.0659728116409462e-06
1.2315 3.9806536065611423e-07
1.2325 9.992135224781923e-07
1.2335 4.6038947888379806e-11
1.2345 1.175207771520478e-06
1.2355 6.833047751177157e-07
1.2365 8.381044946179863e-07
1.2375 4.905273050884341e-07
1.2385 6.703651971109617e-08
1.2395 5.156490292464978e-07
1.2405 1.3327674031290552e-06
1.2415 2.2336738296160056e-07
1.2425 7.531988978910328e-07
1.2435 2.1861864477969882e-07
1.2445 7.632677889178423e-07
1.2455 4.868394418776207e-07
1.2465 3.37445197441759e-08
1.2475 1.0514757713041682e-06
1.2485 9.64102890769137e-07
1.2495 3.842147180773963e-07
1.2505 2.503057930216917e-07
1.2515 6.365162041113703e-07
1.2525 4.014996489787604e-07
1.2535 1.4147530960492186e-07
1.2545 4.3252721079936883e-07
1.2555 5.049760336801437e-07
1.2565 1.3802832697385373e-06
1.2575 3.524334559492481e-07
1.2585 4.6485602839881874e-11
1.2595 1.9807868591941328e-06
1.2605 3.5767321296290007e-07
1.2615 4.653748196290449e-11
1.2625 1.6622819617120348e-06
1.2635 2.7667798765428453e-07
1.2645 8.50510433556676e-07
1.2655 3.528817112459845e-07
1.2665 4.7441225384486745e-07
1.2675 1.2196137086662093e-06
1.2685 1.7781498868967957e-07
1.2695 1.4078503855263986e-06
1.2705 3.210007953245555e-07
1.2715 4.6603559545712375e-11
1.2725 1.9265503336747345e-07
1.2735 4.660958511528213e-11
1.2745 5.191112870806945e-07
1.2755 1.5486399569538192e-06
1.2765 1.3222073966312657e-07
1.2775 5.633090886535379e-07
1.2785 3.982892665496877e-07
1.2795 5.64707280791795e-07
1.2805 5.958976285508317e-07
1.2815 4.3276875759613043e-07
1.2825 3.5958546999652456e-07
1.2835 4.695897833193146e-08
1.2845 1.6468978769739274e-06
1.2855 5.555844736224065e-07
1.2865 1.1078701733468219e-07
1.2875 6.755023691963571e-07
1.2885 2.86739706325085e-07
1.2895 1.7601329759475334e-06
1.2905 1.946572172528749e-07
1.2915 8.337597768134894e-07
1.2925 3.3844032028585197e-07
1.2935 6.320039138329343e-07
1.2945 1.4468479271145074e-06
1.2955 1.412492430588062e-07
1.2965 1.0325881977503483e-06
1.2975 2.130539739705461e-06
1.2985 1.9239901012765267e-07
1.2995 6.249887448464405e-07
1.3005 8.517694742275384e-07
1.3015 8.696416073587398e-07
1.3025 1.578143365436719e-06
1.3035 7.262279866667098e-07
1.3045 1.10522705056011e-06
1.3055 5.058319049940414e-07
1.3065 7.685110657765585e-07
1.3075 2.619495613961997e-07
1.3085 1.474802608229887e-06
1.3095 2.2368388258036204e-06
1.3105 8.014946621065398e-08
1.3115 7.631998541344028e-07
1.3125 1.4132140682485822e-07
1.3135 9.357239662661207e-07
1.3145 1.0153919983093039e-06
1.3155 2.7702722794549866e-07
1.3165 1.2547842728209362e-07
1.3175 1.0871880401972212e-06
1.3185 1.4961046238525877e-06
1.3195 1.4269096965391353e-06
1.3205 1.103294566153084e-06
1.3215 9.13234980707549e-07
1.3225 1.5141289151356045e-06
1.3235 1.4524281973242736e-06
1.3245 1.1874272173391113e-06
1.3255 1.2310798490734469e-06
1.3265 4.774836833744165e-11
1.3275 2.399516655410353e-06
1.3285 5.971365937475474e-07
1.3295 1.0461456585850101e-06
1.3305 1.4317420692529357e-06
1.3315 7.419616202912317e-07
1.3325 8.009582568519118e-07
1.3335 1.117400652471642e-06
1.3345 4.2291568471539475e-07
1.3355 1.639035094524245e-07
1.3365 4.946944660707166e-07
1.3375 9.014405610608947e-07
1.3385 1.120399427655083e-06
1.3395 1.8201413837368643e-06
1.3405 1.562100498729412e-06
1.3415 1.3737901996086232e-06
1.3425 1.4882332290646902e-06
1.3435 1.2169684366409323e-06
1.3445 7.986987155683139e-07
1.3455 6.960468431273151e-07
1.3465 1.2124903635662338e-06
1.3475 2.1246533835498894e-07
1.3485 1.259167993954414e-06
1.3495 4.0455700355704984e-07
1.3505 2.484466416352595e-07
1.3515 2.12152117226192e-06
1.3525 5.698758338290813e-07
1.3535 7.341606155299236e-07
1.3545 6.091096463318475e-07
1.3555 8.601028563241207e-07
1.3565 7.913724250016769e-07
1.3575 1.2336632397030489e-06
1.3585 4.770900876919228e-07
1.3595 1.0480237226029564e-06
1.3605 1.4296667394972968e-06
1.3615 3.2720578140117267e-07
1.3625 1.0883839394403363e-06
1.3635 6.26232117441498e-07
1.3645 9.760897327649145e-08
1.3655 1.313650182811526e-06
1.3665 2.3853623548931623e-07
1.3675 5.60666222011873e-07
1.3685 8.484384375362133e-07
1.3695 5.123649480116472e-07
1.3705 9.855464143516603e-07
1.3715 6.536512376114136e-08
1.3725 6.245059887305722e-07
1.3735 4.959843590367241e-07
1.3745 8.615711496333492e-08
1.3755 2.899408600953963e-07
1.3765 7.384527108076869e-07
1.3775 2.6367550390874294e-06
1.3785 2.1000665255359433e-07
1.3795 3.4909255945231414e-07
1.3805 1.345678534716068e-06
1.3815 2.7328083122401265e-07
1.3825 1.2013722316285546e-06
1.3835 4.878952200384073e-11
1.3845 2.251988904114194e-06
1.3855 1.161788279609399e-06
1.3865 5.772242388599246e-07
1.3875 6.994184057330785e-07
1.3885 7.654615925320553e-07
1.3895 8.319205312511501e-07
1.3905 9.462619959526556e-07
1.3915 5.041429829624746e-07
1.3925 8.3814881627065e-07
1.3935 1.7836559895029954e-06
1.3945 5.703728061650814e-07
1.3955 2.7136377492936645e-07
1.3965 9.503455781093231e-07
1.3975 2.158408359123473e-06
1.3985 4.8922706134556484e-11
1.3995 1.1171121209057723e-07
1.4005 2.4209125942989786e-06
1.4015 1.3668677791575365e-07
1.4025 1.314415667237422e-06
1.4035 1.533708798414535e-06
1.4045 8.319089860369013e-07
1.4055 1.3776172026599855e-06
1.4065 2.1091174374955136e-07
1.4075 3.9966903646483165e-07
1.4085 2.05144587525855e-06
1.4095 2.3438198116914053e-06
1.4105 2.81588735917837e-07
1.4115 8.668069258005846e-07
1.4125 1.243351070843625e-06
1.4135 5.912334272852775e-07
1.4145 3.0834297046878265e-07
1.4155 3.1202711094581357e-06
1.4165 7.69970464940532e-07
1.4175 4.5143696888685174e-07
1.4185 1.3432422008881993e-06
1.4195 7.367114421770722e-07
1.4205 2.372747185096257e-08
1.4215 1.3461602893556771e-06
1.4225 2.154533647860641e-06
1.4235 3.126079190934482e-07
1.4245 3.0729261435101347e-07
1.4255 7.031744332004584e-07
1.4265 8.084409819261903e-07
1.4275 8.764476223184056e-07
1.4285 3.7133302075814156e-08
1.4295 1.5289716463604134e-07
1.4305 1.2089390897071285e-06
1.4315 1.0482753503661812e-06
1.4325 1.2377612528957417e-06
1.4335 1.1241314368216343e-06
1.4345 2.5249465462141056e-06
1.4355 5.024726596636932e-11
1.4365 6.07966487164558e-07
1.4375 1.552427168860873e-07
1.4385 1.0533591072460075e-06
1.4395 3.9911055535073187e-07
1.4405 6.059124970011304e-07
1.4415 1.0217171720120204e-06
1.4425 3.892112740673414e-07
1.4435 2.951354710099693e-07
1.4445 2.8220790037629274e-07
1.4455 4.6126155503261984e-07
1.4465 1.327078204700679e-06
1.4475 9.230629316857766e-07
1.4485 6.249267150922613e-07
1.4495 1.5666340898620824e-06
1.4505 1.3623631078728626e-06
1.4515 8.383976325873597e-08
1.4525 5.0675467536715126e-11
1.4535 3.5787561519007345e-07
1.4545 1.2037789282275353e-06
1.4555 8.442245430640144e-07
1.4565 3.5362248996712114e-07
1.4575 7.608488939658098e-07
1.4585 5.07782482522531e-11
1.4595 2.3359420601780036e-06
1.4605 8.633193773998846e-07
1.4615 8.12437978407095e-07
1.4625 8.075364199990082e-07
1.4635 1.071074141343249e-06
1.4645 5.0899401036590906e-11
1.4655 1.3362987632155338e-06
1.4665 5.0936270781993196e-11
1.4675 1.7550246727348702e-06
1.4685 1.2501639576595817e-06
1.4695 1.709257889685104e-06
1.4705 9.106352610785306e-07
1.4715 1.3892180086533022e-06
1.4725 2.843247864829082e-07
1.4735 7.698347158252134e-07
1.4745 7.732458248875375e-07
1.4755 8.569094379716132e-07
1.4765 1.0837785944805211e-06
1.4775 1.2549478891525587e-06
1.4785 1.7312738087628738e-06
1.4795 5.105203329155986e-11
1.4805 7.814627823001953e-07
1.4815 7.101773591769155e-07
1.4825 1.6141447734469484e-06
1.4835 1.1655272015612666e-07
1.4845 2.0645290421444496e-06
1.4855 5.076672323419035e-07
1.4865 8.23152535048875e-07
1.4875 1.589790474035781e-06
1.4885 1.9794395828989345e-07
1.4895 1.9262999909211626e-06
1.4905 1.290707483543384e-06
1.4915 1.0459158425881624e-06
1.4925 1.6703760359337405e-06
1.4935 7.077063409492796e-07
1.4945 1.2392703300725732e-06
1.4955 1.9995750007191194e-06
1.4965 6.446293059583618e-07
1.4975 4.302927418085929e-07
1.4985 2.277051413568455e-06
1.4995 6.312928990570781e-07
1.5005 2.8674071256711798e-06
1.5015 1.046981295275741e-06
1.5025 1.6713338404287763e-06
1.5035 2.26790498788361e-06
1.5045 2.4582509656703585e-06
1.5055 5.1464573402242105e-11
1.5065 1.0817193618474052e-06
1.5075 2.093494575154437e-06
1.5085 1.6065135428903344e-08
1.5095 1.2526641240347616e-06
1.5105 1.1915880187751896e-06
1.5115 7.742552884353879e-07
1.5125 2.2896006248442884e-06
1.5135 1.8035285249912288e-06
1.5145 8.729736800946543e-07
1.5155 2.0386148413183063e-06
1.5165 5.1808908280938973e-11
1.5175 1.6388198428375183e-07
1.5185 1.4507191322251334e-06
1.5195 5.0106481475453e-08
1.5205 4.1770453570971295e-07
1.5215 1.930765096613778e-06
1.5225 5.900151069095727e-07
1.5235 2.1106177666334236e-06
1.5245 8.047425049283932e-07
1.5255 1.2280369010430283e-06
1.5265 1.7236678505958942e-06
1.5275 9.8407679371641e-07
1.5285 6.455173234574614e-07
1.5295 6.254300581613423e-07
1.5305 1.6860046537572058e-06
1.5315 1.618899227868001e-06
1.5325 1.1724201314989344e-06
1.5335 1.0880737401963458e-07
1.5345 1.5697852829105381e-06
1.5355 1.3815718892187257e-06
1.5365 7.390890602446916e-07
1.5375 2.1615865915362973e-07
1.5385 2.1026319438858654e-08
1.5395 1.7267079298208048e-06
1.5405 2.209382389235822e-06
1.5415 4.29554529481509e-07
1.5425 3.5624328973694713e-07
1.5435 1.3554374788617215e-06
1.5445 5.23790787995202e-11
1.5455 7.105341049055437e-07
1.5465 8.764426789179504e-07
1.5475 2.5059281389605652e-06
1.5485 1.1272602609352669e-07
1.5495 6.943006563553374e-07
1.5505 1.757594109369699e-06
1.5515 1.0119798703530688e-06
1.5525 6.509342037589243e-07
1.5535 2.8622954641139418e-06
1.5545 7.718766885072783e-07
1.5555 1.4075878229534418e-06
1.5565 4.688022767327464e-07
1.5575 5.2586967151360646e-11
1.5585 1.6141282358827328e-06
1.5595 2.8545028596456782e-06
1.5605 1.0693362775287922e-07
1.5615 1.19076312558741e-06
1.5625 1.3007375437684264e-06
1.5635 2.633623766664098e-06
1.5645 2.4739497870225617e-07
1.5655 1.6302856226502293e-06
1.5665 1.6722654207069777e-06
1.5675 5.266039925303562e-11
1.5685 4.495557458976215e-08
1.5695 8.907722023418873e-07
1.5705 2.021652261354223e-06
1.5715 5.264041543075717e-11
1.5725 1.1688382584155406e-06
1.5735 6.028024490190053e-07
1.5745 4.2641458327721155e-08
1.5755 1.6356370003016408e-07
1.5765 1.3509850513792507e-06
1.5775 4.5215084631126415e-07
1.5785 1.8216156500939473e-06
1.5795 3.7702255067455217e-07
1.5805 1.8615358927904817e-06
1.5815 6.154276912599488e-07
1.5825 1.2431088682889562e-06
1.5835 1.9067555489086783e-06
1.5845 3.686720520440524e-07
1.5855 2.32673280973865e-06
1.5865 1.226400662938312e-06
1.5875 2.406679792283943e-06
1.5885 1.3259631667005686e-06
1.5895 5.088389268072198e-07
1.5905 1.986036455354938e-06
1.5915 4.264738030924828e-07
1.5925 1.257611922882329e-06
1.5935 5.824009555065456e-07
1.5945 1.3943293450886147e-06
1.5955 5.065966916534158e-07
1.5965 4.2224690876472963e-07
1.5975 1.329319253082866e-06
1.5985 9.713524441680795e-07
1.5995 7.089293026462077e-07
1.6005 5.958199858798627e-07
1.6015 8.677158878552019e-07
1.6025 5.150215749941024e-07
1.6035 1.1238711867035606e-06
1.6045 2.2180893811168142e-06
1.6055 4.2889426882584526e-08
1.6065 1.042965211579896e-06
1.6075 1.5165804449167095e-06
1.6085 3.332902691020726e-07
1.6095 1.4971827183755382e-06
1.6105 1.4695437281226555e-06
1.6115 1.1818991001652855e-06
1.6125 3.1888414332355274e-06
1.6135 1.3633440815721725e-06
1.6145 2.420662070841895e-06
1.6155 1.3945270387217485e-06
1.6165 2.7964808228213788e-06
1.6175 2.8045512408399534e-06
1.6185 2.8390258386399226e-06
1.6195 1.2553684418779016e-06
1.6205 3.2289098849869573e-06
1.6215 1.5678168945840497e-06
1.6225 3.53013489969066e-06
1.6235 4.413572405859857e-06
1.6245 4.1607782360504115e-06
1.6255 6.006134348040328e-06
1.6265 5.901476716131533e-06
1.6275 4.582140278709478e-06
1.6285 7.111777737705161e-06
1.6295 8.813020104474992e-06
1.6305 8.984937810450169e-06
1.6315 9.74689279600949e-06
1.6325 8.459365331707032e-06
1.6335 1.1033571224075093e-05
1.6345 1.0118190872206867e-05
1.6355 1.2838829943437828e-05
1.6365 1.3243169575183675e-05
1.6375 1.4354554024542594e-05
1.6385 1.638246854582591e-05
1.6395 1.7518164709569975e-05
1.6405 1.550266430705107e-05
1.6415 1.973858199424766e-05
1.6425 1.9543484641953802e-05
1.6435 2.246969501483101e-05
1.6445 2.3638341827604084e-05
1.6455 2.6493263764840046e-05
1.6465 2.7731328082097045e-05
1.6475 2.8686745443763662e-05
1.6485 2.8762865615710028e-05
1.6495 3.145886598304222e-05
1.6505 3.254166057488235e-05
1.6515 3.555613119564186e-05
1.6525 3.830952064625543e-05
1.6535 4.3761252782059855e-05
1.6545 4.7495036510943715e-05
1.6555 4.664263940747333e-05
1.6565 5.1671129546583774e-05
1.6575 6.045511526668144e-05
1.6585 6.521673222149724e-05
1.6595 7.176424294417042e-05
1.6605 8.178873914306095e-05
1.6615 9.112489833638833e-05
1.6625 0.0001032572342620138
1.6635 0.00011808139005405204
1.6645 0.00013420050240513847
1.6655 0.00015575110346190805
1.6665 0.0001769997034487168
1.6675 0.00020998143971378777
1.6685 0.0002408302423766563
1.6695 0.0002770601583253489
1.6705 0.0003205698376121561
1.6715 0.0003664945647822441
1.6725 0.00041890105846024506
1.6735 0.0004759106055106832
1.6745 0.0005484059453464183
1.6755 0.0006298939180224029
1.6765 0.0007149206730178917
1.6775 0.0008045643037305507
1.6785 0.0008841689884257862
1.6795 0.0010080273293977776
1.6805 0.0011306189411751798
1.6815 0.0012674246611525243
1.6825 0.001414886438664554
1.6835 0.0015636218976724187
1.6845 0.0017394988859066093
1.6855 0.001906594194373767
1.6865 0.0021335714486033154
1.6875 0.002342793186967922
1.6885 0.0025860725218405417
1.6895 0.0029382314538673876
1.6905 0.0032297023841143385
1.6915 0.003646591004114306
1.6925 0.004064552525131471
1.6935 0.004624209105546693
1.6945 0.005315768624797385
1.6955 0.005960974048164431
1.6965 0.006952947609580923
1.6975 0.008319308727414546
1.6985 0.009838497553543298
1.6995 0.011927724655641235
1.7005 0.013914060575422497
1.7015 0.01690598812434063
1.7025 0.020566079103420593
1.7035 0.024421576312251517
1.7045 0.027493710415550505
1.7055 0.030214378293854528
1.7065 0.033648719903218716
1.7075 0.03699397859362123
1.7085 0.041707594150131706
1.7095 0.047829276065181156
1.7105 0.051488594836875505
1.7115 0.06052574054018065
1.7125 0.06760172290843167
1.7135 0.07989401147721933
1.7145 0.09034606641249836
1.7155 0.10916111540309686
1.7165 0.1282102510328587
1.7175 0.15219132476400304
1.7185 0.18239487326013662
1.7195 0.2038872624421862
1.7205 0.23875507624518316
1.7215 0.2723114344876878
1.7225 0.3083871882922043
1.7235 0.3369379593587942
1.7245 0.35619234476062184
1.7255 0.38413184704534764
1.7265 0.39363127922284025
1.7275 0.40011127042190553
1.7285 0.4105670903810328
1.7295 0.4171524905366796
1.7305 0.41672032708435647
1.7315 0.4340143665425048
1.7325 0.4372828207961022
1.7335 0.4441684529994233
1.7345 0.45286103334068273
1.7355 0.46140043436861994
1.7365 0.47072121778618226
1.7375 0.4850410565711868
1.7385 0.4854473433758488
1.7395 0.49403195602506017
1.7405 0.5031644649872223
1.7415 0.5028540359270891
1.7425 0.5158380750013049
1.7435 0.5205715257031083
1.7445 0.5125692523048769
1.7455 0.5232781391936169
1.7465 0.5210234634012607
1.7475 0.5186089683089838
1.7485 0.5182114510133414
1.7495 0.5105902127391143
1.7505 0.5330373933051745
1.7515 0.5202717672649558
1.7525 0.5227140679184232
1.7535 0.5203778430875743
1.7545 0.5220760461454574
1.7555 0.5219247228347857
1.7565 0.5315348196160518
1.7575 0.5281085278844366
1.7585 0.5300891502617517
1.7595 0.5257571227625275
1.7605 0.5296178712480311
1.7615 0.5344393744686905
1.7625 0.5332667467352792
1.7635 0.5321966333619331
1.7645 0.5237215655302586
1.7655 0.5298359311785288
1.7665 0.5376833133046701
1.7675 0.5347437945137785
1.7685 0.5335731777069168
1.7695 0.524963389044115
1.7705 0.5294171644067993
1.7715 0.5357083342328204
1.7725 0.5280686866018067
1.7735 0.5206734999013688
1.7745 0.52571358014434
1.7755 0.5243568224125347
1.7765 0.5180435558651996
1.7775 0.5312447200363618
1.7785 0.5144668654087966
1.7795 0.5256442110674624
1.7805 0.5239925132995595
1.7815 0.5191583008387782
1.7825 0.5156509914028027
1.7835 0.5206927529815069
1.7845 0.523041104686796
1.7855 0.5183951795726777
1.7865 0.5107180640061068
1.7875 0.5126994283715129
1.7885 0.5196908916738385
1.7895 0.5094076785567555
1.7905 0.509692696305206
1.7915 0.5080608301558405
1.7925 0.5102136351308246
1.7935 0.5102873548140617
1.7945 0.5001181058917932
1.7955 0.511490338271984
1.7965 0.5083697661499037
1.7975 0.5036827856349579
1.7985 0.502280678147735
1.7995 0.5093642418943566
1.8005 0.5093268727514646
1.8015 0.5087528435264205
1.8025 0.5156885592402493
1.8035 0.5119820395751954
1.8045 0.5032753723841322
1.8055 0.5094565453343689
1.8065 0.5183379904512818
1.8075 0.5292134420866387
1.8085 0.5207472096187662
1.8095 0.5240616380065194
1.8105 0.527668615192227
1.8115 0.5289434155979712
1.8125 0.5230465536799258
1.8135 0.5337774242647711
1.8145 0.5243108442081194
1.8155 0.5335100249187904
1.8165 0.5357022752450878
1.8175 0.537361270809425
1.8185 0.5325435587998225
1.8195 0.5469644381543602
1.8205 0.5376072284690238
1.8215 0.5373203586679416
1.8225 0.5389802545585299
1.8235 0.5418686866361814
1.8245 0.5388930911693551
1.8255 0.5383695746899684
1.8265 0.5454463653887615
1.8275 0.5382104087844694
1.8285 0.5382225133517422
1.8295 0.5362014706403293
1.8305 0.5347715572751179
1.8315 0.5523455018867224
1.8325 0.5362884802864843
1.8335 0.5330149709277171
1.8345 0.543255530458343
1.8355 0.5328135623983793
1.8365 0.537852234031646
1.8375 0.5367470985209392
1.8385 0.529794825918385
1.8395 0.5324788283029169
1.8405 0.5344998000929847
1.8415 0.5279614886474696
1.8425 0.5289295753518881
1.8435 0.5348734158536348
1.8445 0.5239113048023291
1.8455 0.5290888249879986
1.8465 0.5165894136133624
1.8475 0.5284783212327638
1.8485 0.5201650967083573
1.8495 0.5219907850742064
1.8505 0.5205960189382615
1.8515 0.5180656911836363
1.8525 0.5153836318268189
1.8535 0.5165991436339769
1.8545 0.5109220243711201
1.8555 0.5125635813727383
1.8565 0.5171949114714197
1.8575 0.5149015163435409
1.8585 0.5169802402443988
1.8595 0.5186523516022086
1.8605 0.5153435078865787
1.8615 0.5155525255539948
1.8625 0.5159357110155683
1.8635 0.5151591409779165
1.8645 0.5209662128924991
1.8655 0.5206100076253207
1.8665 0.5254506660756675
1.8675 0.5265937141241716
1.8685 0.5289018984866095
1.8695 0.532216312249952
1.8705 0.5345884595216428
1.8715 0.5292087148760662
1.8725 0.5362289711642421
1.8735 0.5390816311101402
1.8745 0.5457852659222658
1.8755 0.5478622438944339
1.8765 0.5362737320380144
1.8775 0.5507153371111451
1.8785 0.542608688350232
1.8795 0.5471367772967188
1.8805 0.5437659848176233
1.8815 0.546916199867914
1.8825 0.5461320757693988
1.8835 0.5456741470096318
1.8845 0.5490890441605099
1.8855 0.5444821199231025
1.8865 0.5442261047652924
1.8875 0.5510091611961794
1.8885 0.5428315131919028
1.8895 0.5457329128902477
1.8905 0.541335519594016
1.8915 0.5403995046740895
1.8925 0.5486229201858306
1.8935 0.5375985017277908
1.8945 0.5383059176208614
1.8955 0.5399194356769125
1.8965 0.5367028819423033
1.8975 0.5414562039796761
1.8985 0.535182812682938
1.8995 0.5296500792457219
1.9005 0.5332171003929586
1.9015 0.5338570389081035
1.9025 0.529458079724661
1.9035 0.5209748565738326
1.9045 0.5312172499345097
1.9055 0.5218221678629442
1.9065 0.5252620462792513
1.9075 0.5183004511779933
1.9085 0.5284405410173221
1.9095 0.5262918766407397
1.9105 0.519548658431718
1.9115 0.5263497670770706
1.9125 0.5186615610759692
1.9135 0.5200014712167758
1.9145 0.5181592787718473
1.9155 0.5231402054085469
1.9165 0.5266105189697166
1.9175 0.5228070403729753
1.9185 0.5206659168203293
1.9195 0.526343352690288
1.9205 0.5192666789090955
1.9215 0.5322766141049501
1.9225 0.5262184523060879
1.9235 0.5276056641459365
1.9245 0.5280694240774485
1.9255 0.5341131054578266
1.9265 0.5312124956045888
1.9275 0.5361153612899833
1.9285 0.5376432675350072
1.9295 0.5433581991259062
1.9305 0.5358923970189354
1.9315 0.544910743784162
1.9325 0.5291911159780385
1.9335 0.5457850951800238
1.9345 0.5467884407454092
1.9355 0.5348224554088444
1.9365 0.5426972502865831
1.9375 0.5349252500491956
1.9385 0.5457827434851292
1.9395 0.5423659911018692
1.9405 0.5377942337138818
1.9415 0.5419929202057474
1.9425 0.5345840767173489
1.9435 0.5478911869994277
1.9445 0.5430071587690257
1.9455 0.5497394695890762
1.9465 0.5450143287531702
1.9475 0.5410924652645747
1.9485 0.5467815506092174
1.9495 0.5436727917703642
1.9505 0.5386486762173142
1.9515 0.5492727666150438
1.9525 0.541658010598479
1.9535 0.53065775569581
1.9545 0.5372916587108311
1.9555 0.5248027033306336
1.9565 0.518086839038513
1.9575 0.5036508539299093
1.9585 0.4835171245397998
1.9595 0.47255088294731734
1.9605 0.44716789819629926
1.9615 0.43024456635811015
1.9625 0.4122378068060644
1.9635 0.38389517608901624
1.9645 0.3559270785424556
1.9655 0.32898395596647584
1.9665 0.3062284325936326
1.9675 0.2757197458490284
1.9685 0.25506835122572724
1.9695 0.22861113026105395
1.9705 0.20652442922018824
1.9715 0.18627199458734567
1.9725 0.16742019462858937
1.9735 0.15247346151474578
1.9745 0.13541814585030862
1.9755 0.12196902940599767
1.9765 0.11424861335179338
1.9775 0.10027590996095867
1.9785 0.09303658029697842
1.9795 0.08390675905947816
1.9805 0.07595102930373357
1.9815 0.06830164056830741
1.9825 0.06154000233969571
1.9835 0.05374201178727235
1.9845 0.04889453582113842
1.9855 0.042898864578485796
1.9865 0.03723656883521504
1.9875 0.03179683992312497
1.9885 0.028979876368516937
1.9895 0.024457452710892537
1.9905 0.02217736053135576
1.9915 0.01901621167110371
1.9925 0.0166648616812903
1.9935 0.014491327413364907
1.9945 0.012586789953544331
1.9955 0.011016014127897052
1.9965 0.009317797436644643
1.9975 0.00858076384994909
1.9985 0.00721760218248202
1.9995 0.006476224392894811
2.0005 0.005690960980791903
2.0015 0.005116692339260352
2.0025 0.004412460448091062
2.0035 0.003929006348083987
2.0045 0.003514338552422059
2.0055 0.003113443745004628
2.0065 0.0027404839741563044
2.0075 0.0024547780894976826
2.0085 0.002162178392328466
2.0095 0.001988345275248907
2.0105 0.0017473747870501888
2.0115 0.0015945504060302465
2.0125 0.00143401139881903
2.0135 0.0012804630579396816
2.0145 0.0011618561591888307
2.0155 0.0010272565254925152
2.0165 0.0009742441960548669
2.0175 0.0008865133395678248
2.0185 0.0007906879050329386
2.0195 0.0007123562822983258
2.0205 0.0006670706301607111
2.0215 0.0006009566727066643
2.0225 0.0005562398096294277
2.0235 0.0005126707305259403
2.0245 0.00047353221934443837
2.0255 0.00042390932188284485
2.0265 0.0004001089724138934
2.0275 0.0003665366111932501
2.0285 0.0003445294121854049
2.0295 0.0003210256279106304
2.0305 0.0003012928739887107
2.0315 0.0002726785039363781
2.0325 0.00026554264696889796
2.0335 0.00024152527097312353
2.0345 0.00022653368850350145
2.0355 0.00020717401262283078
2.0365 0.00020040373536036552
2.0375 0.00018163556563728485
2.0385 0.00016870526935742526
2.0395 0.00015979472025407518
2.0405 0.00015764463308925116
2.0415 0.00014935879128147672
2.0425 0.000138052727783514
2.0435 0.00012928535943450436
2.0445 0.00012478303091706727
2.0455 0.00010937801013191783
2.0465 0.00010163986217696773
2.0475 9.565216681325414e-05
2.0485 9.499083873359654e-05
2.0495 8.05401992832282e-05
2.0505 8.153068648678905e-05
2.0515 7.83598321822352e-05
2.0525 6.768763072331176e-05
2.0535 6.21865565683485e-05
2.0545 6.683271672660472e-05
2.0555 5.408776093829627e-05
2.0565 5.878667660151714e-05
2.0575 5.710939828692572e-05
2.0585 3.748785997333518e-05
2.0595 4.244472492197874e-05
2.0605 4.54961754019948e-05
2.0615 4.088155948727812e-05
2.0625 4.329498099844342e-05
2.0635 4.088795799003321e-05
2.0645 1.856742395254968e-05
2.0655 3.533847914110758e-05
2.0665 3.3009346283255504e-05
2.0675 2.738414096766247e-05
2.0685 2.0031403598122427e-05
2.0695 2.4558490797376144e-05
2.0705 2.518626465362672e-05
2.0715 2.386839648409631e-05
2.0725 1.2771985171045806e-05
2.0735 1.631742823556714e-05
2.0745 1.1659461094570596e-05
2.0755 1.3866479459376416e-05
2.0765 4.077177177274781e-06
2.0775 1.8600490284019368e-05
2.0785 2.0424399535104677e-05
2.0795 1.3982528060211326e-05
2.0805 3.791965038919857e-06
2.0815 1.1770110744313108e-05
2.0825 1.116056764007417e-05
2.0835 1.2632196333683625e-05
2.0845 9.194683024745412e-06
2.0855 9.969570991043402e-06
2.0865 9.938553989068021e-06
2.0875 1.9615955866343776e-06
2.0885 4.506592608824579e-06
2.0895 1.6436946091502324e-05
2.0905 6.287146579456404e-06
2.0915 7.156442984809339e-06
2.0925 2.088949339795582e-06
2.0935 1.0750200248061479e-05
2.0945 3.910340833580932e-06
2.0955 3.1338701304477175e-06
2.0965 6.965568250287073e-06
2.0975 6.537261316708747e-06
2.0985 5.677192885681868e-11
2.0995 1.0679123316811429e-05
2.1005 2.6079189913896225e-06
2.1015 2.917922181202862e-06
2.1025 4.022655364039636e-06
2.1035 1.178621042341983e-05
2.1045 8.962475510021066e-06
2.1055 3.928670582409635e-06
2.1065 6.593938784224296e-06
2.1075 2.124266195625654e-06
2.1085 4.045773994316053e-06
2.1095 4.5364485082817855e-06
2.1105 6.804436062748032e-06
2.1115 1.3433564672317248e-05
2.1125 8.800441983032756e-07
2.1135 9.466853959853324e-07
2.1145 9.33305067237629e-06
2.1155 6.166008239295086e-06
2.1165 5.9397056375301106e-06
2.1175 6.569391567194312e-06
2.1185 8.401654400469112e-07
2.1195 7.655397468858203e-06
2.1205 6.68610884720771e-06
2.1215 4.751178375238867e-06
2.1225 9.867524065359956e-06
2.1235 1.0504015859704536e-06
2.1245 7.069672920243728e-06
2.1255 1.1662795616306901e-05
2.1265 5.646110769133389e-06
2.1275 5.145090088030766e-06
2.1285 5.6893225853005984e-11
2.1295 5.145677068838386e-06
2.1305 9.781432340575875e-06
2.1315 1.2497225765662562e-05
2.1325 1.620293219933813e-05
2.1335 5.683011139819032e-11
2.1345 3.597892056938152e-06
2.1355 3.3500573812924193e-06
2.1365 6.930181287228529e-06
2.1375 4.175850859130135e-06
2.1385 3.4597460912460776e-06
2.1395 9.231909082744443e-06
2.1405 2.201515263735198e-06
2.1415 2.6311563417527513e-07
2.1425 3.6288301606351765e-06
2.1435 2.7919930611337772e-06
2.1445 5.6691263942019745e-06
2.1455 5.674432173515031e-11
2.1465 2.16332668950971e-06
2.1475 5.750417330373631e-07
2.1485 5.9034157788794975e-06
2.1495 4.5373686181964856e-07
2.1505 5.317915707398281e-06
2.1515 5.6733622540027976e-11
2.1525 4.19845497541662e-06
2.1535 1.8975032384482258e-06
2.1545 1.4666960730940945e-06
2.1555 8.373451333930518e-06
2.1565 1.9972937720233986e-06
2.1575 7.393223538573125e-07
2.1585 5.2946202949682605e-06
2.1595 1.5143592842048676e-06
2.1605 5.598942284243807e-06
2.1615 8.945600223477754e-06
2.1625 1.938466368927976e-06
2.1635 7.42979400862712e-06
2.1645 1.1956864720903571e-06
2.1655 1.1121953228495377e-06
2.1665 5.6344414753145354e-11
2.1675 1.3571989751001593e-05
2.1685 1.5969603402491946e-05
2.1695 3.4704815361229613e-07
2.1705 6.48304746239119e-06
2.1715 2.874672106682341e-06
2.1725 1.7544523046757482e-06
2.1735 9.125558823526702e-06
2.1745 6.042899812467931e-06
2.1755 1.7923390827461211e-06
2.1765 2.344234815923086e-06
2.1775 3.001356792305666e-06
2.1785 4.71230472234148e-06
2.1795 5.587194939629412e-11
2.1805 3.7574763061825143e-06
2.1815 6.253326731351761e-06
2.1825 5.194318399315393e-06
2.1835 2.294125225322982e-06
2.1845 3.7451630561604183e-06
2.1855 1.7970894240186403e-06
2.1865 5.261233389738196e-06
2.1875 5.319256139912078e-06
2.1885 7.497004567549786e-06
2.1895 1.0458794558075635e-06
2.1905 2.676375770010115e-06
2.1915 2.213764447280575e-06
2.1925 3.117488447283015e-06
2.1935 5.595619894993791e-11
2.1945 4.8321767887886615e-06
2.1955 6.509892470152471e-06
2.1965 7.3628962396832505e-06
2.1975 1.3108760839658534e-05
2.1985 5.6162128399560784e-11
2.1995 1.3655014449493536e-05
2.2005 2.618601662370129e-06
2.2015 9.850399603428003e-06
2.2025 1.2959796463626877e-05
2.2035 5.628943151269644e-11
2.2045 4.4204987730745575e-06
2.2055 6.117246930587635e-06
2.2065 9.407703704119773e-06
2.2075 4.882312920545486e-07
2.2085 5.478594865899636e-06
2.2095 1.8671084981439113e-06
2.2105 9.500753902526606e-06
2.2115 5.989314954108814e-06
2.2125 2.366338679578657e-06
2.2135 6.5294497592976595e-06
2.2145 4.850504787569436e-06
2.2155 2.9065656477295258e-05
2.2165 5.6589093516773884e-11
2.2175 1.2908622903761174e-05
2.2185 1.1536511594340278e-05
2.2195 1.9317357186832332e-05
2.2205 4.778786856026981e-06
2.2215 7.632840835748637e-06
2.2225 8.55207436417445e-06
2.2235 2.0024614687113606e-06
2.2245 2.741970900109334e-06
2.2255 1.2531316036130014e-05
2.2265 7.180554941402794e-06
2.2275 1.5358651757922152e-05
2.2285 5.6703651128693506e-11
2.2295 4.6570279168616075e-06
2.2305 3.936863878318593e-06
2.2315 5.667755330237359e-11
2.2325 5.7006978267713944e-06
2.2335 8.154241377654814e-06
2.2345 6.41351224997617e-06
2.2355 1.143631561533457e-05
2.2365 6.43298611733892e-06
2.2375 6.865513647173636e-06
2.2385 1.074416227665924e-05
2.2395 5.665605453842152e-11
2.2405 2.7137521620130764e-05
2.2415 7.492975321302007e-06
2.2425 1.2643262330217415e-05
2.2435 7.476968698459401e-08
2.2445 1.1440763787309853e-05
2.2455 5.6521529743882814e-11
2.2465 1.558349925909404e-05
2.2475 3.1045565196330557e-06
2.2485 6.680002039378188e-06
2.2495 1.2306961345139401e-05
2.2505 7.393363384483817e-06
2.2515 1.4903961058287959e-05
2.2525 1.1532047829248668e-05
2.2535 1.0317743988472483e-05
2.2545 5.702599042406627e-06
2.2555 1.1501000441500379e-06
2.2565 1.0280008376350025e-06
2.2575 5.8726524988745615e-06
2.2585 9.348931819345596e-06
2.2595 9.890207882278275e-07
2.2605 1.5640920635984256e-05
2.2615 2.198392122612542e-06
2.2625 8.668968532124819e-06
2.2635 5.4633279547476444e-11
2.2645 1.5211679689777562e-05
2.2655 3.255605540508774e-07
2.2665 1.5024543841082665e-05
2.2675 5.016122890446073e-07
2.2685 2.3235383054211314e-06
2.2695 9.871394763821623e-06
2.2705 5.108751056549935e-06
2.2715 3.5525929551752838e-06
2.2725 4.365137871752975e-06
2.2735 6.3460956235228396e-06
2.2745 4.059444515701653e-06
2.2755 1.3453120447384629e-05
2.2765 5.5396360434799414e-11
2.2775 2.4057712822971554e-06
2.2785 4.184395803612187e-06
2.2795 5.540446413789715e-11
2.2805 8.253079789103546e-06
2.2815 3.58892072245576e-06
2.2825 4.448471842105405e-06
2.2835 3.994714165310775e-06
2.2845 6.168049954258681e-06
2.2855 2.8628466986400017e-07
2.2865 5.240772002558598e-07
2.2875 4.250694851324795e-07
2.2885 4.462824201171394e-06
2.2895 3.3750135306884714e-06
2.2905 5.264305433269411e-06
2.2915 5.5241527743233384e-11
2.2925 6.129685475975411e-06
2.2935 8.794857716620501e-07
2.2945 5.514576274769198e-11
2.2955 2.0291101720729315e-06
2.2965 3.6357855508386905e-07
2.2975 2.05208692973437e-06
2.2985 4.31575087104714e-07
2.2995 5.4794550142415145e-11
2.3005 1.4301523750303725e-06
2.3015 6.319371459093515e-06
2.3025 2.235348040468773e-06
2.3035 5.4268120898576895e-11
2.3045 8.585807875292206e-07
2.3055 1.6327922335691673e-06
2.3065 2.8396039735813487e-07
2.3075 3.419060389899169e-06
2.3085 5.319808100252137e-11
2.3095 4.882901894120955e-07
2.3105 6.612016216996581e-06
2.3115 1.687566407880772e-06
2.3125 1.9107649178161146e-06
2.3135 2.3996307000875437e-06
2.3145 1.4358850287559716e-06
2.3155 5.281755494835872e-07
2.3165 4.956470838802649e-11
2.3175 2.15032999057379e-06
2.3185 4.798442309772603e-11
2.3195 1.1681895249160236e-06
2.3205 2.872739796306341e-06
2.3215 9.020646140074895e-07
2.3225 3.8496404464153114e-07
2.3235 5.029790046097655e-07
2.3245 1.1791195143331047e-06
2.3255 1.2827798803774558e-06
2.3265 1.538410856184699e-06
2.3275 2.6177633277495083e-06
2.3285 3.604153910803572e-11
2.3295 3.472783304465949e-11
2.3305 1.5716561523111435e-06
2.3315 8.415768777698793e-07
2.3325 3.0408888099724035e-07
2.3335 2.936884868082825e-11
2.3345 1.61986860210723e-06
2.3355 1.1187150604838258e-06
2.3365 2.47251625268517e-06
2.3375 2.4387241050437425e-11
2.3385 2.3359891178092987e-11
2.3395 1.78342738388602e-06
2.3405 9.788085579675497e-07
2.3415 9.263191932801267e-07
2.3425 1.4879061941052271e-06
2.3435 8.674017900339097e-07
2.3445 4.6005112735011647e-07
2.3455 1.936045691628701e-06
2.3465 8.116810684001455e-08
2.3475 3.0517661219904284e-06
2.3485 2.7994780595867873e-06
2.3495 1.9314763443765657e-11
2.3505 7.03621014092264e-07
2.3515 8.864060484712633e-07
2.3525 1.0187797264892264e-06
2.3535 6.186581387802193e-07
2.3545 1.5470867247439955e-06
2.3555 1.719354927551023e-07
2.3565 2.1746947037172897e-07
2.3575 5.672697454430195e-07
2.3585 6.659526341464394e-07
2.3595 8.670448330978058e-08
2.3605 3.5495003142389726e-07
2.3615 5.734496180543386e-07
2.3625 2.4750387922036293e-07
2.3635 9.725833460829486e-07
2.3645 1.0643273943365274e-11
2.3655 4.247718662460413e-07
2.3665 8.595112052428457e-12
2.3675 1.0733005395407334e-07
2.3685 1.0418028090347306e-07
2.3695 1.755883305643257e-07
2.3705 3.9343234112433953e-07
2.3715 3.304936871846649e-07
2.3725 3.558468863316299e-12
2.3735 1.864924041041443e-07
2.3745 6.695696890064783e-08
2.3755 6.641446723928893e-08
2.3765 8.724431694262992e-08
2.3775 5.136913730602748e-08
2.3785 1.6834439861437267e-08
2.3795 1.5051468365360494e-07
2.3805 1.960753774103893e-07
2.3815 1.3870705106526264e-07
2.3825 1.7213752701989486e-12
2.3835 2.9610457899258343e-07
2.3845 1.1504433239447402e-08
2.3855 2.0964794233756113e-07
2.3865 4.669218258864387e-08
2.3875 1.225585081796379e-07
2.3885 2.4983070775476986e-08
2.3895 8.132756009301412e-09
2.3905 2.5561488928649184e-08
2.3915 3.285493880856801e-08
2.3925 5.6111171625790876e-08
2.3935 1.919782104636442e-08
2.3945 8.891279429274079e-09
2.3955 2.0019912696913832e-08
2.3965 4.938038476362159e-08
2.3975 3.4100088479748554e-13
2.3985 3.051722968472455e-13
2.3995 2.592987609234366e-08
2.4005 1.1382761720265373e-08
2.4015 1.444006374796304e-09
2.4025 1.6807316492429378e-08
2.4035 2.6395148920702864e-09
2.4045 1.536796625842506e-13
2.4055 2.0086541756911265e-08
2.4065 1.3371204189330143e-08
2.4075 9.406039401269813e-10
2.4085 6.286492169142462e-09
2.4095 3.737260333367691e-09
2.4105 7.541441419178754e-09
2.4115 7.480936591639757e-09
2.4125 4.5708751622666016e-10
2.4135 2.1664187156035257e-09
2.4145 6.360766100750887e-10
2.4155 3.95449400331487e-14
2.4165 1.9769589601715602e-10
2.4175 7.330515168200256e-10
2.4185 2.294111424329577e-09
2.4195 4.374857699892407e-09
2.4205 2.0554958627435855e-14
2.4215 1.801035162031397e-14
2.4225 1.3903408496306782e-10
2.4235 1.0455412445093286e-09
2.4245 1.1374898451409624e-10
2.4255 9.351750313840616e-10
2.4265 3.1092959413922357e-09
2.4275 8.062611827116058e-15
2.4285 1.9910403058427087e-11
2.4295 8.907674607618734e-11
2.4305 7.931566173462208e-10
2.4315 4.671952329826383e-15
2.4325 4.0144273350297514e-10
2.4335 4.2521769637301115e-11
2.4345 3.0798395698838312e-15
2.4355 2.6747001035092535e-15
2.4365 2.875005591244906e-10
2.4375 1.463645526389689e-10
2.4385 1.3970740845066478e-10
2.4395 1.4969451237279246e-15
2.4405 1.5378524657271297e-10
2.4415 2.107653865896542e-10
2.4425 9.442828288762013e-16
2.4435 3.410177737897968e-11
2.4445 2.7443762227945465e-11
2.4455 5.749866581797206e-16
2.4465 6.862102895877752e-11
2.4475 1.3380778426717635e-10
2.4485 1.8175086225097173e-11
2.4495 2.9628786727039017e-16
2.4505 5.2447781831812264e-11
2.4515 2.801367802719711e-16
2.4525 3.144561025569606e-11
2.4535 1.0179545367741076e-11
2.4545 3.741845158282505e-11
2.4555 2.3532741426122534e-16
2.4565 1.0331025969712493e-11
2.4575 5.475030815038775e-12
2.4585 1.9901583365677517e-16
2.4595 1.5846689857654e-11
2.4605 5.4728808884101274e-11
2.4615 1.2472367917893594e-11
2.4625 1.766993380607222e-11
2.4635 1.4396543979594984e-16
2.4645 4.5798231415744517e-11
2.4655 8.572890641810436e-12
2.4665 5.2607149840749296e-12
2.4675 6.050604124648048e-12
2.4685 1.9817034462107053e-11
2.4695 7.175188803622535e-12
2.4705 1.876503082227106e-11
2.4715 5.197353783001971e-12
2.4725 1.5735988597441026e-12
2.4735 5.0756724668226756e-12
2.4745 6.788400370907714e-12
2.4755 5.103216396411063e-17
2.4765 7.409131338266145e-12
2.4775 1.7699858877678588e-12
2.4785 1.556244043657398e-12
2.4795 1.374119835198939e-12
2.4805 4.921036772018652e-12
2.4815 1.716706747748365e-12
2.4825 2.5482972765927795e-17
2.4835 1.3946602851070578e-12
2.4845 1.4410306250236133e-12
2.4855 7.427612802508151e-12
2.4865 1.690676547648797e-17
2.4875 8.646582675780205e-13
2.4885 2.0964749737452703e-12
2.4895 1.2572660742793233e-17
2.4905 2.947615876870549e-13
2.4915 1.3937835725524004e-12
2.4925 5.381482930013983e-13
2.4935 2.6225480698372666e-12
2.4945 5.499464003466076e-13
2.4955 8.019009732640813e-13
2.4965 3.445918134301959e-13
2.4975 5.180991578472379e-18
2.4985 1.0165650640939301e-12
2.4995 3.3062086820935235e-14
2.5005 4.704828037407813e-13
2.5015 3.3318850137963356e-18
2.5025 6.432093881482182e-13
2.5035 6.354748219945741e-13
2.5045 5.1691267623691655e-14
2.5055 1.1745921173506683e-13
2.5065 2.856044050334623e-13
2.5075 6.807667038244197e-13
2.5085 1.5437846679106103e-18
2.5095 8.441486199726446e-13
2.5105 1.2407741388834576e-18
2.5115 2.8556038594399256e-13
2.5125 3.1564126556401824e-14
2.5135 8.14573673789328e-14
2.5145 3.068184541581851e-14
2.5155 7.209410121162132e-19
2.5165 3.08940945058877e-13
2.5175 5.810929418141958e-19
2.5185 5.218845939384027e-19
2.5195 9.100774833670683e-14
2.5205 4.212658145120931e-19
2.5215 3.8131523387751257e-14
2.5225 3.402136332739845e-19
2.5235 3.057752261011995e-19
2.5245 1.20267526074725e-13
2.5255 7.084486976431465e-14
2.5265 2.226876643552305e-19
2.5275 2.004503709434981e-19
2.5285 1.060615363546034e-14
2.5295 3.07035562261083e-14
2.5305 1.4639668402963224e-19
2.5315 2.3774837343839133e-14
2.5325 2.2438255798417715e-15
2.5335 5.843519607255882e-14
2.5345 2.0590180645583396e-14
2.5355 8.704604241052896e-20
2.5365 7.848563143879214e-20
2.5375 1.0954827529160584e-14
2.5385 3.845011090297349e-15
2.5395 5.756875093542508e-20
2.5405 3.758816355169741e-15
2.5415 2.9444990667940068e-15
2.5425 5.861199219815529e-15
2.5435 2.4822556475485475e-15
2.5445 2.8462554384157337e-15
2.5455 1.7459984652361562e-15
2.5465 1.25112386387462e-14
2.5475 2.5238773785105353e-20
2.5485 2.2765660259487267e-20
2.5495 8.181332174634742e-15
2.5505 2.402608765502817e-15
2.5515 2.406086984647511e-15
2.5525 1.4720389660209346e-20
2.5535 1.3149290656358241e-20
2.5545 1.1743209743855682e-20
2.5555 1.4253900800751006e-15
2.5565 1.283758938221813e-15
2.5575 3.2395295819675205e-15
2.5585 2.2073192664302686e-15
2.5595 6.646917049804936e-21
2.5605 7.287675343649644e-17
2.5615 8.499214494087081e-16
2.5625 4.709467373207917e-21
2.5635 2.902995533857152e-16
2.5645 9.74131388954181e-16
2.5655 2.30597678614305e-15
2.5665 2.963586667695657e-21
2.5675 2.9440840321535773e-16
2.5685 9.146512941094152e-16
2.5695 1.4207844796988607e-16
2.5705 1.8570938877871516e-21
2.5715 1.009286254507023e-15
2.5725 9.552584232154024e-17
2.5735 2.651309172105e-16
2.5745 1.1590319055273068e-21
2.5755 4.4371576754375315e-16
2.5765 1.3426089173097717e-16
2.5775 8.117799909290896e-22
2.5785 7.2057597509749925e-22
2.5795 6.453283780353078e-16
2.5805 5.673516278623303e-22
2.5815 5.235644984844363e-17
2.5825 4.420860269767835e-22
2.5835 3.842871684346049e-22
2.5845 2.9861107672299966e-16
2.5855 2.8889349025782535e-22
2.5865 8.519661624913473e-18
2.5875 1.840332121691355e-17
2.5885 1.6109030306664662e-16
2.5895 1.5972327377523782e-22
2.5905 8.099641276375764e-17
2.5915 1.1707891663865512e-22
2.5925 9.97724517508167e-23
2.5935 8.471486601657581e-23
2.5945 7.159026796732259e-23
2.5955 6.021098058916078e-23
2.5965 2.66887832507638e-17
2.5975 4.54833016052604e-18
2.5985 3.4568459378906447e-23
2.5995 2.825651532782926e-23
2.6005 2.131315902885322e-17
