Wavelength_microns Throughput
2.0004663860000003 1.1455791958165433e-11
2.002074478 9.323131928029524e-12
2.00368257 8.208695587623394e-12
2.005290662 8.42957789956635e-12
2.006898754 8.062315695329155e-12
2.008506846 6.676321680237909e-12
2.010114938 5.835559441595721e-12
2.01172303 5.420227288512692e-12
2.013331122 4.979972186423848e-12
2.014939214 4.53922944975293e-12
2.016547306 4.0305994502699645e-12
2.018155398 3.5565901731693087e-12
2.01976349 3.5833370524582744e-12
2.021371582 4.1518808423429005e-12
2.022979674 3.887273121867494e-12
2.0245877660000002 3.0893289137419332e-12
2.026195858 3.2282902860861592e-12
2.027803949 4.000390825586378e-12
2.029412041 4.106308663877241e-12
2.031020133 3.778645957084725e-12
2.032628225 3.824204539656397e-12
2.034236317 4.022102399788561e-12
2.035844409 4.347354812116263e-12
2.037452501 4.749475167441031e-12
2.039060593 4.672178275960544e-12
2.040668685 4.440365644904591e-12
2.042276777 4.180242813718592e-12
2.0438848689999998 3.9468466616786314e-12
2.045492961 3.3636306504007733e-12
2.047101053 2.7529926668118283e-12
2.0487091449999997 3.025861983147636e-12
2.0503172370000002 3.790492315584058e-12
2.0519253290000004 3.5272345752010593e-12
2.053533421 2.9872258881867793e-12
2.055141513 3.179519108920898e-12
2.056749605 3.768156907428443e-12
2.058357697 3.833309247559505e-12
2.059965788 3.7764303778772925e-12
2.06157388 3.586263169404283e-12
2.0631819719999998 3.5066422211959904e-12
2.064790064 4.135003823157062e-12
2.066398156 5.478378945497177e-12
2.068006248 5.716602434560509e-12
2.06961434 5.556986222871851e-12
2.071222432 5.827265408379684e-12
2.072830524 6.543468524084704e-12
2.074438616 5.915720872518064e-12
2.076046708 3.8654636332557775e-12
2.0776548 3.0213987667444424e-12
2.079262892 3.4962043965199745e-12
2.080870984 4.197913784141799e-12
2.0824790760000003 5.56554644542471e-12
2.084087168 7.378640073076237e-12
2.08569526 9.338404124452606e-12
2.0873033519999997 1.1650567045915325e-11
2.088911444 1.185301416888621e-11
2.090519536 1.212808184187901e-11
2.092127627 1.768513739662945e-12
2.0937357189999997 2.681102428919546e-13
2.0953438110000002 8.60771632765798e-14
2.0969519030000003 4.343034771401824e-14
2.098559995 4.532505605059204e-14
2.100168087 5.3493839264477e-14
2.101776179 6.280927911937103e-14
2.103384271 7.401972627173393e-14
2.104992363 8.68988036571317e-14
2.1066004549999997 1.0078409508891007e-13
2.1082085470000003 1.1619851741711267e-13
2.109816639 1.3201771677665904e-13
2.111424731 1.4761291530124947e-13
2.113032823 1.6176095949130426e-13
2.114640915 1.7292152242700503e-13
2.116249007 1.8200794573286454e-13
2.1178570989999996 1.8672632708201287e-13
2.1194651909999997 1.8861112947996007e-13
2.1210732830000003 1.8797876452086821e-13
2.122681375 1.8509977826483948e-13
2.124289466 1.8011999456570562e-13
2.125897558 1.750718145605651e-13
2.1275056500000002 1.6988338442251408e-13
2.129113742 1.6446545195627877e-13
2.130721834 1.5971501482809663e-13
2.1323299259999997 1.5501319875198725e-13
2.133938018 1.5056360995097262e-13
2.1355461100000004 1.4664169556373512e-13
2.137154202 1.4369076600025048e-13
2.138762294 1.4083028396926713e-13
2.140370386 1.387489303608217e-13
2.141978478 1.3659057295127583e-13
2.14358657 1.35325310256423e-13
2.1451946619999998 1.3439018216203632e-13
2.146802754 1.337236203994679e-13
2.1484108460000004 1.3337705058923184e-13
2.150018938 1.3335137858698251e-13
2.15162703 1.3371883044497236e-13
2.153235122 1.3445841722330856e-13
2.154843214 1.3530026883100548e-13
2.156451305 1.3670268724147715e-13
2.158059397 1.380455974266104e-13
2.159667489 1.400831675298178e-13
2.161275581 1.4257283035901115e-13
2.1628836729999996 1.448614699054898e-13
2.164491765 1.477807184307488e-13
2.1660998570000003 1.5106621322881212e-13
2.167707949 1.5473252250767188e-13
2.169316041 1.5878224709720184e-13
2.170924133 1.6287319634297094e-13
2.172532225 1.6797660912245464e-13
2.174140317 1.7339298041202601e-13
2.1757484089999997 1.793733845429036e-13
2.177356501 1.8595627829765575e-13
2.1789645930000003 1.931798650957728e-13
2.180572685 2.0119285686775658e-13
2.182180777 2.0999541939170676e-13
2.183788869 2.1994343992388556e-13
2.185396961 2.3130248949009165e-13
2.187005053 2.4324827914063165e-13
2.1886131449999997 2.5663002604446865e-13
2.1902212359999997 2.7147293325802237e-13
2.191829328 2.88066599065279e-13
2.1934374200000004 3.0672301678943635e-13
2.195045512 3.2759051557210216e-13
2.196653604 3.516157058641373e-13
2.198261696 3.786427129682238e-13
2.199869788 4.092678866656222e-13
2.20147788 4.4532466236361373e-13
2.203085972 4.857368060016941e-13
2.204694064 5.330771749553468e-13
2.206302156 5.884243407091291e-13
2.207910248 6.536035783915912e-13
2.2095183400000002 7.326942517221643e-13
2.211126432 8.2713514640843e-13
2.212734524 9.41641154032452e-13
2.2143426159999997 1.0846488072079914e-12
2.215950708 1.2614350290604702e-12
2.2175588 1.4867393522788551e-12
2.219166892 1.7648597095469941e-12
2.220774984 2.1059499648835822e-12
2.221786975 2.354018645345406e-12
2.222987941 2.675967527491542e-12
2.2241889070000003 3.0066060718500167e-12
2.225389873 3.3203216262536575e-12
2.226590839 3.6009986781945676e-12
2.227791805 3.823421500435269e-12
2.228992771 3.9921985606917665e-12
2.230193737 4.110478756235036e-12
2.231394703 4.202740978765282e-12
2.2325956689999997 4.2954370241253365e-12
2.233796635 4.40624869138968e-12
2.234997601 4.54333060410561e-12
2.2361985669999997 4.737819850400133e-12
2.2373995329999996 4.971275510622771e-12
2.238600498 5.2600547576627555e-12
2.239801464 5.602822376772574e-12
2.24100243 6.018069554343315e-12
2.242203396 6.504132692694041e-12
2.243404362 7.067060519390454e-12
2.244605328 7.720707776806749e-12
2.245806294 8.464765639032597e-12
2.2470072599999997 8.173077121738084e-10
2.248208226 1.0044389973371553e-09
2.249409192 1.0663492649054225e-08
2.2506101579999997 3.6302015882336306e-09
2.251811124 1.6896418981542106e-08
2.2530120900000004 2.1124647093932333e-08
2.254213056 3.5349073857345396e-08
2.255414021 3.360611312505859e-08
2.256614987 2.0739772141175606e-08
2.2578159529999997 3.490658741827683e-08
2.259016919 3.9292732711699205e-08
2.260217885 2.7294078546476628e-11
2.2614188509999997 3.907140683823781e-09
2.2626198169999996 3.816805325394195e-08
2.2638207830000003 4.090072448097234e-08
2.265021749 9.330741864196091e-08
2.266222715 5.760270754057035e-08
2.2674236810000004 6.420900926970924e-08
2.268624647 9.072327379853124e-08
2.269825613 9.111664685805494e-08
2.271026579 1.3993798171621295e-07
2.2722275450000002 1.6432870823645006e-07
2.27342851 1.319397209109107e-07
2.274629476 2.0951559303804865e-07
2.2758304419999997 2.3257469731534331e-07
2.277031408 2.262573082253411e-07
2.2782323740000003 1.782788636768182e-07
2.27943334 2.195419732514259e-07
2.280634306 1.6437889239349005e-07
2.281835272 1.388987592492313e-07
2.283036238 2.11280938954055e-07
2.284237204 1.9051631614844434e-07
2.28543817 1.9132401683292723e-07
2.286639136 2.8928599335295084e-07
2.287840102 2.976345309696893e-07
2.289041068 2.5125582084554457e-07
2.290242034 3.328294627403292e-07
2.291442999 3.367483542651976e-07
2.2926439650000003 3.8825895499782003e-07
2.293844931 4.4286506645454365e-07
2.295045897 5.829376362094985e-07
2.296246863 6.759189638290516e-07
2.297447829 7.631034111018055e-07
2.298648795 7.965952180697763e-07
2.299849761 7.153657302163184e-07
2.301050727 8.322737234471899e-07
2.302251693 9.316203601200369e-07
2.303452659 8.071629551119283e-07
2.304653625 7.812748570006137e-07
2.3058545909999997 9.590005483329093e-07
2.307055557 9.732761836082257e-07
2.308256523 1.3645292729465812e-06
2.309457488 1.3154530766065202e-06
2.310658454 1.5162946506945976e-06
2.3118594199999998 1.6658518261747278e-06
2.313060386 1.5826909792077917e-06
2.314261352 2.190885425876211e-06
2.315462318 2.4370670392111567e-06
2.316663284 2.870834515734343e-06
2.31786425 3.5253908904644146e-06
2.319065216 4.349661271069533e-06
2.3202661819999997 4.752638637600379e-06
2.321467148 4.349764402861603e-06
2.322668114 5.77922569261402e-06
2.32386908 5.146170020394579e-06
2.325070046 5.1837905462631406e-06
2.3262710120000003 5.003614495976633e-06
2.327471977 7.351995815383934e-06
2.328672943 4.3716617215086055e-06
2.329873909 3.319874763192883e-06
2.3310748749999997 6.71686299800555e-06
2.332275841 5.804444660318614e-06
2.333476807 5.873982167024936e-06
2.3346777729999997 5.028802617249478e-06
2.3358787390000004 3.7697703900472774e-06
2.3370797050000003 4.415563006281918e-06
2.338280671 6.495299973581816e-06
2.339481637 5.475696023172301e-06
2.3406826030000003 7.340000327105742e-06
2.341883569 6.224485833109308e-06
2.343084535 8.74744103509043e-06
2.344285501 9.63399252489782e-06
2.3454864659999997 1.1455907061661687e-05
2.346687432 1.208764023746381e-05
2.3478883980000003 1.028310101200237e-05
2.349089364 1.014444202178257e-05
2.35029033 1.224964180471269e-05
2.3514912960000003 1.3199721840821283e-05
2.352692262 1.0654608504987504e-05
2.353893228 8.938981386535974e-06
2.355094194 8.72299837315001e-06
2.35629516 9.100108076873605e-06
2.357496126 9.426377629501241e-06
2.358697092 1.0236814255217424e-05
2.359898058 1.0057669475928776e-05
2.361099024 9.081384055807281e-06
2.3622999890000003 9.61053027196156e-06
2.363500955 1.228246678925712e-05
2.364701921 1.4139460276473422e-05
2.3659028870000003 1.7997713498766072e-05
2.367103853 1.95116354809773e-05
2.368304819 2.4396012467883064e-05
2.369505785 3.106418081251798e-05
2.370706751 5.172235346353388e-05
2.371907717 7.21140848247497e-05
2.373108683 9.8500261908928e-05
2.3743096489999997 0.0001329210959925996
2.375510615 0.0001701589122784207
2.376711581 0.00021902112583923063
2.3779125469999998 0.000269589806629343
2.3791135129999996 0.0003366188739182845
2.380314478 0.00042881984746790254
2.381515444 0.0005387948787104203
2.38271641 0.00067506566706196
2.383917376 0.0008423168169489268
2.385118342 0.0010524072466050795
2.386319308 0.0013130193090430215
2.387520274 0.0016431556734632991
2.3887212399999997 0.0020603503781264263
2.389922206 0.0025829885269482234
2.391123172 0.003244883326772563
2.3923241379999998 0.0040839496276295715
2.3935251039999996 0.005165641887385821
2.3947260700000004 0.0065614164052461895
2.3959270360000002 0.008356311574261035
2.397128002 0.01069679240197863
2.398328967 0.013763285071955832
2.3995299329999997 0.017782391293865482
2.400730899 0.02305604787155596
2.401931865 0.02997282507638724
2.4031328309999997 0.03903254676582969
2.4043337969999996 0.05079850529330262
2.405534763 0.06590912650196598
2.406735729 0.0850044767859861
2.407936695 0.10860294111320996
2.4091376610000004 0.13700720778976583
2.4103386270000002 0.1700485718880032
2.411539593 0.2069340728736125
2.412740559 0.24626913501589093
2.4139415250000003 0.28605746204375515
2.415142491 0.3239489342256901
2.416343456 0.35774980017969316
2.4175444219999997 0.38590172666085815
2.4187453879999996 0.40768003614649356
2.4199463540000004 0.42332845118248147
2.42114732 0.4340319762098416
2.422348286 0.4412392275695277
2.423549252 0.4452714284857629
2.4247502180000002 0.44751017487332295
2.425951184 0.4487013915010614
2.42715215 0.4493297770628841
2.4283531160000003 0.4497143769272539
2.429554082 0.45009893701443215
2.430755048 0.4505705329614809
2.431956014 0.45116541140783806
2.43315698 0.45191385155976416
2.4343579450000004 0.4527686511402877
2.435558911 0.45371189829449576
2.436759877 0.45473082728002445
2.437960843 0.45584873854897123
2.4391618090000002 0.4569361878897244
2.440362775 0.4579665951060837
2.441563741 0.45889303853899804
2.442764707 0.45974562600879765
2.443965673 0.46048575277334863
2.445166639 0.4611203443955631
2.446367605 0.46162836821851727
2.4475685709999997 0.4617099494371358
2.448769537 0.461741238244459
2.449970503 0.4614200421664106
2.4511714689999997 0.46090865571600764
2.452372434 0.46030508314113716
2.4535734000000002 0.459632262707792
2.454774366 0.45888063307192417
2.455975332 0.4582643886319985
2.457176298 0.4576122613805848
2.458377264 0.45696404028288745
2.45957823 0.45631831325393346
2.460779196 0.45569292501916336
2.4619801619999997 0.4551045542263085
2.463181128 0.4545806366749167
2.464382094 0.4541289679409919
2.4655830599999997 0.4537670953072473
2.466784026 0.4534892384359456
2.4679849920000003 0.4533209939443531
2.469185958 0.4535000718849641
2.470386923 0.4536418438425072
2.471587889 0.45395485256191437
2.4727888549999997 0.45440647972254256
2.473989821 0.455405323755151
2.475190787 0.4562593981176324
2.4763917529999997 0.4570859142155888
2.477592719 0.4580302494975071
2.4787936850000003 0.4590443954482783
2.479994651 0.460197634582055
2.481195617 0.461027805612957
2.4823965830000003 0.46176894955629194
2.483597549 0.4629115020614385
2.484798515 0.4638387112008741
2.485999481 0.46482539943300677
2.4872004459999997 0.46576478969170515
2.488401412 0.46653237442192375
2.489602378 0.4671469566857764
2.490803344 0.46777021958100073
2.49200431 0.4682620364026963
2.4932052760000003 0.4687093841776545
2.494406242 0.4691020762673963
2.495607208 0.4693434317048441
2.496808174 0.4694793442166888
2.49800914 0.4694625166679531
2.499210106 0.4693088041021104
2.500411072 0.4690875974538951
2.501612038 0.46878657222631154
2.502813004 0.4683854368220644
2.50401397 0.4679433552473976
2.505214935 0.46745865350635424
2.506415901 0.46693896686509345
2.5076168670000003 0.46641735445915966
2.508817833 0.4659320911860415
2.510018799 0.4654366134063062
2.511219765 0.46497592580881836
2.512420731 0.46466474123119944
2.513621697 0.4644867150949908
2.514822663 0.4643654200513694
2.5160236289999998 0.4643293209488209
2.517224595 0.46433563400180167
2.518425561 0.4644118062633647
2.519626527 0.46456391282005666
2.5208274929999996 0.464772072082801
2.522028459 0.46503099733688485
2.523229424 0.4653529113713002
2.52443039 0.4657122169664268
2.525631356 0.46607716483693645
2.526832322 0.4664799687067334
2.528033288 0.46690139323008345
2.529234254 0.46729521147783754
2.5304352199999998 0.4676933007657221
2.531636186 0.4681053694703475
2.532837152 0.46860519587324495
2.534038118 0.4690879030245206
2.5352390839999996 0.469554880763235
2.53644005 0.46996027481089075
2.5376410160000002 0.47029706002124955
2.538841982 0.47062397633291553
2.540042948 0.47087918890285785
2.5412439129999997 0.47112043371383155
2.542444879 0.47134515480608846
2.543645845 0.47148276299231834
2.5448468109999998 0.4715494622927639
2.546047777 0.4715922762903331
2.547248743 0.4715829682469431
2.548449709 0.4715081470863715
2.5496506749999996 0.4713721867270465
2.5508516410000004 0.47117367548074
2.5520526070000003 0.47097398167378013
2.553253573 0.47076931176426423
2.554454539 0.4703607217687014
2.5556555050000003 0.4698414094640807
2.556856471 0.4692041742238414
2.558057437 0.46838479538372746
2.5592584019999998 0.46741650213807595
2.5604593679999996 0.46634601803065817
2.561660334 0.46508197003624946
2.5628613000000002 0.46365867124931887
2.564062266 0.46218397980961734
2.565263232 0.4605777881462392
2.5664641980000003 0.4589968483731108
2.567665164 0.45755291175229956
2.56886613 0.45625420476232004
2.5700670960000003 0.4552569974102687
2.571268062 0.454967906016355
2.572469028 0.45470914409810165
2.573669994 0.45506627490725887
2.57487096 0.45578731672837197
2.576071926 0.4570296554326978
2.5772728910000002 0.4586211048352458
2.578473857 0.46005214054120563
2.579674823 0.461602362688979
2.5808757890000003 0.46249355506748785
2.582076755 0.4618563450142148
2.583277721 0.459130108517968
2.584478687 0.45336373249844014
2.585679653 0.4434821705589282
2.586880619 0.4293655232748026
2.588081585 0.41043213051479116
2.5892825509999997 0.3866310506368522
2.590483517 0.3583894688161764
2.591684483 0.32645957434102607
2.5928854489999997 0.29169444207340683
2.594086414 0.2556990848361706
2.5952873800000003 0.21893397466909448
2.596488346 0.18416214994028865
2.597689312 0.15261552705340828
2.598890278 0.12456691016168209
2.600091244 0.10043730339399379
2.60129221 0.08022759271587672
2.602493176 0.0636924017313809
2.6036941419999997 0.050483928452269615
2.604895108 0.04005269483230237
2.606096074 0.031733975511550765
2.6072970399999997 0.025273775885851658
2.6084980059999996 0.02020411104989371
2.6096989720000003 0.016207970227108726
2.610899938 0.01307225211502297
2.612100903 0.010590043921870565
2.613301869 0.008610548250099085
2.6145028349999997 0.007039567247931253
2.615703801 0.0057821194843038146
2.616904767 0.0047775586056127035
2.6181057329999997 0.003966908509326613
2.619306699 0.0033001497359510176
2.620507665 0.002767544920845153
2.621708631 0.0023254400769937233
2.622909597 0.00195962631148598
2.6241105630000003 0.001669737693029467
2.625311529 0.0014286367714689914
2.626512495 0.0012286267846149822
2.627713461 0.0010595053859027196
2.628914427 0.0009102186514781018
2.630115392 0.0007964600573769346
2.631316358 0.0006985312803310431
2.6325173239999997 0.0006060838566277347
2.63371829 0.0005434103075518819
2.6349192560000003 0.0004803803085025991
2.636120222 0.00042648941274352106
2.637321188 0.0003809631002999283
2.638522154 0.0003422171939620194
2.63972312 0.0003166407983583205
2.640924086 0.000287898805983889
2.642125052 0.0002577872341332222
2.643326018 0.00023983022741657864
2.644526984 0.0002204111443036432
2.64572795 0.0001996735898722731
2.646928916 0.00018837305263008576
2.648129881 0.0001748322274294276
2.6493308470000003 0.0001624243798257334
2.650531813 0.0001442746534188488
2.651732779 0.0001383553633341345
2.652933745 0.000136043711127319
2.654134711 0.0001215900888564808
2.655335677 0.00011495784577052705
2.656536643 0.0001094639040632723
2.657737609 9.502272792184204e-05
2.658938575 9.184049004337888e-05
2.660139541 8.191435575884574e-05
2.661340507 7.095410519276411e-05
2.662541473 6.603152218271378e-05
2.663742439 6.045513899229955e-05
2.664943405 6.105045140443662e-05
2.66614437 5.457429729218501e-05
2.667345336 4.770730882085105e-05
2.668546302 4.272751105824978e-05
2.669747268 4.0451613608354485e-05
2.670948234 4.385005573067566e-05
2.6721492 4.0794734595099325e-05
2.673350166 4.277664154116178e-05
2.674551132 4.4014516097351517e-05
2.675752098 4.1115804453275676e-05
2.6769530639999997 4.002730954126755e-05
2.67815403 3.8751006487575934e-05
2.679354996 3.781963610443229e-05
2.680555962 3.6924822133756466e-05
2.681756928 3.3961937940182806e-05
2.6829578940000003 3.6693375016302655e-05
2.684158859 3.8106986105490243e-05
2.685359825 3.111645615925245e-05
2.686560791 2.9546600307823678e-05
2.687761757 3.2359576744510656e-05
2.688962723 3.580723985134038e-05
2.690163689 3.558994723386685e-05
2.6913646549999997 3.084606596490436e-05
2.6925656210000004 3.057990911084619e-05
2.6937665870000003 2.801250504841574e-05
2.694967553 2.8899075711705638e-05
2.696168519 3.117270378460652e-05
2.6973694850000003 2.7703935881641023e-05
2.698570451 3.266648909685576e-05
2.699771417 3.283301231869762e-05
2.700972383 2.8535876982950307e-05
2.7021733479999996 2.2915854592766012e-05
2.703374314 2.159657405946572e-05
2.70457528 2.2115536298733288e-05
2.705776246 2.035758996347558e-05
2.706977212 2.270666467697109e-05
2.7081781780000003 2.2949136217233192e-05
2.709379144 2.0544038873030278e-05
2.71058011 1.9915078293104572e-05
2.7117810760000003 1.7426086198686337e-05
2.712982042 1.7818437018761244e-05
2.714183008 1.970511391023266e-05
2.715383974 1.935414003763291e-05
2.71658494 1.800998087933298e-05
2.717785906 1.768883133409186e-05
2.7189868710000002 1.732041290813104e-05
2.720187837 1.5674784990134594e-05
2.721388803 1.839628362042114e-05
2.7225897690000003 1.88421280081539e-05
2.723790735 1.7983531784838052e-05
2.724991701 2.088331796318725e-05
2.726192667 1.7436793332226467e-05
2.727393633 1.4614002286287226e-05
2.728594599 1.3061771500011362e-05
2.729795565 1.229259948904214e-05
2.7309965309999997 1.0500655982668995e-05
2.732197497 1.1071229548642035e-05
2.733398463 1.129715206873752e-05
2.7345994289999997 7.595453798159991e-06
2.735800395 6.0132523810636745e-06
2.7370013600000003 5.7372351400949345e-06
2.738202326 6.482941789105714e-06
2.739403292 5.529592609148504e-06
2.740604258 6.090631417074211e-06
2.741805224 7.887961995081114e-06
2.74300619 8.992403872248571e-06
2.744207156 9.980393505653719e-06
2.7454081219999997 5.93687153853143e-06
2.746609088 2.260133243000598e-06
2.747810054 5.055165465690067e-06
2.7490110199999997 7.568455528970094e-06
2.7502119859999996 7.02489899952896e-06
2.751412952 8.99737247684029e-06
2.752613918 1.2765053662402154e-05
2.753814884 1.0860731763324192e-05
2.755015849 1.1347812860468473e-05
2.756216815 1.4096006290604551e-05
2.757417781 1.636823012556963e-05
2.758618747 1.8384124856384738e-05
2.7598197129999997 1.840409222906298e-05
2.761020679 1.943626864500832e-05
2.762221645 1.901382397351824e-05
2.7634226109999998 1.9186330577979408e-05
2.764623577 1.5875257681066815e-05
2.7658245430000004 1.0830959546510482e-05
2.767025509 1.4149609680310296e-05
2.768226475 1.285649045669452e-05
2.769427441 1.3029392502572714e-05
2.7706284070000002 1.0156529199598875e-05
2.771829373 7.447265299183977e-06
2.773030338 9.747721361831864e-06
2.7742313039999997 1.0788964774995308e-05
2.7754322699999996 1.2229930473089971e-05
2.7766332360000003 1.2719854376013037e-05
2.777834202 1.4807127122259919e-05
2.779035168 1.2240668104438043e-05
2.7802361340000004 1.187773192029903e-05
2.7814371 1.189152991873914e-05
2.782638066 1.4005718651336044e-05
2.783839032 1.6031463069123238e-05
2.7850399980000002 1.1742021522716896e-05
2.786240964 1.3657323186406277e-05
2.78744193 1.2023932844499253e-05
2.788642896 1.3141072252601256e-05
2.789843862 1.0663968117435178e-05
2.7910448270000003 9.283098698933274e-06
2.792245793 4.903419894843617e-06
2.793446759 4.182968599394859e-06
2.794647725 4.389178214660023e-06
2.795848691 2.841885938489862e-07
2.797049657 5.192513117718179e-07
2.798250623 1.4173057419982442e-07
2.799451589 2.129660518933591e-06
2.800652555 3.1466044709232604e-06
2.801853521 6.532932237728438e-06
2.803054487 5.648193869159256e-06
2.804255453 1.9163917751630084e-06
2.805456419 1.0620030179698491e-06
2.806657385 3.4394677398035207e-06
2.8078583509999997 6.665530596404633e-06
2.809059316 1.1835474161758012e-05
2.810260282 1.2850938679517145e-05
2.811461248 9.399608804881234e-06
2.812662214 9.3736009074593e-06
2.81386318 9.855869197594703e-06
2.815064146 1.0569220269129242e-05
2.816265112 1.5840032050527574e-05
2.817466078 2.368640359702425e-05
2.8186670439999997 2.678948438775106e-05
2.81986801 2.6286656011582423e-05
2.821068976 2.8646888555771858e-05
2.8222699419999997 2.7208163961394535e-05
2.823470908 2.8599441045371382e-05
2.8246718740000003 2.889885960459123e-05
2.825872839 3.1000435152311945e-05
2.827073805 3.3380492632537386e-05
2.828274771 3.7165094330897905e-05
2.829475737 3.48820775753378e-05
2.830676703 3.4954592709764235e-05
2.831877669 3.7265603235125734e-05
2.8330786349999997 4.3829027090493704e-05
2.834279601 4.510092881164233e-05
2.8354805670000003 4.366677411915757e-05
2.836681533 4.440343950849582e-05
2.837882499 4.4889825139046726e-05
2.8390834650000003 4.792640323448374e-05
2.840284431 4.943199925860223e-05
2.841485397 4.930323214760699e-05
2.842686363 4.504230996791175e-05
2.8438873279999997 4.70939909159473e-05
2.845088294 5.058504693934415e-05
2.84628926 5.3521625542545746e-05
2.8474902259999997 5.3250901228213395e-05
2.848691192 5.008716504570931e-05
2.8498921580000003 4.67943108976564e-05
2.851093124 4.518536471687331e-05
2.85229409 4.831035069530444e-05
2.8534950560000003 5.096183366564183e-05
2.854696022 4.975920622040563e-05
2.855896988 4.5669292487680945e-05
2.857097954 4.862824983572421e-05
2.85829892 4.6029515629801134e-05
2.859499886 4.534892533330367e-05
2.860700852 4.380001537956635e-05
2.861901817 4.3047497279420166e-05
2.863102783 4.602154086563556e-05
2.8643037490000003 5.011139861289055e-05
2.865504715 4.335525344393457e-05
2.866705681 3.7654459632508854e-05
2.867906647 3.798672236147065e-05
2.869107613 3.963474646679946e-05
2.870308579 3.941171341218189e-05
2.871509545 3.72414376804137e-05
2.872710511 3.575334798696863e-05
2.873911477 3.3398450609624695e-05
2.875112443 3.678806282784262e-05
2.8763134089999998 3.993742001628069e-05
2.877514375 3.5083615791100683e-05
2.878715341 2.6551251816009024e-05
2.879916306 2.5044849581228806e-05
2.881117272 2.7409713839692846e-05
2.882318238 2.4138272021058715e-05
2.883519204 2.0745456365562604e-05
2.88472017 2.053210983350989e-05
2.885921136 1.899904652688452e-05
2.8871221019999997 2.126619272618386e-05
2.888323068 1.9002900628335556e-05
2.889524034 1.9787372999038654e-05
2.8907249999999998 2.1596350475151394e-05
2.8919259659999996 2.0308539087411625e-05
2.893126932 1.562441424372391e-05
2.894327898 1.8205419770144886e-05
2.895528864 1.9672708434377378e-05
2.8967298300000004 2.0218307172843814e-05
2.897930795 1.7985682335893538e-05
2.899131761 9.639638115729118e-06
2.900332727 1.2302731656946204e-05
2.9015336929999997 1.4891653622464652e-05
2.902734659 7.366629214084445e-06
2.903935625 6.2701073127927345e-06
2.9051365909999998 8.146131620463705e-06
2.9063375569999996 8.240991088350649e-06
2.9075385230000004 1.1839730654858995e-05
2.9087394890000002 1.4118636298558633e-05
2.909940455 7.992488612694075e-06
2.911141421 2.7672592059548025e-06
2.9123423870000003 3.861088808226524e-06
2.913543353 6.824446695268515e-06
2.914744319 4.210156738654553e-06
2.9159452839999997 1.522766829516035e-06
2.9171462499999996 2.8148058531402438e-06
2.918347216 5.913039544659102e-06
2.919548182 6.13117173724824e-06
2.920749148 4.329064803894709e-06
2.9219501140000004 4.710635383841471e-06
2.9231510800000002 1.2908668811314996e-06
2.924352046 1.6996638176317396e-06
2.925553012 4.069235644803691e-06
2.9267539780000003 6.480301156203068e-06
2.927954944 1.0758887812115088e-06
2.92915591 1.5878038265828391e-06
2.930356876 2.3097525679094316e-06
2.931557842 4.931176322380349e-06
2.932758808 5.6547015040583155e-06
2.933959773 6.291750359859832e-06
2.935160739 2.6710919475003307e-07
2.936361705 2.6551085036360855e-07
2.9375626710000002 3.3117074693778473e-06
2.938763637 3.4277209850501113e-06
2.939964603 2.31030864600266e-06
2.941165569 2.8092875667274793e-06
2.942366535 5.824376743801848e-06
2.943567501 3.3142929427090807e-06
2.944768467 2.1429902971527936e-06
2.945969433 1.2311300747819332e-06
2.947170399 1.3770940985143331e-06
2.948371365 1.0884202709616455e-06
2.9495723309999997 1.3927707069244978e-06
2.950773296 4.031575405937842e-06
2.9519742620000002 3.4454957011679055e-06
2.953175228 3.2158022846760166e-06
2.954376194 3.243510563051222e-06
2.95557716 3.3186691360238668e-06
2.956778126 3.948728787176636e-06
2.957979092 2.7625844804576473e-06
2.959180058 2.0648058482156425e-06
2.9603810239999997 2.6891552096479316e-06
2.96158199 3.638683292570162e-06
2.962782956 4.878215083817058e-06
2.9639839219999997 1.6997178177127265e-06
2.9651848879999996 1.2942812088859654e-06
2.9663858540000003 2.727083269686012e-06
2.96758682 4.841809569034919e-06
2.968787785 5.356000253193445e-06
2.969988751 4.6065278684868285e-06
2.971189717 1.5745993885856219e-06
2.972390683 3.6764951396347247e-07
2.973591649 1.1055990756144019e-06
2.9747926149999997 4.642635692893009e-06
2.975993581 5.913226366087114e-06
2.977194547 5.285464106028276e-06
2.9783955129999997 6.7479903978623924e-06
2.979596479 6.632630372900924e-06
2.9807974450000003 5.157885951182279e-06
2.981998411 6.096515111405352e-06
2.983199377 6.253502929196861e-06
2.984400343 6.79614837659285e-06
2.985601309 1.1284579989933212e-05
2.986802274 9.69163379183727e-06
2.98800324 1.1094357271190758e-05
2.9892042059999997 1.0511143050082447e-05
2.990405172 9.337945563406917e-06
2.9916061380000003 6.442998207691764e-06
2.992807104 6.746555383060057e-06
2.99400807 7.3440003320925725e-06
2.9952090360000003 9.67235190750021e-06
2.996410002 1.1990143816337664e-05
2.997610968 1.199072776379491e-05
2.998811934 7.645929137394182e-06
3.0000129 8.849205206826637e-06
3.001213866 9.252432864475838e-06
3.002414832 1.2190335904647288e-05
3.003615798 1.1297376190292932e-05
3.004816763 9.195313348700215e-06
3.0060177290000003 7.5640533592562495e-06
3.007218695 1.0191494279750399e-05
3.008419661 9.671273156804133e-06
3.009620627 1.1385993966339898e-05
3.010821593 9.659731684422091e-06
3.012022559 6.607181355827277e-06
3.013223525 1.0081920336492057e-05
3.014424491 1.0303399087872671e-05
3.015625457 7.584894137341423e-06
3.016826423 4.781834789072185e-06
3.018027389 4.5586051737968885e-06
3.019228355 4.822691676916818e-06
3.020429321 5.934909402688267e-06
3.021630287 6.6714420762464035e-06
3.022831252 6.425324626870578e-06
3.024032218 4.676679659244188e-06
3.025233184 7.284730320079592e-06
3.02643415 1.0212419560720096e-05
3.027635116 1.1167601988994902e-05
3.0288360819999998 1.0287881104391832e-05
3.030037048 1.0505878229223228e-05
3.031238014 7.3702102685740035e-06
3.03243898 7.374620857549341e-06
3.0336399459999996 4.8828538536077975e-06
3.034840912 3.5109303896819824e-06
3.036041878 3.856721044737867e-06
3.0372428439999997 4.161999101298215e-06
3.0384438100000004 5.36341926040466e-06
3.0396447760000003 4.490230623583564e-06
3.040845741 3.7550619845827557e-06
3.042046707 3.917896757124363e-06
3.0432476729999998 4.184065334957319e-06
3.044448639 5.623897218419782e-06
3.045649605 7.102777005901721e-06
3.046850571 3.833671434479009e-06
3.0480515369999996 3.356763589461995e-06
3.049252503 1.9622874271199404e-06
3.0504534690000003 2.205311426445862e-06
3.051654435 2.5037750524936845e-06
3.052855401 1.9623455317687247e-06
3.0540563670000003 1.0430288944117129e-06
3.055257333 7.613269054587199e-07
3.056458299 6.130458270962881e-07
3.0576592639999998 1.1023396692104756e-06
3.0588602299999996 2.5385236412380938e-06
3.060061196 2.914757311916342e-06
3.061262162 2.859223218456369e-06
3.062463128 4.633747465687247e-06
3.0636640940000004 5.0466658844390915e-06
3.0648650600000003 9.366261670968998e-07
3.066066026 2.7788277700226413e-06
3.067266992 3.5437462095323474e-06
3.0684679580000003 3.1533299135747965e-06
3.069668924 2.493512834622466e-06
3.07086989 8.280851306034758e-08
3.072070856 4.4696319538013836e-09
3.073271822 1.3638182936708596e-06
3.074472788 4.903365983832625e-06
3.0756737530000002 3.38018107803342e-07
3.076874719 7.883081351204245e-07
3.078075685 1.113002592561016e-08
3.0792766510000003 1.0263661548934998e-06
3.080477617 4.581249405731927e-06
3.081678583 4.016437476044993e-06
3.0828795490000003 2.5875056916026222e-06
3.084080515 2.1870522330968574e-06
3.085281481 3.252434138274754e-06
3.086482447 4.300635573620531e-06
3.087683413 5.981334424537819e-06
3.088884379 5.954809177702898e-06
3.090085345 3.557884505324545e-06
3.0912863109999997 3.7251136613844077e-06
3.092487277 5.247909679545708e-06
3.0936882420000003 3.6409693210633123e-06
3.094889208 1.4986737657995766e-06
3.096090174 3.0816244460430566e-06
3.09729114 6.632896759393593e-06
3.098492106 7.223595405633381e-06
3.099693072 5.745289010081722e-06
3.100894038 5.732336644468275e-06
3.1020950039999997 4.185261205343781e-06
3.10329597 4.283077410792319e-06
3.104496936 5.750163270554213e-06
3.1056979019999997 1.0526391931907075e-05
3.106898868 9.803670737963339e-06
3.108099834 7.552040653850418e-06
3.1093008 1.039048006634347e-05
3.110501766 1.2657270963441862e-05
3.111702731 1.4803099786000049e-05
3.112903697 1.550372600233711e-05
3.114104663 1.6628070516758327e-05
3.115305629 1.8516869308525406e-05
3.1165065949999997 2.1102291941100762e-05
3.117707561 1.6910196421271987e-05
3.118908527 1.5292005603701458e-05
3.1201094929999997 1.5003286142310476e-05
3.1213104589999996 1.4449486318307542e-05
3.1225114250000003 1.7964852566432816e-05
3.123712391 1.9088159462154318e-05
3.124913357 1.951728538614268e-05
3.126114323 2.1667264169986692e-05
3.127315289 2.29489445815535e-05
3.128516255 2.1480234629499465e-05
3.12971722 2.4364266066145755e-05
3.1309181859999997 3.015548653713497e-05
3.132119152 3.169702494498479e-05
3.133320118 3.2757753220385015e-05
3.134521084 3.115783970110821e-05
3.13572205 3.239624369572649e-05
3.1369230160000003 3.217745427208344e-05
3.138123982 2.96082935774067e-05
3.139324948 3.0409353199831517e-05
3.140525914 3.3084585842104006e-05
3.14172688 3.1388002968751586e-05
3.142927846 2.750015207347353e-05
3.144128812 2.8110942327301476e-05
3.145329778 2.7458039936833636e-05
3.146530744 2.7198155849769318e-05
3.1477317090000003 2.573539397077931e-05
3.148932675 2.4062996741261882e-05
3.150133641 2.5424951044845967e-05
3.151334607 2.2901527532631906e-05
3.152535573 2.1017750379656414e-05
3.153736539 2.1130846494899234e-05
3.154937505 1.8952791607494535e-05
3.1561384710000002 1.6837870883475006e-05
3.157339437 1.7420145094639848e-05
3.158540403 1.4742689346403314e-05
3.159741369 1.0790550244624919e-05
3.160942335 7.4808359544800875e-06
3.162143301 7.25671109303353e-06
3.163344267 1.0164787922148296e-05
3.1645452329999997 1.0386292674737464e-05
3.165746198 1.0231413094182953e-05
3.166947164 9.305130125628658e-06
3.16814813 8.56775499310717e-06
3.169349096 8.161156744142333e-06
3.170550062 6.921924371254795e-06
3.171751028 8.783958637234656e-06
3.172951994 1.1536328398018017e-05
3.17415296 1.3404085219743005e-05
3.1753539259999997 1.2059132330659274e-05
3.176554892 9.003398252749448e-06
3.177755858 7.790435636087337e-06
3.1789568239999997 7.119644130880304e-06
3.18015779 7.75495295471528e-06
3.1813587560000003 9.103009597346781e-06
3.182559721 1.1838552469265737e-05
3.183760687 1.239700297815537e-05
3.184961653 1.0018922189241757e-05
3.186162619 1.0035482047019891e-05
3.187363585 1.3194657663573776e-05
3.188564551 1.1357701292021123e-05
3.1897655169999997 7.553112865241866e-06
3.190966483 7.3783288237696355e-06
3.192167449 6.685232078800366e-06
3.193368415 6.994046263468945e-06
3.194569381 9.600161306380235e-06
3.1957703470000003 7.89751843853644e-06
3.196971313 5.333836938206394e-06
3.198172279 4.847521645635087e-06
3.1993732450000003 4.501979523326449e-06
3.20057421 2.0464598460322894e-06
3.201775176 4.021024526654962e-06
3.202976142 3.125277897226774e-06
3.2041771079999997 1.6555018105738638e-06
3.2053780740000004 6.112556547746473e-07
3.2065790400000003 3.684854487798307e-07
3.207780006 7.738020390674472e-07
3.208980972 1.2777903968302284e-06
3.2101819380000003 2.3824434023626923e-06
3.211382904 2.8710791481846283e-06
3.21258387 2.1515759104062674e-06
3.213784836 3.575940431379013e-06
3.214985802 4.509822793712126e-06
3.216186768 3.175478577555226e-06
3.217387734 3.53870547513849e-06
3.218588699 4.337109519821194e-06
3.219789665 4.822030950591711e-06
3.2209906310000003 3.4343114390063167e-06
3.222191597 2.2979836000252908e-06
3.223392563 6.102197744795493e-07
3.2245935290000003 5.238259787016871e-09
3.225794495 5.8599405945505663e-08
3.226995461 1.0506474794358649e-08
3.228196427 5.2602859205515254e-09
3.229397393 5.2675588043388795e-09
3.230598359 2.3033309924731148e-08
3.231799325 1.7668878805398226e-06
3.2330002909999997 2.4905858943197335e-06
3.234201257 4.011215055400752e-06
3.235402223 2.1229431380930267e-06
3.236603188 6.390483492376657e-08
3.237804154 5.2997069660294115e-09
3.23900512 5.303961744074872e-09
3.240206086 6.481073354423016e-07
3.241407052 3.105456266864281e-06
3.242608018 2.052825156705775e-06
3.2438089839999997 9.797301617749244e-08
3.24500995 5.328162549371421e-09
3.246210916 5.331540783119938e-09
3.2474118819999997 5.334892040030734e-09
3.248612848 5.338217920549632e-09
3.249813814 5.341520165762355e-09
3.2510147799999998 5.345954936639048e-09
3.252215746 1.5299431785359244e-07
3.2534167120000004 2.8061984053078223e-06
3.254617677 4.479698239180655e-06
3.255818643 3.266448073448859e-06
3.257019609 1.2597953684660667e-06
3.2582205749999997 1.2550019380369924e-06
3.259421541 2.691233499353726e-06
3.260622507 3.1847132941373594e-06
3.2618234729999998 1.5367555773582424e-06
3.2630244389999996 1.1685251621109684e-06
3.2642254050000004 7.891041474045064e-08
3.265426371 1.152288866817993e-06
3.266627337 3.6671016602304324e-06
3.267828303 4.9134123361190455e-06
3.2690292690000002 2.66130368240387e-06
3.270230235 3.632096310884131e-06
3.271431201 3.7767431869276933e-06
3.2726321659999997 4.09236446818557e-06
3.273833132 4.107441273677164e-06
3.275034098 2.9681493528046545e-06
3.2762350639999998 6.655026454938171e-07
3.27743603 1.0481830727092082e-06
3.2786369960000004 1.952829708901444e-06
3.279837962 3.0591534225523477e-06
3.281038928 3.4031829179441623e-06
3.282239894 1.190483176040264e-06
3.2834408600000002 2.7759092190298656e-07
3.284641826 2.9454904890796644e-06
3.285842792 3.3704627271006357e-06
3.287043758 3.3025053366918705e-06
3.288244724 2.5619560620846223e-06
3.2894456890000003 2.024921953393711e-06
3.290646655 2.7710100552693073e-06
3.291847621 2.7776294605865483e-06
3.2930485870000004 1.8037574027563884e-06
3.294249553 1.0266862092253179e-06
3.295450519 1.4600726903253172e-06
3.296651485 4.035739263161547e-06
3.2978524510000002 2.5821466812697775e-06
3.299053417 2.00027798724654e-06
3.300254383 1.067552063600019e-06
3.301455349 4.67971342228597e-07
3.302656315 2.6284468233187777e-06
3.303857281 2.5418795674117477e-06
3.305058247 1.610572920942601e-06
3.3062592129999997 1.3642418567055829e-06
3.307460178 1.4613357578809835e-07
3.308661144 5.5286469938552725e-09
3.30986211 5.531991312548347e-09
3.311063076 2.7159602947969938e-08
3.312264042 1.7423723938142421e-06
3.313465008 2.906165784382086e-06
3.314665974 6.208352354951543e-07
3.31586694 6.372203505298693e-08
3.317067906 1.4582492277803988e-06
3.318268872 3.590916126487309e-07
3.319469838 1.0620181868879259e-08
3.3206708039999997 4.106821827990154e-07
3.32187177 9.292236916651413e-07
3.323072736 1.115059174610389e-07
3.324273702 7.196462559894531e-09
3.325474667 3.3025878388481694e-07
3.326675633 5.579262396855637e-09
3.327876599 5.582178389091224e-09
3.329077565 5.585138601533679e-09
3.330278531 3.075580116415827e-08
3.3314794969999997 3.686520574105383e-08
3.332680463 5.580412995285187e-09
3.333881429 5.5773059115318275e-09
3.3350823949999997 5.580779916131137e-09
3.336283361 5.577712659425847e-09
3.3374843270000003 5.574660388678085e-09
3.338685293 5.57162007459396e-09
3.339886259 5.568588682801027e-09
3.3410872250000003 5.553663720565149e-09
3.342288191 5.53748555054044e-09
3.343489156 5.521294661255034e-09
3.344690122 5.505088082490007e-09
3.3458910879999997 5.488862949850719e-09
3.347092054 5.472616002408759e-09
3.3482930200000003 5.456343939420996e-09
3.349493986 5.440044472150572e-09
3.350694952 5.410858002829956e-09
3.3518959180000003 5.372262073871681e-09
3.353096884 5.333610618345362e-09
3.35429785 5.294901133955794e-09
3.355498816 5.256133161145402e-09
3.356699782 5.217305041732304e-09
3.357900748 5.1784152645937525e-09
3.359101714 5.139460299494035e-09
3.3603026799999998 1.0709269555693151e-08
3.361503645 6.589537128728016e-07
3.3627046110000003 4.691644454252866e-08
3.363905577 5.12588248606471e-09
3.365106543 5.130604940376552e-09
3.3663075090000003 5.135287815683144e-09
3.367508475 5.139932307880972e-09
3.368709441 5.144537221206674e-09
3.369910407 5.59724730291401e-09
3.371111373 6.109058962375736e-07
3.372312339 7.531976097037768e-07
3.373513305 9.763190757401195e-07
3.3747142709999998 3.6587884795130947e-06
3.375915237 2.2029735852325975e-06
3.377116203 1.3537926992690101e-07
3.378317169 3.2068847488882287e-07
3.379518134 9.69955980162464e-09
3.3807191 5.526742663889035e-09
3.381920066 5.539373421084961e-09
3.383121032 6.282106684212421e-09
3.384321998 7.728265032846871e-07
3.3855229639999997 7.899605281768779e-07
3.38672393 1.399917600500457e-06
3.387924896 1.531162633233552e-06
3.3891258619999998 9.876975299718012e-07
3.390326828 7.509978403197493e-07
3.391527794 2.7078507306523278e-06
3.39272876 3.664513713372884e-06
3.3939297259999996 3.426445102063481e-06
3.3951306920000004 1.3248800246827312e-06
3.3963316580000003 3.2419041369324857e-07
3.397532623 1.2077262739184413e-07
3.398733589 1.7259791721193183e-06
3.3999345549999997 3.6707683449873533e-06
3.401135521 1.954216672424647e-06
3.402336487 3.746131897186403e-07
3.4035374529999998 1.9931776032243528e-06
3.4047384189999996 5.0048286318594235e-06
3.405939385 6.3868832408077365e-06
3.407140351 4.85106505641654e-06
3.408341317 2.4460002776313237e-06
3.4095422830000004 2.621083309823944e-06
3.4107432490000003 3.919465013390946e-06
3.411944215 8.066739929086203e-06
3.413145181 1.064431905120638e-05
3.4143461459999997 9.368473272200448e-06
3.415547112 6.8985833803234156e-06
3.416748078 4.4801441667500985e-06
3.4179490439999998 2.962200953682379e-06
3.4191500099999996 3.805805326364936e-06
3.4203509760000004 5.587836416214837e-06
3.4215519420000002 6.82943436835343e-06
3.422752908 4.782624243463513e-06
3.423953874 3.447652655957501e-06
3.4251548400000003 4.306115873314789e-06
3.426355806 4.714661935219099e-06
3.427556772 4.928752646769759e-06
3.428757738 6.559235431883902e-06
3.429958704 7.383991495037912e-06
3.43115967 6.807934024444973e-06
3.432360635 8.714649364084956e-06
3.433561601 1.0211981423038347e-05
3.4347625670000004 9.287170845021477e-06
3.4359635330000002 1.1883134126126753e-06
3.437164499 1.195370078336128e-08
3.438365465 1.2638848141419497e-06
3.4395664310000003 3.7997673799692636e-06
3.440767397 4.172299878780015e-06
3.441968363 5.730593081441003e-06
3.443169329 6.713520047801194e-06
3.444370295 6.848312347815329e-06
3.445571261 7.005284460134354e-06
3.446772227 6.573692459952467e-06
3.4479731929999997 7.066967997280779e-06
3.449174159 5.313232338669127e-06
3.4503751240000002 3.997641160663347e-06
3.45157609 4.4006994304314455e-06
3.452777056 6.308459778364106e-06
3.453978022 5.1662911038352384e-06
3.455178988 3.37290211954851e-06
3.456379954 2.101946330082067e-06
3.45758092 3.0067527725712047e-06
3.458781886 3.4779815667840106e-06
3.459982852 2.3774124899135413e-06
3.461183818 1.6783904036418298e-06
3.4623847839999997 1.872264105156779e-06
3.46358575 1.5122359244124222e-06
3.464786716 1.570319619799295e-06
3.4659876819999997 3.1741215187919387e-06
3.467188648 5.023190006525552e-06
3.468389613 5.7936205978719806e-06
3.469590579 5.780895315995888e-06
3.470791545 5.869516244207056e-06
3.471992511 5.946147969590718e-06
3.4731934769999997 5.928513206436174e-06
3.474394443 5.947745176889303e-06
3.475595409 3.4736030367174247e-06
3.4767963749999997 2.949838968124824e-08
3.4779973409999996 6.984253996345855e-08
3.4791983070000003 3.151937518813944e-07
3.480399273 3.068626199034847e-06
3.481600239 3.1432978290070254e-06
3.4828012050000003 3.047431958985153e-06
3.484002171 2.048258370696613e-06
3.485203137 2.6350899272217795e-06
3.486404102 4.752437123373081e-06
3.4876050679999997 5.390187506319313e-06
3.488806034 3.556695004012775e-06
3.490007 2.694009870788347e-06
3.491207966 3.3120389876886885e-06
3.492408932 4.013024334834845e-06
3.4936098980000003 3.389747917999376e-06
3.494810864 3.1341582550775334e-06
3.49601183 4.16076484931697e-06
3.497212796 4.8980044095331765e-06
3.498413762 4.011331074122995e-06
3.499614728 2.9122363833536598e-06
3.500815694 2.2686881767361414e-06
3.50201666 2.2254029713905853e-06
3.503217626 4.34931578293849e-06
3.5044185910000003 5.10785133351576e-06
3.505619557 4.373297171030854e-06
3.506820523 2.595440363213313e-06
3.5080214890000003 1.7018900073807437e-06
3.509222455 4.425674584661449e-07
3.510423421 1.2477091966403838e-06
3.511624387 2.7416301312827594e-06
3.512825353 3.961085490592233e-06
3.514026319 5.285319843299879e-06
3.515227285 5.545974407989955e-06
3.516428251 5.039362657323906e-06
3.517629217 6.094685971284753e-06
3.518830183 6.059810376376492e-06
3.520031149 3.7749605698513806e-06
3.521232114 1.9630408842624898e-06
3.52243308 1.6578437937839402e-06
3.523634046 2.9217076507829065e-06
3.524835012 5.143433273308475e-06
3.526035978 5.988225511967974e-06
3.527236944 5.214922312943801e-06
3.52843791 3.8829902279969164e-06
3.529638876 2.838302294426434e-06
3.530839842 2.636562557676315e-07
3.532040808 1.3278107762445394e-08
3.533241774 8.478063625973258e-07
3.53444274 2.99985054698652e-06
3.5356437059999997 3.4616289875975477e-06
3.536844672 2.454220093331455e-06
3.5380456380000003 2.8960948275819088e-06
3.539246603 5.6713481876526395e-06
3.540447569 4.619982608337121e-06
3.5416485349999998 2.718008609873322e-06
3.542849501 4.6925386137757845e-06
3.544050467 7.794543199083184e-06
3.545251433 7.995864728011434e-06
3.5464523989999996 9.094727549594255e-06
3.547653365 9.233197253362074e-06
3.548854331 6.477623841132662e-06
3.5500552969999997 3.5550333593534836e-06
3.5512562630000004 1.4976193370641399e-06
3.5524572290000003 9.187045121903997e-07
3.553658195 1.3029440069866378e-07
3.554859161 7.790588219994985e-08
3.5560601270000003 3.5522120790447826e-07
3.557261092 5.88979225460831e-09
3.558462058 5.89107742619278e-09
3.559663024 6.777846746044673e-09
3.5608639899999996 8.686561950391838e-07
3.562064956 1.3058757951131143e-06
3.5632659220000003 5.984059751458234e-09
3.564466888 1.0314064402239784e-06
3.565667854 3.4783321971917136e-06
3.5668688200000003 3.953554571183408e-06
3.568069786 2.7859868657090197e-06
3.569270752 2.1030930548271194e-06
3.570471718 1.546519788089661e-06
3.571672684 1.1229783710716307e-06
3.57287365 2.419319037693095e-06
3.574074616 4.205389669125274e-06
3.575275581 3.434845608566108e-06
3.5764765470000004 1.719825728461561e-06
3.5776775130000003 1.20577471440337e-06
3.578878479 2.892135600576905e-07
3.580079445 1.2243475899295403e-08
3.5812804110000003 8.238771842265515e-08
3.582481377 2.7556207823503405e-07
3.583682343 2.121293958767436e-07
3.584883309 9.523397008492385e-07
3.586084275 3.6496479400370615e-06
3.587285241 3.4353575740867927e-06
3.588486207 2.264662030049039e-06
3.5896871729999997 2.575473489451905e-06
3.590888139 2.0506238649704224e-06
3.592089105 9.805372375411927e-07
3.59329007 3.736450346195848e-07
3.594491036 4.818945950807875e-07
3.595692002 2.484721569046852e-06
3.596892968 4.491668883825333e-06
3.598093934 5.210698762491221e-06
3.5992949 4.787892688257523e-06
3.600495866 3.375244810214538e-06
3.601696832 1.7935281622537562e-06
3.602897798 1.4455989536528908e-06
3.6040987639999997 2.5123017775684595e-06
3.60529973 3.822544782261046e-06
3.606500696 4.460567470807639e-06
3.6077016619999998 4.283935060998763e-06
3.6089026279999996 4.319494925212456e-06
3.6101035940000004 4.699526179947034e-06
3.611304559 4.80996799675181e-06
3.612505525 4.885001077766102e-06
3.613706491 4.762271536727888e-06
3.6149074569999997 4.0627051861535485e-06
3.616108423 3.748279700971706e-06
3.617309389 3.7961774171032757e-06
3.6185103549999997 2.6124182417980577e-06
3.619711321 2.426123451434102e-06
3.620912287 2.5597516327396863e-06
3.622113253 3.745303790855327e-06
3.623314219 3.1083527222722275e-06
3.6245151850000004 2.0890827180064576e-06
3.625716151 2.9402511096326794e-06
3.626917117 4.063689673347189e-06
3.628118082 3.415566182139649e-06
3.6293190479999997 2.0446367691255817e-06
3.630520014 2.3900178575925464e-06
3.63172098 5.033101966583236e-06
3.6329219459999997 5.628367491294371e-06
3.6341229119999996 3.9606910008856005e-06
3.6353238780000003 3.0029501428537703e-06
3.636524844 1.3543685680306228e-06
3.63772581 1.8516115373296189e-06
3.638926776 1.62844287555528e-06
3.640127742 9.613649745759646e-07
3.641328708 7.050830148613256e-07
3.642529674 8.816248230546597e-07
3.6437306400000002 2.85381851064636e-06
3.644931606 5.591711674800353e-06
3.646132571 7.672907194733938e-06
3.647333537 8.115954443159609e-06
3.648534503 7.497910394528709e-06
3.6497354690000003 4.956696841700326e-06
3.650936435 1.5072843271432792e-06
3.652137401 1.1586801688770752e-06
3.653338367 7.040714149062759e-07
3.6545393330000002 1.6041145245616537e-08
3.655740299 5.986916274174019e-09
3.656941265 8.339387390993489e-08
3.658142231 2.0705283397885135e-06
3.659343197 2.1264402895625713e-06
3.660544163 9.123459385334966e-07
3.661745129 8.631509282238584e-08
3.6629460949999997 5.994513686160993e-09
3.66414706 5.995301962496307e-09
3.665348026 5.996077413112721e-09
3.666548992 5.996840685804759e-09
3.667749958 3.278131737693059e-07
3.6689509240000002 2.603612274199404e-06
3.67015189 5.0649036386822565e-06
3.671352856 5.495213859626521e-06
3.672553822 4.786417235318718e-06
3.673754788 4.198197024515776e-06
3.674955754 2.583602610976284e-06
3.67615672 1.7797476387467081e-06
3.6773576859999997 2.1391137620738225e-06
3.678558652 2.782567961730059e-06
3.679759618 2.7424379759255825e-06
3.680960584 2.2229712051830847e-06
3.682161549 1.3138821894353647e-06
3.683362515 9.117404085804095e-07
3.684563481 3.959881203858643e-07
3.685764447 1.2306295426171213e-08
3.686965413 1.7240204473087745e-07
3.6881663789999997 2.357460627691948e-06
3.689367345 3.6799292192954564e-06
3.690568311 4.9317212950707e-06
3.6917692769999997 5.427165821618228e-06
3.6929702430000004 4.0660854111500405e-06
3.6941712090000003 3.3798087368877877e-06
3.695372175 3.3893388876908727e-06
3.696573141 4.559999819278943e-06
3.6977741070000003 4.356253145698328e-06
3.698975073 3.8718876070415035e-06
3.700176038 3.703938480127481e-06
3.701377004 3.0430564838681147e-06
3.7025779699999997 2.544921617275113e-06
3.703778936 2.688164457170476e-06
3.704979902 3.002907260339193e-06
3.706180868 2.7559209009271688e-06
3.707381834 2.8269988952497978e-06
3.7085828000000003 3.797856773989528e-06
3.709783766 4.570011101277961e-06
3.710984732 4.6868251708662e-06
3.712185698 3.3913552858389664e-06
3.713386664 4.763934139410729e-07
3.71458763 1.8840939029590388e-08
3.715788596 6.036684353834563e-09
3.716989562 6.037347745079954e-09
3.7181905270000004 6.038019047635424e-09
3.7193914930000003 6.038697327900139e-09
3.720592459 6.0393826295372365e-09
3.721793425 6.0400750409770326e-09
3.7229943910000003 6.040774624332452e-09
3.724195357 6.041482664858025e-09
3.725396323 6.042197948495575e-09
3.726597289 6.042920395065476e-09
3.727798255 6.043649953174929e-09
3.728999221 6.044386526471703e-09
3.730200187 6.045131234747691e-09
3.7314011529999997 6.0458826654334505e-09
3.732602119 6.046640637151065e-09
3.733803085 6.047404938359055e-09
3.7350040509999998 6.04820375066573e-09
3.736205016 6.055961872588274e-09
3.7374059820000003 6.0567455599484425e-09
3.738606948 6.0575344069778335e-09
3.739807914 1.263809494430905e-08
3.74100888 3.809302758417559e-08
3.742209846 6.0653290125802515e-09
3.743410812 6.065403565591863e-09
3.744611778 6.065481199057163e-09
3.7458127439999997 2.283863093213822e-07
3.74701371 1.4814108491928293e-08
3.748214676 6.065728274013895e-09
3.7494156419999998 6.065813662695737e-09
3.7506166079999996 6.065899470930974e-09
3.751817574 6.065985139013756e-09
3.753018539 6.0660700909823635e-09
3.754219505 6.066153731245036e-09
3.755420471 6.066235301866603e-09
3.7566214369999997 6.066314192886575e-09
3.757822403 6.06638976988908e-09
3.759023369 6.066461347341572e-09
3.7602243349999998 6.066527900607413e-09
3.761425301 6.066589041259441e-09
3.762626267 6.066644109491209e-09
3.7638272329999998 6.066692441833137e-09
3.765028199 6.066733251267228e-09
3.7662291650000004 6.0667651336828e-09
3.7674301310000002 6.066788109079223e-09
3.768631097 6.066801513964155e-09
3.769832063 6.066804680563501e-09
3.7710330279999997 6.066796725830149e-09
3.772233994 6.066775967507551e-09
3.77343496 6.066742844793915e-09
3.7746359259999998 6.066697420663859e-09
3.7758368919999996 6.066638983480538e-09
3.7770378580000004 2.2933081954526214e-07
3.778238824 7.268381509774773e-07
3.77943979 4.1214610020757644e-08
3.780640756 6.073662681369362e-09
3.7818417220000002 6.074258243519307e-09
3.783042688 6.074835962117631e-09
3.784243654 6.075393928123603e-09
3.7854446200000003 6.075933359271486e-09
3.786645586 6.0764537595575045e-09
3.787846552 6.076954665269354e-09
3.7890475169999998 6.077434995995126e-09
3.790248483 6.077589318429031e-09
3.7914494490000004 6.0765592424161e-09
3.792650415 6.145113542193682e-09
3.793851381 1.4347976482613376e-07
3.795052347 1.1287523343678108e-08
3.7962533130000002 6.072221060263287e-09
3.797454279 6.071079438658573e-09
3.798655245 6.0699152641462156e-09
3.799856211 1.0717948042652027e-08
3.801057177 7.397059225893766e-07
3.802258143 7.474205966646148e-09
3.803459109 6.069245425065243e-09
3.8046600749999997 6.069428780855061e-09
3.805861041 6.0695886232152204e-09
3.807062006 6.069724011561828e-09
3.808262972 6.0698337930303506e-09
3.809463938 6.06992013454553e-09
3.8106649040000002 6.0695775323256725e-09
3.81186587 6.06888482138673e-09
3.813066836 6.06816822337068e-09
3.814267802 6.067426967607426e-09
3.815468768 6.06666327065479e-09
3.816669734 6.065877391581461e-09
3.8178707 6.071174652611188e-09
3.8190716659999997 6.071249967154263e-09
3.820272632 6.070395717295357e-09
3.821473598 6.069520684542208e-09
3.8226745639999997 6.068625281119831e-09
3.8238755299999996 6.067709942099144e-09
3.825076495 6.066774210854057e-09
3.826277461 6.065818092751135e-09
3.827478427 6.064843638490337e-09
3.828679393 6.06385139615018e-09
3.829880359 6.062841936287701e-09
3.831081325 6.0618150363643765e-09
3.832282291 6.060771049270052e-09
3.8334832569999997 6.0597118345316755e-09
3.834684223 6.058638044308097e-09
3.835885189 6.057550358941923e-09
3.837086155 6.0564488277719055e-09
3.838287121 6.0572680161784975e-09
3.8394880870000003 6.060942099800396e-09
3.840689053 6.05980361026729e-09
3.841890019 6.058654988518727e-09
3.843090984 6.057496578161662e-09
3.8442919499999997 6.056329205241576e-09
3.845492916 6.055154189790382e-09
3.846693882 6.053982984298294e-09
3.8478948479999997 6.05281349287272e-09
3.849095814 6.0516385467373655e-09
3.8502967800000003 6.05045907862301e-09
3.851497746 6.049276097814313e-09
3.852698712 6.048090406448425e-09
3.8538996780000003 6.046902795072928e-09
3.855100644 6.045714188775566e-09
3.85630161 6.04452552624508e-09
3.857502576 6.046844695457618e-09
3.858703542 6.049127950394399e-09
3.859904507 6.047942130842388e-09
3.8611054730000003 6.046759681492546e-09
3.862306439 6.0455814523025075e-09
3.863507405 6.044407817689592e-09
3.8647083710000003 6.04323948916966e-09
3.865909337 6.042077172294324e-09
3.867110303 6.040922317747002e-09
3.868311269 6.039775596677357e-09
3.869512235 6.038637068744657e-09
3.870713201 6.0375073732690805e-09
3.871914167 6.03638712034897e-09
3.8731151329999998 6.035277975166335e-09
3.874316099 6.034180352237909e-09
3.875517065 6.033094042325073e-09
3.876718031 6.032019567840843e-09
3.877918996 6.030957441491634e-09
3.8791199620000003 6.029909473959983e-09
3.880320928 6.028875788685397e-09
3.881521894 6.027855927816519e-09
3.88272286 6.026850296101514e-09
3.883923826 6.025859275594797e-09
3.885124792 6.0248847891454935e-09
3.886325758 6.023926614402898e-09
3.8875267239999998 6.0229841080955806e-09
3.88872769 6.022057535826225e-09
3.889928656 6.02114714187341e-09
3.891129622 6.020254897392531e-09
3.8923305879999996 6.01938024069849e-09
3.893531554 6.018522370874983e-09
3.89473252 6.017681418044563e-09
3.895933485 6.016857486532373e-09
3.897134451 6.016985481173949e-09
3.8983354169999997 6.022203697838357e-09
3.899536383 6.021433127476928e-09
3.900737349 6.020679696725074e-09
3.9019383149999998 6.019943378308428e-09
3.903139281 6.019226092192741e-09
3.904340247 6.0185266555553116e-09
3.905541213 6.01784410336534e-09
3.9067421789999996 6.017178301409079e-09
3.9079431450000004 6.016529091365434e-09
3.9091441110000003 6.015898215629058e-09
3.910345077 6.015284269514048e-09
3.911546043 7.303776647059791e-09
3.9127470090000003 1.3533206369790978e-07
3.913947974 1.0624038179043194e-08
3.91514894 6.0196681865912836e-09
3.9163499059999998 6.019133064558671e-09
3.9175508719999996 6.018612373765652e-09
3.918751838 6.018105774871563e-09
3.9199528040000002 6.017612904760611e-09
3.92115377 6.017135086145584e-09
3.922354736 6.016669205792517e-09
3.9235557020000003 6.016212287838179e-09
3.924756668 6.015767409083917e-09
3.925957634 6.015334138487679e-09
3.9271586000000003 6.014913520430914e-09
3.928359566 6.014503915016983e-09
3.929560532 6.014104427923166e-09
3.930761498 6.013714596154506e-09
3.9319624629999996 6.013333929346104e-09
3.9331634290000004 6.012963203297754e-09
3.9343643950000002 6.012600846410237e-09
3.935565361 6.012246053105946e-09
3.936766327 6.011898320410429e-09
3.9379672930000003 6.018256388679262e-09
3.939168259 6.018148381834138e-09
3.940369225 3.2994206383348593e-08
3.941570191 5.291824667187157e-07
3.942771157 4.802399830158359e-07
3.943972123 7.608579259036681e-09
3.945173089 6.019676751346073e-09
3.946374055 6.020094074899473e-09
3.947575021 6.02051362100262e-09
3.948775987 6.0209348929983005e-09
3.949976952 6.021357413980156e-09
3.951177918 5.392344631015144e-08
3.9523788840000003 2.4392948927190884e-07
3.95357985 7.13995025749476e-08
3.954780816 6.020162052112559e-09
3.955981782 6.0198581751850165e-09
3.957182748 6.019552929016382e-09
3.958383714 2.8217759616626867e-08
3.95958468 9.476823298217299e-08
3.9607856459999997 6.0186236499614525e-09
3.961986612 6.018308085588546e-09
3.963187578 6.017988868428148e-09
3.9643885439999997 6.017665719124942e-09
3.9655895099999996 6.017338320364142e-09
3.9667904760000003 6.017006366563795e-09
3.967991441 6.0166695649068674e-09
3.969192407 6.017612063745796e-09
3.970393373 6.0226565668946934e-09
3.971594339 6.022302780598497e-09
3.972795305 6.021943102156288e-09
3.973996271 6.021577327448217e-09
3.9751972369999997 6.021204781211377e-09
3.976398203 6.020825753033013e-09
3.977599169 6.024591169329227e-09
3.9788001349999997 6.026975317788435e-09
3.980001101 6.026575659428952e-09
3.9812020670000003 6.0261685075331144e-09
3.982403033 6.025754357138218e-09
3.983603999 6.025333174859769e-09
3.984804964 6.024904946409129e-09
3.9860059299999997 6.0244696452653305e-09
3.987206896 6.0240267447556535e-09
3.988407862 6.023576856805496e-09
3.9896088279999997 6.023120048245863e-09
3.9908097939999996 6.022656394389028e-09
3.9920107600000003 6.022185963745968e-09
3.993211726 6.021708410004074e-09
3.994412692 6.02122439406359e-09
3.9956136580000003 6.020734065037292e-09
3.996814624 6.020237588317539e-09
3.99801559 6.019735120798323e-09
3.999216556 6.019226557942271e-09
4.000417522 6.024721718188115e-09
4.001618488 1.0445417852736818e-07
4.002819453 2.2704731443741447e-08
4.004020419 6.016601415763826e-09
4.005221385 6.015907793911164e-09
4.006422351 6.015210471879423e-09
4.007623317 6.014509751809638e-09
4.008824283 6.013805958195389e-09
4.010025249 6.013114666768378e-09
4.011226215 6.013130820700323e-09
4.012427181 6.013144824474551e-09
4.0136281469999995 6.013157044924927e-09
4.014829112999999 6.013167849789231e-09
4.016030079 6.013177663347971e-09
4.017231045 6.0131871843915526e-09
4.018432011 6.016182628973259e-09
4.0196329770000006 6.020117797476641e-09
4.020833942 6.0251898834663085e-09
4.022034908 6.025583624460372e-09
4.023235874 6.024871353762269e-09
4.02443684 6.0241611690264e-09
4.025637806 6.023453476928811e-09
4.026838772 6.022748679474968e-09
4.028039738 6.022047375442803e-09
4.029240704 5.1935982957110315e-08
4.03044167 1.006648418834091e-06
4.031642636 1.3345752017244207e-06
4.032843602 1.0122669500680002e-08
4.034044568 6.018609808802903e-09
4.035245534 6.017939295883298e-09
4.0364465 6.0172750035880284e-09
4.037647466 6.016617298231615e-09
4.038848431 9.415907225253087e-08
4.040049397000001 9.704390771155334e-07
4.0412503630000005 4.954929500970299e-07
4.042451329 1.7891615849452885e-06
4.043652295 2.0624265370303466e-06
4.044853261 7.700876206266103e-08
4.046054227 6.015887312250357e-09
4.047255193 6.016022019556237e-09
4.048456159 6.016166178807091e-09
4.049657125 6.0163200496689625e-09
4.050858091 6.015966620197464e-09
4.052059057 6.015417384803741e-09
4.053260023 6.0148801132523585e-09
4.054460989 2.196168749882388e-08
4.055661955 1.2712947167768866e-07
4.05686292 1.610155386681676e-07
4.058063886 8.218510615948495e-08
4.059264852 8.108648807774996e-08
4.060465818 1.583933354012795e-07
4.061666784 5.150845514606289e-07
4.06286775 6.377637607436384e-07
4.064068716 2.4865286040811477e-08
4.065269682 6.017040882413471e-09
4.066470648 7.529359637530443e-09
4.067671614 2.1493419126590335e-07
4.06887258 9.55114471002958e-07
4.070073546 1.0177170995493708e-06
4.071274512 2.7190257436844775e-07
4.072475477999999 8.279072266616814e-09
4.073676444 6.023319245746297e-09
4.074877409 6.0237193118560605e-09
4.076078375 6.0241314054013666e-09
4.077279341 6.0245558139949174e-09
4.0784803069999995 6.024991075301881e-09
4.079681273 6.02543700547347e-09
4.080882239 6.025361285370215e-09
4.082083205 6.025103126729173e-09
4.083284171 6.024838676290302e-09
4.084485137 6.024583963432206e-09
4.085686103 6.0243387079177235e-09
4.086887069 6.0241026122814396e-09
4.088088035 6.023876123450188e-09
4.089289001 6.023659065854594e-09
4.090489967 6.825172376928611e-09
4.091690932 7.828158787139036e-08
4.0928918979999995 1.7697148931754536e-08
4.094092864 1.6873770335879317e-08
4.09529383 8.795152874360811e-07
4.096494796 1.4004276009235928e-06
4.097695762 1.5191022903039989e-06
4.098896728 1.7154953986331279e-06
4.1000976940000005 2.605655903832744e-06
4.10129866 1.3408195089880546e-06
4.102499626 5.130608826295377e-08
4.103700592 6.024188466742146e-09
4.104901558 6.0253874956059625e-09
4.106102524 6.024522111052763e-09
4.1073034900000005 6.023658611391451e-09
4.1085044559999995 9.007856366433897e-09
4.109705420999999 1.7176779136930103e-07
4.110906387 1.3883613240952628e-08
4.112107353000001 6.021480427287768e-09
4.113308319 8.385158620607476e-09
4.1145092850000005 2.7555911532242683e-07
4.115710251 9.498294831666179e-08
4.116911217 6.556105375367683e-07
4.118112183 3.178099256213385e-07
4.119313149 9.611357004358885e-09
4.120514115 6.027103162180825e-09
4.1217150810000005 6.026937478177998e-09
4.1229160469999995 6.220212612731091e-09
4.124117013 3.787388424087079e-07
4.125317979 3.4414820331286037e-06
4.126518945 6.265784365795318e-06
4.12771991 6.962169193546243e-06
4.1289208760000005 6.881471935898093e-06
4.130121841999999 4.376198107750468e-06
4.131322808 2.36225159457787e-06
4.132523774 7.933741999566407e-07
4.13372474 2.566157144226126e-08
4.134925706 6.021596307417535e-09
4.1361266720000005 6.293050153410763e-09
4.1373276379999995 2.1181389400046237e-08
4.138528604 5.161925196021361e-08
4.13972957 3.5296815286631845e-08
4.140930536 6.3726688809438164e-09
4.142131502 1.7428997070921323e-07
4.143332468 1.767066416158927e-06
4.1445334339999995 2.4032274734389267e-06
4.145734399 1.2099347423587492e-06
4.146935365 1.3954865401679085e-06
4.148136331 2.3075633800343665e-06
4.149337297 4.721107544644604e-06
4.1505382630000005 5.910755280292556e-06
4.1517392289999995 5.706644975033876e-06
4.152940195 4.239607496846428e-06
4.154141160999999 2.2488928377006537e-06
4.155342127 8.462804926986945e-07
4.156543093 1.7106245482466557e-07
4.157744059 1.660323220797838e-06
4.158945025 2.8610368292131667e-06
4.160145991 3.6509695618350147e-06
4.161346957 3.7544399464400165e-06
4.162547923 3.460014855940148e-06
4.163748888 2.0732743626945853e-06
4.1649498540000005 1.0659601604715487e-06
4.1661508199999995 1.7188045999171002e-06
4.167351786 2.298704488534448e-06
4.168552751999999 3.2985114655827615e-06
4.169753718 3.4048652234409848e-06
4.170954684000001 3.567326006037468e-06
4.17215565 2.1965472206756924e-06
4.173356616 2.166655638349406e-06
4.174557582 2.2516977833124693e-06
4.175758548 2.5166812053644083e-06
4.176959514 3.6485703645307125e-06
4.17816048 6.539296639991247e-06
4.179361446 9.024007442067304e-06
4.1805624120000004 1.0272975469128806e-05
4.181763377 9.949059837942763e-06
4.182964343 6.196927561712331e-06
4.184165309 3.869966843897051e-06
4.185366275000001 3.3380422792032182e-06
4.186567241 2.1348867833324567e-06
4.187768207 1.8716133059403828e-06
4.188969173 2.0152916278332426e-06
4.190170139 2.1162015904532035e-06
4.191371105 2.6597397969796725e-06
4.192572071 1.8079857224216134e-06
4.193773037 1.8698736976901392e-06
4.1949740030000005 2.5068164017513343e-06
4.196174968999999 4.567504917059015e-06
4.197375935 3.483518127053543e-06
4.198576901 1.421023443978478e-06
4.199777866000001 5.517558718534176e-07
4.200978832 1.9277089894953826e-06
4.202179798 7.521244396687634e-06
4.203380764 1.1741187264092052e-05
4.20458173 1.2685864389077698e-05
4.205782696 9.781647796405678e-06
4.206983662 4.413741046714156e-06
4.208184628 2.5475557325737643e-06
4.2093855940000005 3.467260602313907e-06
4.210586559999999 5.964915672266971e-06
4.211787526 8.91779594625342e-06
4.212988492 8.181281232602581e-06
4.214189458 7.795398394327682e-06
4.215390424 7.899531837725317e-06
4.216591389 8.263171998838715e-06
4.217792354999999 7.280882984316019e-06
4.218993321 6.0658478694848115e-06
4.220194287 6.93945602316943e-06
4.221395253 6.12670069559421e-06
4.222596219 3.258127566386594e-06
4.2237971850000005 2.66523940061257e-06
4.224998150999999 3.8857809738421825e-06
4.226199117 5.733194842358748e-06
4.227400083 7.650489702401428e-06
4.228601049 7.09368731706069e-06
4.229802015000001 7.25001737180798e-06
4.231002981 8.660069159773525e-06
4.232203947 1.071309972740013e-05
4.233404913 1.3821890067028073e-05
4.234605878 1.756786510674172e-05
4.235806844 2.085677670508833e-05
4.23700781 2.0314679794641584e-05
4.2382087760000005 1.895161171417134e-05
4.239409741999999 1.7333794802567353e-05
4.240610708 1.68150667779742e-05
4.241811673999999 1.4980413701526716e-05
4.24301264 1.2076695722653827e-05
4.244213606000001 8.279220696357687e-06
4.245414572 4.495167520087981e-06
4.246615538 4.611009087156674e-06
4.247816504 5.865811566130444e-06
4.24901747 7.065503397967284e-06
4.250218436 8.288284346271127e-06
4.251419402000001 7.64697087426355e-06
4.2526203670000005 5.015399038206745e-06
4.253821332999999 4.501966677199394e-06
4.255022299 4.937126252872746e-06
4.256223265 4.273365174282315e-06
4.257424231 3.3162256425118118e-06
4.258625197000001 6.167817218042874e-06
4.259826163 9.588899642691481e-06
4.261027129 1.1328295043854608e-05
4.262228095 1.21186173855189e-05
4.263429061 1.3204551692822901e-05
4.264630027 1.7670718447144382e-05
4.265830993 2.0525638950663643e-05
4.267031959 1.9226445177607782e-05
4.268232925 1.3084050176889582e-05
4.269433890999999 9.458411944010296e-06
4.270634856 7.627853657349801e-06
4.271835822 7.793562668503993e-06
4.273036788000001 1.0127047115343377e-05
4.274237754 1.256357414918111e-05
4.27543872 1.5946834032410714e-05
4.276639686 2.0208801432377314e-05
4.277840652 2.2556871080471327e-05
4.279041618 2.0951331915010013e-05
4.280242584 1.645194035837832e-05
4.28144355 1.181686515168152e-05
4.282644516 9.501794614620664e-06
4.283845481999999 9.665902506475845e-06
4.285046448 1.2319105808283427e-05
4.286247414 1.4352254784882735e-05
4.28744838 1.3485568080927343e-05
4.288649345 1.2390944736213578e-05
4.289850311 1.2940674824335444e-05
4.291051276999999 1.4664185321825948e-05
4.292252243 1.6033984228661e-05
4.293453209 1.624067685932712e-05
4.294654175 1.7027096641787083e-05
4.295855141 1.7050104345211214e-05
4.297056107 1.5873860200576258e-05
4.298257072999999 1.0120710667274963e-05
4.299458039 4.3577046653168895e-06
4.300659005000001 3.420526064521501e-06
4.301859971 2.468303145666528e-06
4.303060937000001 2.5430403707020346e-06
4.304261903 2.9811950639927293e-06
4.305462869 4.475230802240435e-06
4.306663834 1.1328414170156173e-05
4.3078648 1.7475431106898675e-05
4.309065766 1.7357943100553978e-05
4.310266732 1.6906290872545306e-05
4.311467698 1.6449330982072192e-05
4.312668663999999 1.688916961595149e-05
4.31386963 1.7314601324597657e-05
4.315070596 1.7530952983640247e-05
4.316271562 1.798029510905473e-05
4.317472528000001 1.7878605473874448e-05
4.318673494 1.7023940080654417e-05
4.31987446 1.5377891922977196e-05
4.321075426 1.4669148934924856e-05
4.322276392 1.5167885561740128e-05
4.323477357 1.5866807250393413e-05
4.324678323 1.6566141501345096e-05
4.325879289 1.7019504158377485e-05
4.327080255 1.7078101353226838e-05
4.328281221 1.6817768703911768e-05
4.329482187 1.6477985454056263e-05
4.330683153 1.6378348690456166e-05
4.331884119000001 1.6177113720223333e-05
4.333085085 1.6447743506540068e-05
4.334286051 1.688519695865112e-05
4.335487017 1.8549015039187694e-05
4.336687983 2.2226622411341244e-05
4.337888949 2.27219113158163e-05
4.339089915 2.145397874725214e-05
4.340290881 1.9393360635319783e-05
4.341491846 1.856272964229908e-05
4.342692812 1.8748919911886866e-05
4.343893778 1.961905205965307e-05
4.345094744 1.994212260723537e-05
4.346295710000001 2.0254037975417945e-05
4.347496676 2.069516380312337e-05
4.348697642 1.8913037781089143e-05
4.349898608 1.725455116788133e-05
4.351099574 1.648487298599922e-05
4.35230054 1.952997658308262e-05
4.353501506 2.3137777464190946e-05
4.354702472 2.5020946715583983e-05
4.355903438 2.253097936509096e-05
4.357104403999999 1.9200671742860354e-05
4.35830537 1.6307297416279625e-05
4.359506335 1.424980274336203e-05
4.360707301000001 1.2667894874914566e-05
4.361908267 1.0540560701174093e-05
4.363109233 9.57073181303089e-06
4.364310198999999 1.2079257247324534e-05
4.365511165 1.2696926206552741e-05
4.366712131 1.3206488072487211e-05
4.367913097 1.4241205643336264e-05
4.369114063 1.6314484779638182e-05
4.370315029 1.749756631195306e-05
4.371515994999999 1.7854811678176147e-05
4.372716961 1.792974216706005e-05
4.373917927000001 1.9208223362345536e-05
4.375118893 2.1605571552013326e-05
4.3763198590000005 2.3152658797343228e-05
4.377520824 2.4509614437233798e-05
4.378721789999999 2.5445998742375756e-05
4.379922756 2.541313455361713e-05
4.381123722 2.390021796575057e-05
4.382324688 2.0979407839597455e-05
4.383525654 1.8840045140615823e-05
4.38472662 1.7727421821671405e-05
4.385927586 1.920554039907422e-05
4.387128552 1.9705285259908853e-05
4.388329518 1.9349527310902046e-05
4.389530484 1.6953338512575974e-05
4.3907314500000005 1.5707511581523777e-05
4.3919324159999995 1.5570068572119345e-05
4.393133382 1.7229800804979986e-05
4.394334348 1.84058934615174e-05
4.395535313 1.89331686550268e-05
4.396736279 1.6857342136228285e-05
4.3979372450000005 1.5523158227322886e-05
4.399138211 1.468084232436309e-05
4.400339177 1.5605892930356467e-05
4.401540143 1.655586250038736e-05
4.402741109 1.6729295545503718e-05
4.403942075 1.6441435138227243e-05
4.4051430410000005 1.6610533480216822e-05
4.4063440069999995 1.8271473316301834e-05
4.407544973 1.9753467442434934e-05
4.408745939 2.0678544946943023e-05
4.409946905 1.9122222992257845e-05
4.411147871 1.683959892505242e-05
4.412348837 1.5913367547444233e-05
4.413549802 1.577080069678332e-05
4.414750768 1.6800869363521346e-05
4.415951734 1.8429920408562343e-05
4.4171527 1.830710945205044e-05
4.418353666 1.7505975195109994e-05
4.4195546320000005 1.5992150847347006e-05
4.4207555979999995 1.6272346146920032e-05
4.421956564 1.729765434185938e-05
4.42315753 1.881716171614709e-05
4.424358496 1.8998055073077016e-05
4.425559462 1.9090266222805186e-05
4.426760428 1.7935664930986824e-05
4.4279613939999996 1.7276404075458042e-05
4.42916236 1.6022681987617204e-05
4.430363325999999 1.4977772375460069e-05
4.431564291 1.4403080783529725e-05
4.432765257 1.5710361731282003e-05
4.4339662230000005 1.7529558752935265e-05
4.4351671889999995 1.9757717358271727e-05
4.436368155 1.9452401498133652e-05
4.437569121 1.846421211732698e-05
4.438770087 1.7066416826783344e-05
4.439971053 1.685978650735538e-05
4.441172019 1.6889576397868898e-05
4.4423729849999996 1.738396066676637e-05
4.443573951 1.6742542648597044e-05
4.444774917 1.596258259017898e-05
4.445975883 1.5147085545656654e-05
4.447176849000001 1.5510416383758194e-05
4.4483778140000005 1.663658966623853e-05
4.4495787799999995 1.7871653918885985e-05
4.450779746 1.8677248107456408e-05
4.451980711999999 1.927482493435325e-05
4.453181678 1.8943882122307706e-05
4.454382644 1.8442920749981187e-05
4.45558361 1.638735758628496e-05
4.456784576 1.5254122535862448e-05
4.457985542 1.4882414235069456e-05
4.459186508 1.7684778471357677e-05
4.460387474 2.069760948524916e-05
4.461588440000001 2.289640735141395e-05
4.462789406 2.340190200292786e-05
4.4639903720000005 2.380275936150622e-05
4.4651913379999995 2.5315917335255253e-05
4.466392302999999 2.513239711279542e-05
4.467593269 2.4323710694462577e-05
4.468794235000001 2.1102456975761186e-05
4.469995201 1.9507984374261406e-05
4.471196167 2.0084369310324068e-05
4.472397133 2.1364987684239175e-05
4.473598099 2.2477326373609828e-05
4.474799065 2.2363238231933024e-05
4.476000031 2.2005833266206953e-05
4.477200997 2.159921139907821e-05
4.4784019630000005 1.948023095964781e-05
4.4796029289999995 1.8048212526227957e-05
4.480803895 1.7280726700090325e-05
4.482004861 1.9009331195073882e-05
4.483205827 2.091279293904584e-05
4.484406792 2.0531758211401593e-05
4.4856077580000004 1.887927338591802e-05
4.486808724 1.6719548569382038e-05
4.48800969 1.7245683744252587e-05
4.489210656 1.784958641544451e-05
4.490411622 1.843691165003484e-05
4.491612588 1.8210934228747944e-05
4.4928135540000005 1.7675441413472664e-05
4.4940145199999995 1.70380427815265e-05
4.495215486 1.567249278520006e-05
4.496416452 1.3815484883514798e-05
4.497617418 1.3653433062584041e-05
4.498818384 1.4299342310145292e-05
4.50001935 1.7144624414826316e-05
4.5012203159999995 1.8588758115824765e-05
4.502421281 1.8919465289527305e-05
4.503622247 1.6449930905974936e-05
4.504823213 1.3885724983271894e-05
4.506024179 1.167293767739273e-05
4.5072251450000005 8.566741877323472e-06
4.5084261109999995 8.068123363435215e-06
4.509627077 9.070633652262554e-06
4.510828043 1.0901857367055936e-05
4.512029009 1.2764997644203792e-05
4.513229975 1.2768142651625149e-05
4.514430941 1.172220938820373e-05
4.515631907 1.1081311759596396e-05
4.516832873 1.200200540983562e-05
4.518033839 1.447141904397182e-05
4.519234805 1.600312215888658e-05
4.52043577 1.7139372278758445e-05
4.5216367360000005 1.7456511931796518e-05
4.5228377019999995 1.8000893275889866e-05
4.524038668 1.8755008572831334e-05
4.525239633999999 2.0039302075654206e-05
4.5264406 2.148254059105848e-05
4.527641566000001 2.3471004805163614e-05
4.528842532 2.5011956383154066e-05
4.530043498 2.6590837658900917e-05
4.531244464 2.7510063256378667e-05
4.53244543 2.8166351627039952e-05
4.533646396 2.829266086874747e-05
4.534847362000001 2.6220165623839177e-05
4.536048328 2.3626591775675802e-05
4.537249294 2.0634100861814932e-05
4.538450259 1.910535953289599e-05
4.539651224999999 1.8854728509730026e-05
4.540852191 1.9681414374700118e-05
4.542053157000001 2.10818735357179e-05
4.543254123 2.274394673922946e-05
4.544455089 2.3633403608623464e-05
4.545656055 2.4010274820587893e-05
4.546857021 2.258907506007372e-05
4.548057987 2.210607555670977e-05
4.549258953 2.2605493084194997e-05
4.550459919 2.3267959430056763e-05
4.551660885 2.376599916612225e-05
4.552861850999999 2.2097395325222463e-05
4.554062817 2.0856646060341867e-05
4.555263782 2.0539741298036875e-05
4.556464748000001 2.027600126885045e-05
4.557665714 1.9883317761441396e-05
4.55886668 1.6901494096385635e-05
4.560067646 1.4338192413961614e-05
4.561268612 1.318882126311284e-05
4.562469578 1.3664405071368031e-05
4.563670544 1.5930244448638277e-05
4.56487151 1.8460217082490634e-05
4.566072476 2.1028685774439462e-05
4.567273441999999 2.2512038983760224e-05
4.568474408 2.2283348788839255e-05
4.569675374 2.0111352650194807e-05
4.57087634 1.6873044777258462e-05
4.572077306 1.4569964893312582e-05
4.573278271 1.5271164011004783e-05
4.574479236999999 1.6081059252407252e-05
4.575680203 1.6973035393885046e-05
4.576881169 1.7236693649840443e-05
4.578082135 1.7630489436912303e-05
4.579283101 1.9316824726612553e-05
4.580484067 2.008902990900367e-05
4.581685032999999 1.9285475380498647e-05
4.582885999 1.6986078513604865e-05
4.584086965 1.4546016809296062e-05
4.585287931 1.477468769050927e-05
4.586488897000001 1.4823077824571759e-05
4.587689863 1.4539929367425605e-05
4.588890829 1.2622210431881275e-05
4.590091795 1.2056441889740514e-05
4.59129276 1.3259337408440095e-05
4.592493726 1.4389011475825699e-05
4.593694692 1.4609691941049194e-05
4.594895658 1.544950459037503e-05
4.596096623999999 1.5161870017181526e-05
4.59729759 1.4512855174003678e-05
4.598498555999999 1.3136055268842533e-05
4.599699522 1.1260452967698536e-05
4.600900488000001 1.0984764214951765e-05
4.602101454 1.1439057861815698e-05
4.60330242 1.3234594303328247e-05
4.604503386 1.7132692363576195e-05
4.605704352 1.83078518147036e-05
4.606905318 1.923709902514818e-05
4.608106284000001 1.9717704347693337e-05
4.609307249 2.078467225297594e-05
4.610508214999999 2.2216007132620018e-05
4.611709181 2.1907011550555673e-05
4.612910147 2.1811671352846232e-05
4.614111113 2.1916783714082476e-05
4.615312079000001 2.271769356781233e-05
4.616513045 2.4253202647049114e-05
4.617714011 2.4092499039885532e-05
4.618914977 2.3713443807708907e-05
4.620115943 2.2616277366656784e-05
4.621316909 2.195599720980343e-05
4.622517875 2.1536995778851983e-05
4.623718841 2.0382543461832467e-05
4.624919807 1.925096613797462e-05
4.626120772999999 1.8360950368166824e-05
4.627321738 1.763827811477081e-05
4.628522704 1.7499778318270866e-05
4.629723670000001 1.705138420242127e-05
4.630924636 1.667999492180626e-05
4.632125602 1.6787639914733816e-05
4.633326568 1.7186875254504332e-05
4.634527534 1.7966650198205678e-05
4.6357285 1.8488680687268303e-05
4.636929466 1.8353324176796615e-05
4.638130432 1.8181945774776503e-05
4.639331398 1.7902314986790176e-05
4.640532363999999 1.8170240957071957e-05
4.64173333 1.9198549675699795e-05
4.642934296 1.976866236778934e-05
4.644135262 1.9446648726385066e-05
4.645336227 1.8573602475261388e-05
4.646537193 1.728038136876045e-05
4.647738159 1.686585693824689e-05
4.648939125 1.8584936624804506e-05
4.650140091 2.08119659252188e-05
4.651341057 2.365157655040684e-05
4.652542023 2.552872332319061e-05
4.653742989 2.6407729285117447e-05
4.654943954999999 2.6503432263108114e-05
4.656144921 2.6871976480468127e-05
4.657345887 2.7265884450744906e-05
4.658546853 2.7781186367528645e-05
4.659747819000001 2.733447189668884e-05
4.6609487849999995 2.6056009164972657e-05
4.662149751 2.4506540188188037e-05
4.663350716 2.3954951048916142e-05
4.664551682 2.386974967827536e-05
4.665752648 2.6283404173293316e-05
4.666953614 2.889123847013289e-05
4.66815458 3.0696560652661746e-05
4.669355545999999 2.990887470349605e-05
4.670556512 2.7416198687590726e-05
4.671757478000001 2.473062185685865e-05
4.672958444 2.2514677431755963e-05
4.674159410000001 2.2586097120787615e-05
4.6753603759999995 2.245876497462388e-05
4.676561342 2.1932042292193828e-05
4.677762308 2.1555151417048353e-05
4.678963274 2.1247945048040565e-05
4.680164239 2.1956277570506826e-05
4.681365205 2.3246165534670776e-05
4.682566171 2.3118734262894404e-05
4.683767137 2.32257534747728e-05
4.684968103 2.290188872222114e-05
4.686169069 2.2526392021900172e-05
4.687370035 2.2559420524700682e-05
4.688571001000001 2.1429722949904925e-05
4.6897719669999995 2.039319840680171e-05
4.690972933 2.077417758570323e-05
4.692173899 2.1694721248807964e-05
4.693374865 2.4527777319717464e-05
4.694575831 2.685947378567219e-05
4.695776797000001 2.8269338543106248e-05
4.696977763 2.8265997934892258e-05
4.698178728 2.7725169404781753e-05
4.699379694 2.614181652611545e-05
4.70058066 2.466847960210542e-05
4.701781626 2.3392922174292493e-05
4.702982592000001 2.2937870519338557e-05
4.7041835579999995 2.3678684290573562e-05
4.705384524 2.295908451996303e-05
4.70658549 2.1630341881835055e-05
4.707786456 1.640099089613917e-05
4.708987422 1.2606877468234806e-05
4.710188388 1.1561249398040809e-05
4.711389354 1.1720032151399832e-05
4.71259032 1.3190647176003383e-05
4.713791285999999 1.5906715206101008e-05
4.714992252 1.761547532772783e-05
4.716193217 1.8696306944246162e-05
4.717394183000001 1.9410703574538276e-05
4.7185951489999995 1.8954236316620185e-05
4.719796115 1.884252116634306e-05
4.720997081 1.7363676162042416e-05
4.722198047 1.6331370751098828e-05
4.723399013 1.59433474973049e-05
4.724599979 1.5632780534713467e-05
4.725800945 1.637059374535499e-05
4.727001911 1.6686830957615988e-05
4.728202876999999 1.705169966392805e-05
4.729403843 1.6544503576447316e-05
4.730604809000001 1.6039591237496536e-05
4.731805775 1.4354118421461788e-05
4.7330067410000005 1.313053424393243e-05
4.734207706 1.2612435879024732e-05
4.735408671999999 1.336315351580867e-05
4.736609638 1.556240973029537e-05
4.737810604 1.78467376157819e-05
4.73901157 2.0301757217216305e-05
4.740212536 2.1568614004540192e-05
4.741413502 2.260958200967836e-05
4.742614468 2.1383109202236685e-05
4.743815434 1.888401885218588e-05
4.745016400000001 1.5111366439848425e-05
4.746217366 1.2860941880410643e-05
4.7474183320000005 1.1828558645323652e-05
4.7486192979999995 1.1736974118915005e-05
4.749820264 1.1957484508254039e-05
4.75102123 1.1606461199711095e-05
4.752222195 1.1257842510587452e-05
4.753423161 1.1350481636342721e-05
4.7546241270000005 1.172679052987957e-05
4.755825093 1.2528052904131533e-05
4.757026059 1.3398292798307938e-05
4.758227025 1.4416531335384218e-05
4.759427991 1.543546490835676e-05
4.760628957 1.651805364607735e-05
4.7618299230000005 1.581431418563028e-05
4.7630308889999995 1.4998989991253964e-05
4.764231855 1.3716078546262756e-05
4.765432821 1.3004702253774286e-05
4.766633787 1.4328475727206054e-05
4.767834753 1.5361548302916478e-05
4.769035719000001 1.5343610706272525e-05
4.770236684 1.372014558258127e-05
4.77143765 1.1203539351108637e-05
4.772638616 1.0482065831545167e-05
4.773839582 1.0460193681743136e-05
4.775040548 1.1694133983341408e-05
4.7762415140000005 1.316473535776344e-05
4.7774424799999995 1.3163357373115476e-05
4.778643446 1.3276685340551523e-05
4.779844412 1.3549918862323816e-05
4.781045378 1.3741238707961722e-05
4.782246344 1.3720808107530236e-05
4.78344731 1.2978440543220088e-05
4.7846482759999995 1.1766925901474092e-05
4.785849242 1.103257629664409e-05
4.787050207 1.052163447901081e-05
4.788251173 1.0262573132247778e-05
4.789452139 1.0046188864611892e-05
4.7906531050000005 9.52285690623226e-06
4.7918540709999995 9.450254409120514e-06
4.793055037 1.0043988164750845e-05
4.794256003 1.1118963686058468e-05
4.795456969 1.2241041812478962e-05
4.796657935 1.3555535852569241e-05
4.797858901 1.477864415253509e-05
4.7990598669999995 1.4930528004460744e-05
4.800260833 1.4662259377458184e-05
4.801461799 1.2438314019538207e-05
4.802662765 1.0630641225574698e-05
4.803863731000001 8.143520969522796e-06
4.8050646960000005 6.77371301879878e-06
4.8062656619999995 6.372491011181024e-06
4.807466628 6.816266042851012e-06
4.808667593999999 7.312762221556438e-06
4.80986856 8.29453216471732e-06
4.811069526 8.746364889862287e-06
4.812270492 8.609418525613692e-06
4.813471458 7.808609450565617e-06
4.814672424 6.6679675611996515e-06
4.81587339 5.588583748401027e-06
4.817074356 5.831477342780108e-06
4.818275322000001 6.928214877156171e-06
4.819476288 7.541451635678894e-06
4.8206772540000005 8.089026917113497e-06
4.821878219999999 7.050433545891347e-06
4.823079184999999 6.571654840590805e-06
4.824280151 7.760543095645906e-06
4.825481117000001 9.399489205421763e-06
4.826682083 1.1947871326209644e-05
4.827883049 1.3491966013063282e-05
4.829084015 1.3408497957874302e-05
4.830284981 1.214456674120618e-05
4.831485947 1.0301768001370995e-05
4.832686913 7.921873804824729e-06
4.833887879 6.306627930965612e-06
4.8350888450000005 4.983650384147443e-06
4.836289810999999 4.068644112953201e-06
4.837490777 4.706030657693451e-06
4.838691743 6.214635620408082e-06
4.839892709 7.681733164408736e-06
4.841093674 1.0151783325137202e-05
4.84229464 1.112425254778521e-05
4.843495606 1.0917574990342496e-05
4.844696572 1.1232789089927716e-05
4.845897538 1.1399396228320588e-05
4.847098504 1.0749179593455989e-05
4.84829947 8.436103120899894e-06
4.8495004360000005 5.931097979739001e-06
4.850701401999999 3.990854690482136e-06
4.851902368 3.836215033920228e-06
4.853103334 3.934374213764046e-06
4.8543043 4.075827330816401e-06
4.855505266 3.984228829181029e-06
4.8567062320000005 4.063078247264723e-06
4.8579071979999995 5.003492172632854e-06
4.859108163 6.747546100778083e-06
4.860309129 7.501356496753205e-06
4.861510095 8.09617105550507e-06
4.862711061 7.747280161411676e-06
4.8639120270000005 7.367149122593203e-06
4.865112992999999 6.69482772636295e-06
4.866313959 5.886030080685125e-06
4.867514925 4.687801062096962e-06
4.868715891 3.499225228698148e-06
4.869916857 2.6689013399403407e-06
4.871117823 3.007113901864328e-06
4.8723187889999995 4.173807663426627e-06
4.873519755 5.7055946726116215e-06
4.874720721 7.807047113662679e-06
4.875921687 8.377990879607938e-06
4.877122652 8.407672126151964e-06
4.8783236180000005 6.124517553913814e-06
4.879524583999999 4.298343940821002e-06
4.88072555 2.3143149134671774e-06
4.881926516 1.5532077138348822e-06
4.883127482 2.4514814818189625e-06
4.884328448 4.59109524359158e-06
4.885529414 6.393976821630485e-06
4.88673038 8.23225038501838e-06
4.887931346 7.620821060341274e-06
4.889132312 6.2588485446917574e-06
4.890333278 3.880558800984226e-06
4.891534244000001 1.7730946038823737e-06
4.89273521 1.4936238719588617e-06
4.8939361749999994 1.7794512951508128e-06
4.895137141 2.4534273874850212e-06
4.896338106999999 3.039157919662161e-06
4.897539073 3.6985381950587464e-06
4.898740039000001 4.0667884241273735e-06
4.899941005 3.772951487574726e-06
4.901141971 3.48551600414045e-06
4.902342937 3.433996841864766e-06
4.903543903 3.78212729659082e-06
4.904744869 4.345620948741968e-06
4.905945835000001 4.515266362249857e-06
4.907146801 5.182124451247841e-06
4.908347767 5.2327597436585625e-06
4.909548732999999 5.5573278773952395e-06
4.910749699 4.916503076085274e-06
4.911950664 4.150566164448267e-06
4.913151630000001 1.9333843889911273e-06
4.914352596 1.7960987574920417e-06
4.915553562 1.9167210523393014e-06
4.916754528 2.0957563563557246e-06
4.917955494 2.7182001338095306e-06
4.91915646 4.529230957445159e-06
4.920357426 6.377748651536398e-06
4.921558392 8.907284361630435e-06
4.922759358 9.779755938046725e-06
4.923960323999999 1.0193052970397971e-05
4.92516129 9.294310283081849e-06
4.926362256 8.20169638534742e-06
4.927563222 6.98424247937802e-06
4.928764188 6.3404923128568905e-06
4.929965153 6.090199511716942e-06
4.931166119 6.147815734588747e-06
4.932367085 6.541367998409531e-06
4.933568051 7.063317660564644e-06
4.934769017 7.724334242914927e-06
4.935969983 8.193738541760736e-06
4.937170949 8.480755528911073e-06
4.938371914999999 8.32884483001995e-06
4.939572881 7.910877510326881e-06
4.940773847 7.934767834349968e-06
4.941974813 8.321940009339867e-06
4.943175779 9.383811177567239e-06
4.944376745 1.109326712340845e-05
4.945577711 1.228377713395632e-05
4.946778677 1.2963364064234754e-05
4.947979642 1.2040506286611271e-05
4.949180608 1.133391377371858e-05
4.950381574 1.0172120389081159e-05
4.95158254 9.055737517022052e-06
4.952783505999999 8.161960459802597e-06
4.953984472 7.457930091859673e-06
4.955185438 7.226044810767333e-06
4.956386404 7.67561485084775e-06
4.957587370000001 8.317012725652102e-06
4.958788336 9.531077908085273e-06
4.959989302 9.746428745598508e-06
4.961190268 9.801664729112933e-06
4.962391234 9.020500485516125e-06
4.9635922 8.54294897816011e-06
4.964793166000001 6.748944203089409e-06
4.965994131 6.402103113286968e-06
4.967195096999999 6.167223691488507e-06
4.968396063 6.011373380178131e-06
4.969597029 6.928738235481572e-06
4.970797995 8.252606385752307e-06
4.971998961000001 8.282174050679474e-06
4.973199927 8.297685238351262e-06
4.974400893 7.077953133839445e-06
4.975601859 6.12469535079543e-06
4.976802825 6.727768904245971e-06
4.978003791 7.51952551649593e-06
4.979204757000001 8.490360283796717e-06
4.980405723 1.002301040521566e-05
4.981606689 9.192038775782647e-06
4.982807654999999 8.880847622166362e-06
4.98400862 9.113607072036914e-06
4.985209586 9.3752868145261e-06
4.986410552000001 9.839839084837011e-06
4.987611518 1.0268291196345991e-05
4.988812484 9.901570608097128e-06
4.99001345 1.125988604993124e-05
4.991214416 1.1158733994107637e-05
4.992415382 1.108228512586865e-05
4.993616348 1.005977036854901e-05
4.994817314 9.502038043941768e-06
4.99601828 8.811165630104546e-06
4.997219245999999 8.13000269863764e-06
4.998420212 7.254102340488149e-06
4.999621178 7.531059566722904e-06
5.000822144 6.707901632856525e-06
5.002023109 6.536788873896164e-06
5.003224075 5.512042869899795e-06
5.004425041 5.457953683851064e-06
5.005626007 5.448744552912164e-06
5.006826973 6.99682220234662e-06
5.008027939 6.672839463044076e-06
5.009228905 7.503471015384822e-06
5.010429871 5.45287698776431e-06
5.011630836999999 4.032158925681694e-06
5.012831803 2.9922604997893607e-06
5.014032769 3.0319863490717906e-06
5.015233735 3.6444411192245086e-06
5.0164347010000006 4.802698771059076e-06
5.0176356669999995 5.237301568884074e-06
5.018836631999999 5.929536070134922e-06
5.020037598 6.263472245632392e-06
5.021238564 6.68747211309663e-06
5.02243953 5.489696263410915e-06
5.023640496 5.121169532230043e-06
5.024841462 4.688126317411032e-06
5.026042427999999 4.404144159728656e-06
5.027243394 4.73143838208376e-06
5.028444360000001 5.454366546762604e-06
5.029645326 6.368033837170408e-06
5.0308462920000006 7.2664592321028435e-06
5.0320472579999995 7.979630599925448e-06
5.033248224 8.80917600708468e-06
5.03444919 8.858962075570984e-06
5.035650156 8.760070282886222e-06
5.036851121 8.050634703137803e-06
5.038052087 7.233503634102352e-06
5.039253053 7.057034143733872e-06
5.040454019 7.1953815147720725e-06
5.041654985 6.9728604109732925e-06
5.042855951 6.789169671973024e-06
5.044056917 5.939370671898233e-06
5.0452578830000006 5.922298534493524e-06
5.0464588489999995 6.742780151859984e-06
5.047659815 8.554426258385139e-06
5.048860781 1.1495995039352369e-05
5.050061747 1.4019222273445957e-05
5.051262713 1.5644487312354817e-05
5.052463679000001 1.563484719264863e-05
5.053664645 1.5502856371530108e-05
5.05486561 1.5275308756176014e-05
5.056066576 1.549237401325627e-05
5.057267542 1.637836230785022e-05
5.058468508 1.7265210725437484e-05
5.0596694740000006 1.824602230262819e-05
5.0608704399999995 1.9385184061603868e-05
5.062071406 1.996981517357518e-05
5.063272372 2.0477954253371854e-05
5.064473338 2.0169513634058035e-05
5.065674304 1.9905227098161934e-05
5.06687527 1.989876726852606e-05
5.068076236 1.9981945957663747e-05
5.069277202 2.0642328216734264e-05
5.070478167999999 2.1412542508291028e-05
5.071679134 2.1068740274867717e-05
5.072880099 2.0735416720754367e-05
5.074081065000001 1.9681837373328284e-05
5.0752820309999995 1.880331963576982e-05
5.076482997 1.778704831207328e-05
5.077683963 1.6863063167196023e-05
5.078884929 1.555836991655642e-05
5.080085895 1.4274840317415863e-05
5.081286861 1.3881653134275953e-05
5.082487827 1.3790061810633692e-05
5.083688793 1.4104254070332013e-05
5.084889758999999 1.4701082078008299e-05
5.086090725 1.4679107462307425e-05
5.087291691000001 1.4191627215146735e-05
5.088492657 1.3892244828433885e-05
5.0896936230000005 1.3999918465022417e-05
5.090894588 1.420492723208615e-05
5.092095554 1.4333277056292704e-05
5.09329652 1.3177499561490397e-05
5.094497486 1.1108604828552584e-05
5.095698452 9.32762048005274e-06
5.096899418 7.58163399442454e-06
5.098100384 6.505917937960865e-06
5.099301349999999 5.998875481464916e-06
