Wavelength_microns Throughput
2.0004663860000003 9.296462250175774e-12
2.002074478 9.457393207078958e-12
2.00368257 9.078963115468313e-12
2.005290662 8.17803368200401e-12
2.006898754 7.462681920837435e-12
2.008506846 6.7871244505764544e-12
2.010114938 5.975866359145041e-12
2.01172303 5.232171356297396e-12
2.013331122 4.769590823432093e-12
2.014939214 4.618459326171017e-12
2.016547306 4.645758702353259e-12
2.018155398 4.757099464852153e-12
2.01976349 4.671702090690523e-12
2.021371582 4.67675935820284e-12
2.022979674 4.857137556193265e-12
2.0245877660000002 4.8387103154282584e-12
2.026195858 4.6371738381899756e-12
2.027803949 4.37939989856636e-12
2.029412041 4.321044701149948e-12
2.031020133 4.2971877501339274e-12
2.032628225 4.207174962510345e-12
2.034236317 4.133745850343439e-12
2.035844409 4.246547438376857e-12
2.037452501 4.399418145918721e-12
2.039060593 4.5486251069717676e-12
2.040668685 4.692211251894029e-12
2.042276777 4.6549055883432475e-12
2.0438848689999998 4.62376127982739e-12
2.045492961 4.711239851741284e-12
2.047101053 4.708755924595013e-12
2.0487091449999997 4.5453028311808955e-12
2.0503172370000002 4.472118293462272e-12
2.0519253290000004 4.632130567936124e-12
2.053533421 4.833102648810918e-12
2.055141513 4.771158226216878e-12
2.056749605 4.826384960223808e-12
2.058357697 5.2498758223964e-12
2.059965788 5.909363868092407e-12
2.06157388 6.502696521589326e-12
2.0631819719999998 7.0944878726290515e-12
2.064790064 7.72602287220551e-12
2.066398156 8.606644717128064e-12
2.068006248 9.837072919824219e-12
2.06961434 1.1006646873009325e-11
2.071222432 1.1610804909649266e-11
2.072830524 1.2225442360358316e-11
2.074438616 1.3431922686418763e-11
2.076046708 1.471028012505227e-11
2.0776548 1.470830715617468e-11
2.079262892 1.4232421206840854e-11
2.080870984 1.3922422360220109e-11
2.0824790760000003 1.4277928901041465e-11
2.084087168 1.383848020901026e-11
2.08569526 1.2907684430676282e-11
2.0873033519999997 1.1537290422600183e-11
2.088911444 1.19609892393657e-11
2.090519536 1.4020583289985387e-11
2.092127627 1.6432872253269516e-11
2.0937357189999997 1.709533548928291e-11
2.0953438110000002 1.518402498144351e-11
2.0969519030000003 1.592385279157075e-11
2.098559995 1.8323573566156554e-11
2.100168087 1.9069392105376538e-11
2.101776179 1.3101396040772519e-11
2.103384271 7.945124246795844e-12
2.104992363 3.5631551196967984e-12
2.1066004549999997 3.352954878719665e-12
2.1082085470000003 3.673030681670116e-12
2.109816639 3.745151719451513e-12
2.111424731 2.057078264092192e-12
2.113032823 5.3706759742937865e-12
2.114640915 6.001174576606767e-12
2.116249007 6.311419134571268e-12
2.1178570989999996 6.36487525510184e-12
2.1194651909999997 7.516541818353946e-12
2.1210732830000003 1.1294053149094109e-11
2.122681375 1.696308380837216e-11
2.124289466 1.878223966956616e-11
2.125897558 1.4162523938768594e-11
2.1275056500000002 1.3588415523768705e-11
2.129113742 1.4025599456427596e-11
2.130721834 1.621603297456297e-11
2.1323299259999997 1.4428968717950664e-11
2.133938018 1.0927171826714359e-11
2.1355461100000004 6.0087481162944176e-12
2.137154202 3.835282067227319e-12
2.138762294 3.5056641988415697e-12
2.140370386 3.3413077475644187e-12
2.141978478 2.5602774037128953e-12
2.14358657 2.518394469667903e-13
2.1451946619999998 1.35202307584012e-13
2.146802754 1.337236203994679e-13
2.1484108460000004 1.3337705058923184e-13
2.150018938 1.3335137858698251e-13
2.15162703 1.3371883044497236e-13
2.153235122 1.3445841722330856e-13
2.154843214 1.3530026883100548e-13
2.156451305 1.3670268724147715e-13
2.158059397 1.380455974266104e-13
2.159667489 1.400831675298178e-13
2.161275581 1.4257283035901115e-13
2.1628836729999996 1.448614699054898e-13
2.164491765 1.477807184307488e-13
2.1660998570000003 1.5106621322881212e-13
2.167707949 1.5473252250767188e-13
2.169316041 1.5878224709720184e-13
2.170924133 1.6287319634297094e-13
2.172532225 1.6797660912245464e-13
2.174140317 1.7339298041202601e-13
2.1757484089999997 1.793733845429036e-13
2.177356501 1.8595627829765575e-13
2.1789645930000003 1.931798650957728e-13
2.180572685 2.0119285686775658e-13
2.182180777 2.0999541939170676e-13
2.183788869 2.1994343992388556e-13
2.185396961 2.3130248949009165e-13
2.187005053 2.4324827914063165e-13
2.1886131449999997 2.5663002604446865e-13
2.1902212359999997 2.7147293325802237e-13
2.191829328 2.88066599065279e-13
2.1934374200000004 3.0672301678943635e-13
2.195045512 3.2759051557210216e-13
2.196653604 3.516157058641373e-13
2.198261696 3.786427129682238e-13
2.199869788 4.092678866656222e-13
2.20147788 4.4532466236361373e-13
2.203085972 4.857368060016941e-13
2.204694064 5.330771749553468e-13
2.206302156 5.884243407091291e-13
2.207910248 6.536035783915912e-13
2.2095183400000002 7.326942517221643e-13
2.211126432 8.2713514640843e-13
2.212734524 9.41641154032452e-13
2.2143426159999997 1.0846488072079914e-12
2.215950708 1.2614350290604702e-12
2.2175588 5.787438241391458e-10
2.219166892 1.398759494520931e-09
2.220774984 2.203183365449761e-09
2.221786975 3.015232150675452e-09
2.222987941 4.079729168366645e-09
2.2241889070000003 5.515979889908541e-09
2.225389873 7.2058190186008505e-09
2.226590839 9.067192249953445e-09
2.227791805 9.453818984158854e-09
2.228992771 1.0047328621453235e-08
2.230193737 1.0944832097371444e-08
2.231394703 1.1973120510046877e-08
2.2325956689999997 1.3309875148329575e-08
2.233796635 1.4560857154245076e-08
2.234997601 1.5431547296881104e-08
2.2361985669999997 1.68816117370885e-08
2.2373995329999996 1.817983494507142e-08
2.238600498 1.9355122674950706e-08
2.239801464 2.142413636107604e-08
2.24100243 2.3514465553207568e-08
2.242203396 2.5406451230181975e-08
2.243404362 2.69116977883037e-08
2.244605328 2.992311583996325e-08
2.245806294 3.2792904643814884e-08
2.2470072599999997 3.7044476342737784e-08
2.248208226 4.256732673384332e-08
2.249409192 4.8758628542887716e-08
2.2506101579999997 5.431203029958515e-08
2.251811124 6.38396755863679e-08
2.2530120900000004 7.739271628620773e-08
2.254213056 9.096424800452588e-08
2.255414021 1.053536016027804e-07
2.256614987 1.2301911922418562e-07
2.2578159529999997 1.4165325870417784e-07
2.259016919 1.5932722069232154e-07
2.260217885 1.8762271752809454e-07
2.2614188509999997 2.1481232343115648e-07
2.2626198169999996 2.4521915679399765e-07
2.2638207830000003 2.773456084516624e-07
2.265021749 3.1264261436149644e-07
2.266222715 3.3869890796618506e-07
2.2674236810000004 3.6685273212975607e-07
2.268624647 3.9597157118923404e-07
2.269825613 4.2643589910685866e-07
2.271026579 4.4144717144494004e-07
2.2722275450000002 4.497103086854869e-07
2.27342851 4.6376233824586616e-07
2.274629476 4.773657028767176e-07
2.2758304419999997 5.100734465750133e-07
2.277031408 5.400580217753575e-07
2.2782323740000003 5.61783203219475e-07
2.27943334 5.69264753879482e-07
2.280634306 6.038950890100053e-07
2.281835272 6.400210933642471e-07
2.283036238 6.778960879278418e-07
2.284237204 7.240225591773059e-07
2.28543817 7.706250150170409e-07
2.286639136 8.230719458031775e-07
2.287840102 9.008628606388779e-07
2.289041068 9.969748755339647e-07
2.290242034 1.0930959294332177e-06
2.291442999 1.2251982598491428e-06
2.2926439650000003 1.3645300323745443e-06
2.293844931 1.530755209593042e-06
2.295045897 1.7034517921367667e-06
2.296246863 1.914515292418369e-06
2.297447829 2.1623411343715548e-06
2.298648795 2.4676023500192227e-06
2.299849761 2.8102597504921337e-06
2.301050727 3.1676120579639446e-06
2.302251693 3.6166327544312633e-06
2.303452659 4.1235085226465875e-06
2.304653625 4.723653230835589e-06
2.3058545909999997 5.395628151300833e-06
2.307055557 6.1557336238182574e-06
2.308256523 7.003652162451267e-06
2.309457488 8.046263269579994e-06
2.310658454 9.287332397014833e-06
2.3118594199999998 1.0695378198784229e-05
2.313060386 1.2352368531160971e-05
2.314261352 1.4368382051943737e-05
2.315462318 1.678774395791887e-05
2.316663284 1.9702701083257585e-05
2.31786425 2.3117592499905844e-05
2.319065216 2.6947275709821653e-05
2.3202661819999997 3.152296105442639e-05
2.321467148 3.691713378462681e-05
2.322668114 4.308535599100302e-05
2.32386908 4.9893576420471784e-05
2.325070046 5.730703357678613e-05
2.3262710120000003 6.553314320871226e-05
2.327471977 7.476516793639314e-05
2.328672943 8.524451469865487e-05
2.329873909 9.690116048247255e-05
2.3310748749999997 0.000109867287456519
2.332275841 0.0001244587424190811
2.333476807 0.00014132982451398556
2.3346777729999997 0.00016136772815810794
2.3358787390000004 0.00018402921396559955
2.3370797050000003 0.00021036192745346724
2.338280671 0.00024140741048643248
2.339481637 0.000276458523398473
2.3406826030000003 0.00031655303814368414
2.341883569 0.00036200500383010603
2.343084535 0.00041444540266022417
2.344285501 0.0004745870720052278
2.3454864659999997 0.0005454791546421386
2.346687432 0.0006285736162688385
2.3478883980000003 0.0007260651884727159
2.349089364 0.0008442268158495756
2.35029033 0.00098705505818654
2.3514912960000003 0.0011611240211716685
2.352692262 0.001372128484629708
2.353893228 0.0016308266095917865
2.355094194 0.0019448898759355415
2.35629516 0.002328325516722552
2.357496126 0.0027929171553964
2.358697092 0.00334649744220662
2.359898058 0.004007134173022543
2.361099024 0.004785199734974632
2.3622999890000003 0.0056787495803710415
2.363500955 0.006699260035977336
2.364701921 0.007841491583399364
2.3659028870000003 0.009093243631865647
2.367103853 0.010447044778505098
2.368304819 0.011889761868730243
2.369505785 0.01340997849553524
2.370706751 0.014977315529482364
2.371907717 0.016594402944181828
2.373108683 0.018256619191336233
2.3743096489999997 0.019948123575140954
2.375510615 0.021584775191924456
2.376711581 0.023362120185261685
2.3779125469999998 0.025307928628265766
2.3791135129999996 0.027467529369926056
2.380314478 0.02990733599876615
2.381515444 0.032694745240758404
2.38271641 0.03586778637966796
2.383917376 0.03953342475988127
2.385118342 0.043768103540207416
2.386319308 0.0487087294565734
2.387520274 0.05452481162757334
2.3887212399999997 0.061344290941641254
2.389922206 0.06930927470604721
2.391123172 0.07864628371908534
2.3923241379999998 0.08955906709866852
2.3935251039999996 0.10225078275430503
2.3947260700000004 0.1170001041633982
2.3959270360000002 0.13379948417190918
2.397128002 0.1527025692424221
2.398328967 0.17366334049422852
2.3995299329999997 0.19643326828878957
2.400730899 0.22059546649436595
2.401931865 0.2455724862936562
2.4031328309999997 0.2706683992591631
2.4043337969999996 0.29512501855423934
2.405534763 0.31819673104038987
2.406735729 0.3392271954228817
2.407936695 0.3577234497229622
2.4091376610000004 0.3734034375579204
2.4103386270000002 0.3861950315565328
2.411539593 0.3962276926402565
2.412740559 0.40379178125132553
2.4139415250000003 0.40928399194752313
2.415142491 0.4131461737839688
2.416343456 0.41581524638171924
2.4175444219999997 0.4176776424608474
2.4187453879999996 0.4190521624803856
2.4199463540000004 0.42018600821274726
2.42114732 0.42133179081169253
2.422348286 0.42288349307073264
2.423549252 0.4241451240409389
2.4247502180000002 0.4255612967060513
2.425951184 0.42713293319546297
2.42715215 0.42883711998257446
2.4283531160000003 0.430632866837789
2.429554082 0.43247613733176854
2.430755048 0.4343228985577764
2.431956014 0.43612852698421806
2.43315698 0.43785899782301596
2.4343579450000004 0.4394859806792858
2.435558911 0.44099056447745477
2.436759877 0.44236190261685027
2.437960843 0.4436008211782731
2.4391618090000002 0.4447188262407301
2.440362775 0.4457300332470631
2.441563741 0.4466527843154916
2.442764707 0.44751095049152295
2.443965673 0.44833279062521914
2.445166639 0.449142517639729
2.446367605 0.44996646277260605
2.4475685709999997 0.45053325991240967
2.448769537 0.45122519493232693
2.449970503 0.45175141124213114
2.4511714689999997 0.4522503110439067
2.452372434 0.45283658469177257
2.4535734000000002 0.4535128956063523
2.454774366 0.45427070595689206
2.455975332 0.4551050510020884
2.457176298 0.4560106420368721
2.458377264 0.4569713570126069
2.45957823 0.45797368848372355
2.460779196 0.459001922386036
2.4619801619999997 0.46003771582274766
2.463181128 0.4610618088969576
2.464382094 0.46206336490775973
2.4655830599999997 0.46302638372436694
2.466784026 0.46393636905741936
2.4679849920000003 0.4647791846756641
2.469185958 0.4657914668725295
2.470386923 0.4665708833006025
2.471587889 0.46731642332046835
2.4727888549999997 0.46801286007330156
2.473989821 0.46900881398791305
2.475190787 0.46957189784216946
2.4763917529999997 0.46988082570881146
2.477592719 0.47015335980514517
2.4787936850000003 0.4703817553346074
2.479994651 0.47062163318806105
2.481195617 0.47042378977707605
2.4823965830000003 0.4700661604642759
2.483597549 0.4700660264375923
2.484798515 0.4697966671821982
2.485999481 0.46960585402702437
2.4872004459999997 0.4693942097892414
2.488401412 0.46901626678086045
2.489602378 0.4685303152062153
2.490803344 0.4681327903147054
2.49200431 0.4676762683194433
2.4932052760000003 0.4671632473486889
2.494406242 0.4665957300599023
2.495607208 0.46598043027954505
2.496808174 0.4653195653373393
2.49800914 0.4646198107109456
2.499210106 0.46388149851891436
2.500411072 0.4631176807519929
2.501612038 0.4623408336652569
2.502813004 0.4615484006134609
2.50401397 0.4607477931032699
2.505214935 0.4599499521787646
2.506415901 0.45916674442823374
2.5076168670000003 0.458402196788753
2.508817833 0.45767175764352885
2.510018799 0.45698527372250936
2.511219765 0.4563507139542749
2.512420731 0.45577892933008496
2.513621697 0.4552807174471516
2.514822663 0.45486138636049944
2.5160236289999998 0.4545281244227813
2.517224595 0.4542925509335415
2.518425561 0.4541542621475527
2.519626527 0.4541175868389127
2.5208274929999996 0.45418813777458655
2.522028459 0.4543659242075616
2.523229424 0.4546494073111076
2.52443039 0.4550367674822607
2.525631356 0.4555253184949587
2.526832322 0.4561076148325004
2.528033288 0.4567827710102547
2.529234254 0.4575407050561704
2.5304352199999998 0.45837054650638376
2.531636186 0.4592657236584123
2.532837152 0.46021620923495293
2.534038118 0.46120840840354826
2.5352390839999996 0.46223380290723154
2.53644005 0.4632805722430403
2.5376410160000002 0.4643330570358106
2.538841982 0.46538311855814346
2.540042948 0.46642048758853943
2.5412439129999997 0.46743306368003806
2.542444879 0.46841171587885566
2.543645845 0.46934901725452344
2.5448468109999998 0.47023610087871226
2.546047777 0.4710686236721384
2.547248743 0.4718436367351986
2.548449709 0.4725567506206557
2.5496506749999996 0.47320770068682616
2.5508516410000004 0.47382882677123594
2.5520526070000003 0.4743986038646111
2.553253573 0.47491064744944855
2.554454539 0.4753668196257059
2.5556555050000003 0.4757726139743641
2.556856471 0.4761371298932522
2.558057437 0.47646464454052495
2.5592584019999998 0.47675680869416176
2.5604593679999996 0.4770247606070662
2.561660334 0.47727660006335837
2.5628613000000002 0.4775120709470436
2.564062266 0.4777431133993216
2.565263232 0.4779782540582469
2.5664641980000003 0.47822112702829117
2.567665164 0.47847302168522454
2.56886613 0.47874258883417925
2.5700670960000003 0.47907886135015565
2.571268062 0.47991697724612076
2.572469028 0.4802693519667766
2.573669994 0.48065550993361855
2.57487096 0.4810661929059364
2.576071926 0.4814989282838553
2.5772728910000002 0.48182589016975225
2.578473857 0.4819520527853445
2.579674823 0.48245667963469546
2.5808757890000003 0.4829897710972743
2.582076755 0.48353925642017426
2.583277721 0.4841458717376871
2.584478687 0.4847610437855795
2.585679653 0.48537173406966994
2.586880619 0.4859709103250566
2.588081585 0.48655409585652504
2.5892825509999997 0.48712050417795333
2.590483517 0.4876684546835322
2.591684483 0.48820794676502643
2.5928854489999997 0.4887073673459506
2.594086414 0.48910256439084127
2.5952873800000003 0.4889899205510602
2.596488346 0.48935430468486696
2.597689312 0.4900669162275116
2.598890278 0.49051820218220693
2.600091244 0.49068831720077016
2.60129221 0.49020031778027007
2.602493176 0.4895916984200222
2.6036941419999997 0.48894773956952053
2.604895108 0.4882623996788102
2.606096074 0.4875375267666773
2.6072970399999997 0.48677510840864235
2.6084980059999996 0.4859800814871599
2.6096989720000003 0.4851573428372745
2.610899938 0.48430775846499985
2.612100903 0.4834362820455937
2.613301869 0.4823122132566638
2.6145028349999997 0.48110789891424416
2.615703801 0.4808397673927155
2.616904767 0.4805817012692012
2.6181057329999997 0.480882430107673
2.619306699 0.4806303710782155
2.620507665 0.4803920625964171
2.621708631 0.48017304980044606
2.622909597 0.47997384922822667
2.6241105630000003 0.4798011817913246
2.625311529 0.4796556880274185
2.626512495 0.4795382255939224
2.627713461 0.47945556488339097
2.628914427 0.4794045362416742
2.630115392 0.4793856562105525
2.631316358 0.47939923911355253
2.6325173239999997 0.4794371915788497
2.63371829 0.47950490768279425
2.6349192560000003 0.4801134472247539
2.636120222 0.48028408510537673
2.637321188 0.4804358854293114
2.638522154 0.48062548314259207
2.63972312 0.48084217912023636
2.640924086 0.48107848614896076
2.642125052 0.4813383959495975
2.643326018 0.48161649443925797
2.644526984 0.4819071166321259
2.64572795 0.48220880985602327
2.646928916 0.48251956186016554
2.648129881 0.4828385957576175
2.6493308470000003 0.4831625079655659
2.650531813 0.4829042390861506
2.651732779 0.48260610983286645
2.652933745 0.4832538072677845
2.654134711 0.48340134974585225
2.655335677 0.4834939015692642
2.656536643 0.48356841486828245
2.657737609 0.48361935193079436
2.658938575 0.4836484764206835
2.660139541 0.4835921877800683
2.661340507 0.48297681909767903
2.662541473 0.482600858495673
2.663742439 0.48257210166490083
2.664943405 0.4825189187732989
2.66614437 0.48244700131551677
2.667345336 0.48238096561511307
2.668546302 0.48259518892347536
2.669747268 0.482735346083576
2.670948234 0.48261362455178586
2.6721492 0.48193537352185456
2.673350166 0.481834911461335
2.674551132 0.4817480907202151
2.675752098 0.4816695727587637
2.6769530639999997 0.4815840472918907
2.67815403 0.4815146290270607
2.679354996 0.4814692184892367
2.680555962 0.48142809860923036
2.681756928 0.48138141776444116
2.6829578940000003 0.48079754037226974
2.684158859 0.4807309647471144
2.685359825 0.4806941670240273
2.686560791 0.48097187170294015
2.687761757 0.4811973295879129
2.688962723 0.481196440511122
2.690163689 0.481214079039797
2.6913646549999997 0.4812506844923215
2.6925656210000004 0.4809804061694246
2.6937665870000003 0.4807945080836906
2.694967553 0.48086774709667435
2.696168519 0.48096005921660684
2.6973694850000003 0.4810695301641135
2.698570451 0.4811888874808997
2.699771417 0.48205931488386433
2.700972383 0.48249208173453323
2.7021733479999996 0.4826305670944906
2.703374314 0.4826121104000622
2.70457528 0.4831953058797681
2.705776246 0.48343217871161553
2.706977212 0.4836610940408796
2.7081781780000003 0.48387772192802275
2.709379144 0.484074110047434
2.71058011 0.48427395388811073
2.7117810760000003 0.4844851317017677
2.712982042 0.4846738496730352
2.714183008 0.4842716141748972
2.715383974 0.4844077625124861
2.71658494 0.4845207770666078
2.717785906 0.48461148443744795
2.7189868710000002 0.4846775416408
2.720187837 0.48471496616139226
2.721388803 0.4849027366976036
2.7225897690000003 0.48518505670678047
2.723790735 0.48465593386023353
2.724991701 0.48442941070779355
2.726192667 0.48429883948847907
2.727393633 0.48415135752886623
2.728594599 0.48399887045231615
2.729795565 0.483840099200071
2.7309965309999997 0.48366745315318277
2.732197497 0.4834975565223958
2.733398463 0.48310269805114286
2.7345994289999997 0.4825998110066243
2.735800395 0.4824501634559611
2.7370013600000003 0.48231127173763566
2.738202326 0.4821831560577297
2.739403292 0.48206210761598306
2.740604258 0.4822890823272845
2.741805224 0.4824251271423859
2.74300619 0.4823792857077964
2.744207156 0.4822471581608598
2.7454081219999997 0.48180772760110024
2.746609088 0.48184825821765365
2.747810054 0.48192760251625216
2.7490110199999997 0.4820536478658812
2.7502119859999996 0.4820807904580082
2.751412952 0.4814920362523386
2.752613918 0.4805983388489672
2.753814884 0.4798571035225743
2.755015849 0.47936154578889056
2.756216815 0.4787758108230818
2.757417781 0.47791016586937674
2.758618747 0.47751603892326705
2.7598197129999997 0.47759371971448067
2.761020679 0.4773295274889158
2.762221645 0.4765975997503173
2.7634226109999998 0.4770499068182706
2.764623577 0.4774021004246651
2.7658245430000004 0.47778371293972777
2.767025509 0.47762682408725576
2.768226475 0.4780490721209271
2.769427441 0.478483321182053
2.7706284070000002 0.47857691413327313
2.771829373 0.47883127403838444
2.773030338 0.47929943313027545
2.7742313039999997 0.4797727916874455
2.7754322699999996 0.4799988359996177
2.7766332360000003 0.4801405809520685
2.777834202 0.48059704137658843
2.779035168 0.4815910560417267
2.7802361340000004 0.4818847135425059
2.7814371 0.4818123254087735
2.782638066 0.4821582278744745
2.783839032 0.4824820726125662
2.7850399980000002 0.48276117778531147
2.786240964 0.4824864887831625
2.78744193 0.48272968707042435
2.788642896 0.4829478641094599
2.789843862 0.48313894374872707
2.7910448270000003 0.48278580950282163
2.792245793 0.48297960747056023
2.793446759 0.4831478459098796
2.794647725 0.48292012632094333
2.795848691 0.48284586172717264
2.797049657 0.4829538699178529
2.798250623 0.4831826017283873
2.799451589 0.48341251535293006
2.800652555 0.48312693493115205
2.801853521 0.4831138473911807
2.803054487 0.4830853030578658
2.804255453 0.48290450857494166
2.805456419 0.4824365273564142
2.806657385 0.4823931899020679
2.8078583509999997 0.482346613884514
2.809059316 0.4822650586876753
2.810260282 0.4816819872324521
2.811461248 0.4816474686387431
2.812662214 0.4816234007584954
2.81386318 0.4816071335193325
2.815064146 0.481031521652932
2.816265112 0.4810370225302945
2.817466078 0.4810572258829117
2.8186670439999997 0.48145155108470944
2.81986801 0.4811828250002153
2.821068976 0.48111310768194426
2.8222699419999997 0.4811291890983888
2.823470908 0.48116095041056267
2.8246718740000003 0.48120620028701283
2.825872839 0.48126452581565937
2.827073805 0.48133178498913576
2.828274771 0.4814124252098159
2.829475737 0.4815036149360655
2.830676703 0.4815756692664167
2.831877669 0.48162887655816566
2.8330786349999997 0.48168872134344026
2.834279601 0.48175096633668696
2.8354805670000003 0.4818195383331832
2.836681533 0.4815001648673475
2.837882499 0.4813897651771992
2.8390834650000003 0.4814614720905719
2.840284431 0.48168821010054735
2.841485397 0.48214904245818013
2.842686363 0.4822182751327505
2.8438873279999997 0.48228680055803014
2.845088294 0.48235028897778687
2.84628926 0.4824142376238257
2.8474902259999997 0.48247521936697885
2.848691192 0.48253508543310136
2.8498921580000003 0.48258882880751136
2.851093124 0.4823731621392368
2.85229409 0.48212647937368075
2.8534950560000003 0.48187719789178574
2.854696022 0.48162384939976455
2.855896988 0.4813689343946991
2.857097954 0.48111355407317014
2.85829892 0.48085811242341675
2.859499886 0.48060291166572694
2.860700852 0.48001472698348374
2.861901817 0.4797086457569047
2.863102783 0.4795772231879865
2.8643037490000003 0.4796174730738349
2.865504715 0.4798722503006128
2.866705681 0.47975445718961096
2.867906647 0.4796398272590471
2.869107613 0.4795323537527648
2.870308579 0.4794421184427579
2.871509545 0.4794003753620963
2.872710511 0.4793605630933874
2.873911477 0.47932407982267977
2.875112443 0.4792890804309285
2.8763134089999998 0.4792553548724956
2.877514375 0.47921851426952206
2.878715341 0.4791784247914429
2.879916306 0.47913519431455376
2.881117272 0.47908581279873774
2.882318238 0.47902668497384476
2.883519204 0.4789551009477708
2.88472017 0.4788708087488114
2.885921136 0.47824478737763326
2.8871221019999997 0.47808347801330764
2.888323068 0.47794447080649843
2.889524034 0.47778192053346186
2.8907249999999998 0.4776648070015305
2.8919259659999996 0.47757011137254285
2.893126932 0.4779844281829542
2.894327898 0.47782782201946716
2.895528864 0.4776358012189418
2.8967298300000004 0.4774103463311928
2.897930795 0.4771499240645598
2.899131761 0.47685445529758547
2.900332727 0.47648829992861064
2.9015336929999997 0.4759997286167638
2.902734659 0.4754724719804311
2.903935625 0.4749107825147925
2.9051365909999998 0.47431308336099537
2.9063375569999996 0.4736806747886284
2.9075385230000004 0.47301525541350375
2.9087394890000002 0.472320287161272
2.909940455 0.4715968270281356
2.911141421 0.47034132194485256
2.9123423870000003 0.4696299562675018
2.913543353 0.46889966556170487
2.914744319 0.46815388797358914
2.9159452839999997 0.4673980153746902
2.9171462499999996 0.4666333418663212
2.918347216 0.46586526792328686
2.919548182 0.46509921213639543
2.920749148 0.46422889307619647
2.9219501140000004 0.46330197009817076
2.9231510800000002 0.46238641710417094
2.924352046 0.46148651530111884
2.925553012 0.4606072653576659
2.9267539780000003 0.46014305254146715
2.927954944 0.4594419976762456
2.92915591 0.4586430149123265
2.930356876 0.4578407003766174
2.931557842 0.4569905398033669
2.932758808 0.45617725896017275
2.933959773 0.45540238492519985
2.935160739 0.45466615237241526
2.936361705 0.45396992020678434
2.9375626710000002 0.4530089511592207
2.938763637 0.45215484742535555
2.939964603 0.45157734080341805
2.941165569 0.45109551115433916
2.942366535 0.45065254657416715
2.943567501 0.45055114253450823
2.944768467 0.45041206146766377
2.945969433 0.45007140713768023
2.947170399 0.449760733696725
2.948371365 0.4494773752825014
2.9495723309999997 0.4492175521689231
2.950773296 0.44922588463630947
2.9519742620000002 0.4489327271556345
2.953175228 0.4485481001840267
2.954376194 0.44817209846039746
2.95557716 0.4478016776919282
2.956778126 0.4474339247517744
2.957979092 0.44706585371520935
2.959180058 0.44669524545057504
2.9603810239999997 0.4463173151487931
2.96158199 0.44593022323483383
2.962782956 0.4455304722119709
2.9639839219999997 0.4451172306151256
2.9651848879999996 0.44469080321367216
2.9663858540000003 0.4442470706712137
2.96758682 0.4437830872616182
2.968787785 0.44329955096294854
2.969988751 0.44279833818308634
2.971189717 0.44233704839830396
2.972390683 0.4418577153158072
2.973591649 0.44135976982286074
2.9747926149999997 0.44084505649760297
2.975993581 0.4413313353210805
2.977194547 0.4407952224966717
2.9783955129999997 0.4402396464699502
2.979596479 0.4396745728828202
2.9807974450000003 0.4389466369823758
2.981998411 0.43813639868516396
2.983199377 0.4373242046191569
2.984400343 0.4365132632064407
2.985601309 0.4357047983934243
2.986802274 0.43490482680251263
2.98800324 0.43411506928381166
2.9892042059999997 0.433784720291234
2.990405172 0.43307723034935475
2.9916061380000003 0.43250518022064854
2.992807104 0.43195134424944465
2.99400807 0.43141940905430853
2.9952090360000003 0.4309091991598985
2.996410002 0.4304218866005498
2.997610968 0.4299572738737689
2.998811934 0.4295182647921197
3.0000129 0.42910116686292604
3.001213866 0.42852175086138944
3.002414832 0.4282188737319024
3.003615798 0.42758817737840504
3.004816763 0.4269768480879588
3.0060177290000003 0.42639342475305353
3.007218695 0.4263162136689581
3.008419661 0.4257511880961038
3.009620627 0.425196510665737
3.010821593 0.42485206060809294
3.012022559 0.4246077348105625
3.013223525 0.42436315053840984
3.014424491 0.42411724199285483
3.015625457 0.4238644229962578
3.016826423 0.42360525872287924
3.018027389 0.4233326422604326
3.019228355 0.4230459109964708
3.020429321 0.42267575361284154
3.021630287 0.4221687900502446
3.022831252 0.42163456378694786
3.024032218 0.42107375869621727
3.025233184 0.42048152571450964
3.02643415 0.4198594544367913
3.027635116 0.4192039440593845
3.0288360819999998 0.4185140156268397
3.030037048 0.4178016549869434
3.031238014 0.41740711259261454
3.03243898 0.4169821976187744
3.0336399459999996 0.41652663469957385
3.034840912 0.41604198169360573
3.036041878 0.4155469441290906
3.0372428439999997 0.41547998970089267
3.0384438100000004 0.4149121880351555
3.0396447760000003 0.41432449357760365
3.040845741 0.41388756232920165
3.042046707 0.4135082661049307
3.0432476729999998 0.4131144885869053
3.044448639 0.412713753500509
3.045649605 0.4123089778239718
3.046850571 0.411906427957015
3.0480515369999996 0.4115296160363977
3.049252503 0.41154247545294437
3.0504534690000003 0.4111171234223676
3.051654435 0.41063033144968064
3.052855401 0.41016393216725466
3.0540563670000003 0.4097182353500145
3.055257333 0.4092975358295366
3.056458299 0.40889952215075687
3.0576592639999998 0.40853066994015486
3.0588602299999996 0.40818856353671173
3.060061196 0.407899988077181
3.061262162 0.4080418120742812
3.062463128 0.4082131671513977
3.0636640940000004 0.4084113991709777
3.0648650600000003 0.4086368919916581
3.066066026 0.4093749836316588
3.067266992 0.40964583680802036
3.0684679580000003 0.4101485932281653
3.069668924 0.4106896106199911
3.07086989 0.4108173047352013
3.072070856 0.4108753779389138
3.073271822 0.4109267813564653
3.074472788 0.41095611966989914
3.0756737530000002 0.41095858472435515
3.076874719 0.41092239894730054
3.078075685 0.4108384806699663
3.0792766510000003 0.41069284591272803
3.080477617 0.41061549131714115
3.081678583 0.4106662829435329
3.0828795490000003 0.41060638961699775
3.084080515 0.41042393205651695
3.085281481 0.41009514920302403
3.086482447 0.40960183905002306
3.087683413 0.40891929551993333
3.088884379 0.4080294127126001
3.090085345 0.40690575346916286
3.0912863109999997 0.40563091610704455
3.092487277 0.40406737290651157
3.0936882420000003 0.4025122526947869
3.094889208 0.40042458247700896
3.096090174 0.3978103359795729
3.09729114 0.39479112682959955
3.098492106 0.39132416226872146
3.099693072 0.3873962100700885
3.100894038 0.3828540743139616
3.1020950039999997 0.3777544842325412
3.10329597 0.37212571404965256
3.104496936 0.3659584018965618
3.1056979019999997 0.3592370449800356
3.106898868 0.3519542365485572
3.108099834 0.34412981860389485
3.1093008 0.33577330163173497
3.110501766 0.326933852465829
3.111702731 0.31765914187947775
3.112903697 0.30793289237672405
3.114104663 0.29779039390862394
3.115305629 0.28728445399752633
3.1165065949999997 0.27647966168431387
3.117707561 0.2654359919825959
3.118908527 0.2542120320214742
3.1201094929999997 0.24293319812144257
3.1213104589999996 0.2319879159281362
3.1225114250000003 0.22079929322588707
3.123712391 0.20969386780299223
3.124913357 0.1987368271988771
3.126114323 0.187983687177335
3.127315289 0.17748191531391083
3.128516255 0.167281009366326
3.12971722 0.15742160354850185
3.1309181859999997 0.14789649200176355
3.132119152 0.13875879957253145
3.133320118 0.1300367052921133
3.134521084 0.12174279759952893
3.13572205 0.11388062705289353
3.1369230160000003 0.10645026533036214
3.138123982 0.0994496115287391
3.139324948 0.09286728405919346
3.140525914 0.08670590053426949
3.14172688 0.08095052586863001
3.142927846 0.07557266297059297
3.144128812 0.07055323368684147
3.145329778 0.06587557602960667
3.146530744 0.06152319698275017
3.1477317090000003 0.05752499960327732
3.148932675 0.05377857165592462
3.150133641 0.05028138942461811
3.151334607 0.047037496350002775
3.152535573 0.044028025462067286
3.153736539 0.04123774997451014
3.154937505 0.038650577079578474
3.1561384710000002 0.036249757093023915
3.157339437 0.034023868384020266
3.158540403 0.0319580397610557
3.159741369 0.030042784994016334
3.160942335 0.028261097157154
3.162143301 0.026607059186250673
3.163344267 0.025071244277452543
3.1645452329999997 0.023643995277194744
3.165746198 0.022319251502082568
3.166947164 0.021086182199034336
3.16814813 0.019939660151230415
3.169349096 0.018870689961511228
3.170550062 0.017880224713156288
3.171751028 0.016962160033431803
3.172951994 0.016123081186828522
3.17415296 0.01532293240608916
3.1753539259999997 0.014572432393343309
3.176554892 0.013872204464884953
3.177755858 0.013216429860927028
3.1789568239999997 0.01260247544208817
3.18015779 0.01202560915617157
3.1813587560000003 0.011480755834114191
3.182559721 0.010969607128588726
3.183760687 0.01048723794569302
3.184961653 0.01003410387387881
3.186162619 0.009605822635582534
3.187363585 0.00920210463011202
3.188564551 0.008820909548987335
3.1897655169999997 0.008459977915021857
3.190966483 0.008119657966353392
3.192167449 0.007796333851394185
3.193368415 0.007491490486947371
3.194569381 0.007202028385176116
3.1957703470000003 0.006927649016365561
3.196971313 0.006666767079475614
3.198172279 0.0064252843903532635
3.1993732450000003 0.006188796143526035
3.20057421 0.005960478031157059
3.201775176 0.005741855290662122
3.202976142 0.00553131023757711
3.2041771079999997 0.005328611787612563
3.2053780740000004 0.005133855089420986
3.2065790400000003 0.00494528484474891
3.207780006 0.004765088488186759
3.208980972 0.004590538144552619
3.2101819380000003 0.004423009855376024
3.211382904 0.004261079980046259
3.21258387 0.0041016286837386095
3.213784836 0.003949581840954471
3.214985802 0.003802963705020373
3.216186768 0.0036616219698612593
3.217387734 0.003522950672695674
3.218588699 0.003387518292465292
3.219789665 0.003255983891007667
3.2209906310000003 0.0031282311195188935
3.222191597 0.003008974181150242
3.223392563 0.0028881301780465684
3.2245935290000003 0.002771271009641871
3.225794495 0.0026574712768703008
3.226995461 0.0025464144302252013
3.228196427 0.0024389332211964994
3.229397393 0.0023331405422669688
3.230598359 0.0022307238826819228
3.231799325 0.002129518236261226
3.2330002909999997 0.002030788510792421
3.234201257 0.001935070278953741
3.235402223 0.0018414401613043045
3.236603188 0.0017523706702231845
3.237804154 0.0016660026813500935
3.23900512 0.0015828856969355178
3.240206086 0.0015021457332069063
3.241407052 0.0014238834604097012
3.242608018 0.0013497460209819742
3.2438089839999997 0.0012779258650934152
3.24500995 0.0012117099814718331
3.246210916 0.00114634199407697
3.2474118819999997 0.0010833091567749003
3.248612848 0.0010236220644679625
3.249813814 0.0009660417196399624
3.2510147799999998 0.0009123977831925749
3.252215746 0.0008601164301772309
3.2534167120000004 0.0008097601515487142
3.254617677 0.0007615569515159403
3.255818643 0.00071477002126643
3.257019609 0.0006714681638540733
3.2582205749999997 0.0006298414344847204
3.259421541 0.0005903564493185134
3.260622507 0.0005526048989421256
3.2618234729999998 0.0005168535009889268
3.2630244389999996 0.00048459794922191745
3.2642254050000004 0.000453218538089172
3.265426371 0.0004235442709089709
3.266627337 0.0003953455988417245
3.267828303 0.0003685828194954334
3.2690292690000002 0.0003438608738649643
3.270230235 0.0003199582317040437
3.271431201 0.000297725390981979
3.2726321659999997 0.0002762313721349024
3.273833132 0.0002557021888291873
3.275034098 0.00023739849912916133
3.2762350639999998 0.00021956561504912815
3.27743603 0.00020397992592287114
3.2786369960000004 0.00018958373498462896
3.279837962 0.00017541849009243597
3.281038928 0.00016284930863760835
3.282239894 0.00015048363949636036
3.2834408600000002 0.00013925486587393834
3.284641826 0.00012793191007819655
3.285842792 0.00011694243782161114
3.287043758 0.00010735013146770332
3.288244724 9.755583682538324e-05
3.2894456890000003 8.909508776044041e-05
3.290646655 8.099980994325102e-05
3.291847621 7.362066770966065e-05
3.2930485870000004 6.763263525647525e-05
3.294249553 6.195787598090152e-05
3.295450519 5.7548993273642506e-05
3.296651485 5.28765928074256e-05
3.2978524510000002 4.8523253887089625e-05
3.299053417 4.51972331734607e-05
3.300254383 4.150976201452527e-05
3.301455349 3.81839877032715e-05
3.302656315 3.496473591280413e-05
3.303857281 3.210653921502947e-05
3.305058247 2.980629441064095e-05
3.3062592129999997 2.7289617073633364e-05
3.307460178 2.5319807497863564e-05
3.308661144 2.3437234174922285e-05
3.30986211 2.169495658835487e-05
3.311063076 2.0711304068735298e-05
3.312264042 1.9735127500182863e-05
3.313465008 1.9064858383012747e-05
3.314665974 1.823539633036906e-05
3.31586694 1.7248596756078914e-05
3.317067906 1.6725774379950907e-05
3.318268872 1.53760037877534e-05
3.319469838 1.4218551888587624e-05
3.3206708039999997 1.2991992029530347e-05
3.32187177 1.1637914247495847e-05
3.323072736 1.0758083966053433e-05
3.324273702 9.96085741326809e-06
3.325474667 9.349342645634e-06
3.326675633 9.036101137289422e-06
3.327876599 9.270334979850022e-06
3.329077565 9.915241651130539e-06
3.330278531 1.0471561780875928e-05
3.3314794969999997 1.0497224832634967e-05
3.332680463 1.0749167430808579e-05
3.333881429 1.0291472136056103e-05
3.3350823949999997 9.799417389578775e-06
3.336283361 8.87395795913933e-06
3.3374843270000003 7.873709944235033e-06
3.338685293 6.925994764071725e-06
3.339886259 6.039260567234953e-06
3.3410872250000003 5.862997735998682e-06
3.342288191 5.6380559443514066e-06
3.343489156 5.550978547401348e-06
3.344690122 5.7301256585324586e-06
3.3458910879999997 5.757279931417397e-06
3.347092054 5.729855643555111e-06
3.3482930200000003 5.7676418561909134e-06
3.349493986 5.667939464884885e-06
3.350694952 5.5884680792978e-06
3.3518959180000003 5.338151868161087e-06
3.353096884 5.168646128651306e-06
3.35429785 5.106129841081869e-06
3.355498816 5.096562801608777e-06
3.356699782 5.265122767163959e-06
3.357900748 5.423589275571238e-06
3.359101714 5.362399950398054e-06
3.3603026799999998 5.397084049278629e-06
3.361503645 5.563800678174569e-06
3.3627046110000003 5.712654182120371e-06
3.363905577 5.875334629960221e-06
3.365106543 6.1036421237779565e-06
3.3663075090000003 6.343330786566736e-06
3.367508475 6.418370195287394e-06
3.368709441 6.469267367753971e-06
3.369910407 6.606012184986686e-06
3.371111373 6.818192359931899e-06
3.372312339 7.263662149004292e-06
3.373513305 7.68320119908712e-06
3.3747142709999998 7.708831638739876e-06
3.375915237 7.721589846673941e-06
3.377116203 8.20864318988827e-06
3.378317169 8.782121064155842e-06
3.379518134 9.42442741300007e-06
3.3807191 9.64190547044614e-06
3.381920066 9.689868785467915e-06
3.383121032 1.0156656014594286e-05
3.384321998 1.062591442925108e-05
3.3855229639999997 1.1146085297905633e-05
3.38672393 1.1527644747350215e-05
3.387924896 1.1499567045268535e-05
3.3891258619999998 1.1317858870034372e-05
3.390326828 1.1300454451211385e-05
3.391527794 1.1741501070288327e-05
3.39272876 1.2565126035714369e-05
3.3939297259999996 1.3151561186340382e-05
3.3951306920000004 1.3561692612700502e-05
3.3963316580000003 1.4191156949185856e-05
3.397532623 1.5360258455551908e-05
3.398733589 1.670877392600313e-05
3.3999345549999997 1.801916492283737e-05
3.401135521 1.897060785708735e-05
3.402336487 1.946341050065658e-05
3.4035374529999998 2.0174686742767542e-05
3.4047384189999996 2.0868516027784536e-05
3.405939385 2.091362846025596e-05
3.407140351 2.0673107483704422e-05
3.408341317 2.102548319994028e-05
3.4095422830000004 2.1547991180559787e-05
3.4107432490000003 2.159271082086592e-05
3.411944215 2.2030859354057946e-05
3.413145181 2.2841577132509474e-05
3.4143461459999997 2.340493501519581e-05
3.415547112 2.3981739477421e-05
3.416748078 2.4643276975916128e-05
3.4179490439999998 2.493057342908395e-05
3.4191500099999996 2.5595615034168473e-05
3.4203509760000004 2.6370748401548247e-05
3.4215519420000002 2.6403566082971007e-05
3.422752908 2.6152820074863187e-05
3.423953874 2.6231162519816036e-05
3.4251548400000003 2.6950207121749142e-05
3.426355806 2.7514103075357387e-05
3.427556772 2.7227820067026807e-05
3.428757738 2.631876903408295e-05
3.429958704 2.531893506494715e-05
3.43115967 2.47909278362613e-05
3.432360635 2.4670243547250058e-05
3.433561601 2.419877594242054e-05
3.4347625670000004 2.3460897004281693e-05
3.4359635330000002 2.309111355688564e-05
3.437164499 2.302632658061843e-05
3.438365465 2.3344688766431746e-05
3.4395664310000003 2.3991599089865503e-05
3.440767397 2.4312751332773632e-05
3.441968363 2.471046052790266e-05
3.443169329 2.523838841091444e-05
3.444370295 2.598560772501569e-05
3.445571261 2.6442263260666744e-05
3.446772227 2.6364586881097275e-05
3.4479731929999997 2.647587066683552e-05
3.449174159 2.6621915433556305e-05
3.4503751240000002 2.637537728674408e-05
3.45157609 2.652170051143188e-05
3.452777056 2.6061560653229578e-05
3.453978022 2.4992000688935393e-05
3.455178988 2.4479867069227378e-05
3.456379954 2.3948869798688453e-05
3.45758092 2.2977912586543802e-05
3.458781886 2.2291940052877335e-05
3.459982852 2.1689799337750248e-05
3.461183818 2.1158863010108387e-05
3.4623847839999997 2.1449288653857345e-05
3.46358575 2.1550722514312216e-05
3.464786716 2.212889670565553e-05
3.4659876819999997 2.3281160283843624e-05
3.467188648 2.4205262985831936e-05
3.468389613 2.5051023183127836e-05
3.469590579 2.5498363807451614e-05
3.470791545 2.5481405525142945e-05
3.471992511 2.510553328425128e-05
3.4731934769999997 2.4537124267468148e-05
3.474394443 2.3638352351559465e-05
3.475595409 2.2499397056156484e-05
3.4767963749999997 2.1083230233670248e-05
3.4779973409999996 1.9860324025536955e-05
3.4791983070000003 1.8699229933251673e-05
3.480399273 1.716928213500954e-05
3.481600239 1.6416004536620052e-05
3.4828012050000003 1.5800045882980613e-05
3.484002171 1.5149414538957375e-05
3.485203137 1.513754598158375e-05
3.486404102 1.4503183445778677e-05
3.4876050679999997 1.3639909750884392e-05
3.488806034 1.3428153502002536e-05
3.490007 1.2805061035877152e-05
3.491207966 1.2527616243566188e-05
3.492408932 1.2924882436034782e-05
3.4936098980000003 1.2630563875124168e-05
3.494810864 1.2851978284880216e-05
3.49601183 1.403877119230883e-05
3.497212796 1.479442740885789e-05
3.498413762 1.590425994712646e-05
3.499614728 1.6929302724515482e-05
3.500815694 1.6592554138675118e-05
3.50201666 1.6419922957885618e-05
3.503217626 1.649908825396294e-05
3.5044185910000003 1.587207713573086e-05
3.505619557 1.592272147137865e-05
3.506820523 1.598081089468081e-05
3.5080214890000003 1.5780100968249394e-05
3.509222455 1.6743041718825543e-05
3.510423421 1.7594018649680126e-05
3.511624387 1.8044905929147937e-05
3.512825353 1.8609371379756033e-05
3.514026319 1.8382665671695498e-05
3.515227285 1.8160974067980316e-05
3.516428251 1.8317916296160198e-05
3.517629217 1.755586634238717e-05
3.518830183 1.643291096371285e-05
3.520031149 1.607214597941459e-05
3.521232114 1.55017091450135e-05
3.52243308 1.5765178451149405e-05
3.523634046 1.635925839121894e-05
3.524835012 1.6432066391945206e-05
3.526035978 1.708737532950086e-05
3.527236944 1.7604924054267013e-05
3.52843791 1.757292964450883e-05
3.529638876 1.806099886653651e-05
3.530839842 1.828430007599966e-05
3.532040808 1.7604510145131372e-05
3.533241774 1.748551498046349e-05
3.53444274 1.689681284648035e-05
3.5356437059999997 1.6153336349471325e-05
3.536844672 1.6715166853337745e-05
3.5380456380000003 1.7509803288062263e-05
3.539246603 1.8791064669450757e-05
3.540447569 2.1022648735518382e-05
3.5416485349999998 2.2309681983684297e-05
3.542849501 2.3390840031199313e-05
3.544050467 2.5157834584283467e-05
3.545251433 2.602911360754331e-05
3.5464523989999996 2.689339487020423e-05
3.547653365 2.8048154559492696e-05
3.548854331 2.74973810848178e-05
3.5500552969999997 2.6795581708120858e-05
3.5512562630000004 2.694581015199083e-05
3.5524572290000003 2.6293999344044756e-05
3.553658195 2.5814684493050155e-05
3.554859161 2.5671784127052096e-05
3.5560601270000003 2.4714830674096014e-05
3.557261092 2.4666372896924687e-05
3.558462058 2.488366510942376e-05
3.559663024 2.4094269107913186e-05
3.5608639899999996 2.4243053354165868e-05
3.562064956 2.4689847515098168e-05
3.5632659220000003 2.472723643787564e-05
3.564466888 2.5863208185060384e-05
3.565667854 2.647715136270146e-05
3.5668688200000003 2.552311154855395e-05
3.568069786 2.4965099098712125e-05
3.569270752 2.4065689035463276e-05
3.570471718 2.272862676072314e-05
3.571672684 2.2605587513185936e-05
3.57287365 2.194895654459838e-05
3.574074616 2.0506784963629236e-05
3.575275581 2.0188507432045723e-05
3.5764765470000004 1.9907496845866933e-05
3.5776775130000003 1.9749290840695376e-05
3.578878479 2.0595766541075486e-05
3.580079445 2.053364710252449e-05
3.5812804110000003 2.001026156644061e-05
3.582481377 2.0380821013423233e-05
3.583682343 1.9706226290771197e-05
3.584883309 1.846594918776563e-05
3.586084275 1.808226074981018e-05
3.587285241 1.7412605817173325e-05
3.588486207 1.6936140299734157e-05
3.5896871729999997 1.814554827258143e-05
3.590888139 1.8903491365754913e-05
3.592089105 1.9047947986858876e-05
3.59329007 2.0267378853436003e-05
3.594491036 2.1040194164771695e-05
3.595692002 2.152532863452211e-05
3.596892968 2.305877563911957e-05
3.598093934 2.3747937510833175e-05
3.5992949 2.3617707206916544e-05
3.600495866 2.464343593564057e-05
3.601696832 2.5355203725372594e-05
3.602897798 2.602592521195013e-05
3.6040987639999997 2.7545075874027443e-05
3.60529973 2.8361264342516092e-05
3.606500696 2.885885432200955e-05
3.6077016619999998 3.0396616992910134e-05
3.6089026279999996 3.103411111892007e-05
3.6101035940000004 3.0737857243394584e-05
3.611304559 3.1271682439802374e-05
3.612505525 3.1631728527818776e-05
3.613706491 3.2197409026928915e-05
3.6149074569999997 3.378844637200944e-05
3.616108423 3.4428963042351455e-05
3.617309389 3.4591091827129506e-05
3.6185103549999997 3.6066869137459726e-05
3.619711321 3.744975640428599e-05
3.620912287 3.858353620154826e-05
3.622113253 4.0286073563031114e-05
3.623314219 4.0917061405799534e-05
3.6245151850000004 4.116642742742953e-05
3.625716151 4.2916568571532975e-05
3.626917117 4.430883563534437e-05
3.628118082 4.534233449629174e-05
3.6293190479999997 4.713778431744558e-05
3.630520014 4.812945067493691e-05
3.63172098 4.826756116582588e-05
3.6329219459999997 4.928250124884869e-05
3.6341229119999996 4.988777239661736e-05
3.6353238780000003 4.9525743465247724e-05
3.636524844 5.020128024125206e-05
3.63772581 5.0457963915082906e-05
3.638926776 4.978850936375804e-05
3.640127742 5.038934052072377e-05
3.641328708 5.113031436388226e-05
3.642529674 5.1054256796367085e-05
3.6437306400000002 5.2028593121236645e-05
3.644931606 5.299032275119894e-05
3.646132571 5.309455756392551e-05
3.647333537 5.436882459910077e-05
3.648534503 5.5779419846385376e-05
3.6497354690000003 5.606607223635861e-05
3.650936435 5.668607217916392e-05
3.652137401 5.750533372352803e-05
3.653338367 5.712460337315801e-05
3.6545393330000002 5.7147404671463155e-05
3.655740299 5.8024248559213134e-05
3.656941265 5.764054722888464e-05
3.658142231 5.738714640272062e-05
3.659343197 5.775900070360002e-05
3.660544163 5.707546630671432e-05
3.661745129 5.6873338301532013e-05
3.6629460949999997 5.761084078454193e-05
3.66414706 5.707144800537649e-05
3.665348026 5.6111021548864796e-05
3.666548992 5.558076790826177e-05
3.667749958 5.450413825509435e-05
3.6689509240000002 5.358169759496821e-05
3.67015189 5.399398486783026e-05
3.671352856 5.397755302172541e-05
3.672553822 5.325875469444979e-05
3.673754788 5.363678653369725e-05
3.674955754 5.341739471334954e-05
3.67615672 5.226244414556231e-05
3.6773576859999997 5.20123747773016e-05
3.678558652 5.126000999422471e-05
3.679759618 4.983096036278507e-05
3.680960584 4.926670807673801e-05
3.682161549 4.848149711860743e-05
3.683362515 4.691526732290712e-05
3.684563481 4.6013510156202616e-05
3.685764447 4.572909617037148e-05
3.686965413 4.447400169375095e-05
3.6881663789999997 4.3487849378746616e-05
3.689367345 4.2986027559389725e-05
3.690568311 4.143599477591276e-05
3.6917692769999997 4.084401600443597e-05
3.6929702430000004 4.1390343733196286e-05
3.6941712090000003 4.087642982520007e-05
3.695372175 4.050359725536512e-05
3.696573141 4.103307076092835e-05
3.6977741070000003 4.1027666933673285e-05
3.698975073 4.048953928694507e-05
3.700176038 4.057272398476424e-05
3.701377004 3.991833714803657e-05
3.7025779699999997 3.824483888444639e-05
3.703778936 3.7976584290618435e-05
3.704979902 3.718026298739524e-05
3.706180868 3.505077872062784e-05
3.707381834 3.438697394102191e-05
3.7085828000000003 3.438173497282828e-05
3.709783766 3.380437686488868e-05
3.710984732 3.338545680640462e-05
3.712185698 3.2946617871699984e-05
3.713386664 3.127019216555326e-05
3.71458763 3.00289251081537e-05
3.715788596 3.0842627726790206e-05
3.716989562 3.063716993937787e-05
3.7181905270000004 3.029265810893509e-05
3.7193914930000003 3.120777827069105e-05
3.720592459 3.1491000271377986e-05
3.721793425 3.170890365495286e-05
3.7229943910000003 3.278356290273414e-05
3.724195357 3.366192637289986e-05
3.725396323 3.296729196713338e-05
3.726597289 3.255005312735622e-05
3.727798255 3.219295003434819e-05
3.728999221 3.0255492010288902e-05
3.730200187 2.9355067041918227e-05
3.7314011529999997 2.9179421643124915e-05
3.732602119 2.8227760480963564e-05
3.733803085 2.7461457724051685e-05
3.7350040509999998 2.7441590632576508e-05
3.736205016 2.7019463301841143e-05
3.7374059820000003 2.6057443842177605e-05
3.738606948 2.657703479188482e-05
3.739807914 2.687675791234766e-05
3.74100888 2.6337226355572017e-05
3.742209846 2.6586219271950053e-05
3.743410812 2.6462758831626945e-05
3.744611778 2.602315637351378e-05
3.7458127439999997 2.6551634504695706e-05
3.74701371 2.7878459637181082e-05
3.748214676 2.794794911426097e-05
3.7494156419999998 2.7564580094527175e-05
3.7506166079999996 2.815164555141634e-05
3.751817574 2.7361581916645314e-05
3.753018539 2.638392273186422e-05
3.754219505 2.5774968901844353e-05
3.755420471 2.4279893552416442e-05
3.7566214369999997 2.2173490431834056e-05
3.757822403 2.104692893710317e-05
3.759023369 2.039534582187114e-05
3.7602243349999998 1.8645788445798564e-05
3.761425301 1.8157661164541724e-05
3.762626267 1.876554756163546e-05
3.7638272329999998 1.8641503340699585e-05
3.765028199 1.8759077355118534e-05
3.7662291650000004 1.9218482261029045e-05
3.7674301310000002 1.9173918288570476e-05
3.768631097 1.884838399338223e-05
3.769832063 2.0014629665301353e-05
3.7710330279999997 2.1161623557631503e-05
3.772233994 2.113071172152853e-05
3.77343496 2.1860494933852163e-05
3.7746359259999998 2.2606381735834037e-05
3.7758368919999996 2.2705288667735264e-05
3.7770378580000004 2.289375197381875e-05
3.778238824 2.3534270307814935e-05
3.77943979 2.288572083487252e-05
3.780640756 2.1972135184224728e-05
3.7818417220000002 2.229978910895189e-05
3.783042688 2.198164546618239e-05
3.784243654 2.1133321596673953e-05
3.7854446200000003 2.0692807723287795e-05
3.786645586 2.0348480685599054e-05
3.787846552 1.9419067136047933e-05
3.7890475169999998 1.9693766580868136e-05
3.790248483 2.0900804242537973e-05
3.7914494490000004 2.078058224101104e-05
3.792650415 2.083364230448391e-05
3.793851381 2.1551806234984774e-05
3.795052347 2.2137501033703907e-05
3.7962533130000002 2.2323339723893717e-05
3.797454279 2.3714326587010436e-05
3.798655245 2.4969614314099194e-05
3.799856211 2.4781566734973907e-05
3.801057177 2.5442762470289798e-05
3.802258143 2.6722189516856323e-05
3.803459109 2.7871222401893767e-05
3.8046600749999997 2.8795240374350413e-05
3.805861041 2.99541774305928e-05
3.807062006 2.922811130361767e-05
3.808262972 2.722081526451816e-05
3.809463938 2.6319627722461165e-05
3.8106649040000002 2.5947639443788807e-05
3.81186587 2.5450979369223386e-05
3.813066836 2.539830656302325e-05
3.814267802 2.6212870007778628e-05
3.815468768 2.5843364569571302e-05
3.816669734 2.5809625766521466e-05
3.8178707 2.6904976519518986e-05
3.8190716659999997 2.7558448991348135e-05
3.820272632 2.7273138371538987e-05
3.821473598 2.6985827710598598e-05
3.8226745639999997 2.696758365062222e-05
3.8238755299999996 2.584910213219666e-05
3.825076495 2.6084864079124586e-05
3.826277461 2.7107989616408605e-05
3.827478427 2.724769870072809e-05
3.828679393 2.6804730641364023e-05
3.829880359 2.6891995041733228e-05
3.831081325 2.7078950061376068e-05
3.832282291 2.6218099978688586e-05
3.8334832569999997 2.6419867241923412e-05
3.834684223 2.69376699521324e-05
3.835885189 2.7042889728907343e-05
3.837086155 2.718542692173437e-05
3.838287121 2.7985984963363662e-05
3.8394880870000003 2.780148052736816e-05
3.840689053 2.6673902995873995e-05
3.841890019 2.622632162208015e-05
3.843090984 2.5374887015740692e-05
3.8442919499999997 2.3626587906264924e-05
3.845492916 2.1855997563422705e-05
3.846693882 2.1068601992265118e-05
3.8478948479999997 1.9454465827438967e-05
3.849095814 1.8207287173457767e-05
3.8502967800000003 1.7507192164569024e-05
3.851497746 1.682380616806121e-05
3.852698712 1.5820455479857164e-05
3.8538996780000003 1.5360060103139247e-05
3.855100644 1.5435592289515007e-05
3.85630161 1.4387264715893734e-05
3.857502576 1.3809797656373438e-05
3.858703542 1.3718111835194542e-05
3.859904507 1.3775344960305144e-05
3.8611054730000003 1.3184520545787696e-05
3.862306439 1.2965049038465353e-05
3.863507405 1.283645075670639e-05
3.8647083710000003 1.2151473418020338e-05
3.865909337 1.180084419607445e-05
3.867110303 1.1930143596522847e-05
3.868311269 1.1937090611314084e-05
3.869512235 1.1319446110902914e-05
3.870713201 1.1057644417534176e-05
3.871914167 1.0768826593961412e-05
3.8731151329999998 1.0244870736620307e-05
3.874316099 9.915024510781997e-06
3.875517065 1.0226349047593388e-05
3.876718031 1.0340888229981172e-05
3.877918996 1.0138457416325738e-05
3.8791199620000003 1.045557633970019e-05
3.880320928 1.0973938316123466e-05
3.881521894 1.1222432730197458e-05
3.88272286 1.138611107705676e-05
3.883923826 1.2023792613801339e-05
3.885124792 1.237887190386031e-05
3.886325758 1.2448795443819218e-05
3.8875267239999998 1.273653901008384e-05
3.88872769 1.3061031862590167e-05
3.889928656 1.3037286328516013e-05
3.891129622 1.3270716121851377e-05
3.8923305879999996 1.3774916197052684e-05
3.893531554 1.3824504960819295e-05
3.89473252 1.3508329767027634e-05
3.895933485 1.348999145450998e-05
3.897134451 1.3469838507259521e-05
3.8983354169999997 1.2949580124238685e-05
3.899536383 1.234795475596723e-05
3.900737349 1.188522199762377e-05
3.9019383149999998 1.161207958577278e-05
3.903139281 1.1154315680995786e-05
3.904340247 1.1345018829669819e-05
3.905541213 1.1852132335551706e-05
3.9067421789999996 1.1956046570313532e-05
3.9079431450000004 1.222937858504088e-05
3.9091441110000003 1.3114436055950354e-05
3.910345077 1.3955894122914586e-05
3.911546043 1.4128868728422321e-05
3.9127470090000003 1.4549219860893296e-05
3.913947974 1.4851871251633704e-05
3.91514894 1.442828497190335e-05
3.9163499059999998 1.4241782615364897e-05
3.9175508719999996 1.4574280975591643e-05
3.918751838 1.4391421167523115e-05
3.9199528040000002 1.363252495809494e-05
3.92115377 1.3161781755081857e-05
3.922354736 1.3214666985972274e-05
3.9235557020000003 1.305432013599406e-05
3.924756668 1.310658543163743e-05
3.925957634 1.346543660683688e-05
3.9271586000000003 1.3759282987655402e-05
3.928359566 1.3505302443424013e-05
3.929560532 1.3559531433883016e-05
3.930761498 1.3825107171535593e-05
3.9319624629999996 1.3660863329946764e-05
3.9331634290000004 1.3241605117919877e-05
3.9343643950000002 1.3074071385608273e-05
3.935565361 1.3026278174194273e-05
3.936766327 1.2490509464946156e-05
3.9379672930000003 1.2553480003770353e-05
3.939168259 1.2786850543353597e-05
3.940369225 1.2929935253742902e-05
3.941570191 1.2736911814970485e-05
3.942771157 1.277551785471453e-05
3.943972123 1.2865644223260571e-05
3.945173089 1.2588903584728682e-05
3.946374055 1.223819724948237e-05
3.947575021 1.2100267062428605e-05
3.948775987 1.1433541623075487e-05
3.949976952 1.0624278907569864e-05
3.951177918 1.0002032562727356e-05
3.9523788840000003 9.731310256329065e-06
3.95357985 9.468369697581e-06
3.954780816 9.109193128573786e-06
3.955981782 9.112789015429752e-06
3.957182748 9.207983847721132e-06
3.958383714 9.453569016611721e-06
3.95958468 9.840611082630484e-06
3.9607856459999997 1.0499490984593574e-05
3.961986612 1.052104266417222e-05
3.963187578 1.0121857280865176e-05
3.9643885439999997 1.0025594896977745e-05
3.9655895099999996 1.002960910897947e-05
3.9667904760000003 9.655452170473068e-06
3.967991441 9.331579678936523e-06
3.969192407 9.153370260306099e-06
3.970393373 8.967068831709888e-06
3.971594339 8.38687120669162e-06
3.972795305 8.000359732130514e-06
3.973996271 7.830662017939797e-06
3.9751972369999997 7.720128005451117e-06
3.976398203 7.482399694153298e-06
3.977599169 7.466030600187331e-06
3.9788001349999997 7.737090922839548e-06
3.980001101 7.963023288364897e-06
3.9812020670000003 8.346215410794013e-06
3.982403033 8.882175246971596e-06
3.983603999 9.104673012304248e-06
3.984804964 8.940679987527033e-06
3.9860059299999997 8.838042427986387e-06
3.987206896 9.260673901634743e-06
3.988407862 9.298529128019225e-06
3.9896088279999997 8.881071137664754e-06
3.9908097939999996 8.84140470246008e-06
3.9920107600000003 9.144447199930364e-06
3.993211726 9.232615525454397e-06
3.994412692 9.319735763665754e-06
3.9956136580000003 9.528372875028696e-06
3.996814624 9.465349388081814e-06
3.99801559 8.742784038876044e-06
3.999216556 8.415148672823916e-06
4.000417522 8.527421386804263e-06
4.001618488 8.739433490506798e-06
4.002819453 8.892410486687495e-06
4.004020419 9.057615012870161e-06
4.005221385 9.173134828801429e-06
4.006422351 8.931823064950935e-06
4.007623317 9.008896775853577e-06
4.008824283 8.977509981988943e-06
4.010025249 8.527403590856044e-06
4.011226215 7.402223996919853e-06
4.012427181 6.4671565161876135e-06
4.0136281469999995 6.0613142752858526e-06
4.014829112999999 5.753458493015518e-06
4.016030079 5.169541295221238e-06
4.017231045 4.613460690726343e-06
4.018432011 4.340441923949918e-06
4.0196329770000006 4.267470754145642e-06
4.020833942 4.173615709235367e-06
4.022034908 4.056201159394397e-06
4.023235874 3.942542366127472e-06
4.02443684 3.523720292749316e-06
4.025637806 3.364606551491047e-06
4.026838772 3.535453951919217e-06
4.028039738 3.9515433441889365e-06
4.029240704 3.998261350253371e-06
4.03044167 3.7603335661323313e-06
4.031642636 3.574252937702523e-06
4.032843602 3.100337448992449e-06
4.034044568 2.8677925538599954e-06
4.035245534 2.7933240956337838e-06
4.0364465 2.7511806720108795e-06
4.037647466 2.4327609817992925e-06
4.038848431 2.384031411204759e-06
4.040049397000001 2.9284412554106636e-06
4.0412503630000005 3.6521224930665703e-06
4.042451329 4.250814610794997e-06
4.043652295 4.640031904603149e-06
4.044853261 5.104764443376036e-06
4.046054227 5.514047686240754e-06
4.047255193 5.550835437240181e-06
4.048456159 5.2595788470040035e-06
4.049657125 4.699971945550338e-06
4.050858091 3.9119230413884415e-06
4.052059057 3.1256531939453103e-06
4.053260023 2.5878940133122295e-06
4.054460989 2.031980756887722e-06
4.055661955 1.7743744500677023e-06
4.05686292 1.7208595739841954e-06
4.058063886 1.9687685309652077e-06
4.059264852 2.4803964765274363e-06
4.060465818 2.9558203248509587e-06
4.061666784 3.3837309618408274e-06
4.06286775 3.839410688597024e-06
4.064068716 4.532931496416585e-06
4.065269682 4.660499515913373e-06
4.066470648 4.408822304160969e-06
4.067671614 4.011160548774293e-06
4.06887258 3.7774072625792976e-06
4.070073546 3.5315328449998243e-06
4.071274512 3.2369869577104164e-06
4.072475477999999 2.8486157693724887e-06
4.073676444 2.2190785089367172e-06
4.074877409 1.7500605233443856e-06
4.076078375 1.6488064208080165e-06
4.077279341 1.9666835382575543e-06
4.0784803069999995 2.1507026926738834e-06
4.079681273 2.2691131171499084e-06
4.080882239 2.4815889116483192e-06
4.082083205 2.88141310234487e-06
4.083284171 3.2244210211923873e-06
4.084485137 3.3669959295014677e-06
4.085686103 3.4389937191948114e-06
4.086887069 3.5017621405387714e-06
4.088088035 3.414711790994828e-06
4.089289001 3.258981191012761e-06
4.090489967 3.09925446713365e-06
4.091690932 3.0213877928452035e-06
4.0928918979999995 2.8756438028830377e-06
4.094092864 2.5844456607987692e-06
4.09529383 2.308948053837751e-06
4.096494796 1.7811389369838478e-06
4.097695762 1.2198727635418188e-06
4.098896728 9.677381344478862e-07
4.1000976940000005 9.88779246090214e-07
4.10129866 1.4218509300337235e-06
4.102499626 1.667463866707518e-06
4.103700592 2.0551236558665282e-06
4.104901558 2.4291216171201073e-06
4.106102524 3.106021813280348e-06
4.1073034900000005 3.5487107533510278e-06
4.1085044559999995 3.706550403284368e-06
4.109705420999999 3.5573228339673865e-06
4.110906387 2.8942617185447034e-06
4.112107353000001 2.281797396392926e-06
4.113308319 1.8881478163424571e-06
4.1145092850000005 1.5147742367742794e-06
4.115710251 8.378786280301405e-07
4.116911217 3.9492632903201666e-07
4.118112183 2.309881092972029e-07
4.119313149 1.6750814778035147e-07
4.120514115 9.078044683485254e-09
4.1217150810000005 6.026937478177998e-09
4.1229160469999995 6.026765676825453e-09
4.124117013 6.0265869055914645e-09
4.125317979 6.026400552915734e-09
4.126518945 6.0262062238707194e-09
4.12771991 6.399083027308882e-09
4.1289208760000005 1.0624611708721915e-07
4.130121841999999 1.1037257783944306e-07
4.131322808 1.1035502980256792e-07
4.132523774 1.1033728289195794e-07
4.13372474 1.1031932705968479e-07
4.134925706 1.1400175644674079e-07
4.1361266720000005 1.9106183821566405e-07
4.1373276379999995 3.498702605407752e-07
4.138528604 5.810318559499252e-07
4.13972957 6.26287233329759e-07
4.140930536 6.321200247075145e-07
4.142131502 6.323340105490866e-07
4.143332468 6.323713627017121e-07
4.1445334339999995 6.287082256441479e-07
4.145734399 5.516838823441258e-07
4.146935365 3.925069704500795e-07
4.148136331 6.159266614103071e-08
4.149337297 1.2037085938737219e-08
4.1505382630000005 6.201795101443625e-09
4.1517392289999995 6.026126764022375e-09
4.152940195 6.7591684719371635e-09
4.154141160999999 1.4769736317398071e-08
4.155342127 1.5053043002298854e-08
4.156543093 1.5051603568703788e-08
4.157744059 1.617330774520425e-08
4.158945025 2.419476687204888e-07
4.160145991 3.497976725193191e-07
4.161346957 3.9078793137062226e-07
4.162547923 4.017925007675358e-07
4.163748888 3.940080740917865e-07
4.1649498540000005 3.9367569958313e-07
4.1661508199999995 3.9362651887593925e-07
4.167351786 3.9245129896555164e-07
4.168552751999999 1.665884031223877e-07
4.169753718 5.8734241781152395e-08
4.170954684000001 1.8069284120671995e-08
4.17215565 6.296569968896499e-09
4.173356616 6.019895231004391e-09
4.174557582 6.01892117269895e-09
4.175758548 6.017924326525775e-09
4.176959514 4.228259499080695e-08
4.17816048 3.2356679083705753e-07
4.179361446 4.228761948804121e-07
4.1805624120000004 4.233508631924527e-07
4.181763377 4.2327252503288257e-07
4.182964343 4.2319261049888796e-07
4.184165309 4.231109793735197e-07
4.185366275000001 4.2302776217171336e-07
4.186567241 3.8970504294723364e-07
4.187768207 3.0583754491299874e-07
4.188969173 3.2927055053099407e-07
4.190170139 4.467086120624529e-07
4.191371105 6.008009997380068e-07
4.192572071 8.735065112872146e-07
4.193773037 8.77291947657129e-07
4.1949740030000005 8.773216563319775e-07
4.196174968999999 8.742223299883991e-07
4.197375935 7.044399453501825e-07
4.198576901 5.892850946415235e-07
4.199777866000001 4.7147771076728775e-07
4.200978832 3.3826439901021044e-07
4.202179798 1.8859861797383327e-07
4.203380764 2.6416785656983815e-07
4.20458173 2.643840684307262e-07
4.205782696 2.813997411554443e-07
4.206983662 4.68676954933183e-07
4.208184628 9.20293128043184e-07
4.2093855940000005 1.2744425310579602e-06
4.210586559999999 1.7147079103520872e-06
4.211787526 2.5873040348077605e-06
4.212988492 3.4344751383403905e-06
4.214189458 3.6629488598943757e-06
4.215390424 3.7551961542478913e-06
4.216591389 3.6892465830140636e-06
4.217792354999999 3.357206341130231e-06
4.218993321 3.0828522628033303e-06
4.220194287 2.6648376315830646e-06
4.221395253 1.8466741453438881e-06
4.222596219 1.1144482336456899e-06
4.2237971850000005 9.848229528542017e-07
4.224998150999999 9.081548383651323e-07
4.226199117 8.586461169724887e-07
4.227400083 9.370548842906974e-07
4.228601049 9.59915306478899e-07
4.229802015000001 1.0268166194199497e-06
4.231002981 9.84810178357442e-07
4.232203947 9.247387326061903e-07
4.233404913 8.26165304436827e-07
4.234605878 7.922564976044354e-07
4.235806844 6.931309563225252e-07
4.23700781 6.029916374717331e-07
4.2382087760000005 6.710903368324988e-07
4.239409741999999 6.87122847024333e-07
4.240610708 8.685149260181634e-07
4.241811673999999 1.2979680914164159e-06
4.24301264 1.6631227613846509e-06
4.244213606000001 1.797186844447472e-06
4.245414572 2.0235674832183688e-06
4.246615538 2.3158179104259545e-06
4.247816504 2.589225935211564e-06
4.24901747 2.4654118852822694e-06
4.250218436 2.149181474788423e-06
4.251419402000001 1.5869363211644505e-06
4.2526203670000005 1.2522129861675852e-06
4.253821332999999 1.236606104891901e-06
4.255022299 1.1587691642004435e-06
4.256223265 1.1266881416528837e-06
4.257424231 8.633445206691283e-07
4.258625197000001 8.858883732789319e-07
4.259826163 8.859389587465066e-07
4.261027129 8.965830086567634e-07
4.262228095 9.95389340873634e-07
4.263429061 9.1981120556758e-07
4.264630027 7.711020819480687e-07
4.265830993 3.9777243106742046e-07
4.267031959 2.1969967896827487e-07
4.268232925 1.9393404349484254e-07
4.269433890999999 1.9323424407611873e-07
4.270634856 1.8083491075995212e-07
4.271835822 1.0791005713491672e-07
4.273036788000001 1.7802977466361367e-07
4.274237754 2.2338857019912145e-07
4.27543872 2.2466773062610522e-07
4.276639686 2.4969611250608593e-07
4.277840652 5.389056117753649e-07
4.279041618 6.284066038716859e-07
4.280242584 7.348738113442648e-07
4.28144355 1.1138039946429172e-06
4.282644516 1.6346843335450636e-06
4.283845481999999 1.7324704838266666e-06
4.285046448 1.794283715806748e-06
4.286247414 1.942427856335107e-06
4.28744838 1.9668450026108094e-06
4.288649345 1.999847272809557e-06
4.289850311 1.8970326542597084e-06
4.291051276999999 1.4761621016847887e-06
4.292252243 1.2668048368981351e-06
4.293453209 1.8273208027416715e-06
4.294654175 2.1750886164120463e-06
4.295855141 2.3537738921662937e-06
4.297056107 2.594015915310299e-06
4.298257072999999 2.844913016242036e-06
4.299458039 3.0902749369643686e-06
4.300659005000001 3.1964643185044972e-06
4.301859971 3.0915702371490936e-06
4.303060937000001 2.9606433424896655e-06
4.304261903 3.2314898900869435e-06
4.305462869 2.933718577900586e-06
4.306663834 2.418908916027321e-06
4.3078648 2.6334438314224593e-06
4.309065766 2.6809100231012218e-06
4.310266732 2.809092133527731e-06
4.311467698 2.737113735642667e-06
4.312668663999999 2.4532755631297543e-06
4.31386963 1.805029770133054e-06
4.315070596 1.7545513916293271e-06
4.316271562 1.7132534837054775e-06
4.317472528000001 1.1337594226421317e-06
4.318673494 1.1830017589239117e-06
4.31987446 1.0356889188500496e-06
4.321075426 8.977182608140286e-07
4.322276392 9.532131666843278e-07
4.323477357 1.5013437602073412e-06
4.324678323 1.893474860944125e-06
4.325879289 2.0024067209818784e-06
4.327080255 2.031451581017813e-06
4.328281221 2.0784477932633327e-06
4.329482187 2.408911315695773e-06
4.330683153 2.290027936519266e-06
4.331884119000001 1.9514760387374332e-06
4.333085085 1.5896254091885046e-06
4.334286051 1.6398335254533305e-06
4.335487017 2.0155787223664683e-06
4.336687983 2.2889325427104242e-06
4.337888949 2.4676379211726957e-06
4.339089915 2.8411285741395774e-06
4.340290881 3.6109732132013943e-06
4.341491846 4.054446329475932e-06
4.342692812 4.31945852763603e-06
4.343893778 5.025789846949653e-06
4.345094744 5.88275320481334e-06
4.346295710000001 6.875533199150153e-06
4.347496676 7.341693810564243e-06
4.348697642 7.744831066580805e-06
4.349898608 8.232268384118596e-06
4.351099574 8.556675066445383e-06
4.35230054 8.544387159812246e-06
4.353501506 7.859218207641262e-06
4.354702472 7.363504013983164e-06
4.355903438 6.6961504214328575e-06
4.357104403999999 5.942045932119145e-06
4.35830537 4.9806763302601254e-06
4.359506335 4.148412565015934e-06
4.360707301000001 4.069758061307318e-06
4.361908267 4.034746217042632e-06
4.363109233 3.876996049574696e-06
4.364310198999999 3.2913151680623053e-06
4.365511165 3.1376767403087663e-06
4.366712131 3.535959957023965e-06
4.367913097 3.7510366148431694e-06
4.369114063 3.7944014696664122e-06
4.370315029 3.5312147567811638e-06
4.371515994999999 3.8134246855391376e-06
4.372716961 3.6213320540892137e-06
4.373917927000001 3.4587039022126383e-06
4.375118893 3.3952612918802953e-06
4.3763198590000005 3.5746069810585967e-06
4.377520824 4.283146828722538e-06
4.378721789999999 4.424568281855159e-06
4.379922756 4.676324225338179e-06
4.381123722 4.7461753885056326e-06
4.382324688 5.274129531283158e-06
4.383525654 5.308621107648e-06
4.38472662 4.947611937924042e-06
4.385927586 4.31307586510921e-06
4.387128552 3.459317402433489e-06
4.388329518 3.042618450652102e-06
4.389530484 2.4333031010703293e-06
4.3907314500000005 1.8105832076928518e-06
4.3919324159999995 1.9856735032671466e-06
4.393133382 2.4745169083188614e-06
4.394334348 2.613659402324046e-06
4.395535313 2.444824993501679e-06
4.396736279 2.342945942960352e-06
4.3979372450000005 2.7298447853325475e-06
4.399138211 3.055452880971043e-06
4.400339177 3.1321360592588254e-06
4.401540143 2.6868640003223307e-06
4.402741109 2.7746463130885444e-06
4.403942075 3.486212943482391e-06
4.4051430410000005 3.978710165980449e-06
4.4063440069999995 4.167446568828146e-06
4.407544973 4.065334179320341e-06
4.408745939 4.435799875025971e-06
4.409946905 4.837012948046234e-06
4.411147871 5.097404874808229e-06
4.412348837 5.232141359585996e-06
4.413549802 5.425497656073115e-06
4.414750768 5.941494787281577e-06
4.415951734 6.305392674038938e-06
4.4171527 6.622944087720609e-06
4.418353666 6.871511905695079e-06
4.4195546320000005 7.310339042224974e-06
4.4207555979999995 7.449473611317141e-06
4.421956564 7.094272270902198e-06
4.42315753 6.578480643918979e-06
4.424358496 6.387429624349882e-06
4.425559462 6.716385381474157e-06
4.426760428 6.608968753749895e-06
4.4279613939999996 6.12210784323731e-06
4.42916236 5.931867694526184e-06
4.430363325999999 6.233720534017758e-06
4.431564291 6.786918571522023e-06
4.432765257 6.741632276252287e-06
4.4339662230000005 6.399003257756893e-06
4.4351671889999995 6.214492170068441e-06
4.436368155 6.394328550001161e-06
4.437569121 6.765962716803465e-06
4.438770087 6.8019486249643074e-06
4.439971053 6.960735565859592e-06
4.441172019 7.604725876078057e-06
4.4423729849999996 8.699329694697049e-06
4.443573951 9.79951041404258e-06
4.444774917 1.0530669722892272e-05
4.445975883 1.1703694592368939e-05
4.447176849000001 1.2692146730557478e-05
4.4483778140000005 1.3066915655325125e-05
4.4495787799999995 1.3000377108359428e-05
4.450779746 1.2594704540630513e-05
4.451980711999999 1.2943378495884657e-05
4.453181678 1.3554175240434039e-05
4.454382644 1.4100626883286086e-05
4.45558361 1.4173455643657319e-05
4.456784576 1.4371721848556064e-05
4.457985542 1.532507517044981e-05
4.459186508 1.5381744147402367e-05
4.460387474 1.4855601351585396e-05
4.461588440000001 1.3757041955950513e-05
4.462789406 1.2498925553142391e-05
4.4639903720000005 1.1303768093537936e-05
4.4651913379999995 9.677133137668425e-06
4.466392302999999 8.071489603633578e-06
4.467593269 6.849667820534743e-06
4.468794235000001 6.948839936455738e-06
4.469995201 7.611194266440918e-06
4.471196167 7.486641816252072e-06
4.472397133 7.248924324004678e-06
4.473598099 7.21387480652972e-06
4.474799065 7.70475587906105e-06
4.476000031 8.006452379597667e-06
4.477200997 7.544409127544561e-06
4.4784019630000005 7.037274662643065e-06
4.4796029289999995 6.94005520697692e-06
4.480803895 7.546837350682742e-06
4.482004861 7.982415964711392e-06
4.483205827 8.11762463097332e-06
4.484406792 8.747136320879487e-06
4.4856077580000004 9.971741628296863e-06
4.486808724 1.1177500549827693e-05
4.48800969 1.1639550619432187e-05
4.489210656 1.1311560517050532e-05
4.490411622 1.1243338615953577e-05
4.491612588 1.1493117971828849e-05
4.4928135540000005 1.1717114741822085e-05
4.4940145199999995 1.1499622531203055e-05
4.495215486 1.1053239985929121e-05
4.496416452 1.1317063928016188e-05
4.497617418 1.1961117166297328e-05
4.498818384 1.2531415131877114e-05
4.50001935 1.2827233936839267e-05
4.5012203159999995 1.3103634964213329e-05
4.502421281 1.3765212333180475e-05
4.503622247 1.3982006191160495e-05
4.504823213 1.3657503327123466e-05
4.506024179 1.2938295286249396e-05
4.5072251450000005 1.2462716804595576e-05
4.5084261109999995 1.2637829623469818e-05
4.509627077 1.2507340332914207e-05
4.510828043 1.2048149768627942e-05
4.512029009 1.1571570569120066e-05
4.513229975 1.17083062508441e-05
4.514430941 1.2424280651456866e-05
4.515631907 1.2694652984493722e-05
4.516832873 1.2676946741131953e-05
4.518033839 1.2700231619102834e-05
4.519234805 1.3142423080161348e-05
4.52043577 1.381454995123012e-05
4.5216367360000005 1.3591106759058077e-05
4.5228377019999995 1.2920768641532811e-05
4.524038668 1.2240415916800381e-05
4.525239633999999 1.1978027177965061e-05
4.5264406 1.1809401438173866e-05
4.527641566000001 1.1108659513627927e-05
4.528842532 1.0328376262293573e-05
4.530043498 9.971267226229753e-06
4.531244464 1.0186892228806005e-05
4.53244543 1.0392747766314314e-05
4.533646396 1.0107637279061051e-05
4.534847362000001 9.759398746924844e-06
4.536048328 9.773755439283155e-06
4.537249294 9.695458722166265e-06
4.538450259 9.277700047645718e-06
4.539651224999999 8.415137791894856e-06
4.540852191 7.878185599752179e-06
4.542053157000001 8.422161234691095e-06
4.543254123 9.365937845006295e-06
4.544455089 1.0244307673488526e-05
4.545656055 1.0788180262530894e-05
4.546857021 1.183014589294825e-05
4.548057987 1.3647628949993557e-05
4.549258953 1.5237734342967414e-05
4.550459919 1.626067030525997e-05
4.551660885 1.620468321322971e-05
4.552861850999999 1.593728388189141e-05
4.554062817 1.573695498870486e-05
4.555263782 1.5077728965551277e-05
4.556464748000001 1.3933062173498065e-05
4.557665714 1.2579898467674799e-05
4.55886668 1.1862759998261336e-05
4.560067646 1.1997717293435859e-05
4.561268612 1.247597882791645e-05
4.562469578 1.3166375361640673e-05
4.563670544 1.4345919372114275e-05
4.56487151 1.6238928795335096e-05
4.566072476 1.834585547633514e-05
4.567273441999999 1.944730682910601e-05
4.568474408 1.9608519814013166e-05
4.569675374 1.9338657837906368e-05
4.57087634 1.899345086243794e-05
4.572077306 1.8531998148099814e-05
4.573278271 1.7135536483113326e-05
4.574479236999999 1.5163048270006428e-05
4.575680203 1.3443164767376378e-05
4.576881169 1.2556699056077732e-05
4.578082135 1.2116985934704347e-05
4.579283101 1.1428644766057382e-05
4.580484067 1.0603996183265972e-05
4.581685032999999 1.0307302256415675e-05
4.582885999 1.0880304801783613e-05
4.584086965 1.1785992738480791e-05
4.585287931 1.2520522771663923e-05
4.586488897000001 1.3181220572269047e-05
4.587689863 1.4428038996872788e-05
4.588890829 1.612936030505816e-05
4.590091795 1.754968722300543e-05
4.59129276 1.7983911428226e-05
4.592493726 1.7513036089716573e-05
4.593694692 1.6954310013154644e-05
4.594895658 1.6244920779961e-05
4.596096623999999 1.508949275488128e-05
4.59729759 1.3312558301120152e-05
4.598498555999999 1.1381145578679689e-05
4.599699522 1.0175670543467436e-05
4.600900488000001 9.89984941558882e-06
4.602101454 9.92494655960901e-06
4.60330242 1.0078953556691331e-05
4.604503386 1.0757848897219716e-05
4.605704352 1.2246293526336178e-05
4.606905318 1.4295472174912457e-05
4.608106284000001 1.5747930455164458e-05
4.609307249 1.6578176289084296e-05
4.610508214999999 1.7016743622437777e-05
4.611709181 1.7651822730604375e-05
4.612910147 1.8266074284959742e-05
4.614111113 1.7995724890490505e-05
4.615312079000001 1.6962297687278244e-05
4.616513045 1.5594423455096597e-05
4.617714011 1.4785998808234083e-05
4.618914977 1.4404665915045773e-05
4.620115943 1.4071447296587921e-05
4.621316909 1.3773435181836303e-05
4.622517875 1.3855470880395935e-05
4.623718841 1.4652307693987395e-05
4.624919807 1.5420508950276117e-05
4.626120772999999 1.5520956277442778e-05
4.627321738 1.4949903815562372e-05
4.628522704 1.4368366983917386e-05
4.629723670000001 1.3990692778321312e-05
4.630924636 1.354746845024415e-05
4.632125602 1.270646512464357e-05
4.633326568 1.1641883954931412e-05
4.634527534 1.1202605136775935e-05
4.6357285 1.1764337725619791e-05
4.636929466 1.2640112991406668e-05
4.638130432 1.3177242358046646e-05
4.639331398 1.343465415161076e-05
4.640532363999999 1.3893370127657243e-05
4.64173333 1.48395793395563e-05
4.642934296 1.5628537923184837e-05
4.644135262 1.5837705705166976e-05
4.645336227 1.539300864110305e-05
4.646537193 1.5079481601292792e-05
4.647738159 1.5149325930161161e-05
4.648939125 1.5124953035866383e-05
4.650140091 1.4600018258042941e-05
4.651341057 1.3601436657476913e-05
4.652542023 1.2844060306064215e-05
4.653742989 1.2553009863431123e-05
4.654943954999999 1.2407592525611121e-05
4.656144921 1.1908765010862152e-05
4.657345887 1.1094323948498981e-05
4.658546853 1.0408400882134777e-05
4.659747819000001 9.971839682894943e-06
4.6609487849999995 9.419781408707523e-06
4.662149751 8.334204985992097e-06
4.663350716 7.04850417155577e-06
4.664551682 6.26177385255475e-06
4.665752648 6.442011661976377e-06
4.666953614 7.0335956713996945e-06
4.66815458 7.416658508419286e-06
4.669355545999999 7.670448742172111e-06
4.670556512 8.381150657020018e-06
4.671757478000001 9.838773101987006e-06
4.672958444 1.139498021168426e-05
4.674159410000001 1.2426619495737714e-05
4.6753603759999995 1.2745719323559963e-05
4.676561342 1.3018176937942367e-05
4.677762308 1.3828924990558221e-05
4.678963274 1.4542451937136798e-05
4.680164239 1.4633624023629792e-05
4.681365205 1.4092811208940993e-05
4.682566171 1.357431234137511e-05
4.683767137 1.3611482084101304e-05
4.684968103 1.3879154009729524e-05
4.686169069 1.3802347021730251e-05
4.687370035 1.3194637853726532e-05
4.688571001000001 1.2810098936713503e-05
4.6897719669999995 1.2992494390983556e-05
4.690972933 1.3525668118016337e-05
4.692173899 1.3703536687118213e-05
4.693374865 1.3289375558661843e-05
4.694575831 1.2752763720102905e-05
4.695776797000001 1.2584045537879955e-05
4.696977763 1.2831260899586941e-05
4.698178728 1.2908806638041788e-05
4.699379694 1.260751554197727e-05
4.70058066 1.2397979504352685e-05
4.701781626 1.2582653720407455e-05
4.702982592000001 1.301342074467451e-05
4.7041835579999995 1.295475871907374e-05
4.705384524 1.2189218474633302e-05
4.70658549 1.1247112714507645e-05
4.707786456 1.0658447449672285e-05
4.708987422 1.0354508057842029e-05
4.710188388 9.634307761650232e-06
4.711389354 8.543566897284592e-06
4.71259032 7.404347163283178e-06
4.713791285999999 7.040596705820724e-06
4.714992252 7.342928709405612e-06
4.716193217 7.786074705132017e-06
4.717394183000001 7.890589166731926e-06
4.7185951489999995 7.739584427859126e-06
4.719796115 8.154802348007124e-06
4.720997081 9.039092938014136e-06
4.722198047 9.913343929617287e-06
4.723399013 1.0504228037381297e-05
4.724599979 1.0770782620138937e-05
4.725800945 1.1194257450424138e-05
4.727001911 1.2284750853880692e-05
4.728202876999999 1.3285502870031912e-05
4.729403843 1.383457682718967e-05
4.730604809000001 1.390436416228034e-05
4.731805775 1.4059061130338993e-05
4.7330067410000005 1.4834137005023212e-05
4.734207706 1.5859455219818738e-05
4.735408671999999 1.650957965340041e-05
4.736609638 1.634488361260809e-05
4.737810604 1.6056965159945797e-05
4.73901157 1.6032443798198726e-05
4.740212536 1.6212777769260336e-05
4.741413502 1.5946325422477986e-05
4.742614468 1.4965777486516206e-05
4.743815434 1.37753298110491e-05
4.745016400000001 1.2808829989956353e-05
4.746217366 1.2568759662695791e-05
4.7474183320000005 1.2442827922202811e-05
4.7486192979999995 1.2138591818142278e-05
4.749820264 1.2048531015177585e-05
4.75102123 1.2441932691792333e-05
4.752222195 1.3290886817040283e-05
4.753423161 1.419051331531286e-05
4.7546241270000005 1.4500918108702623e-05
4.755825093 1.4255608014797601e-05
4.757026059 1.4048898104620471e-05
4.758227025 1.3865402747507926e-05
4.759427991 1.3471975222148689e-05
4.760628957 1.2365524924349848e-05
4.7618299230000005 1.091323442408654e-05
4.7630308889999995 9.58790412610975e-06
4.764231855 8.724101278184227e-06
4.765432821 8.085643826843663e-06
4.766633787 7.613210981720884e-06
4.767834753 7.025111948383278e-06
4.769035719000001 6.641306727760203e-06
4.770236684 7.14672991387912e-06
4.77143765 7.73510806581343e-06
4.772638616 8.155446383658936e-06
4.773839582 8.080261854393324e-06
4.775040548 7.804201873892779e-06
4.7762415140000005 7.864811238855905e-06
4.7774424799999995 8.568099914251868e-06
4.778643446 9.31048463777752e-06
4.779844412 9.549717212278441e-06
4.781045378 9.505823038474692e-06
4.782246344 9.573281825208784e-06
4.78344731 1.0214536086122302e-05
4.7846482759999995 1.092768442510725e-05
4.785849242 1.113824738151764e-05
4.787050207 1.0811425405857e-05
4.788251173 1.0353904098826094e-05
4.789452139 1.0402101800918039e-05
4.7906531050000005 1.089628889206321e-05
4.7918540709999995 1.1044848900993253e-05
4.793055037 1.0722300452199836e-05
4.794256003 1.0199050047071539e-05
4.795456969 9.819884540236421e-06
4.796657935 9.752674473643742e-06
4.797858901 9.361514429179179e-06
4.7990598669999995 8.470716345355462e-06
4.800260833 7.373297514033461e-06
4.801461799 6.577394459865661e-06
4.802662765 6.162388431569711e-06
4.803863731000001 6.1269574928507695e-06
4.8050646960000005 5.853862040324389e-06
4.8062656619999995 5.3292744573958294e-06
4.807466628 5.307348772050146e-06
4.808667593999999 5.7776950105676324e-06
4.80986856 6.725366239244044e-06
4.811069526 7.767166574359394e-06
4.812270492 8.616881430426138e-06
4.813471458 9.422879670005287e-06
4.814672424 1.0526963648433687e-05
4.81587339 1.1645867319107363e-05
4.817074356 1.2467102066043826e-05
4.818275322000001 1.2420976441192699e-05
4.819476288 1.1679259208891828e-05
4.8206772540000005 1.0964378189668633e-05
4.821878219999999 1.054683989075254e-05
4.823079184999999 1.0254888773590272e-05
4.824280151 9.862649468182139e-06
4.825481117000001 9.288051063630134e-06
4.826682083 8.76343837867943e-06
4.827883049 8.86202041776454e-06
4.829084015 9.038006587313168e-06
4.830284981 8.993831136570261e-06
4.831485947 8.718649160508734e-06
4.832686913 8.231973846960481e-06
4.833887879 7.834527753123207e-06
4.8350888450000005 7.836333697114387e-06
4.836289810999999 7.6240645868274416e-06
4.837490777 7.07231405924485e-06
4.838691743 6.466835815538168e-06
4.839892709 5.904855550037831e-06
4.841093674 5.571135627379937e-06
4.84229464 5.401326824519103e-06
4.843495606 5.13496198876098e-06
4.844696572 4.679580169546649e-06
4.845897538 4.484726576964129e-06
4.847098504 4.652115572101297e-06
4.84829947 5.388208141234415e-06
4.8495004360000005 6.311014067159087e-06
4.850701401999999 6.904564446319911e-06
4.851902368 7.322920589246469e-06
4.853103334 7.723369347101255e-06
4.8543043 8.369180037542753e-06
4.855505266 9.255757281937401e-06
4.8567062320000005 9.861403877911633e-06
4.8579071979999995 1.0029325558201322e-05
4.859108163 1.0162004909892825e-05
4.860309129 1.0561182937082215e-05
4.861510095 1.1096356944381996e-05
4.862711061 1.1449086497561927e-05
4.8639120270000005 1.1053691557687093e-05
4.865112992999999 1.0190080489983414e-05
4.866313959 9.43259340725954e-06
4.867514925 8.77452119614181e-06
4.868715891 8.070226666617165e-06
4.869916857 7.005224794018442e-06
4.871117823 5.727174355097686e-06
4.8723187889999995 4.7129466505004125e-06
4.873519755 4.4171194758307945e-06
4.874720721 4.5041241734919696e-06
4.875921687 4.774289943367295e-06
4.877122652 4.707391354202845e-06
4.8783236180000005 4.4434705973709325e-06
4.879524583999999 4.567749395150095e-06
4.88072555 5.042627512229203e-06
4.881926516 5.362401046375901e-06
4.883127482 5.396630860440575e-06
4.884328448 5.199851890205621e-06
4.885529414 4.896144680930326e-06
4.88673038 5.0984657688111195e-06
4.887931346 5.56310747740195e-06
4.889132312 5.855302435544799e-06
4.890333278 5.762708488764016e-06
4.891534244000001 5.520991866353086e-06
4.89273521 5.315878983532429e-06
4.8939361749999994 5.355779076204073e-06
4.895137141 5.404417772364845e-06
4.896338106999999 5.124985990282136e-06
4.897539073 4.5901772724992195e-06
4.898740039000001 4.084365282163896e-06
4.899941005 3.876596710930175e-06
4.901141971 4.227126767465124e-06
4.902342937 4.621456818592012e-06
4.903543903 4.843844153330953e-06
4.904744869 5.060076307058341e-06
4.905945835000001 5.443234246054284e-06
4.907146801 5.997405579556974e-06
4.908347767 6.6041003351326564e-06
4.909548732999999 6.91560787177707e-06
4.910749699 6.79993466079587e-06
4.911950664 6.729262882233771e-06
4.913151630000001 6.715523372622497e-06
4.914352596 6.760101991697117e-06
4.915553562 6.796936161614373e-06
4.916754528 6.551820116910278e-06
4.917955494 6.117191913734201e-06
4.91915646 5.814073878805624e-06
4.920357426 5.611783719733855e-06
4.921558392 5.3661551587794394e-06
4.922759358 5.0244489192505776e-06
4.923960323999999 4.444120102659176e-06
4.92516129 3.851847287526778e-06
4.926362256 3.6836051833446184e-06
4.927563222 3.850936903488113e-06
4.928764188 4.174762803151787e-06
4.929965153 4.598224454551241e-06
4.931166119 4.9120280933616025e-06
4.932367085 5.367500017236624e-06
4.933568051 6.3522190022760294e-06
4.934769017 7.545986050771027e-06
4.935969983 8.570554935502494e-06
4.937170949 9.086772326839912e-06
4.938371914999999 9.120707413729618e-06
4.939572881 8.997484351152468e-06
4.940773847 9.137228912525277e-06
4.941974813 9.16984087259935e-06
4.943175779 8.704637951594754e-06
4.944376745 7.399584094726316e-06
4.945577711 5.9150783572985966e-06
4.946778677 4.6974345391352205e-06
4.947979642 3.924501713644328e-06
4.949180608 3.3615082759750387e-06
4.950381574 2.6885989436603927e-06
4.95158254 2.0812044728726093e-06
4.952783505999999 1.6627546395225633e-06
4.953984472 1.9868224153703845e-06
4.955185438 2.626381766697492e-06
4.956386404 3.1978819446484745e-06
4.957587370000001 3.5586065085106715e-06
4.958788336 3.764850237077132e-06
4.959989302 3.90021495531104e-06
4.961190268 4.138988862075585e-06
4.962391234 4.7320980703210415e-06
4.9635922 5.029016250745598e-06
4.964793166000001 5.078270927771849e-06
4.965994131 5.196971176119714e-06
4.967195096999999 5.403206843335546e-06
4.968396063 5.595563288717387e-06
4.969597029 5.764917195476854e-06
4.970797995 5.45989865963337e-06
4.971998961000001 4.597242840686961e-06
4.973199927 3.987212040669587e-06
4.974400893 3.5807487300246417e-06
4.975601859 3.3657894165928885e-06
4.976802825 3.4803039557054412e-06
4.978003791 3.283758622025577e-06
4.979204757000001 2.9725626195971025e-06
4.980405723 2.8913125946633622e-06
4.981606689 2.8981555414542587e-06
4.982807654999999 2.834929633127292e-06
4.98400862 2.6558229970630785e-06
4.985209586 2.246482990028772e-06
4.986410552000001 1.5072692184006513e-06
4.987611518 1.2047392770873345e-06
4.988812484 1.3521295936151173e-06
4.99001345 1.6514511579999065e-06
4.991214416 2.0733122154291743e-06
4.992415382 2.3685635424906004e-06
4.993616348 2.643489506924347e-06
4.994817314 3.2259646570487765e-06
4.99601828 4.234841837116505e-06
4.997219245999999 5.146881843788153e-06
4.998420212 5.702706593190237e-06
4.999621178 5.769561584496539e-06
5.000822144 5.658973375673164e-06
5.002023109 5.738394354012284e-06
5.003224075 6.001676193310167e-06
5.004425041 5.957490452680927e-06
5.005626007 5.456846089923142e-06
5.006826973 4.80539345760791e-06
5.008027939 4.103282062909294e-06
5.009228905 4.009409196655342e-06
5.010429871 4.371713865223982e-06
5.011630836999999 4.565672714840886e-06
5.012831803 4.503389478728693e-06
5.014032769 4.2498663922609325e-06
5.015233735 3.936474149757102e-06
5.0164347010000006 3.857862430979367e-06
5.0176356669999995 4.031298870240558e-06
5.018836631999999 3.7691569526495277e-06
5.020037598 3.115584745534596e-06
5.021238564 2.6100082311734705e-06
5.02243953 2.2857481411275314e-06
5.023640496 2.351372217373182e-06
5.024841462 2.840671350796268e-06
5.026042427999999 3.293594622029823e-06
5.027243394 3.48989157302579e-06
5.028444360000001 3.853103073728101e-06
5.029645326 4.206620318920206e-06
5.0308462920000006 4.533064608368185e-06
5.0320472579999995 4.826309838665867e-06
5.033248224 4.785907228200616e-06
5.03444919 4.280731107958313e-06
5.035650156 3.7545195168101958e-06
5.036851121 3.4930140264787173e-06
5.038052087 3.4649646532101026e-06
5.039253053 3.625658099640542e-06
5.040454019 3.4806582912877057e-06
5.041654985 3.1283838047986637e-06
5.042855951 2.969461201422579e-06
5.044056917 3.03224404317422e-06
5.0452578830000006 3.122558788666232e-06
5.0464588489999995 3.1131067740159167e-06
5.047659815 2.869688711336506e-06
5.048860781 2.3513443037218137e-06
5.050061747 2.0759922620199923e-06
5.051262713 1.999386431650679e-06
5.052463679000001 1.992521384029973e-06
5.053664645 1.987758414670136e-06
5.05486561 1.9746337978333277e-06
5.056066576 1.8935751803527942e-06
5.057267542 1.8913238277156204e-06
5.058468508 2.106918538476759e-06
5.0596694740000006 2.419471246356267e-06
5.0608704399999995 2.6315266502245375e-06
5.062071406 2.7826258063279424e-06
5.063272372 2.8662303846220435e-06
5.064473338 2.933527421259669e-06
5.065674304 3.2754903275125807e-06
5.06687527 4.030094115154456e-06
5.068076236 4.596259894509578e-06
5.069277202 5.004209488922346e-06
5.070478167999999 5.123466065431977e-06
5.071679134 5.049473649487669e-06
5.072880099 5.015274861554227e-06
5.074081065000001 5.053546672659214e-06
5.0752820309999995 4.717727460744049e-06
5.076482997 3.865714600661671e-06
5.077683963 3.0015263652675483e-06
5.078884929 2.2629675023058867e-06
5.080085895 1.947850710879421e-06
5.081286861 2.014249543349975e-06
5.082487827 2.0580249104845867e-06
5.083688793 1.883097837266773e-06
5.084889758999999 1.6692592901851004e-06
5.086090725 1.487254216974211e-06
5.087291691000001 1.4220690165147669e-06
5.088492657 1.3589971454726814e-06
5.0896936230000005 1.205630080420797e-06
5.090894588 8.363678891185939e-07
5.092095554 4.6429479479362817e-07
5.09329652 2.215719332288247e-07
5.094497486 2.486423381905068e-07
5.095698452 3.933642422526977e-07
5.096899418 7.725742679662841e-07
5.098100384 9.851960819694417e-07
5.099301349999999 1.2014132871049504e-06
