Wavelength_microns Throughput
2.0004663860000003 3.2140022985681776e-10
2.002074478 2.9106889835885187e-10
2.00368257 2.653380919468075e-10
2.005290662 2.4380775470618135e-10
2.006898754 2.2513243481686567e-10
2.008506846 2.10452103604928e-10
2.010114938 1.9711037627852385e-10
2.01172303 1.8400590212968837e-10
2.013331122 1.7343669236742947e-10
2.014939214 1.6428780654145728e-10
2.016547306 1.5429385451906972e-10
2.018155398 1.4726803352092213e-10
2.01976349 1.3959065561997647e-10
2.021371582 1.3435076342332657e-10
2.022979674 1.299244629183555e-10
2.0245877660000002 1.2446478360781183e-10
2.026195858 1.2115418563328952e-10
2.027803949 1.183009176028177e-10
2.029412041 1.1545820779006693e-10
2.031020133 1.1287298322321174e-10
2.032628225 1.0987272239097444e-10
2.034236317 1.055603965927341e-10
2.035844409 1.0309362568819393e-10
2.037452501 1.011032801087746e-10
2.039060593 1.0014314474897678e-10
2.040668685 1.007312444474844e-10
2.042276777 1.0092106985114901e-10
2.0438848689999998 1.0166232286885195e-10
2.045492961 1.0318349967515677e-10
2.047101053 1.0527634892456967e-10
2.0487091449999997 1.0801462101419984e-10
2.0503172370000002 1.1056795783595787e-10
2.0519253290000004 1.1301586661805548e-10
2.053533421 1.1709774051713404e-10
2.055141513 1.2092722719251651e-10
2.056749605 1.2649704323180233e-10
2.058357697 1.3256184557470335e-10
2.059965788 1.4058594065442912e-10
2.06157388 1.4894391364099224e-10
2.0631819719999998 1.5781421635440305e-10
2.064790064 1.6825510136721585e-10
2.066398156 1.8042523500371726e-10
2.068006248 1.9417743137843654e-10
2.06961434 2.0933972434619305e-10
2.071222432 2.260997318571492e-10
2.072830524 2.4667159707605755e-10
2.074438616 2.6832348685482004e-10
2.076046708 2.956887789947831e-10
2.0776548 3.2428747625980687e-10
2.079262892 3.572017692013036e-10
2.080870984 3.949520785018593e-10
2.0824790760000003 4.358253545214935e-10
2.084087168 4.862891821404685e-10
2.08569526 5.468180918271586e-10
2.0873033519999997 6.178921657545817e-10
2.088911444 7.072414965220361e-10
2.090519536 8.140266016306654e-10
2.092127627 9.38949022697382e-10
2.0937357189999997 1.0893926851774683e-09
2.0953438110000002 1.262279006083351e-09
2.0969519030000003 1.4552190718650039e-09
2.098559995 1.6972889216431389e-09
2.100168087 1.9951679653644138e-09
2.101776179 2.328566006837966e-09
2.103384271 2.725080945616316e-09
2.104992363 3.1803639989525648e-09
2.1066004549999997 3.670382373836765e-09
2.1082085470000003 4.208540887042989e-09
2.109816639 4.7510482560761366e-09
2.111424731 5.2593280932583156e-09
2.113032823 5.652932342874221e-09
2.114640915 5.932875916657619e-09
2.116249007 6.165041376188517e-09
2.1178570989999996 6.244578405204171e-09
2.1194651909999997 6.3461912779462e-09
2.1210732830000003 6.364839707593521e-09
2.122681375 6.344722317180205e-09
2.124289466 6.257588342387932e-09
2.125897558 6.164141907136169e-09
2.1275056500000002 6.061706561944278e-09
2.129113742 5.9435175814945166e-09
2.130721834 5.842282415748549e-09
2.1323299259999997 5.712007630330749e-09
2.133938018 5.534671639524353e-09
2.1355461100000004 5.375667879181228e-09
2.137154202 5.24155059198053e-09
2.138762294 5.111981145619077e-09
2.140370386 4.940292760697876e-09
2.141978478 4.767620010307358e-09
2.14358657 4.5550009412590455e-09
2.1451946619999998 4.339461506312008e-09
2.146802754 4.138629151105757e-09
2.1484108460000004 3.953636762823626e-09
2.150018938 3.772328847744877e-09
2.15162703 3.5840156313499298e-09
2.153235122 3.409417945064508e-09
2.154843214 3.2075987141929845e-09
2.156451305 3.030851311316184e-09
2.158059397 2.841471451445267e-09
2.159667489 2.6748798627372655e-09
2.161275581 2.513636359687257e-09
2.1628836729999996 2.3525618840921354e-09
2.164491765 2.18418090376185e-09
2.1660998570000003 1.9969796904641037e-09
2.167707949 1.8262199709275278e-09
2.169316041 1.655807662702446e-09
2.170924133 1.5015418631846751e-09
2.172532225 1.3451689866497269e-09
2.174140317 1.2041336002534438e-09
2.1757484089999997 1.0848476621148324e-09
2.177356501 9.82454045738003e-10
2.1789645930000003 9.12150643342445e-10
2.180572685 8.827932487928827e-10
2.182180777 8.534720419104238e-10
2.183788869 7.958557279115541e-10
2.185396961 7.500211213394218e-10
2.187005053 7.360889905919865e-10
2.1886131449999997 7.34680061558083e-10
2.1902212359999997 6.878951420182799e-10
2.191829328 6.04193939691502e-10
2.1934374200000004 5.399729989255944e-10
2.195045512 5.133528648630336e-10
2.196653604 5.044844824677818e-10
2.198261696 5.643679366178741e-10
2.199869788 6.535216815385968e-10
2.20147788 6.944709536029375e-10
2.203085972 6.92029010617605e-10
2.204694064 7.248297561107365e-10
2.206302156 8.385789247222311e-10
2.207910248 9.8134911658748e-10
2.2095183400000002 9.991953369132245e-10
2.211126432 1.0400040262885596e-09
2.212734524 1.1200661151276296e-09
2.2143426159999997 1.2455634222866402e-09
2.215950708 1.3924305581678437e-09
2.2175588 1.4400867435529069e-09
2.219166892 1.5096866547685055e-09
2.220774984 1.423251540133568e-09
2.222383075 1.365232675887142e-09
2.2239911670000003 1.452693367720705e-09
2.225599259 1.7240352672439744e-09
2.227207351 2.0555756585620778e-09
2.228815443 2.2446304943822625e-09
2.230423535 2.4856723942223057e-09
2.232031627 2.119132550481499e-09
2.2336397189999997 2.3447823207621814e-09
2.2352478110000003 2.2922102807475954e-09
2.236855903 1.552704956167676e-09
2.238463995 1.0860773379601496e-09
2.240072087 1.0930406738422608e-09
2.241680179 1.6678449898004811e-09
2.243288271 3.4660508330838888e-09
2.2448963629999996 4.364447520995128e-09
2.2465044549999997 4.877747808323352e-09
2.2481125470000003 3.2218773427649105e-09
2.249720639 3.24541175909343e-09
2.251328731 2.2924685590758898e-09
2.252936823 1.513906730662449e-09
2.2545449140000002 2.2441991131620825e-09
2.256153006 3.989784717695089e-09
2.257761098 7.326141852932773e-09
2.2593691899999997 6.69538276943489e-09
2.260977282 6.3427425346882755e-09
2.262585374 2.682683632174934e-09
2.264193466 7.003313545032266e-10
2.265801558 1.78689470165146e-09
2.2674096500000003 3.693007648409131e-10
2.269017742 7.608364931241316e-11
2.270625834 4.6172761238313944e-11
2.2722339259999997 4.84887762586526e-11
2.273842018 5.070502057150178e-11
2.2754501100000004 1.951777983999624e-10
2.277058202 1.7250613996027183e-09
2.278666294 7.2750718401628145e-09
2.280274386 1.2181447694622484e-08
2.281882478 4.092517549586755e-08
2.28349057 4.829407110294881e-08
2.285098662 5.653051750774974e-08
2.286706753 5.6730863722916455e-08
2.288314845 5.717914963266425e-08
2.2899229369999996 6.325820425546953e-08
2.291531029 6.120004442661031e-08
2.2931391210000003 5.932523800995691e-08
2.294747213 5.76507677136213e-08
2.296355305 6.098918023698421e-08
2.297963397 7.76732696224907e-08
2.299571489 5.5010996405493036e-08
2.301179581 5.0938816962133883e-08
2.3027876729999996 4.709106059213312e-08
2.304395765 3.946618157064292e-08
2.3060038570000003 3.333856857902354e-08
2.307611949 1.630773999161074e-08
2.309220041 7.195832625521092e-09
2.310828133 5.0646117810885705e-09
2.312436225 1.2200840671515202e-08
2.314044317 2.9860957084106674e-08
2.3156524089999997 9.902933268624175e-09
2.3172605010000003 1.6922786828725637e-09
2.318868592 7.21518577128289e-10
2.3204766840000004 1.1850808088824681e-09
2.322084776 2.1952419374843493e-09
2.323692868 6.190707660197353e-09
2.32530096 2.5504226027566324e-08
2.326909052 1.1379671923183384e-07
2.328517144 2.0348233736085496e-07
2.3301252359999998 3.9363862615791867e-07
2.331733328 6.829033944806484e-07
2.33334142 8.879065428409617e-07
2.334949512 1.1679221423932314e-06
2.3365576040000002 9.848830061052043e-07
2.338165696 7.016239895083426e-07
2.339773788 5.113056565182591e-07
2.3413818799999997 4.9113769274197e-07
2.342989972 4.6703147264172033e-07
2.344598064 3.6189194947190873e-07
2.346206156 2.2634793051700307e-07
2.347814248 1.4166455313960766e-07
2.3494223400000003 1.7548388250550607e-07
2.3510304310000003 2.479725868208589e-07
2.352638523 2.2139187262388745e-07
2.354246615 4.8043966542115525e-08
2.3558547069999998 2.2692227374102718e-07
2.357462799 3.777575747500874e-07
2.359070891 1.2345210521437244e-07
2.3606789829999997 4.187662742965976e-08
2.3622870750000002 1.5001160457169296e-08
2.363895167 6.668772310105735e-09
2.365503259 5.187762554549354e-09
2.367111351 2.485160948259648e-08
2.368719443 2.1497224886615522e-07
2.370327535 5.678702236971168e-07
2.371935627 4.035157631496187e-07
2.3735437189999997 2.8585876695574805e-07
2.3751518110000003 6.762501064900916e-08
2.376759903 4.235260602725137e-08
2.378367995 1.4870118349575237e-07
2.379976087 2.5784392073949615e-07
2.381584179 4.4913648367507267e-07
2.383192271 5.558816415657001e-07
2.384800362 3.822234717332914e-07
2.3864084539999997 2.631729423614755e-07
2.388016546 1.8046543868444002e-07
2.389624638 1.2349109470057605e-07
2.39123273 8.489787672988257e-08
2.392840822 1.993908687658192e-07
2.3944489140000003 5.452243228299227e-07
2.396057006 1.3003628969972548e-06
2.397665098 1.4124495919923478e-06
2.3992731899999997 1.7027002851585249e-06
2.400881282 2.5449847476243904e-06
2.4024893740000004 2.995267625633085e-06
2.404097466 3.5301976810561994e-06
2.405705558 2.616346082630233e-06
2.40731365 1.5579445781678958e-06
2.408921742 9.843498748630657e-07
2.410529834 1.5864297642212386e-07
2.4121379259999998 2.273452835421988e-08
2.413746018 5.244298134352473e-09
2.41535411 5.249583435775519e-09
2.416962201 5.25487035764501e-09
2.418570293 5.260158903990513e-09
2.4201783850000003 5.265449068969618e-09
2.421786477 5.275544229451688e-09
2.423394569 1.1608205430705612e-08
2.425002661 1.0230126033871912e-07
2.426610753 1.0295263023277744e-06
2.428218845 1.5108441279884954e-06
2.4298269369999996 1.0125949247895004e-06
2.431435029 7.743388576611538e-07
2.4330431210000003 1.4042944958694746e-07
2.434651213 2.0002424097993836e-08
2.436259305 5.533607705857884e-09
2.4378673969999998 5.329915857490661e-09
2.439475489 5.335231395603975e-09
2.441083581 6.09035976384886e-09
2.4426916729999997 3.491294179134034e-08
2.4442997650000002 2.604892415333468e-07
2.4459078570000004 1.2257585647232e-06
2.447515949 1.1159470647057735e-06
2.44912404 1.145596300530375e-06
2.450732132 1.1275657809470338e-06
2.452340224 1.0750920714419367e-06
2.453948316 1.1298620104769177e-06
2.455556408 1.3211418692495424e-06
2.4571644999999998 1.7510344464503304e-06
2.458772592 2.7572439481728115e-06
2.460380684 3.607913725638738e-06
2.461988776 3.0382220317433662e-06
2.463596868 2.5632763409767952e-06
2.46520496 1.7568879670236207e-06
2.466813052 1.2773039245937221e-06
2.468421144 1.2992199231252115e-06
2.470029236 1.7122535163868654e-06
2.471637328 2.122212434194037e-06
2.47324542 2.6827416438796405e-06
2.474853512 3.2519833347832097e-06
2.4764616040000003 3.939696828948484e-06
2.478069696 4.856353021567901e-06
2.479677788 4.884372835199862e-06
2.481285879 4.868422563209066e-06
2.4828939709999998 4.964446514919998e-06
2.484502063 4.3008473325463775e-06
2.486110155 3.736234192141927e-06
2.4877182469999997 3.298550617020967e-06
2.489326339 2.6913881539255473e-06
2.4909344310000003 2.4919298632752754e-06
2.492542523 2.37169439331529e-06
2.494150615 2.4723242173953527e-06
2.495758707 2.625498746573882e-06
2.497366799 2.8316017806028997e-06
2.498974891 3.1623823315487786e-06
2.499778162 2.378112617450363e-06
2.5011293930000003 3.8489216635704005e-06
2.502480624 5.45167165158643e-06
2.5038318559999997 5.495176919539312e-06
2.505183087 1.0071353212851468e-05
2.506534319 6.407912406377112e-06
2.50788555 5.606888483312771e-07
2.509236782 1.5557045853962829e-06
2.510588013 1.8365923288976671e-06
2.511939244 2.083705948685151e-06
2.5132904760000003 2.443052718961597e-06
2.514641707 1.4418320956225355e-06
2.515992939 3.153830533019885e-06
2.51734417 9.970569256441932e-07
2.5186954019999996 7.249029837152979e-06
2.5200466329999998 7.198599637152173e-06
2.521397865 7.848278508930597e-06
2.522749096 1.7998912784150762e-06
2.524100327 3.0859358839391865e-06
2.525451559 4.111945839153945e-06
2.52680279 1.7397426416087918e-06
2.5281540220000003 6.750487276353268e-08
2.529505253 2.1538290051737054e-06
2.5308564849999997 2.1908079558963714e-06
2.532207716 7.562408250457697e-07
2.533558948 3.0080877864065737e-06
2.534910179 2.713275943740865e-06
2.5362614100000003 1.9738158879014177e-06
2.537612642 2.6260692332057454e-06
2.538963873 1.2783078980902645e-06
2.5403151050000004 1.2615487656330268e-06
2.5416663359999996 5.336457480055497e-09
2.5430175680000002 1.0598143564579136e-06
2.544368799 2.5812290155325727e-06
2.54572003 3.6813906158460326e-06
2.547071262 9.685201055354751e-06
2.548422493 5.451407682649776e-06
2.549773725 2.95523482303385e-06
2.551124956 3.418367638995601e-06
2.552476188 2.9188891046144107e-07
2.553827419 5.14367687755775e-06
2.5551786510000003 2.327853330721894e-06
2.556529882 1.0431593513483358e-06
2.557881113 1.4667594391739609e-06
2.559232345 2.6848078885707447e-06
2.560583576 4.1573559987415494e-06
2.561934808 2.402410466919168e-06
2.5632860390000003 9.17703789689458e-07
2.564637271 3.635576790277387e-06
2.565988502 8.069158609432015e-06
2.567339733 3.7533968700744248e-06
2.5686909649999996 4.01008535986261e-06
2.5700421959999997 7.645613482140124e-06
2.571393428 6.347849442790555e-06
2.572744659 1.42734471935506e-06
2.574095891 2.333771006916468e-06
2.575447122 5.935042226469754e-06
2.576798354 7.913807814680434e-06
2.5781495850000002 1.9905124053071043e-06
2.5795008160000004 1.7088247401881872e-06
2.580852048 1.555488404244527e-06
2.582203279 1.4550764733068577e-06
2.583554511 1.426246961642697e-06
2.584905742 2.218889256940161e-06
2.586256974 4.79643743670827e-06
2.587608205 5.5783721570440545e-06
2.588959437 1.4140661342834116e-06
2.590310668 1.3410629123246924e-06
2.591661899 3.2358226934002837e-06
2.593013131 5.22111776661712e-06
2.594364362 2.6119605201974265e-06
2.5957155939999996 3.755156071987748e-08
2.5970668249999997 6.502540360268698e-06
2.598418057 3.982381856758858e-06
2.599769288 1.2021852226724756e-06
2.601120519 7.460768179339318e-07
2.602471751 3.869491407179735e-06
2.603822982 2.5082061995761845e-06
2.6051742140000003 9.184975403981806e-09
2.6065254450000004 3.669481562342948e-06
2.607876677 7.993988902298569e-07
2.609227908 2.464383104845572e-06
2.61057914 5.9542344379479506e-09
2.611930371 3.4298997517572227e-07
2.613281602 2.4443379457886444e-06
2.614632834 2.523320233399899e-06
2.615984065 3.2890047037992767e-08
2.617335297 2.0210928425261836e-08
2.618686528 4.140877850487277e-06
2.62003776 4.780117084589577e-06
2.621388991 4.821719946149055e-06
2.622740222 5.448550810555416e-06
2.6240914539999998 1.750429260749471e-06
2.625442685 1.021262431935928e-06
2.626793917 3.977996066931724e-06
2.628145148 1.332643133924932e-06
2.62949638 2.350802937856575e-06
2.630847611 2.3374133890222554e-06
2.6321988430000003 2.748191113831545e-06
2.6335500740000004 2.64180381376328e-06
2.634901305 4.561127324420213e-07
2.636252537 2.8384913978351665e-06
2.637603768 4.40205060866724e-06
2.6389549999999997 2.7981944884005103e-06
2.640306231 4.357990805552127e-06
2.641657463 2.8482881260680373e-06
2.643008694 4.5823462046126924e-06
2.6443599250000003 5.769642522031786e-06
2.645711157 5.353817917556722e-06
2.6470623879999997 5.869984030799515e-06
2.64841362 4.452541408354959e-06
2.649764851 5.457017978735517e-06
2.651116083 5.423996324891546e-06
2.652467314 6.308769170366203e-06
2.653818546 9.107520872558943e-06
2.6551697770000002 7.4708459335969085e-06
2.6565210080000004 2.6695837857549933e-06
2.65787224 3.107031190460401e-06
2.659223471 6.129866868082675e-06
2.6605747030000004 3.5342604786642066e-06
2.6619259339999997 1.7777581410342068e-06
2.663277166 6.733570319202575e-06
2.664628397 6.004666505439857e-06
2.6659796289999997 6.698355626788365e-07
2.66733086 2.331108048476982e-08
2.668682091 7.181558115457724e-09
2.670033323 1.2137104971832882e-06
2.6713845540000003 7.067067551928699e-06
2.672735786 7.855681246837566e-06
2.6740870169999997 4.884962599593741e-06
2.675438249 7.042286296310354e-06
2.67678948 7.91108120436738e-06
2.678140711 7.722046737316337e-06
2.679491943 6.182572322405911e-06
2.680843174 2.3110266923225504e-06
2.6821944060000003 1.4010828257476587e-06
2.6835456370000004 1.0842169554061306e-06
2.684896869 1.2305904078350702e-08
2.6862481 2.6764486218219702e-08
2.6875993319999996 2.854091158192893e-06
2.6889505629999997 4.1874147022106335e-06
2.690301794 2.6852687587059616e-06
2.691653026 4.240814733021695e-06
2.693004257 5.270618804687091e-06
2.694355489 8.279087231039829e-07
2.69570672 1.7699194463372964e-06
2.697057952 2.3267628645839363e-06
2.6984091830000003 3.2857470419665468e-06
2.699760414 1.844300293729862e-06
2.7011116459999998 5.638537301979266e-06
2.702462877 5.403349656385276e-06
2.703814109 5.894300203300331e-06
2.70516534 8.206622749682072e-06
2.706516572 7.770645727955046e-06
2.707867803 4.296603147958572e-06
2.7092190350000003 4.4011558744612545e-06
2.7105702660000004 4.8089249038534704e-06
2.7119214969999996 2.560658881846092e-06
2.713272729 2.0883811181354733e-06
2.71462396 7.063821599138332e-07
2.7159751919999997 1.228363912832199e-08
2.717326423 2.1188970515862206e-06
2.718677655 2.2423630484925693e-06
2.720028886 3.63993977253579e-06
2.7213801170000003 1.870068968883383e-06
2.722731349 1.7245219766742696e-07
2.7240825799999997 1.60015915546613e-06
2.7254338120000003 2.169588402903352e-06
2.726785043 4.723375218750374e-06
2.7281362749999998 4.176387658444312e-06
2.729487506 1.8457418848782532e-06
2.730838738 1.7644824018061573e-06
2.732189969 1.5254569619913793e-06
2.7335412000000003 1.4896581951155954e-06
2.734892432 2.2616541318906812e-08
2.736243663 5.370062344082463e-09
2.737594895 2.5756268194907086e-06
2.7389461259999996 3.890586988347636e-06
2.740297358 3.3037936909223255e-06
2.741648589 2.086253194146881e-06
2.7429998209999997 3.6877068188413026e-07
2.744351052 7.252133728222925e-07
2.745702283 5.390801901423176e-09
2.747053515 5.393790412027877e-09
2.7484047460000003 8.806997227771393e-09
2.749755978 6.685219977402272e-09
2.7511072089999997 2.267887349335869e-06
2.7524584410000004 4.160283655060951e-06
2.753809672 3.817783325564077e-06
2.755160903 3.6720497943953185e-06
2.756512135 2.775536495694899e-06
2.757863366 2.3599016979082363e-06
2.7592145980000002 2.3589543582299686e-06
2.760565829 7.88097968857494e-06
2.761917061 7.108744573948357e-06
2.7632682920000002 7.53517053735182e-06
2.764619524 9.098390804389079e-06
2.7659707549999997 1.1193108124333739e-06
2.767321986 5.32351809144165e-09
2.768673218 6.667039507550659e-07
2.770024449 2.129075970883558e-06
2.771375681 1.5010191002847339e-06
2.772726912 1.6189188199236113e-06
2.774078144 1.4542180124137418e-06
2.7754293750000003 5.6170453783819874e-09
2.776780606 4.518147811656266e-07
2.7781318379999997 2.587643875760416e-06
2.779483069 2.6131588046258433e-06
2.780834301 3.6116143942954923e-06
2.782185532 1.997390589462322e-06
2.783536764 1.5636660952519143e-06
2.784887995 2.012361693609552e-06
2.786239227 1.2854351067546103e-06
2.787590458 2.7596179472931206e-06
2.788941689 2.602277655526084e-06
2.7902929210000003 1.861939036628549e-08
2.791644152 1.133826334453901e-06
2.7929953839999997 6.741259720608427e-07
2.794346615 7.120089399466732e-07
2.795697847 2.616721738880556e-06
2.797049078 1.943306044480081e-06
2.7984003090000003 1.4938967045727877e-06
2.799751541 3.4608848309293527e-06
2.801102772 5.6303702130095196e-06
2.8024540040000003 5.17417984997761e-07
2.803805235 5.365431652609029e-09
2.8051564669999998 3.8412773077187085e-07
2.806507698 1.3861857629340618e-06
2.80785893 2.0948971131445827e-06
2.8092101609999998 1.6917357869141028e-06
2.810561392 1.4916928564626074e-06
2.811912624 2.25973473848158e-07
2.813263855 5.364274612405351e-09
2.814615087 5.361175665735607e-09
2.8159663179999996 1.0418030101684084e-06
2.8173175500000003 1.8622342971787978e-06
2.818668781 1.5139988571814436e-06
2.8200200129999997 3.0698091956804764e-06
2.821371244 2.2156657783150683e-06
2.822722475 1.5145836706031746e-06
2.824073707 1.2312160990832343e-06
2.8254249380000003 5.354259390119936e-09
2.82677617 5.352496359512147e-09
2.828127401 5.350572136223234e-09
2.8294786330000004 4.88950562965475e-07
2.830829864 1.1907842574420507e-06
2.8321810949999997 2.750588315914223e-07
2.833532327 1.9713424551525905e-06
2.834883558 3.856471273628094e-06
2.83623479 1.7314413503035187e-06
2.837586021 1.0958455590610246e-06
2.838937253 1.2671787240655437e-07
2.8402884840000002 4.631966053055871e-06
2.841639716 2.2416291566035844e-06
2.8429909469999997 1.8991151846509336e-07
2.8443421779999998 1.475389250746549e-06
2.84569341 5.309770788507997e-09
2.847044641 5.306655067582756e-09
2.848395873 3.3439645478605765e-06
2.849747104 4.98560677413389e-06
2.851098336 6.570489424967612e-07
2.8524495670000003 5.288671698347304e-09
2.8538007980000004 1.43614253509155e-07
2.85515203 5.276468364071752e-09
2.856503261 5.270589183465644e-09
2.8578544929999996 2.6069303240356226e-07
2.8592057239999997 7.077110353372158e-08
2.860556956 1.4537053915647011e-06
2.861908187 9.527087997847415e-07
2.863259419 3.382637879908249e-08
2.86461065 1.2038905168982685e-08
2.865961881 2.4211549025108056e-06
2.8673131130000002 1.2018531358291968e-06
2.868664344 1.0038731242326144e-08
2.8700155759999997 5.230190598619786e-09
2.871366807 2.731977401058411e-07
2.872718039 2.948448361630451e-06
2.87406927 6.07733911081882e-08
2.8754205010000002 5.2219022238749726e-09
2.876771733 3.0005467180316516e-08
2.878122964 7.135533332629566e-07
2.8794741960000003 1.1777826334081127e-06
2.8808254270000004 1.3587865311312706e-08
2.882176659 5.212635837487698e-09
2.88352789 5.2107806578599685e-09
2.8848791219999996 2.2150191050244308e-08
2.8862303529999997 5.200731835099155e-09
2.887581584 6.25916843444509e-07
2.888932816 1.025437875990272e-06
2.890284047 5.194741277839976e-09
2.891635279 5.026289719663254e-07
2.89298651 2.006974771542907e-06
2.8943377420000003 3.785991606496825e-06
2.895688973 4.0157405274198095e-06
2.8970402049999997 4.031301448724094e-06
2.898391436 3.320518075931933e-06
2.899742667 2.3966344652598697e-06
2.901093899 2.190274838221831e-06
2.9024451300000003 4.398635035680445e-08
2.903796362 9.795659868088942e-09
2.905147593 4.08361048865038e-06
2.9064988250000003 2.940442949541448e-06
2.907850056 5.559233794918217e-07
2.9092012869999997 1.660956592253924e-06
2.910552519 2.1830708898763908e-06
2.91190375 2.2133122831121046e-06
2.9132549819999998 3.6705963524495767e-06
2.914606213 4.981458038676574e-06
2.915957445 3.5408975522464598e-06
2.917308676 3.3062839751291196e-06
2.918659908 2.33759048648135e-06
2.920011139 3.1091846152236167e-06
2.9213623699999998 5.12186754282067e-06
2.922713602 2.8434905296727837e-06
2.924064833 1.8023621099983397e-06
2.925416065 1.6409918802055645e-06
2.926767296 3.017604885246168e-06
2.928118528 2.5750169078780885e-06
2.9294697590000003 3.89788874574461e-06
2.93082099 7.061614317711847e-06
2.932172222 3.395536470544513e-06
2.933523453 1.6765665661654016e-06
2.934874685 1.8400575187680522e-06
2.9362259159999997 2.00446939704497e-06
2.937577148 4.506574696328724e-06
2.938928379 1.3026227841571545e-08
2.940279611 4.9897498170398826e-09
2.941630842 1.0568330259453289e-07
2.942982073 4.973453207895512e-09
2.9443333050000002 5.636102796858658e-07
2.9456845360000004 4.958663875469782e-07
2.947035768 3.170102112027393e-08
2.948386999 7.429069488204449e-09
2.949738231 1.3409429735728705e-06
2.951089462 7.830799411850882e-09
2.952440694 5.110127150898349e-09
2.953791925 1.551543520078433e-06
2.955143156 5.065342344723576e-07
2.956494388 4.903721206722778e-09
2.957845619 4.153497145845466e-07
2.959196851 4.899861722189205e-07
2.960548082 4.880472205535113e-09
2.9618993139999996 4.8731891167723045e-09
2.9632505449999997 4.866158471714392e-09
2.964601776 4.859357374181261e-09
2.965953008 4.85276890743888e-09
2.967304239 4.846425835235851e-09
2.968655471 4.8402897134299484e-09
2.970006702 3.7136640497103013e-09
2.9713579340000003 1.9153839120534397e-06
2.9727091650000004 6.8535635253852874e-09
2.974060397 1.0998621689032497e-06
2.975411628 8.109452992780202e-07
2.976762859 1.460994620612197e-07
2.978114091 3.077229917981873e-06
2.979465322 4.1224474933920474e-06
2.980816554 2.5091809814947998e-06
2.982167785 7.389175640761683e-07
2.983519017 2.7638769039449725e-06
2.984870248 7.953580967371216e-06
2.9862214789999997 5.167825428184877e-06
2.987572711 2.6739048074565212e-06
2.988923942 3.3029922775948765e-06
2.9902751739999998 6.201711287635352e-06
2.991626405 5.668618101600129e-06
2.992977637 4.944871803799133e-06
2.994328868 6.579776398843095e-06
2.9956801 7.990980274067321e-06
2.997031331 4.745751967045511e-06
2.9983825619999998 5.2076345024591155e-06
2.9997337940000004 1.7898408165257564e-06
3.001085025 2.43882368627841e-06
3.002436257 6.811390433563725e-06
3.003787488 6.743360590022834e-06
3.0051387199999997 3.61043776412006e-06
3.006489951 9.193070954514032e-07
3.007841182 7.647030937016431e-08
3.009192414 3.242020302977082e-06
3.0105436450000003 4.241557809496374e-06
3.011894877 2.227863408711151e-07
3.0132461079999997 2.2915916301663773e-06
3.01459734 3.6017113395644512e-06
3.015948571 2.0386939551635166e-06
3.017299803 1.584251069685092e-06
3.018651034 1.7828151981164028e-06
3.020002265 1.1000172443032367e-06
3.021353497 2.6687001700035693e-06
3.0227047280000003 1.5441138890180863e-06
3.02405596 1.7424091167595148e-06
3.0254071909999998 4.90734846367339e-07
3.0267584230000004 4.302922808907525e-06
3.0281096539999997 5.871729432954347e-06
3.029460886 4.33454451240515e-06
3.030812117 2.8348583355583454e-06
3.032163348 4.155269958003045e-06
3.03351458 3.4997991461770786e-06
3.034865811 1.7847751877252888e-06
3.036217043 2.7349369481907087e-06
3.0375682740000003 6.010344694054887e-06
3.038919506 7.017517358280299e-06
3.0402707369999997 8.074075381016983e-06
3.041621968 3.115592748057119e-06
3.0429732 2.1109490123293365e-06
3.044324431 5.011180834481434e-06
3.045675663 9.090684972071145e-07
3.047026894 1.7330526337943898e-06
3.0483781260000002 5.767019225102985e-06
3.0497293570000004 7.715109914158334e-06
3.051080589 3.940843034321893e-06
3.05243182 4.584056193773481e-09
3.053783051 1.0743874149397281e-06
3.0551342829999997 4.299327074438982e-06
3.056485514 5.341540636057302e-06
3.057836746 6.403886730425074e-06
3.059187977 1.5829992816002388e-06
3.060539209 2.6491887456330336e-06
3.06189044 4.705240415057173e-06
3.063241671 2.6538460971453557e-06
3.0645929030000003 3.333250361730438e-06
3.065944134 2.787924836094668e-06
3.0672953659999997 3.793330098792251e-06
3.068646597 5.817517209712542e-06
3.069997829 7.818773626529143e-06
3.07134906 5.831661403147297e-06
3.072700292 3.045156314681147e-06
3.074051523 4.079578842845686e-06
3.075402754 3.8824587466115635e-06
3.0767539860000004 6.083334922485077e-06
3.0781052169999996 6.0708543770185235e-06
3.079456449 6.474704065993704e-06
3.08080768 8.89881990930056e-06
3.0821589119999997 1.1486590600963708e-05
3.083510143 1.1702718253901155e-05
3.084861374 1.1273114787429894e-05
3.086212606 1.2370567573200996e-05
3.0875638370000003 1.0385054009871904e-05
3.088915069 7.24779569916598e-06
3.0902662999999997 4.544491596345567e-06
3.0916175320000003 5.012773388770138e-06
3.092968763 5.1125284298547505e-06
3.0943199949999998 3.188342731976965e-06
3.095671226 4.521050694211348e-06
3.097022457 6.513243806442164e-06
3.098373689 6.1990336476370925e-06
3.0997249200000003 6.048438012628578e-06
3.101076152 4.051848843526185e-06
3.102427383 1.9847304085224385e-06
3.103778615 2.2392096803580138e-07
3.1051298459999996 1.3260476835828074e-07
3.106481078 3.1767747532734307e-06
3.107832309 4.5987004245288395e-06
3.10918354 6.62408540845587e-06
3.110534772 6.2044367655224115e-06
3.111886003 7.1634391529637046e-06
3.113237235 5.6587638093037285e-06
3.1145884660000003 6.428748505438034e-06
3.115939698 6.026688740178638e-06
3.1172909289999997 6.285105846942221e-06
3.11864216 8.579558886173283e-06
3.119993392 5.314960827343615e-06
3.121344623 4.121809434941661e-06
3.122695855 6.234187793639524e-06
3.124047086 6.330720945471347e-06
3.1253983180000002 2.4815582817661166e-06
3.126749549 2.4040746547209506e-06
3.128100781 4.832319169865135e-06
3.1294520120000002 4.255390520300884e-06
3.130803243 1.2754166566989057e-06
3.1321544749999997 1.9210356496236597e-06
3.133505706 4.088974196362425e-06
3.134856938 5.0994478271317625e-06
3.136208169 4.701336385250577e-06
3.137559401 4.933724740339456e-06
3.138910632 6.166713527163337e-06
3.140261863 9.247197655997304e-06
3.1416130950000003 7.296138800652275e-06
3.142964326 5.563889636154038e-06
3.1443155579999997 5.802195950268661e-06
3.145666789 4.302369076292022e-06
3.147018021 2.903586545467225e-06
3.148369252 6.6701645311312404e-06
3.149720484 9.758203992582575e-06
3.151071715 8.949359514853714e-06
3.152422946 6.413194240016274e-06
3.153774178 6.6710079890422325e-06
3.155125409 4.418837353721912e-06
3.1564766410000002 6.2529219837273045e-06
3.157827872 5.46298344218599e-06
3.1591791039999997 5.936885100096653e-06
3.160530335 6.923433361812827e-06
3.161881566 1.0286115548155309e-05
3.163232798 1.0087411884520797e-05
3.1645840290000002 1.1335602243922422e-05
3.165935261 1.1078815868248985e-05
3.167286492 6.2141630730096874e-06
3.1686377240000003 5.972394261743757e-06
3.169988955 6.985242238833306e-06
3.1713401869999998 6.406043945851695e-06
3.172691418 6.247245774020713e-06
3.174042649 5.1147945161135225e-06
3.1753938809999998 5.798804283150001e-06
3.176745112 5.714169188367857e-06
3.178096344 7.5439192323949894e-06
3.179447575 8.831722685090304e-06
3.180798807 7.148894416006612e-06
3.182150038 5.865261566225817e-06
3.1835012700000003 6.428375513905046e-06
3.184852501 7.9609175269529e-06
3.186203732 5.887061994643749e-06
3.187554964 3.5098901308384445e-06
3.188906195 6.360124473564542e-06
3.190257427 8.21363861814146e-06
3.1916086580000003 5.862162166343472e-06
3.19295989 2.103763841967484e-06
3.194311121 5.889515385119259e-07
3.195662352 1.523309322251204e-06
3.197013584 1.7672487175678132e-06
3.1983648149999997 8.560628070835338e-07
3.199716047 1.585938030683392e-06
3.201067278 3.31337843324389e-06
3.2024185099999998 3.6230221261188483e-06
3.203769741 3.632517107115631e-06
3.205120973 3.6418395225869833e-06
3.206472204 1.5951709055536735e-06
3.207823435 2.2128689687296218e-08
3.209174667 5.153255776213468e-09
3.2105258979999998 1.6492632576240008e-06
3.21187713 1.3130988342897075e-06
3.213228361 5.191143708318708e-09
3.214579593 4.6103042815400505e-07
3.215930824 1.292387686393557e-06
3.217282055 9.615581290623487e-07
3.2186332870000003 4.105003794058454e-07
3.2199845180000004 1.1348483165594115e-06
3.22133575 2.4803071441951824e-07
3.222686981 5.226487833968184e-09
3.2240382129999996 9.770515337057469e-08
3.2253894439999997 5.243150918703608e-09
3.226740676 5.251422352179835e-09
3.228091907 6.763045450356029e-07
3.229443138 3.1654540116661937e-06
3.23079437 1.1152188485046596e-06
3.232145601 6.860144595462878e-09
3.2334968330000002 9.105514165857286e-09
3.234848064 6.066915067476293e-07
3.2361992959999997 1.0167313941443904e-06
3.237550527 1.0917846930734195e-06
3.238901759 1.530845712710316e-06
3.24025299 2.109681787874484e-06
3.2416042210000002 4.7886042484893576e-06
3.242955453 6.827072478256926e-06
3.244306684 4.561408429512902e-06
3.2456579160000003 2.047421771605561e-06
3.2470091470000004 1.3015157376110165e-06
3.248360379 5.571519484189575e-08
3.24971161 7.2138444960258895e-09
3.251062841 1.0646585296494305e-08
3.2524140729999997 2.9856168595800074e-07
3.253765304 1.6466389844757153e-06
3.255116536 1.8385350789266975e-06
3.256467767 2.1022726171807414e-06
3.257818999 3.0127845432649076e-06
3.25917023 2.9958132791484533e-06
3.2605214620000003 2.4665995120003885e-06
3.261872693 4.356347311707295e-07
3.263223924 2.1647508084541136e-08
3.264575156 1.3963142123479018e-07
3.265926387 8.057054165323474e-07
3.267277619 2.184753505732753e-06
3.2686288500000003 3.2226881726116585e-06
3.269980082 1.8294766795992125e-06
3.271331313 5.422070258050014e-09
3.272682544 6.787946920398056e-08
3.274033776 1.784467128618857e-07
3.2753850069999997 5.431213103830358e-09
3.276736239 5.43435819065548e-09
3.27808747 5.437558394483047e-09
3.2794387019999998 5.440823945881686e-09
3.280789933 5.444149640432523e-09
3.282141165 1.8854004998243594e-08
3.283492396 4.875546134258649e-07
3.2848436270000003 5.404990375267476e-08
3.286194859 5.458178918720351e-09
3.2875460899999998 5.461885711765026e-09
3.288897322 7.890760649018347e-08
3.290248553 5.4760014929050835e-09
3.291599785 5.479975237140993e-09
3.292951016 6.364120455664327e-08
3.294302247 5.488198861442595e-09
3.2956534790000003 5.492454880760079e-09
3.29700471 5.496802116402603e-09
3.298355942 5.5012602788954985e-09
3.299707173 5.5058114540224644e-09
3.301058405 9.103103175609624e-08
3.3024096359999997 6.749267399457791e-07
3.303760868 9.780857197460012e-08
3.305112099 8.168493628675193e-09
3.30646333 5.522720973445906e-09
3.307814562 5.526331530364027e-09
3.309165793 5.530041908148294e-09
3.3105170250000002 5.533557487276516e-09
3.3118682560000003 5.542348670059565e-09
3.313219488 2.0881174371846653e-08
3.3145707189999998 9.419613746526122e-08
3.315921951 5.902904856468178e-09
3.317273182 5.556657109166623e-09
3.318624413 5.560233652743176e-09
3.319975645 5.563884920394205e-09
3.321326876 5.566863294634847e-09
3.322678108 5.569896579758454e-09
3.324029339 5.572995796276844e-09
3.325380571 5.576167876512307e-09
3.326731802 2.0204075574516735e-07
3.328083033 1.1006622642472043e-07
3.3294342649999997 5.586028220095096e-09
3.330785496 5.585366352870312e-09
3.332136728 5.581826256805639e-09
3.333487959 5.578322295848776e-09
3.334839191 5.580348603478972e-09
3.336190422 5.577949136821286e-09
3.3375416540000002 5.574515011322825e-09
3.3388928850000004 5.571095005357678e-09
3.340244116 7.327827484370701e-08
3.341595348 1.6559748663676026e-06
3.342946579 1.308824780726489e-06
3.344297811 3.085147155946853e-08
3.345649042 5.4921345056045005e-09
3.347000274 5.473858677684965e-09
3.348351505 5.455550783424966e-09
3.3497027360000002 5.4372085459650415e-09
3.351053968 5.3993264407428645e-09
3.3524051989999997 5.355877369053335e-09
3.353756431 5.312359156983339e-09
3.355107662 1.2113053215774153e-08
3.3564588939999997 8.204356858736462e-09
3.357810125 5.181351481314028e-09
3.359161357 5.1375235294601266e-09
3.360512588 5.112346352144595e-09
3.3618638190000003 1.7976609698735714e-07
3.363215051 1.7237954910607528e-06
3.3645662819999997 2.2238059632632103e-06
3.3659175140000004 2.2194206484327083e-06
3.367268745 7.956539008951128e-07
3.368619977 7.189899354405594e-09
3.369971208 2.094421045836201e-07
3.371322439 1.0124505164341051e-06
3.372673671 1.129046568339429e-06
3.374024902 2.064496341850518e-06
3.375376134 2.380554426009536e-06
3.3767273650000003 1.9833777543772422e-07
3.378078597 5.450536597944888e-09
3.3794298279999997 5.4988020385390535e-09
3.38078106 3.1563717825375224e-07
3.382132291 3.7866634662640468e-06
3.383483522 4.361641476316093e-06
3.384834754 4.342299508693591e-06
3.386185985 2.3039876055713747e-06
3.387537217 1.5363241182187016e-06
3.3888884480000003 2.0474692448349662e-06
3.39023968 2.1514739145402695e-06
3.3915909109999998 5.0267078671073765e-08
3.3929421430000004 9.22786382397008e-07
3.3942933739999996 2.095289908224807e-06
3.3956446049999998 1.7919987096114972e-07
3.396995837 1.2129194208304578e-06
3.398347068 2.790924173137905e-06
3.3996983 5.59051861604507e-09
3.401049531 1.22925861142596e-07
3.402400763 5.579573011923136e-09
3.4037519940000003 5.5739542521388685e-09
3.405103225 5.568300858321654e-09
3.4064544569999997 6.160477617963717e-09
3.407805688 5.792826551246429e-07
3.40915692 4.801680526112819e-08
3.410508151 5.552796666142409e-09
3.411859383 5.549388223740507e-09
3.413210614 5.545962025204006e-09
3.4145618460000002 5.542521541987019e-09
3.4159130770000004 5.54475266453539e-09
3.4172643079999996 5.541829500998325e-09
3.41861554 5.5383592102889705e-09
3.419966771 5.53488551437416e-09
3.4213180029999997 5.536067748273014e-09
3.422669234 1.669555893623179e-08
3.424020466 3.050142830912586e-07
3.425371697 9.995770586527129e-09
3.4267229280000002 5.541312901268053e-09
3.42807416 5.54264645416771e-09
3.429425391 5.543994337962106e-09
3.4307766230000003 5.2615521846278324e-09
3.432127854 5.546508682664426e-07
3.4334790859999997 1.3027592539046214e-06
3.434830317 5.541006346464319e-09
3.436181549 5.540053064957552e-09
3.43753278 4.5328523642354885e-08
3.4388840110000003 7.392049980648721e-07
3.440235243 6.382331602990763e-09
3.441586474 5.533656574593559e-09
3.4429377060000004 5.530425770616286e-09
3.4442889369999996 5.53370132232309e-09
3.445640169 5.530516923320448e-09
3.4469914 5.527355242436708e-09
3.448342631 1.3209389916451068e-07
3.449693863 1.377326006807347e-06
3.451045094 1.139311893280287e-07
3.452396326 5.526821986418464e-09
3.4537475570000002 5.5269779481670365e-09
3.455098789 5.527156970582087e-09
3.45645002 2.1076305652416455e-06
3.4578012520000003 1.5163528589068982e-06
3.459152483 1.8331461702758533e-06
3.460503714 1.9219360836204032e-06
3.461854946 1.9004915714270866e-06
3.463206177 1.6303975165603885e-06
3.464557409 6.358511855418108e-07
3.4659086400000003 5.550340959892542e-09
3.467259872 5.555495803778321e-09
3.468611103 3.672757771377048e-08
3.469962335 6.471105361193737e-07
3.4713135659999996 9.897731525452455e-07
3.4726647969999997 2.326457238957268e-06
3.474016029 1.8818911855491346e-07
3.47536726 4.1726912471105655e-08
3.476718492 2.865569461181847e-07
3.478069723 9.702448562461153e-08
3.479420955 1.5140482425977115e-06
3.4807721860000003 1.6030821893609695e-06
3.482123417 1.5187976413777701e-06
3.483474649 8.720749922247428e-07
3.48482588 2.3906981189874192e-08
3.486177112 5.611261666031935e-09
3.487528343 8.059855777466104e-08
3.488879575 5.878398169077167e-07
3.490230806 5.626953407822004e-09
3.491582038 5.6336677909827265e-09
3.492933269 5.6403629162383076e-09
3.4942845 5.647033547137831e-09
3.495635732 5.6536807975003906e-09
3.496986963 5.6603041876351074e-09
3.4983381949999997 7.224124528321297e-07
3.4996894259999998 1.234500210390433e-07
3.501040658 5.679425198855318e-09
3.502391889 5.685180634495452e-09
3.50374312 5.690905544437128e-09
3.505094352 5.696597283305829e-09
3.506445583 5.702251847334629e-09
3.5077968150000003 5.7131927185299515e-09
3.509148046 5.720138013009982e-09
3.5104992779999997 5.729189844385536e-09
3.511850509 5.738730407939124e-09
3.513201741 5.74502164957202e-09
3.514552972 5.751273935673698e-09
3.515904203 5.757490308439026e-09
3.517255435 2.0411073964639902e-06
3.518606666 2.956549298043011e-06
3.519957898 4.574231781879195e-07
3.521309129 1.5938881020342846e-07
3.5226603610000002 1.4417944810951458e-06
3.524011592 1.7457780135774059e-06
3.5253628239999997 1.1214216193773832e-06
3.526714055 4.16770129738911e-07
3.528065286 6.101568884281303e-09
3.529416518 6.854552106697107e-09
3.5307677490000002 2.384668576237309e-07
3.532118981 2.6602510347682684e-06
3.533470212 1.822482207032786e-06
3.5348214440000003 1.2473048281618164e-06
3.536172675 2.4438846892444523e-06
3.537523906 6.168345581771094e-06
3.538875138 8.828965545430585e-06
3.540226369 1.0238004287315605e-05
3.5415776009999997 1.0118080082435871e-05
3.542928832 9.570435612258608e-06
3.544280064 9.31558142109191e-06
3.545631295 8.172183745068896e-06
3.546982527 8.579183036160214e-06
3.548333758 9.749194377881825e-06
3.5496849889999997 1.2896794694549868e-05
3.551036221 1.3956254467215542e-05
3.552387452 1.0443681658513335e-05
3.553738684 1.1230537950950491e-05
3.555089915 1.0868090120051168e-05
3.556441147 1.4180455367927263e-05
3.5577923780000003 1.4661636184804729e-05
3.5591436090000004 1.2956228483850793e-05
3.560494841 1.1995677240575678e-05
3.561846072 1.2262576499007924e-05
3.563197304 1.2571829485091281e-05
3.5645485349999997 1.4254493746339317e-05
3.565899767 1.598189676071718e-05
3.567250998 1.4765945139553777e-05
3.5686022299999998 1.0950230696194114e-05
3.569953461 6.917018580783378e-06
3.571304692 7.27745995139038e-06
3.572655924 8.595141387213531e-06
3.574007155 9.223721240653041e-06
3.575358387 1.0343052147877964e-05
3.5767096179999998 1.1195788772212692e-05
3.57806085 1.1633293136766797e-05
3.579412081 1.0375029395137354e-05
3.580763312 1.1056089753927598e-05
3.582114544 1.6378560755777033e-05
3.583465775 1.683835616403667e-05
3.5848170070000003 1.5001967848104857e-05
3.5861682380000004 1.4319540289700594e-05
3.58751947 1.581985045547621e-05
3.588870701 1.6975392858302726e-05
3.5902219329999996 1.7313719702378963e-05
3.5915731639999997 1.6539892262371873e-05
3.592924395 1.7417574411735153e-05
3.594275627 2.0474976464862246e-05
3.595626858 2.237872235598394e-05
3.59697809 2.467189625378042e-05
3.598329321 2.6777921718277377e-05
3.5996805530000002 2.7723573042634173e-05
3.601031784 2.8810510590992264e-05
3.602383016 2.8457628781333494e-05
3.603734247 2.8453663206787245e-05
3.605085478 2.9506829701539243e-05
3.60643671 2.7304598159758353e-05
3.607787941 2.583715553961672e-05
3.609139173 2.9080926525601277e-05
3.610490404 3.297632594129185e-05
3.6118416360000003 3.4527354789000306e-05
3.6131928670000004 3.448500454066772e-05
3.6145440979999997 3.625349699496868e-05
3.61589533 3.953602518368171e-05
3.617246561 4.104061146778884e-05
3.6185977929999997 4.182152567793635e-05
3.619949024 4.2290033062180526e-05
3.621300256 4.3185261224395055e-05
3.622651487 4.769746181058713e-05
3.624002719 5.365851617327101e-05
3.62535395 5.736524591420623e-05
3.6267051809999997 6.020848569432386e-05
3.628056413 6.224530128860341e-05
3.629407644 6.186414565483948e-05
3.630758876 5.904277631857167e-05
3.632110107 5.821476809049088e-05
3.633461339 6.327693133383835e-05
3.6348125700000002 6.902314592526127e-05
3.6361638010000004 7.075029679469135e-05
3.637515033 7.076754343696101e-05
3.638866264 7.033419268145286e-05
3.640217496 7.033087589146931e-05
3.6415687269999997 7.131781430495742e-05
3.642919959 7.18100352318937e-05
3.64427119 7.256496954349961e-05
3.6456224219999998 7.443719914459726e-05
3.646973653 7.605968388509738e-05
3.648324884 7.598956748220236e-05
3.649676116 7.378554191978125e-05
3.6510273470000003 7.242599645844096e-05
3.652378579 7.326521452576824e-05
3.6537298099999997 7.282840752365209e-05
3.655081042 7.36162334542516e-05
3.656432273 7.762187533791591e-05
3.657783504 8.02777409451605e-05
3.659134736 8.125368516412901e-05
3.660485967 8.433284642392309e-05
3.6618371990000003 9.002076938635989e-05
3.66318843 9.597681403849879e-05
3.664539662 9.907412345229452e-05
3.665890893 9.977229107960837e-05
3.667242125 0.00010148679169287864
3.6685933559999997 0.00010456442908696405
3.669944587 0.00010652855834496867
3.671295819 0.0001078021711954655
3.67264705 0.00011240041442973815
3.673998282 0.00012128860008961295
3.675349513 0.00012961343325520032
3.676700745 0.0001353319900592131
3.6780519760000003 0.00014197180108733233
3.679403208 0.0001499677801889967
3.6807544389999998 0.00015729285706123878
3.68210567 0.00016404534986603732
3.683456902 0.00017093998178675226
3.684808133 0.00017816082890260334
3.686159365 0.00018419588253780787
3.687510596 0.0001897290907864689
3.688861828 0.00020051239023087137
3.690213059 0.00021695658026804133
3.6915642899999996 0.00023146904574461964
3.692915522 0.00024094393819922298
3.694266753 0.0002507205651613809
3.6956179849999997 0.0002642034569422058
3.696969216 0.0002787870394654776
3.698320448 0.00029178744384110406
3.699671679 0.00030673905912829047
3.701022911 0.0003260232438908064
3.702374142 0.0003480655614807305
3.703725373 0.0003723687188493312
3.7050766050000004 0.000398336713578262
3.706427836 0.0004258939531747733
3.707779068 0.00045572193109818306
3.709130299 0.00048475894561332024
3.710481531 0.0005120941014532743
3.711832762 0.0005420805856823431
3.713183993 0.000574941745994865
3.714535225 0.0006087642947797951
3.7158864560000002 0.0006447177448073409
3.717237688 0.00068244207278355
3.7185889189999997 0.0007215718057453122
3.719940151 0.0007636313915316378
3.721291382 0.0008084571613196625
3.7226426139999997 0.0008563749595286388
3.723993845 0.0009079771710339543
3.725345076 0.0009629210935633366
3.726696308 0.0010238793678605453
3.7280475390000003 0.0010923312925482291
3.729398771 0.001164457760038141
3.730750002 0.001237393964635945
3.7321012340000004 0.0013117108632882933
3.733452465 0.0013904473059532325
3.7348036959999997 0.0014767894914104879
3.736154928 0.0015709310671264875
3.737506159 0.0016680069444827653
3.738857391 0.0017723193818059183
3.740208622 0.0018827229039566694
3.741559854 0.0019974333958234255
3.7429110850000002 0.002117431036672854
3.744262317 0.0022470548924167838
3.7456135479999997 0.0023847471215374867
3.746964779 0.002530372719976983
3.748316011 0.0026860306781194814
3.749667242 0.00285414935844276
3.751018474 0.003034363845133662
3.752369705 0.003224343955321349
3.753720937 0.003425343886020282
3.7550721680000003 0.0036390083629476737
3.7564234 0.00386442202070333
3.757774631 0.004104066254425851
3.759125862 0.0043612452337842425
3.7604770939999996 0.004634670122888552
3.7618283249999998 0.0049237314665669515
3.763179557 0.005230149784033831
3.764530788 0.00555504661553215
3.76588202 0.005900172606230968
3.767233251 0.006266712359449273
3.768584482 0.006655363970996688
3.7699357140000003 0.007069315964183861
3.771286945 0.007510597097138101
3.7726381769999997 0.007978916063705564
3.773989408 0.008477606707637902
3.77534064 0.009010612324706412
3.776691871 0.009584939441647677
3.778043103 0.01019001041308104
3.779394334 0.010830694045357163
3.780745565 0.011514534236342515
3.7820967970000003 0.012243518067171022
3.7834480279999996 0.013020871073019143
3.7847992599999998 0.013851120209356128
3.786150491 0.014736969495572181
3.7875017229999997 0.01567955162613828
3.7888529539999998 0.016682581796604333
3.790204185 0.01775265222146874
3.791555417 0.01889010959742224
3.792906648 0.020100983321452798
3.79425788 0.02139580043764038
3.795609111 0.022785663867049506
3.7969603430000003 0.024270617632659777
3.798311574 0.02585366112090896
3.7996628059999997 0.027548237181416937
3.801014037 0.029368208570800382
3.802365268 0.03131310868946456
3.8037165 0.033389890973915266
3.8050677310000003 0.03560932745978119
3.806418963 0.03798501683998562
3.807770194 0.0405303623705896
3.8091214260000004 0.04325026545723208
3.8104726569999996 0.046151899823384655
3.811823889 0.04924983307597153
3.81317512 0.052558304375053835
3.814526351 0.05608976836040303
3.815877583 0.05986370569403209
3.817228814 0.06390878693002235
3.818580046 0.06826240798630326
3.8199312770000002 0.07284178410739806
3.821282509 0.0777228147286941
3.82263374 0.08292082927113993
3.823984971 0.0884532791299576
3.825336203 0.09433202161252749
3.826687434 0.10056541504444441
3.828038666 0.10716998874556527
3.829389897 0.11415665877266795
3.830741129 0.12152627196572978
3.8320923600000003 0.1292949779231151
3.833443592 0.1374740205682059
3.834794823 0.14605563283070214
3.836146054 0.15505089074259834
3.8374972859999996 0.16445189403923305
3.8388485169999997 0.17440750494954133
3.840199749 0.1846373055885116
3.84155098 0.1952114420976797
3.842902212 0.20611987591585168
3.844253443 0.217356660465633
3.845604674 0.22889131332940768
3.8469559060000003 0.24067284686595095
3.848307137 0.2526711839017806
3.849658369 0.264848713316107
3.8510096 0.2771485651207911
3.852360832 0.28953101900156997
3.853712063 0.3019532417421794
3.855063295 0.3143396585452409
3.856414526 0.32663844924916663
3.857765757 0.3391131591135356
3.859116989 0.3511855292711515
3.86046822 0.36290934987899387
3.861819452 0.3743400664614852
3.863170683 0.38537825141911536
3.8645219149999996 0.39604018699190596
3.8658731459999998 0.40632181467662803
3.867224377 0.416149157850779
3.868575609 0.42551244674853295
3.86992684 0.4344204107391146
3.871278072 0.44283890996412784
3.872629303 0.45076535441248333
3.8739805350000003 0.458220847111088
3.875331766 0.465188893727021
3.876682998 0.4716623235090556
3.878034229 0.4776877608058514
3.87938546 0.4832639516228383
3.880736692 0.488374343937696
3.882087923 0.49310289761817794
3.883439155 0.49741828224636514
3.884790386 0.5013382931314248
3.886141618 0.5049392367339018
3.887492849 0.5082131471784715
3.8888440810000002 0.5111586505447525
3.890195312 0.513834733693753
3.891546543 0.5162583746561145
3.892897775 0.5184281053641641
3.894249006 0.5203840769607966
3.895600238 0.5221549025878547
3.8969514690000002 0.5237184360434561
3.898302701 0.5257175200993681
3.899653932 0.5269919164297129
3.9010051629999998 0.5280839252595032
3.902356395 0.5290529128916561
3.903707626 0.5299412818168587
3.905058858 0.5307018291580683
3.906410089 0.5313726038404246
3.9077613209999997 0.5319875982321776
3.909112552 0.5325271172544612
3.910463784 0.5329906394428593
3.911815015 0.5334128628382614
3.913166246 0.5337860666953431
3.914517478 0.534397951027947
3.9158687089999997 0.5349829960095586
3.917219941 0.5352524355129376
3.918571172 0.5354566637755702
3.919922404 0.5356677869691835
3.921273635 0.535862189080879
3.922624866 0.5360138632379121
3.9239760980000002 0.5361600510331646
3.9253273290000004 0.5363074394964633
3.926678561 0.5364285148322944
3.928029792 0.5365376210601567
3.929381024 0.5366670607845827
3.9307322549999997 0.536768319432323
3.932083487 0.5368475634925395
3.933434718 0.5369633631194306
3.934785949 0.5370503638961898
3.936137181 0.5371217659381563
3.937488412 0.5375066173885573
3.938839644 0.5378900666868319
3.940190875 0.5379505798546509
3.941542107 0.5380897314838584
3.9428933379999997 0.5382380502722924
3.944244569 0.5383468157127487
3.945595801 0.5384691903393551
3.946947032 0.5386108699765528
3.948298264 0.5387106968195512
3.949649495 0.538824752761833
3.9510007270000003 0.5388959429562867
3.9523519580000004 0.5389275974992108
3.95370319 0.5389488740181295
3.955054421 0.5389837206818525
3.956405652 0.5390064535063699
3.9577568839999997 0.5389975434620594
3.959108115 0.5390297636750061
3.960459347 0.5390538280590528
3.961810578 0.5390485761441886
3.96316181 0.539061952650528
3.964513041 0.5390695052694023
3.965864273 0.5390542403754447
3.967215504 0.5390413237216516
3.968566735 0.5390468574629975
3.9699179669999998 0.5395724252088945
3.971269198 0.5395876833407303
3.97262043 0.539592959409362
3.973971661 0.5395644207661505
3.975322893 0.5395284893700166
3.976674124 0.5395129582873728
3.978025355 0.5401113002363549
3.9793765870000004 0.5400697180690491
3.9807278179999996 0.5400418702236764
3.98207905 0.5400302150440809
3.983430281 0.5399696331762233
3.9847815129999997 0.5399252688734939
3.986132744 0.5398958316618168
3.987483976 0.5398419415926281
3.988835207 0.5397926680889437
3.9901864380000003 0.5397562584505823
3.99153767 0.5397062114756892
3.9928889009999997 0.5396272599256633
3.994240133 0.5395835786004058
3.995591364 0.5395358603370854
3.996942596 0.5394534990407703
3.998293827 0.539391127586066
3.999645058 0.5393252198930247
4.00099629 0.5392222996082822
4.002347521 0.5391054401856141
4.003698753 0.5390112690430848
4.005049984 0.5388971988617082
4.006401216 0.5387715373264748
4.007752447 0.5386769354560952
4.009103679 0.5385588513094968
4.01045491 0.5384477248430813
4.011806141 0.5383947132921534
4.013157373 0.5383464454846533
4.014508604 0.5382600061529454
4.015859836 0.5381693122059963
4.017211067 0.5380996525316792
4.018562299 0.5383413838193822
4.01991353 0.5385092498871618
4.021264761 0.5389516913680013
4.022615993 0.5387860211775499
4.023967224 0.5385974345669212
4.025318456 0.538433632086908
4.026669687 0.5382850426021744
4.028020919 0.5380988310216605
4.02937215 0.5379346844407067
4.030723382 0.5377805212494914
4.032074613 0.5376104190638143
4.033425844 0.5374266058844274
4.034777076 0.5372743646495431
4.036128307 0.5371179314823987
4.037479539 0.5369458761725389
4.03883077 0.5368153834844801
4.040182002 0.5367030241918718
4.041533233 0.5366458914341627
4.042884465 0.5365974357230129
4.044235696 0.536583410986503
4.0455869269999996 0.5365510625373373
4.046938159 0.5365204940913982
4.04828939 0.5365261500316417
4.049640622 0.5365287634355828
4.050991853 0.5364754158167768
4.052343085 0.5364251529232771
4.053694316 0.5364056719169421
4.055045547 0.5363565134697634
4.056396779 0.5363355746701556
4.05774801 0.5363487612527474
4.059099241999999 0.5363570797579461
4.0604504729999995 0.536643854848606
4.061801705 0.5370167866017604
4.063152936 0.5370626103580782
4.064504168 0.5370653601451904
4.065855399 0.5371048172147533
4.06720663 0.5371589319003378
4.0685578620000005 0.5371963133183495
4.069909093000001 0.5372238271375128
4.071260325 0.5373458485913544
4.072611556 0.5378335909986953
4.073962788 0.5381576774610186
4.075314019 0.5382793631811101
4.07666525 0.5384002359960851
4.078016482 0.5385008293521465
4.079367713 0.538588007406217
4.080718945 0.538658640511818
4.082070176 0.5386454052822225
4.083421408 0.5386015221664342
4.084772639 0.538569013962452
4.086123871 0.5385252086609981
4.087475102 0.5384490735653042
4.088826333 0.5383581608325876
4.090177565 0.5382843907960029
4.091528796 0.5381587201739201
4.092880028 0.5380189980824779
4.094231259 0.5378814453056112
4.095582491 0.5377343673943844
4.096933722 0.5375434022604795
4.098284953 0.5373486963549301
4.0996361850000005 0.5371438805329962
4.100987416 0.5368346015817901
4.102338648 0.536487975891329
4.103689878999999 0.5365718148541572
4.105041110999999 0.5364136380820446
4.106392342 0.5360146870939457
4.107743574 0.535636293748166
4.109094805 0.5352529066329661
4.110446036 0.5348715796375546
4.111797268 0.5345262066924693
4.113148499 0.5342063619561167
4.1144997309999995 0.533866437972986
4.115850962000001 0.5334973591893377
4.117202194000001 0.5331515012601734
4.118553425 0.5331422517101224
4.119904657 0.5330566820101859
4.121255887999999 0.5326944454375924
4.122607119 0.5323787689741211
4.123958351000001 0.5320556208801305
4.125309582 0.531740787390993
4.126660814 0.531454625582056
4.128012045 0.5312035454215058
4.129363277 0.5309416698202482
4.130714508 0.5306750624828057
4.132065739 0.530423640998131
4.133416971 0.5301831844292623
4.134768202 0.5299439784732378
4.136119434 0.5297310927976117
4.1374706649999995 0.5295638693598668
4.138821897 0.5293927581476318
4.140173128000001 0.5292757830041751
4.14152436 0.5293235947856645
4.142875591 0.5293981702597013
4.144226821999999 0.5294696265628016
4.145578054 0.5296091087399327
4.146929285000001 0.5297817457966075
4.148280517 0.5305739974650624
4.149631748 0.5307778039375113
4.15098298 0.5309799507114743
4.152334211 0.5311732469757529
4.153685442 0.5313604069032368
4.155036674 0.5315833999782161
4.156387905 0.5318329678040777
4.157739136999999 0.5320792079895257
4.159090368 0.5323207487609696
4.1604416 0.532868752848946
4.161792831 0.5334811819677495
4.163144063 0.5337564670099035
4.164495294 0.5340366540543892
4.165846525 0.5343535435997228
4.167197757 0.5346297567833058
4.1685489879999995 0.5348897682387618
4.169900220000001 0.5351519502695157
4.171251451 0.535409012845344
4.172602683 0.5356134404734683
4.173953914 0.5358047723309188
4.1753051459999995 0.5359879581631332
4.1766563770000005 0.5361303777545583
4.178007608 0.536227106163528
4.17935884 0.5363193086367425
4.180710071 0.5364008097443249
4.182061303 0.5364229425852701
4.183412534 0.5364171537922185
4.184763766 0.5363973898960491
4.186114997 0.5363524311824335
4.187466228 0.5362299024562779
4.18881746 0.536096379054715
4.190168691 0.5359323745051079
4.1915199229999995 0.5357210802659331
4.1928711540000005 0.5354529086660272
4.194222386000001 0.5358008807367589
4.195573617 0.5355002781908427
4.196924849 0.5351590468444799
4.198276079999999 0.5347918194450032
4.199627311 0.5344386694183584
4.200978543 0.5340381902805499
4.202329774 0.5336140030244694
4.203681006 0.5335926468521676
4.205032237 0.5333664117747433
4.206383469 0.532913846264669
4.2077347 0.5324488273976397
4.209085931 0.531997508512427
4.210437163 0.5315385806874868
4.211788394 0.5310519233781893
4.213139626 0.5305778947795592
4.2144908569999995 0.5301319485816245
4.215842089 0.5296686696904305
4.217193320000001 0.5291969996994708
4.218544552 0.5287478941224152
4.219895783 0.5283295386704219
4.221247013999999 0.5278806406757507
4.2225982459999996 0.5274366248072343
4.223949477 0.5270101172829572
4.225300709 0.5265881181249596
4.22665194 0.5261049263034072
4.228003171999999 0.5256120048189898
4.229354403 0.525096898165324
4.2307056339999995 0.5245428927946751
4.232056866 0.5239188076295184
4.233408097000001 0.5232791522997291
4.234759329 0.5225771298537011
4.23611056 0.5217910204598394
4.237461792 0.5209064845262368
4.238813023 0.5199580080383243
4.240164255 0.5189010067363018
4.241515486 0.5177242938471514
4.242866717 0.516937480524209
4.244217949 0.5155923975409181
4.24556918 0.5139408841080663
4.246920412000001 0.5120897724874109
4.248271643 0.510607647804751
4.249622875 0.5083771332344753
4.250974105999999 0.5057933308417528
4.2523253379999995 0.5029718961983961
4.2536765690000005 0.4999145909118985
4.2550278 0.4966114647961865
4.256379032 0.49293497287659194
4.257730263 0.48892927835681094
4.259081495 0.4846453497001376
4.260432726 0.47977033437446526
4.261783958 0.4739282326639958
4.263135189 0.4676866143081832
4.26448642 0.4611676658011056
4.265837652 0.4543590914325398
4.267188883 0.4472552974117635
4.2685401149999995 0.4397815437491093
4.2698913460000005 0.4320320927664367
4.271242578000001 0.4236653079270951
4.272593809 0.41505544851334747
4.273945041 0.40621548828480764
4.275296271999999 0.39713587294697666
4.276647503 0.38791200677246795
4.277998735 0.3785757087256084
4.279349966 0.36914345564567014
4.280701198 0.36096802540312906
4.282052429 0.3539799529925015
4.283403661 0.3468450410992602
4.284754892 0.339598251324518
4.286106123 0.3321120759024725
4.287457355 0.32453679013224146
4.288808586 0.31690799267082487
4.290159818 0.30908594394743844
4.2915110489999995 0.29997649840057156
4.292862281 0.29093184953387563
4.294213512000001 0.2823778611141819
4.295564744 0.2737994005541414
4.296915975 0.2650285224898943
4.298267206 0.2563664114964587
4.299618438 0.2478560856435083
4.300969669 0.23947733567641039
4.302320901 0.23120772470826623
4.303672132 0.22308486913452985
4.305023363999999 0.21514356199292262
4.306374595 0.20738060324890242
4.3077258259999995 0.1997686269375671
4.309077058 0.1923225332675714
4.310428289000001 0.1850646921200588
4.311779521 0.1779885406362346
4.313130752 0.171069766912676
4.314481984 0.16431254283267538
4.315833215 0.15774066184855742
4.317184447 0.15134862501921129
4.318535678 0.14511698744160445
4.319886909 0.13903792211161714
4.321238141 0.13313309760231642
4.322589372 0.1274004114083952
4.323940604000001 0.12182842581146278
4.325291835 0.11641194167090856
4.326643067 0.11116618174763775
4.327994297999999 0.10608753994069496
4.329345529999999 0.10116320923312101
4.3306967610000004 0.09638625625051059
4.332047992 0.09177267013049524
4.333399224 0.08732038173251759
4.334750455 0.08301937510507311
4.336101687 0.07886587252478973
4.337452918 0.07487017260081598
4.33880415 0.07102968477220031
4.340155381 0.06733492807146792
4.341506612 0.06378478546277122
4.342857844 0.060382488821879826
4.344209075 0.0571244945097086
4.3455603069999995 0.05403448212151899
4.3469115380000005 0.05107488734158602
4.34826277 0.048230549668311154
4.349614001 0.04552171993487497
4.350965233 0.042939390854259636
4.352316464 0.04053014286551209
4.353667695 0.03819639451099279
4.355018927 0.03598186674731933
4.356370158 0.033878807691413715
4.35772139 0.031887644871203845
4.359072621 0.030004310729690165
4.360423853 0.02822376994728267
4.361775084 0.026545230307492774
4.363126315000001 0.02496534980145574
4.364477547000001 0.02347672123160722
4.365828778 0.022071480584176198
4.36718001 0.0207460553007207
4.3685312409999995 0.019499920483374292
4.369882473 0.018328951173116687
4.371233704 0.01722935981111721
4.372584936 0.016198045088775488
4.373936167 0.015229434610193182
4.375287398 0.014319748248800104
4.37663863 0.013467743989850216
4.377989861 0.012672101627533135
4.379341093 0.011925225611538024
4.380692324 0.011222211721467073
4.382043555999999 0.010558916902225574
4.383394787 0.009940149395897014
4.3847460179999995 0.00936218219088529
4.38609725 0.008822134883231109
4.387448481000001 0.008313777214843885
4.388799713 0.007837399303441397
4.390150944 0.007391238547280022
4.391502176 0.006973899819535284
4.392853407 0.006581340470312366
4.394204639 0.006212652935845155
4.39555587 0.005866706520863139
4.396907101 0.005541312630487924
4.398258332999999 0.005235309861773508
4.399609564 0.00494835932989671
4.400960796000001 0.004681355601644242
4.402312027 0.004431270197464977
4.403663259 0.004197015275990072
4.405014489999999 0.003977966031211745
4.406365721999999 0.0037797803200120255
4.407716953 0.0035862388375731175
4.409068184 0.003401563247199158
4.410419416 0.0032253342265853046
4.411770647 0.0030642079914259424
4.413121879 0.002914551569747342
4.41447311 0.002776976304459459
4.415824342 0.002644834797758574
4.417175573000001 0.0025201398051624907
4.418526804 0.0024012798272563924
4.419878036 0.0022874470205280274
4.421229266999999 0.002179988049186466
4.4225804989999995 0.0020781959927056205
4.4239317300000005 0.001981199627582395
4.425282962 0.0018873370539085157
4.426634193 0.0018001224011417246
4.427985425 0.0017187420653727368
4.429336656 0.0016428647493506954
4.430687887 0.0015691614464685333
4.432039119 0.0015000546464353465
4.43339035 0.0014350708668770765
4.434741582 0.0013738607712893835
4.436092813 0.0013133993029997985
4.437444045 0.0012567045454626841
4.438795276 0.0012048249953481682
4.440146507000001 0.0011594071713824435
4.441497739000001 0.0011139845345842744
4.44284897 0.0010686246566973731
4.444200202 0.0010228991811436258
4.445551432999999 0.0009794186462688875
4.446902665 0.0009388174830283479
4.448253896 0.0009015846639728217
4.449605128 0.0008701305724149332
4.450956359 0.000840327972896706
4.45230759 0.0008115676322108394
4.453658822 0.0007820086915836047
4.455010053 0.00075316936342308
4.456361285 0.000724474988790738
4.457712516 0.0006949121612740546
4.459063747999999 0.0006653912718988723
4.460414979 0.0006383336456309337
4.4617662110000005 0.0006140997924349828
4.463117442 0.0005921558531384858
4.464468673000001 0.0005716652802415606
4.465819905 0.0005526931541101705
4.467171136 0.0005360511331079314
4.468522368 0.0005188731656652111
4.469873599 0.0005014729900810141
4.471224831000001 0.0004837579062933765
4.472576062 0.0004671872191176478
4.473927293 0.0004508407624856669
4.475278524999999 0.0004346215644357232
4.476629756 0.0004192305032238071
4.4779809880000006 0.0004052547537052355
4.479332219 0.00039238396994134296
4.480683451 0.00038077269610484264
4.482034682 0.0003698473956706123
4.483385914 0.0003590656332334157
4.484737145 0.00034829933976763844
4.486088376 0.00033770846126150993
4.487439608 0.0003278208660073265
4.488790839 0.0003187617651720748
4.490142071 0.00030755588062915103
4.491493302 0.00029619841043953735
4.492844534 0.0002853817381689503
4.494195765000001 0.0002782548044884831
4.495546996 0.00027194195273181075
4.496898228 0.0002657812860666729
4.498249458999999 0.0002589544468273822
4.4996006909999995 0.00025330976537230135
4.5009519220000005 0.0002478026438863833
4.502303154 0.00024200254767047793
4.503654385 0.0002340354178087882
4.505005617 0.00022552841176163804
4.506356848 0.00021668231481143581
4.507708079 0.00020816177567809798
4.509059311 0.0002008949545248017
4.510410542 0.00019464016480148013
4.511761774 0.0001891697628308567
4.513113005 0.0001836320850300918
4.514464237 0.00017832159040430946
4.5158154679999996 0.0001737104738942246
4.517166699000001 0.00016761814658151604
4.518517931 0.00016071979005525522
4.519869162 0.00015293388058183722
4.521220394 0.00014825799824216815
4.522571624999999 0.0001444215788619504
4.523922857 0.00014093082565841346
4.525274088 0.00013609086929922967
4.52662532 0.00013186693946452566
4.527976551 0.0001284191379038211
4.529327782 0.00012207346773622277
4.530679014 0.0001153839010357552
4.532030245 0.00010901816730012852
4.533381477 0.000108654338089814
4.534732708 0.0001077212129252579
4.53608394 0.00010584612815377038
4.537435171 0.0001001241553072437
4.5387864030000005 9.685994661018336e-05
4.540137634 9.482943703644731e-05
4.541488865 9.300466032476507e-05
4.542840097 8.920937180989295e-05
4.544191328 8.574300907749307e-05
4.5455425599999995 8.497058407212474e-05
4.5468937910000005 8.496055449467656e-05
4.548245023000001 8.435135356586844e-05
4.549596254 8.182305629967103e-05
4.550947485 7.966809703386864e-05
4.552298716999999 7.75667300628423e-05
4.553649948 7.54592141452683e-05
4.5550011800000005 7.277801602332077e-05
4.556352411 6.986573017779096e-05
4.557703643 6.672272567916847e-05
4.559054874 6.211209534113747e-05
4.560406106 5.860629620454812e-05
4.561757337 5.65113157712958e-05
4.563108568 5.597817308739086e-05
4.5644598 5.387150167666674e-05
4.565811031 4.9967231491178045e-05
4.567162263 4.676879388558142e-05
4.568513493999999 4.5290750629683195e-05
4.569864726 4.5459555353856855e-05
4.571215957000001 4.419019865278482e-05
4.572567188 4.347167507603057e-05
4.57391842 4.325240104092572e-05
4.575269650999999 4.350646783527479e-05
4.5766208829999995 4.196901600280599e-05
4.5779721140000005 3.899192952370365e-05
4.579323346 3.648479342752151e-05
4.580674577 3.488073645655602e-05
4.582025809 3.394696550210693e-05
4.58337704 2.965776421816028e-05
4.584728271 2.6714699697401674e-05
4.586079503 2.4551980113391928e-05
4.587430734 2.2330557733868392e-05
4.588781966 2.118227531969481e-05
4.590133197 2.100272652431228e-05
4.591484429 2.151397670141576e-05
4.5928356599999995 2.1327829919663355e-05
4.5941868910000005 2.210276872399268e-05
4.595538123 1.939052483157477e-05
4.596889354 1.8594544780715638e-05
4.598240586 1.787888662889002e-05
4.599591817 1.595082975814728e-05
4.6009430490000005 1.4611131457375441e-05
4.60229428 1.3810740497498746e-05
4.603645512 1.4027580797084683e-05
4.604996743 1.3559250786169748e-05
4.606347974 1.2350256930596182e-05
4.607699206 1.2460767850408003e-05
4.609050437 1.3863920396811618e-05
4.610401669 1.7510888356699156e-05
4.611752900000001 2.0576207549521305e-05
4.613104132 2.3133874609971117e-05
4.614455363 2.4545146112479195e-05
4.6158065950000005 2.4031961832904325e-05
4.617157826 2.2194322360817606e-05
4.618509057 1.8889699760112402e-05
4.619860289 1.6636445744620364e-05
4.62121152 1.555784051007166e-05
4.622562751999999 1.6900342890053913e-05
4.6239139830000004 1.8543314649871217e-05
4.625265215000001 1.996679933857395e-05
4.626616446 1.9868775043350323e-05
4.627967677 1.74801334442266e-05
4.629318908999999 1.415511014261217e-05
4.63067014 1.0213175491760447e-05
4.6320213720000005 8.315681825568765e-06
4.633372603 8.167377852633691e-06
4.634723835 8.722388211023461e-06
4.636075066 9.451552096012817e-06
4.637426298 1.162483851638453e-05
4.638777529 1.429974152675041e-05
4.64012876 1.6748026164167756e-05
4.641479992 1.877063474546223e-05
4.642831223 1.8814344693006597e-05
4.644182455 1.8130891858803573e-05
4.645533685999999 1.6486881862344038e-05
4.646884918 1.2492680105608285e-05
4.648236149000001 9.549733791898141e-06
4.64958738 7.672539556534438e-06
4.650938612 8.794515926463467e-06
4.652289842999999 1.0652297079929012e-05
4.6536410749999995 1.1693506763833406e-05
4.6549923060000005 1.1396831846379723e-05
4.656343538 1.0826721007059832e-05
4.657694769 1.055634022354852e-05
4.659046001 1.0343208279495195e-05
4.660397232 1.062091985553927e-05
4.661748463 1.2024506889578238e-05
4.663099695 1.3682997536640014e-05
4.664450926000001 1.5884047566352667e-05
4.665802158 1.5298910299490637e-05
4.667153389 1.4327362873482763e-05
4.668504621 1.291897953886653e-05
4.6698558519999995 1.2113321105309184e-05
4.6712070830000005 1.1225266068998909e-05
4.672558315 1.0065655504037698e-05
4.673909546 8.777108797356247e-06
4.675260778 7.4667863848227874e-06
4.676612009 7.569965394109102e-06
4.6779632410000005 7.433483959295558e-06
4.679314472 6.953855127836754e-06
4.680665704 7.207678709070788e-06
4.682016935 7.641293974346422e-06
4.683368166 8.264287530459609e-06
4.684719398 6.576929868850565e-06
4.686070629 4.931464713570718e-06
4.687421861 3.4369224228927925e-06
4.688773092 4.2607009386974126e-06
4.690124324 7.45949900417584e-06
4.691475555 1.0511617859335804e-05
4.6928267869999996 1.2492104413987024e-05
4.694178018 1.3865652026320272e-05
4.695529249 1.325586305277537e-05
4.696880481 1.218631503635838e-05
4.698231712 1.1345205149433208e-05
4.699582943999999 1.0599315437077638e-05
4.700934175 9.223702020441448e-06
4.702285407000001 7.245695884932426e-06
4.703636638 4.668879919188694e-06
4.704987869 3.5704114024873165e-06
4.706339100999999 3.7537369025136323e-06
4.707690332 5.762079441991431e-06
4.7090415640000005 8.697953653196542e-06
4.710392795 1.0411002560738011e-05
4.711744027 1.0492718311827115e-05
4.713095258 8.845828891938462e-06
4.71444649 5.1716735735497385e-06
4.7157977209999995 4.589903529746134e-06
4.717148952 5.657923043723842e-06
4.718500184000001 7.401748043043266e-06
4.719851415 9.554695770895226e-06
4.721202647 1.0240728100324183e-05
4.722553877999999 1.0831466740679585e-05
4.72390511 9.843803239431278e-06
4.725256341000001 9.289840158362987e-06
4.726607572 8.966166978736783e-06
4.727958804 9.143600740845736e-06
4.729310035 9.602140719268243e-06
4.730661267 1.0277178383777074e-05
4.7320124980000005 9.616084531669202e-06
4.73336373 8.007159223818766e-06
4.734714961 6.249970794825749e-06
4.736066193 7.1293951905286015e-06
4.737417424 8.92672435617767e-06
4.738768654999999 1.2298423703618599e-05
4.740119887 1.3901540661311299e-05
4.741471118000001 1.4702567869538894e-05
4.74282235 1.370385456341489e-05
4.744173581 1.261570718561508e-05
4.745524813 1.1307491074179788e-05
4.7468760439999995 9.835022371044499e-06
4.748227276 8.714695438524279e-06
4.749578507 7.983046013793265e-06
4.750929738 7.77185307168258e-06
4.75228097 7.798128181864202e-06
4.753632201 8.406851168859423e-06
4.7549834330000005 9.291964659376769e-06
4.756334664 1.0410324580951021e-05
4.757685896 1.0794643599778334e-05
4.759037127 1.09721258302949e-05
4.760388358 1.0342331829695537e-05
4.76173959 8.706908180138061e-06
4.763090821 6.896829111763633e-06
4.764442053 4.891832483324121e-06
4.765793284 4.467799876584872e-06
4.767144516 5.601608447837154e-06
4.768495747 7.125058772165356e-06
4.7698469789999995 8.5068303974802e-06
4.77119821 7.562622934474294e-06
4.772549441 5.656272754838561e-06
4.773900673 5.61692052537458e-06
4.775251904 6.170847732393039e-06
4.776603135999999 6.37765112069616e-06
4.777954367 5.716997660262662e-06
4.779305599000001 4.27723124756263e-06
4.78065683 3.4974768543170195e-06
4.782008061000001 2.5300342759880295e-06
4.783359293 1.4530856485053273e-06
4.784710524 1.7195573073489605e-06
4.7860617560000005 2.910042120781935e-06
4.787412987 4.784857415365333e-06
4.788764219 5.260841054580594e-06
4.79011545 6.046053385063175e-06
4.791466682 5.454841252748247e-06
4.7928179129999995 4.506028464345393e-06
4.7941691440000005 4.357399005749487e-06
4.795520376000001 4.811375546707124e-06
4.796871607 4.645653377893053e-06
4.798222839 4.037542485105824e-06
4.799574069999999 3.4767549972407823e-06
4.800925302 3.1960649841241554e-06
4.802276533000001 3.3894057160342465e-06
4.803627764 3.6826239221519364e-06
4.804978996 4.044263901397384e-06
4.806330227 4.2053776649436505e-06
4.807681459 4.193690292723838e-06
4.80903269 4.051711129349407e-06
4.810383922 3.451991704596716e-06
4.811735153 2.935878539066953e-06
4.813086384999999 2.457414853285367e-06
4.814437616 2.1639882571364757e-06
4.815788846999999 2.5268411170767387e-06
4.817140079 4.180335445333017e-06
4.818491310000001 5.365323978151416e-06
4.819842542 5.70383505223428e-06
4.821193773 6.982416800999911e-06
4.822545005 8.126822055191855e-06
4.8238962359999995 8.62474206543424e-06
4.825247468 8.77277453186541e-06
4.826598699 7.985804089118615e-06
4.82794993 6.956171181667356e-06
4.829301162 5.762924429430119e-06
4.830652393 5.178622855252876e-06
4.8320036250000005 4.790254260341208e-06
4.833354856 4.6886440636540295e-06
4.834706088 4.425778412152796e-06
4.836057318999999 4.010984942869996e-06
4.83740855 4.036584120342794e-06
4.838759782 5.4490144439792385e-06
4.840111013 7.384751563729791e-06
4.841462245 1.0153387293185131e-05
4.842813476 1.1139632486951362e-05
4.844164708 1.0751645229089575e-05
4.845515939 9.874736718580559e-06
4.8468671709999995 8.381326930544443e-06
4.8482184020000005 7.579212303479679e-06
4.849569633 7.894326025243785e-06
4.850920865 7.429767558776704e-06
4.852272096 7.333869316097003e-06
4.853623327999999 5.839139931073533e-06
4.854974559 5.354094087413757e-06
4.856325791000001 5.457927649044057e-06
4.857677022 6.763872155332592e-06
4.859028253 1.1255373985218141e-05
4.860379485 1.0240551982366792e-05
4.861730716 8.057150104944891e-06
4.863081948 5.800030957664718e-06
4.864433179 4.850110741599451e-06
4.865784411 5.458289997686196e-06
4.867135642 5.373335256909737e-06
4.868486874 6.420316743564007e-06
4.8698381049999995 7.391407962444673e-06
4.8711893360000005 8.375704978157945e-06
4.872540568000001 9.871232408192872e-06
4.873891799 8.475898679658262e-06
4.875243031 7.442454921123432e-06
4.876594261999999 6.577987233195939e-06
4.8779454939999995 6.7952318516687395e-06
4.879296725000001 9.030649981154599e-06
4.880647956 1.1006469579077699e-05
4.881999188 1.1474971636339514e-05
4.883350419 9.302626869125117e-06
4.884701651 7.574755920814419e-06
4.8860528819999995 5.763827501615012e-06
4.887404114 4.388984385024308e-06
4.888755345 4.69937033984965e-06
4.890106576999999 5.569651634540279e-06
4.891457808 6.644060500146214e-06
4.892809038999999 7.086573207260191e-06
4.894160271 6.237262219372386e-06
4.895511502000001 5.499420387411026e-06
4.896862734 5.705835978473905e-06
4.898213965 6.481330032228746e-06
4.899565197 6.401051421254485e-06
4.900916428 5.537792865693638e-06
4.902267660000001 5.232061845621813e-06
4.903618891 5.8906486496462156e-06
4.904970122 6.864889178318013e-06
4.906321354 7.436441400774149e-06
4.907672585 8.15662135522304e-06
4.9090238170000005 8.013588702128573e-06
4.910375048 8.474881360604552e-06
4.91172628 9.847765689363502e-06
4.913077511 1.1395225876123824e-05
4.914428742 1.4133209809346956e-05
4.915779974 1.300456939307672e-05
4.917131205 1.0227655051351913e-05
4.918482437 9.606602882587219e-06
4.919833668 9.038762527375722e-06
4.9211849 8.50103739504641e-06
4.922536131 7.826468571964943e-06
4.9238873629999995 8.151483708271615e-06
4.9252385940000005 8.94227051475144e-06
4.926589825 9.545651708836684e-06
4.927941057 9.201281037633944e-06
4.929292288 8.513908227518034e-06
4.930643519999999 7.870028016533245e-06
4.931994751 8.692719988518433e-06
4.933345983000001 1.1338760682062077e-05
4.934697214 1.3144206502105693e-05
4.936048445 1.4593086231006914e-05
4.937399677 1.5316678269602054e-05
4.938750908 1.4703258848950037e-05
4.94010214 1.4275752304686715e-05
4.941453371 1.2760161504311318e-05
4.942804603 1.1876624161560857e-05
4.944155834 1.146634126694729e-05
4.945507066 1.0492774000166961e-05
4.9468582969999995 9.087879704315996e-06
4.9482095280000005 7.65348835148721e-06
4.949560760000001 7.289027963926125e-06
4.950911991 8.553624249953136e-06
4.952263223 9.954163880818355e-06
4.953614453999999 1.1364809518663937e-05
4.9549656859999995 1.1671201560725456e-05
4.9563169170000005 1.1806803193137053e-05
4.957668148 1.1661376937775942e-05
4.95901938 1.1138541432293353e-05
4.960370611 1.0932840485817428e-05
4.961721843 1.027433404971028e-05
4.9630730739999995 9.641162808318842e-06
4.964424306 1.0199154093819858e-05
4.965775537000001 1.1896646255493468e-05
4.967126769 1.3691649113383317e-05
4.968478 1.6207848540307842e-05
4.969829230999999 1.473395438472058e-05
4.971180463 1.338978757466346e-05
4.972531694000001 1.1221404841760547e-05
4.973882926 9.69559339194121e-06
4.975234157 9.545254223737335e-06
4.976585389 9.801458777578195e-06
4.97793662 1.0132585185047679e-05
4.979287852000001 9.378167402958556e-06
4.980639083 9.395564428027409e-06
4.981990314 7.966053384598069e-06
4.983341545999999 6.81474372374935e-06
4.984692777 5.388749802132513e-06
4.986044009 3.693073475655112e-06
4.98739524 3.157268089297056e-06
4.988746472 2.7656780901767355e-06
4.990097703 2.9871500589601837e-06
4.991448934 2.6010796260407757e-06
4.992800166 2.3515822197963097e-06
4.9941513969999995 2.416266499184292e-06
4.995502629 3.2905789487821695e-06
4.99685386 4.1642019987643775e-06
4.998205092 4.1671202454062725e-06
4.999556323 4.455778848147925e-06
5.0009075549999995 3.3562015440431117e-06
5.0022587860000005 3.223494273476309e-06
5.003610017 2.5028347125118782e-06
5.004961249 2.0093233032009885e-06
5.006312479999999 1.927973407677975e-06
5.007663711999999 2.1478333742669883e-06
5.009014943 2.5607789897188273e-06
5.010366175 2.376615239843366e-06
5.011717406 2.128832801376934e-06
5.013068637 2.1370947802285388e-06
5.014419869 2.3785682812123186e-06
5.0157711 3.2793415234075207e-06
5.017122332 4.2282017756252024e-06
5.018473563 4.949014048441746e-06
5.019824795000001 5.244587285832839e-06
5.021176026 5.220744188190576e-06
5.022527258 4.698301852635651e-06
5.0238784889999994 4.190647605163667e-06
5.0252297200000005 3.7402709106982094e-06
5.026580952000001 3.606408282859697e-06
5.027932183 4.297192476183511e-06
5.029283415 5.12307825659795e-06
5.030634646 6.2291145648516435e-06
5.031985878 6.947707189795105e-06
5.033337109 7.2000276273718196e-06
5.034688341 6.418344740429868e-06
5.036039572 5.832435917634453e-06
5.037390803 5.063567031758949e-06
5.038742035 4.8541615825810195e-06
5.0400932659999995 4.872577186336769e-06
5.041444498 4.906410678582239e-06
5.042795729000001 4.693498628187273e-06
5.044146961 4.78125327646301e-06
5.045498192 5.0818387913483635e-06
5.046849422999999 5.1978903112049065e-06
5.048200655 5.361098152737551e-06
5.049551886000001 3.969648599262575e-06
5.050903118 3.8073357543250284e-06
5.052254349 4.518268840885142e-06
5.053605581 5.430666136116825e-06
5.054956812 6.218307087093505e-06
5.056308044000001 6.529690172022356e-06
5.057659275 6.3255417065635904e-06
5.059010506 6.282394929121915e-06
5.060361737999999 6.3767798211379165e-06
5.061712969 6.896658425392403e-06
5.063064201 7.633576543645834e-06
5.064415432 7.2168174801976805e-06
5.065766664 6.727533276143257e-06
5.067117895 5.976840479961247e-06
5.068469126 6.263218216895809e-06
5.069820358 6.52214883950167e-06
5.0711715889999995 5.968760950532128e-06
5.072522821 4.949776380353479e-06
5.073874052 3.012881169580307e-06
5.075225284 1.996586557678649e-06
5.076576515 1.5534169316918018e-06
5.0779277469999995 2.049766112223385e-06
5.0792789780000005 1.6027206606143235e-06
5.080630209 8.736537899908625e-07
5.081981441 1.5167135274374944e-07
5.083332671999999 9.73106516476753e-08
5.084683904 4.0001867506549303e-07
5.086035135 1.0265160356774693e-06
5.087386367 1.2806894208043853e-06
5.088737598 7.508780604170145e-07
5.090088829 5.802935530760482e-07
5.091440061 6.142453880024282e-08
5.092791292 6.358202852907778e-07
5.094142524 1.327743416980072e-06
5.095493755000001 2.2377199032847844e-06
5.096844987000001 2.496298445582166e-06
5.098196218 3.0808465969822794e-06
5.09954745 2.54324701920776e-06
