Wavelength_microns Throughput
2.0004663860000003 1.4459134922860789e-15
2.002074478 8.998958054346841e-16
2.00368257 8.230828016844911e-16
2.005290662 8.072857129707044e-16
2.006898754 9.176979031200586e-16
2.008506846 7.221509251825548e-16
2.010114938 1.0360503208554077e-15
2.01172303 7.013723838037707e-16
2.013331122 2.9859308898479313e-16
2.014939214 3.281474150266525e-16
2.016547306 1.0497399578304909e-15
2.018155398 7.945732572970597e-16
2.01976349 2.883501929691189e-16
2.021371582 2.4901298984854855e-16
2.022979674 2.671424840186489e-16
2.0245877660000002 3.990443848668873e-16
2.026195858 5.875521846084e-16
2.027803949 5.439093217744838e-16
2.029412041 3.483849967852343e-16
2.031020133 2.0474995111220248e-16
2.032628225 5.619410377751232e-17
2.034236317 9.034119480670304e-17
2.035844409 2.2067202494603703e-16
2.037452501 2.446894591316539e-16
2.039060593 2.1897038818753208e-16
2.040668685 3.6318875569784052e-16
2.042276777 3.7957493488765977e-16
2.0438848689999998 3.2198424413968233e-16
2.045492961 2.723600338230294e-16
2.047101053 2.8726903449338846e-16
2.0487091449999997 3.4695277926700153e-16
2.0503172370000002 5.034268520362298e-16
2.0519253290000004 6.350073501266565e-16
2.053533421 5.98032959030584e-16
2.055141513 6.184317143937975e-16
2.056749605 7.949190191864014e-16
2.058357697 9.904175598408354e-16
2.059965788 1.1529990090523956e-15
2.06157388 1.1633673988853197e-15
2.0631819719999998 1.1717544695536536e-15
2.064790064 1.164981658486194e-15
2.066398156 1.1681947154067955e-15
2.068006248 1.2361010894752642e-15
2.06961434 1.2718226119852004e-15
2.071222432 8.89847389995918e-16
2.072830524 6.1690515819110495e-16
2.074438616 5.94418083691066e-16
2.076046708 1.0393674236094102e-15
2.0776548 1.5766773225187407e-15
2.079262892 1.4384959331960537e-15
2.080870984 1.870185966555555e-15
2.0824790760000003 2.612839514783025e-15
2.084087168 3.3105005610963766e-15
2.08569526 2.6872822447241895e-15
2.0873033519999997 2.3359180782597202e-15
2.088911444 2.0574586776452825e-15
2.090519536 5.006593911201172e-15
2.092127627 6.4675173614924604e-15
2.0937357189999997 1.0115252312107114e-14
2.0953438110000002 6.028804419620111e-15
2.0969519030000003 6.775387505298146e-15
2.098559995 7.489842111272259e-15
2.100168087 1.1372526034513402e-14
2.101776179 9.727448944474815e-15
2.103384271 7.413867161204816e-15
2.104992363 9.235887125168881e-15
2.1066004549999997 1.408318451015483e-14
2.1082085470000003 3.229370560374075e-15
2.109816639 1.6538567297126812e-16
2.111424731 1.2717559623976604e-16
2.113032823 2.178084744540048e-15
2.114640915 1.3376183673950407e-14
2.116249007 1.0010901331424754e-14
2.1178570989999996 8.509131206458283e-15
2.1194651909999997 3.980931168231897e-15
2.1210732830000003 1.852139255613783e-15
2.122681375 6.343501638196879e-15
2.124289466 2.94955144630088e-14
2.125897558 2.7999663791139048e-15
2.1275056500000002 1.2164530512278558e-16
2.129113742 3.058482160609751e-16
2.130721834 5.613947587589553e-15
2.1323299259999997 1.4770706833401837e-14
2.133938018 9.066354608466225e-15
2.1355461100000004 8.051182554303804e-15
2.137154202 1.2183232778917407e-14
2.138762294 2.409012962456633e-14
2.140370386 2.095067493594492e-14
2.141978478 2.0769358372824835e-14
2.14358657 1.4912259081911946e-14
2.1451946619999998 1.3806150730641997e-14
2.146802754 1.6455466613271038e-14
2.1484108460000004 2.376612718516513e-14
2.150018938 1.6585493251944278e-14
2.15162703 1.026593360530827e-14
2.153235122 1.006084740741708e-14
2.154843214 1.7254350990777836e-14
2.156451305 3.7816696655154723e-14
2.158059397 1.8541092466251856e-14
2.159667489 1.0966323706914581e-14
2.161275581 1.04872371145872e-14
2.1628836729999996 1.3117773927105457e-14
2.164491765 1.3967670149308367e-14
2.1660998570000003 9.991336037441873e-15
2.167707949 8.635375928193819e-15
2.169316041 9.837608699989744e-15
2.170924133 1.1750075119419227e-14
2.172532225 1.7460022202138963e-14
2.174140317 3.4388221849209185e-14
2.1757484089999997 2.5728866954137337e-14
2.177356501 1.768058800332713e-14
2.1789645930000003 2.3133546437519052e-14
2.180572685 4.374662445105208e-14
2.182180777 3.4133933732111357e-14
2.183788869 1.0811537442869003e-14
2.185396961 5.1409459868102796e-15
2.187005053 5.6029842280700536e-15
2.1886131449999997 1.668576871568384e-14
2.1902212359999997 1.693862857179517e-14
2.191829328 1.4054695035414335e-14
2.1934374200000004 1.2764526889663538e-14
2.195045512 1.33989222555863e-14
2.196653604 2.6644285039959436e-14
2.198261696 3.605106814022275e-14
2.199869788 5.119612783752454e-14
2.20147788 3.791638037349969e-14
2.203085972 3.156929955283099e-14
2.204694064 3.777256035924763e-14
2.206302156 5.841684790560852e-14
2.207910248 5.750592530933167e-14
2.2095183400000002 1.6654199354542766e-14
2.211126432 1.1055739014556359e-14
2.212734524 3.066011466199756e-14
2.2143426159999997 1.0937622791451706e-13
2.215950708 1.6465979606912839e-13
2.2175588 1.4855252924693957e-13
2.219166892 1.4542448519111595e-13
2.220774984 1.4761616794433324e-13
2.222383075 2.4094842928194865e-13
2.2239911670000003 2.844809081102346e-13
2.225599259 3.1415686581784446e-13
2.227207351 3.177747644421592e-13
2.228815443 2.701582839543512e-13
2.230423535 2.3853732218122574e-13
2.232031627 3.114672271547437e-13
2.2336397189999997 4.2919045193997347e-13
2.2352478110000003 2.3622217558612776e-13
2.236855903 1.239349989334538e-13
2.238463995 9.853000765963167e-14
2.240072087 1.7039382782882272e-13
2.241680179 5.896684673940363e-13
2.243288271 2.0579016108191548e-13
2.2448963629999996 1.4671845155783057e-13
2.2465044549999997 1.9385490964168056e-13
2.2481125470000003 4.1877088678858585e-13
2.249720639 1.3503524475896563e-12
2.251328731 1.5092667901968435e-12
2.252936823 1.9116103784320422e-12
2.2545449140000002 1.911927597326692e-12
2.256153006 1.766384476551379e-12
2.257761098 1.7057739001600489e-12
2.2593691899999997 1.8228017182752777e-12
2.260977282 2.044472930291661e-12
2.262585374 2.7190761144362143e-13
2.264193466 2.423951509669857e-14
2.265801558 1.608609911656766e-14
2.2674096500000003 2.947315984742502e-13
2.269017742 5.421145378655303e-12
2.270625834 3.3593890330225393e-12
2.2722339259999997 2.0121422452581953e-12
2.273842018 2.0968551342881837e-12
2.2754501100000004 3.631445130450944e-12
2.277058202 6.496503569323496e-12
2.278666294 3.765135338361571e-12
2.280274386 3.26343676321962e-12
2.281882478 2.7425075500056295e-12
2.28349057 2.0856916506030824e-12
2.285098662 1.5901441498103372e-12
2.286706753 1.1018489712409088e-12
2.288314845 1.2505379608808847e-12
2.2899229369999996 9.016409739457654e-13
2.291531029 9.561670178958196e-14
2.2931391210000003 1.4567636039340286e-14
2.294747213 6.789708267643391e-14
2.296355305 8.379648945387436e-13
2.297963397 1.2660040386032638e-12
2.299571489 1.1978736391092138e-13
2.301179581 2.3555955577363597e-14
2.3027876729999996 2.1297708652314895e-13
2.304395765 3.193161527765472e-12
2.3060038570000003 1.466558208373206e-11
2.307611949 9.955379720860678e-12
2.309220041 7.638446258626034e-12
2.310828133 1.3117005137229125e-12
2.312436225 4.047237642054817e-12
2.314044317 3.1868187475752887e-11
2.3156524089999997 3.915368686784456e-11
2.3172605010000003 4.8601053810202303e-11
2.318868592 9.194324713149894e-12
2.3204766840000004 8.138198673625349e-13
2.322084776 1.8968512091634759e-13
2.323692868 3.107577013288834e-12
2.32530096 5.326255819886108e-11
2.326909052 1.2317610643029943e-10
2.328517144 5.344579111103953e-11
2.3301252359999998 2.3664900763681117e-11
2.331733328 7.03657004708473e-11
2.33334142 2.3976601095530195e-10
2.334949512 6.153266287034118e-10
2.3365576040000002 8.064901442905172e-10
2.338165696 1.06580901644925e-09
2.339773788 1.4988729480457615e-09
2.3413818799999997 2.1475833567676464e-09
2.342989972 3.010860394876184e-09
2.344598064 3.5508451970923784e-09
2.346206156 4.16361608713759e-09
2.347814248 4.704552036879824e-09
2.3494223400000003 5.130809410105219e-09
2.3510304310000003 5.611272146860402e-09
2.352638523 6.087504799130947e-09
2.354246615 6.625442363849235e-09
2.3558547069999998 7.071900222228447e-09
2.357462799 6.885176020878602e-09
2.359070891 6.72254071084557e-09
2.3606789829999997 6.688334685588039e-09
2.3622870750000002 6.737155830080129e-09
2.363895167 6.79685604119947e-09
2.365503259 6.164953221698903e-09
2.367111351 5.47663560427432e-09
2.368719443 4.8441798651940345e-09
2.370327535 4.261471084353207e-09
2.371935627 3.7241823614346426e-09
2.3735437189999997 2.920728608024947e-09
2.3751518110000003 2.0449474006582414e-09
2.376759903 1.4331329828335957e-09
2.378367995 7.7313452768537e-10
2.379976087 5.029314393907898e-10
2.381584179 3.582200863221676e-10
2.383192271 3.342547865625341e-10
2.384800362 3.128347622963135e-10
2.3864084539999997 1.6890144832489567e-10
2.388016546 7.949676392625001e-11
2.389624638 6.046518699986011e-11
2.39123273 8.628843516107493e-11
2.392840822 1.8861447530499278e-10
2.3944489140000003 6.8000926263308e-10
2.396057006 7.393070587637285e-11
2.397665098 5.214020469317527e-12
2.3992731899999997 8.023996903736443e-13
2.400881282 9.279638180139938e-12
2.4024893740000004 1.0816717106782898e-10
2.404097466 3.765135169309919e-10
2.405705558 2.4124260645747907e-10
2.40731365 1.6662430545761098e-10
2.408921742 1.766721445685346e-10
2.410529834 2.4149923694932995e-10
2.4121379259999998 3.301630365297135e-10
2.413746018 3.253391072731475e-10
2.41535411 3.1140152252454523e-10
2.416962201 3.262998648131486e-10
2.418570293 1.1089616772056622e-10
2.4201783850000003 5.2211678390429126e-11
2.421786477 4.062601622408508e-11
2.423394569 1.0856593365646317e-10
2.425002661 3.481345611878448e-10
2.426610753 5.968933937682029e-10
2.428218845 3.7100450692585144e-10
2.4298269369999996 2.4792979480003814e-10
2.431435029 2.579230828238019e-10
2.4330431210000003 3.634636191065326e-10
2.434651213 6.560520109137841e-10
2.436259305 3.4100705478953936e-10
2.4378673969999998 1.7599970595722216e-10
2.439475489 1.0783849949043823e-10
2.441083581 1.3584649040283e-10
2.4426916729999997 1.9201952706897437e-10
2.4442997650000002 3.6343828468595995e-10
2.4459078570000004 3.7976979165244436e-10
2.447515949 4.04265562286236e-10
2.44912404 3.223002626768191e-10
2.450732132 1.4028871795972412e-10
2.452340224 8.150384595600825e-11
2.453948316 6.827739023452195e-11
2.455556408 1.0260428680408663e-10
2.4571644999999998 1.719637346581048e-10
2.458772592 8.79584668360034e-11
2.460380684 8.990225651352276e-12
2.461988776 1.073976284215582e-12
2.463596868 1.4203859894486336e-12
2.46520496 1.2250345996496025e-11
2.466813052 1.1868442357349636e-10
2.468421144 1.616190761383554e-10
2.470029236 1.0862951959830755e-10
2.471637328 8.057500879345148e-11
2.47324542 1.0187212803740369e-10
2.474853512 1.630337970184607e-10
2.4764616040000003 3.703454788970685e-10
2.478069696 3.654186614217748e-10
2.479677788 2.8857524492211207e-10
2.481285879 2.427916523282423e-10
2.4828939709999998 2.2805628508192467e-10
2.484502063 2.469004381918239e-10
2.486110155 2.8203367495122373e-10
2.4877182469999997 3.4954001609398894e-10
2.489326339 4.4770968473946777e-10
2.4909344310000003 6.546742846136459e-10
2.492542523 3.121060396311655e-10
2.494150615 6.897314290460515e-09
2.495758707 4.406438384244792e-09
2.497366799 7.189551220241529e-09
2.498974891 1.2995121515788236e-08
2.499778162 3.5781541591266874e-08
2.5005829829999997 2.476421310785618e-08
2.5011293930000003 2.045739296452456e-08
2.5021910750000003 2.2568675555538103e-08
2.502480624 1.772213184517601e-08
2.5038318559999997 2.6256794476782142e-08
2.505183087 4.728984297527839e-09
2.506534319 1.0885020492346854e-09
2.50788555 7.257326472906721e-10
2.509236782 2.1831058120648005e-09
2.510588013 4.885228822501957e-09
2.511939244 3.642230055902218e-09
2.5132904760000003 3.4727090705708577e-10
2.514641707 2.210155393312647e-10
2.515992939 2.115816727373596e-09
2.51734417 2.701202821827886e-09
2.5186954019999996 1.5669864302426156e-09
2.5200466329999998 1.5358816139565101e-09
2.521397865 1.1148422477872475e-09
2.522749096 1.1345451185362216e-09
2.524100327 1.5843919366181296e-10
2.525451559 3.3866947383176726e-10
2.52680279 3.531528556827451e-10
2.5281540220000003 2.856341963821767e-10
2.529505253 2.3777431006278597e-10
2.5308564849999997 8.019716710492874e-10
2.532207716 2.421894517519714e-10
2.533558948 5.267804914890883e-10
2.534910179 2.778235729418125e-10
2.5362614100000003 1.4522180893215841e-10
2.537612642 5.623713237195087e-10
2.538963873 1.1533449859997323e-10
2.5403151050000004 2.6270506226577938e-11
2.5416663359999996 1.4661283809370643e-10
2.5430175680000002 3.5169049177274686e-11
2.544368799 5.891044159828223e-11
2.54572003 4.3370255702006866e-11
2.547071262 7.853156154056619e-11
2.548422493 5.4183503756606435e-12
2.549773725 1.2269890333404414e-10
2.551124956 1.995335435673774e-11
2.552476188 6.582248316843284e-12
2.553827419 1.797498909417786e-11
2.5551786510000003 8.200953339361369e-11
2.556529882 9.190708263332493e-11
2.557881113 5.6911554166921195e-11
2.559232345 5.0630331331640076e-11
2.560583576 2.5265289777916755e-11
2.561934808 2.1538501300792895e-12
2.5632860390000003 3.985606574960126e-12
2.564637271 1.030713361070057e-11
2.565988502 1.782037266918806e-11
2.567339733 2.426556576651714e-11
2.5686909649999996 1.5409606469057458e-11
2.5700421959999997 8.002128991102582e-13
2.571393428 1.0114642993367533e-11
2.572744659 1.2042032422101663e-11
2.574095891 1.1139920894159894e-11
2.575447122 1.568659852482064e-11
2.576798354 1.3451551971017099e-11
2.5781495850000002 2.1012361587298125e-11
2.5795008160000004 3.220105380728451e-11
2.580852048 1.6059144478733837e-11
2.582203279 1.9768342417215967e-11
2.583554511 3.139586338676131e-12
2.584905742 1.1870873602562748e-11
2.586256974 2.970687568299026e-11
2.587608205 1.976138239505824e-11
2.588959437 1.7926547285138974e-11
2.590310668 3.974745013115995e-11
2.591661899 1.8371529458095723e-11
2.593013131 1.2501920600010732e-11
2.594364362 7.951090928367726e-12
2.5957155939999996 1.9989326502044887e-11
2.5970668249999997 6.86289816827436e-13
2.598418057 3.304454441391162e-13
2.599769288 1.656244667615181e-11
2.601120519 3.146660979553204e-11
2.602471751 1.9202960064267505e-11
2.603822982 6.136680957440389e-12
2.6051742140000003 1.557927722830687e-11
2.6065254450000004 2.034022981157449e-11
2.607876677 9.890136004485384e-12
2.609227908 1.2673732405344384e-11
2.61057914 2.3914810196028014e-11
2.611930371 4.343625768490362e-11
2.613281602 2.008301179349182e-11
2.614632834 2.2980745810455694e-11
2.615984065 3.1061731274701698e-12
2.617335297 2.4466644299031318e-12
2.618686528 9.134879349073198e-12
2.62003776 1.7541434994831946e-11
2.621388991 1.7373694261587387e-11
2.622740222 1.96403847783675e-11
2.6240914539999998 1.221347849750469e-11
2.625442685 1.9803842085689982e-11
2.626793917 1.727505571960209e-11
2.628145148 9.437321429172497e-12
2.62949638 8.91016363125598e-14
2.630847611 4.380097064652741e-13
2.6321988430000003 8.756358218609394e-12
2.6335500740000004 1.2483762042641193e-11
2.634901305 5.5450118682814225e-12
2.636252537 4.854473438539413e-12
2.637603768 9.954031846048042e-12
2.6389549999999997 1.2095203315116361e-11
2.640306231 1.0286553165226825e-11
2.641657463 4.7423057882456845e-12
2.643008694 8.002962979923001e-12
2.6443599250000003 1.3915305990887606e-11
2.645711157 2.154899482852952e-11
2.6470623879999997 1.8213911021200032e-11
2.64841362 4.818376728380856e-12
2.649764851 5.6659915796921815e-12
2.651116083 1.037100311911359e-11
2.652467314 6.215293015182564e-12
2.653818546 1.3984389807389523e-11
2.6551697770000002 2.4534969907485336e-11
2.6565210080000004 1.774649281117116e-11
2.65787224 2.308474499428981e-11
2.659223471 1.9184175330117276e-11
2.6605747030000004 1.3347943860462335e-11
2.6619259339999997 1.70100114515667e-11
2.663277166 3.540665628478681e-11
2.664628397 2.7275757176153512e-11
2.6659796289999997 8.254555323943562e-12
2.66733086 1.700847213484284e-11
2.668682091 2.1631786851973985e-11
2.670033323 1.555392033178625e-11
2.6713845540000003 7.976574851924594e-12
2.672735786 4.200641064876437e-12
2.6740870169999997 1.3645174033420042e-11
2.675438249 1.9139901403410675e-11
2.67678948 1.614165144983444e-11
2.678140711 1.2993121067882638e-12
2.679491943 6.873849788989989e-12
2.680843174 3.1570945142073e-12
2.6821944060000003 1.0999379344368907e-12
2.6835456370000004 8.087677237661467e-12
2.684896869 1.4629156394903834e-11
2.6862481 1.356109439942764e-11
2.6875993319999996 1.738174005782305e-12
2.6889505629999997 1.3484421247573517e-11
2.690301794 1.5241257678811154e-11
2.691653026 4.9542550787410474e-12
2.693004257 4.783863804024659e-12
2.694355489 6.273870363068916e-12
2.69570672 5.737262629596888e-12
2.697057952 6.146007421887881e-12
2.6984091830000003 7.438609298067681e-12
2.699760414 3.5084804382210206e-12
2.7011116459999998 1.1318026666439788e-12
2.702462877 1.7456247269689547e-12
2.703814109 3.875233591197977e-12
2.70516534 6.523884395570024e-12
2.706516572 2.6149487897003002e-14
2.707867803 3.9897787380986645e-13
2.7092190350000003 4.5335698082641255e-14
2.7105702660000004 6.915546177744636e-14
2.7119214969999996 5.42855855623879e-12
2.713272729 5.4747634769743904e-12
2.71462396 3.4262949211288444e-12
2.7159751919999997 4.22222444588433e-12
2.717326423 3.0417945989856527e-12
2.718677655 1.175238646471404e-14
2.720028886 1.501607585852048e-14
2.7213801170000003 8.242627809840989e-13
2.722731349 9.53702946770346e-12
2.7240825799999997 3.927131395702464e-12
2.7254338120000003 9.476807829854659e-12
2.726785043 5.695074829070587e-12
2.7281362749999998 1.299382458868579e-11
2.729487506 2.6627215963178793e-12
2.730838738 4.274852502709911e-12
2.732189969 1.0681135148042354e-11
2.7335412000000003 1.0857127886190082e-11
2.734892432 4.10382236082678e-12
2.736243663 2.6663536258032072e-12
2.737594895 2.8688580542282307e-12
2.7389461259999996 7.0746816248560124e-12
2.740297358 1.0317211072975422e-11
2.741648589 1.9949640508784226e-14
2.7429998209999997 7.75064417726519e-12
2.744351052 7.277862295429922e-12
2.745702283 1.7867768955670725e-13
2.747053515 2.1447890543177763e-13
2.7484047460000003 1.7524581180664145e-11
2.749755978 8.191156805437155e-12
2.7511072089999997 2.789622530262328e-14
2.7524584410000004 7.123598979557685e-12
2.753809672 6.941960034479746e-12
2.755160903 5.024120891663002e-12
2.756512135 2.4330304658976533e-12
2.757863366 8.199107829033922e-13
2.7592145980000002 6.564308695307365e-12
2.760565829 5.3096974261251284e-12
2.761917061 6.749732235556653e-12
2.7632682920000002 6.628393714381544e-12
2.764619524 9.632048046931647e-12
2.7659707549999997 2.8068486965632135e-12
2.767321986 3.2003232103920438e-12
2.768673218 3.5702111899178755e-12
2.770024449 9.436190106804164e-12
2.771375681 1.2778256496496822e-11
2.772726912 1.0992409566269553e-11
2.774078144 1.3821374548600859e-11
2.7754293750000003 9.209404871646945e-12
2.776780606 1.93460916945039e-11
2.7781318379999997 9.922835680856598e-12
2.779483069 2.3558542233216206e-12
2.780834301 6.299807268167516e-13
2.782185532 9.470439670448327e-12
2.783536764 6.366715583622718e-12
2.784887995 1.2960971869265257e-13
2.786239227 1.3064532962951185e-12
2.787590458 5.962845296636827e-12
2.788941689 1.5559594134106444e-11
2.7902929210000003 6.401201588679938e-12
2.791644152 3.5340527917276816e-12
2.7929953839999997 1.9024831851713017e-13
2.794346615 1.1418921451978833e-12
2.795697847 2.7528705204478725e-12
2.797049078 1.4147315532578531e-12
2.7984003090000003 2.2389442791322782e-14
2.799751541 2.2412086724801247e-12
2.801102772 7.841081868013567e-12
2.8024540040000003 1.1859573367904862e-11
2.803805235 1.7607341619343394e-11
2.8051564669999998 1.2748142813844437e-11
2.806507698 1.5507616116227626e-11
2.80785893 2.422473887454862e-11
2.8092101609999998 1.3642602904763594e-11
2.810561392 6.674169980195556e-12
2.811912624 7.403377357154688e-14
2.813263855 1.2714491776211625e-11
2.814615087 2.6612229195016415e-14
2.8159663179999996 6.494304624356054e-13
2.8173175500000003 1.124729518473853e-11
2.818668781 1.1532236218994868e-11
2.8200200129999997 7.75113478781461e-12
2.821371244 4.191615777690063e-14
2.822722475 3.4809320996653196e-12
2.824073707 1.152291044414404e-12
2.8254249380000003 2.702946970724869e-12
2.82677617 1.6300333822524635e-11
2.828127401 3.2933793193664213e-12
2.8294786330000004 2.6301641267383113e-12
2.830829864 9.525795204849282e-13
2.8321810949999997 3.905528924305122e-13
2.833532327 8.132928322774703e-13
2.834883558 2.0718824335954467e-13
2.83623479 1.7730987025361132e-12
2.837586021 3.948135071671419e-13
2.838937253 5.4021891874521714e-15
2.8402884840000002 6.40443750230021e-15
2.841639716 7.988135353072914e-15
2.8429909469999997 3.0238867122863366e-13
2.8443421779999998 6.70672913529161e-14
2.84569341 3.177020701634184e-14
2.847044641 9.088374547536598e-12
2.848395873 3.905271945432193e-12
2.849747104 1.363985920686397e-12
2.851098336 2.4227513456185167e-12
2.8524495670000003 1.2848435363935385e-11
2.8538007980000004 7.859753660166354e-12
2.85515203 5.382971513003164e-12
2.856503261 3.944089138540132e-12
2.8578544929999996 3.72591682090551e-12
2.8592057239999997 3.425005856367634e-14
2.860556956 4.26420601617552e-15
2.861908187 2.5500583823316714e-15
2.863259419 3.9849783385814634e-13
2.86461065 6.108604284740652e-13
2.865961881 2.8859320971411475e-12
2.8673131130000002 2.318229226167757e-12
2.868664344 6.442560827409862e-12
2.8700155759999997 7.256711955144693e-14
2.871366807 1.2388170411077061e-14
2.872718039 1.3352140181126688e-14
2.87406927 1.454581331735459e-13
2.8754205010000002 3.3200914186246366e-12
2.876771733 2.0634690265858657e-12
2.878122964 3.685689098550245e-12
2.8794741960000003 4.08543155107386e-12
2.8808254270000004 1.644608774014562e-14
2.882176659 1.2280210953697803e-13
2.88352789 3.915137245244256e-14
2.8848791219999996 3.984801513307279e-15
2.8862303529999997 2.8583415635111433e-13
2.887581584 5.78141009968814e-15
2.888932816 5.861366590218164e-15
2.890284047 5.4761230981921696e-15
2.891635279 8.069002699799298e-15
2.89298651 2.7705285390226984e-12
2.8943377420000003 1.2756360777705162e-12
2.895688973 5.746363105474542e-15
2.8970402049999997 4.42873220009608e-15
2.898391436 1.4389936760604534e-12
2.899742667 1.0140321639345367e-12
2.901093899 2.879599397291114e-14
2.9024451300000003 6.074603164082755e-13
2.903796362 1.138364954725752e-12
2.905147593 2.1717883657636123e-12
2.9064988250000003 7.387514594555162e-13
2.907850056 2.621867546654519e-12
2.9092012869999997 1.5580391912926868e-12
2.910552519 7.822234709698036e-12
2.91190375 1.310186265528727e-12
2.9132549819999998 1.0614274638485198e-14
2.914606213 5.1870636564902123e-14
2.915957445 8.223949781691947e-12
2.917308676 1.972866363506963e-12
2.918659908 3.4182331812856302e-12
2.920011139 3.717217318532599e-12
2.9213623699999998 3.1679663758749206e-12
2.922713602 7.680640953855385e-12
2.924064833 2.0868306856585254e-11
2.925416065 1.9345408781020773e-11
2.926767296 2.0982597648644524e-12
2.928118528 4.448623505876151e-12
2.9294697590000003 2.46397667393671e-13
2.93082099 7.838318310583536e-12
2.932172222 2.0662008320738465e-12
2.933523453 1.9340177445190098e-12
2.934874685 1.1982395766760715e-11
2.9362259159999997 2.846511205493093e-12
2.937577148 4.641039733788334e-12
2.938928379 1.7913712946640253e-11
2.940279611 1.151944308148224e-11
2.941630842 7.179888514445722e-12
2.942982073 6.482874463833851e-12
2.9443333050000002 4.862646701073204e-12
2.9456845360000004 2.193957465083748e-12
2.947035768 2.084267872398887e-14
2.948386999 3.159308518804644e-14
2.949738231 5.0928424885665085e-14
2.951089462 1.7928674126618743e-13
2.952440694 1.7452913606237892e-11
2.953791925 1.5990409147980177e-11
2.955143156 9.1925051234382e-12
2.956494388 1.3548375508726866e-11
2.957845619 2.3647013829667158e-11
2.959196851 3.5138091956474523e-11
2.960548082 1.986226992173697e-11
2.9618993139999996 2.1955656507796498e-11
2.9632505449999997 1.6364641668838387e-11
2.964601776 1.898847692628694e-11
2.965953008 1.4616513204308846e-11
2.967304239 3.895524515482231e-12
2.968655471 1.4871499365447406e-12
2.970006702 1.248003182294668e-11
2.9713579340000003 1.2255226818347102e-12
2.9727091650000004 2.2371825112602842e-14
2.974060397 2.2625457287518066e-14
2.975411628 5.5035368556489044e-12
2.976762859 7.594151867472443e-12
2.978114091 9.998210071685162e-12
2.979465322 8.954719109557145e-12
2.980816554 6.826871538773215e-12
2.982167785 1.6147019753305634e-11
2.983519017 1.9804780148595193e-13
2.984870248 5.515243268782109e-12
2.9862214789999997 2.735728877059924e-12
2.987572711 5.931395008026715e-12
2.988923942 7.292603832383976e-12
2.9902751739999998 2.635296436005335e-12
2.991626405 8.077522897894988e-13
2.992977637 5.241901871707604e-12
2.994328868 4.516212910223346e-12
2.9956801 1.9136782394175842e-11
2.997031331 2.2592917957249193e-11
2.9983825619999998 1.9390601417555524e-11
2.9997337940000004 1.2410308431032525e-11
3.001085025 1.3351952429867697e-11
3.002436257 2.3213123247158345e-11
3.003787488 2.713887002236775e-11
3.0051387199999997 1.0664276560568574e-11
3.006489951 3.887826387409875e-13
3.007841182 1.2633553322538073e-13
3.009192414 6.274384864346688e-12
3.0105436450000003 5.590005589478517e-13
3.011894877 3.961994157155233e-12
3.0132461079999997 9.74170740317611e-13
3.01459734 3.71016207519399e-12
3.015948571 2.1205256188270285e-12
3.017299803 1.9239217919804173e-12
3.018651034 1.2813363470837234e-11
3.020002265 1.039850356978404e-11
3.021353497 9.91960921875834e-12
3.0227047280000003 8.670717154672182e-12
3.02405596 1.5924734317742825e-11
3.0254071909999998 1.6470400037739153e-11
3.0267584230000004 8.189144591514247e-12
3.0281096539999997 5.04681460612283e-12
3.029460886 9.010281359443948e-12
3.030812117 4.91966976232802e-12
3.032163348 6.32991449865139e-13
3.03351458 4.2518859714523375e-12
3.034865811 1.7124967988360771e-12
3.036217043 9.283928198294405e-13
3.0375682740000003 3.3398789555529116e-13
3.038919506 1.7889865825135918e-12
3.0402707369999997 1.3116010291351435e-13
3.041621968 9.81946143153901e-13
3.0429732 1.015226682915485e-11
3.044324431 9.058701809748174e-12
3.045675663 2.7727262278380996e-13
3.047026894 1.6571984290684801e-12
3.0483781260000002 6.479096549782973e-12
3.0497293570000004 4.552947898168247e-12
3.051080589 6.421690748672293e-12
3.05243182 1.270397088416462e-11
3.053783051 3.3435127516455145e-13
3.0551342829999997 4.614945714764435e-12
3.056485514 1.088943505323201e-11
3.057836746 8.697995569934207e-12
3.059187977 7.576078062555593e-12
3.060539209 4.4165099202024244e-12
3.06189044 2.896646166087024e-12
3.063241671 6.4365768021143954e-12
3.0645929030000003 1.6202952914313393e-11
3.065944134 1.684396710486899e-11
3.0672953659999997 8.049258034543412e-12
3.068646597 1.5525935051693022e-12
3.069997829 9.227314852888997e-13
3.07134906 1.4518788736999373e-12
3.072700292 3.6508633453738594e-14
3.074051523 9.434802837906076e-13
3.075402754 1.034389694693483e-12
3.0767539860000004 1.8192205101364113e-12
3.0781052169999996 3.653093646647412e-12
3.079456449 3.662212308269191e-12
3.08080768 2.0251446363257737e-12
3.0821589119999997 2.9075002443103824e-12
3.083510143 3.1396715032607934e-12
3.084861374 3.309444576698415e-14
3.086212606 1.0182069497251991e-12
3.0875638370000003 2.154628226912679e-12
3.088915069 7.27201970006101e-12
3.0902662999999997 4.885406972136868e-12
3.0916175320000003 2.2298583826723997e-12
3.092968763 4.276917367215781e-12
3.0943199949999998 1.6504884360942008e-12
3.095671226 1.4998777130123905e-14
3.097022457 8.983714820865035e-16
3.098373689 4.2591087065055396e-15
3.0997249200000003 4.0037514175519214e-13
3.101076152 2.482998479175728e-14
3.102427383 2.003320350324987e-14
3.103778615 5.910960401385325e-14
3.1051298459999996 3.8645846318276376e-13
3.106481078 7.885137215411449e-13
3.107832309 5.669439767532489e-13
3.10918354 3.1158517240103586e-13
3.110534772 5.354379802727006e-15
3.111886003 4.761632469508879e-16
3.113237235 1.6989850022665663e-13
3.1145884660000003 7.577345107306519e-14
3.115939698 4.2120172199516556e-14
3.1172909289999997 1.929316912635852e-14
3.11864216 5.239081064044629e-14
3.119993392 1.9469922677252902e-14
3.121344623 5.6649456235288664e-14
3.122695855 5.697537094494354e-14
3.124047086 7.516197473984914e-17
3.1253983180000002 8.76303166740348e-15
3.126749549 3.7120341301215887e-13
3.128100781 2.0661145072697565e-12
3.1294520120000002 1.466795306279725e-12
3.130803243 2.873079849729319e-12
3.1321544749999997 8.027822324993699e-12
3.133505706 7.772884491145399e-12
3.134856938 5.46043493004515e-12
3.136208169 1.7246047757774965e-12
3.137559401 1.2056371021854906e-12
3.138910632 1.1492095411588626e-12
3.140261863 6.243529146915243e-13
3.1416130950000003 5.507471755270473e-13
3.142964326 3.829908569559694e-13
3.1443155579999997 2.6612268761516968e-14
3.145666789 4.6770077267565786e-12
3.147018021 4.2331777029602236e-12
3.148369252 2.1607593140254897e-12
3.149720484 3.3652222761058607e-12
3.151071715 8.159720271970117e-12
3.152422946 1.2727888748406796e-11
3.153774178 2.522442400186353e-12
3.155125409 2.3916641244194206e-14
3.1564766410000002 2.30197722267711e-14
3.157827872 6.451376169777119e-12
3.1591791039999997 2.357088511715962e-11
3.160530335 2.252706787611397e-11
3.161881566 9.342345972304283e-12
3.163232798 3.6666027400036925e-12
3.1645840290000002 9.478687835776418e-13
3.165935261 1.0222999559405126e-12
3.167286492 8.904082562035036e-13
3.1686377240000003 6.424350640756256e-14
3.169988955 3.134194055423834e-14
3.1713401869999998 8.487524775028043e-16
3.172691418 5.3944537161199424e-17
3.174042649 3.726097039575004e-15
3.1753938809999998 1.1739091069282605e-14
3.176745112 6.552906200952903e-15
3.178096344 1.2131613105170791e-15
3.179447575 8.813669022998031e-17
3.180798807 8.049387026048672e-17
3.182150038 2.933936878834073e-14
3.1835012700000003 8.107054722626967e-14
3.184852501 8.31127054681933e-14
3.186203732 5.851286653550583e-14
3.187554964 5.1591574639479356e-14
3.188906195 4.0985057088838496e-14
3.190257427 3.1162567542530443e-14
3.1916086580000003 2.850361733482094e-16
3.19295989 3.1936132634491867e-14
3.194311121 7.536188035023425e-14
3.195662352 1.6134486996476043e-13
3.197013584 9.107971024682236e-13
3.1983648149999997 1.2300281270663397e-12
3.199716047 3.3636231676761225e-13
3.201067278 1.6179341936543054e-13
3.2024185099999998 1.081154934283596e-12
3.203769741 4.069863682688995e-13
3.205120973 2.060491757197681e-13
3.206472204 9.928957745115465e-13
3.207823435 6.110238109987993e-13
3.209174667 1.315404618181321e-13
3.2105258979999998 6.20010097720348e-14
3.21187713 1.5378272778320117e-13
3.213228361 2.476785438319433e-13
3.214579593 3.3480088809345e-12
3.215930824 9.668584911442118e-12
3.217282055 1.2312291898055504e-11
3.2186332870000003 7.218044149491443e-12
3.2199845180000004 4.2902331730255875e-14
3.22133575 1.4523171313168863e-14
3.222686981 2.6247253459435524e-14
3.2240382129999996 6.38556268958663e-13
3.2253894439999997 1.540220912926971e-14
3.226740676 1.2071900773725154e-12
3.228091907 8.142940900228532e-13
3.229443138 2.2126524029130273e-14
3.23079437 5.0452549141312744e-15
3.232145601 1.0509551533253801e-13
3.2334968330000002 1.1322026051236947e-13
3.234848064 8.126368776601045e-13
3.2361992959999997 1.4510796869593344e-12
3.237550527 9.381856489167442e-13
3.238901759 1.6454773128337237e-13
3.24025299 9.244908894620566e-13
3.2416042210000002 1.563352464161429e-13
3.242955453 3.1260909930425865e-12
3.244306684 1.3040085171613943e-12
3.2456579160000003 7.306524584275499e-15
3.2470091470000004 5.432755937506337e-14
3.248360379 8.037299979747798e-13
3.24971161 1.8521304138818952e-12
3.251062841 6.903155222835225e-12
3.2524140729999997 1.8189682460474976e-11
3.253765304 3.084152987288127e-11
3.255116536 6.916211491723051e-12
3.256467767 2.3956500478501166e-12
3.257818999 2.7538970674464796e-12
3.25917023 1.584420115380156e-11
3.2605214620000003 1.0892892029104639e-11
3.261872693 2.857363614897343e-11
3.263223924 2.5721701829021215e-11
3.264575156 1.4026607482514612e-11
3.265926387 1.303298464160921e-11
3.267277619 9.8826483738561e-12
3.2686288500000003 3.3032909104883273e-12
3.269980082 4.602789450689189e-12
3.271331313 4.076027587239551e-12
3.272682544 3.680351570953298e-12
3.274033776 3.757570071806757e-12
3.2753850069999997 1.3082672055966923e-12
3.276736239 1.9869403072157276e-13
3.27808747 1.4673356366592175e-12
3.2794387019999998 7.30974337060693e-12
3.280789933 3.8975380452668625e-12
3.282141165 4.516305434454429e-12
3.283492396 8.520891071507771e-13
3.2848436270000003 1.6947400190516605e-14
3.286194859 6.345121164082475e-13
3.2875460899999998 1.7310756702117617e-15
3.288897322 2.1292750750024586e-14
3.290248553 2.2778469353634435e-14
3.291599785 2.3223179545549253e-15
3.292951016 1.7708863502379312e-15
3.294302247 5.4502797504468825e-15
3.2956534790000003 7.129312026976308e-14
3.29700471 1.5931254254447098e-12
3.298355942 1.835109287452477e-12
3.299707173 5.475762484715634e-14
3.301058405 4.973429037834929e-14
3.3024096359999997 1.3807274766935556e-12
3.303760868 3.537701123089971e-13
3.305112099 1.0070299726951666e-14
3.30646333 7.483240264547806e-13
3.307814562 4.089627105428154e-12
3.309165793 8.152813544695087e-12
3.3105170250000002 7.0268711613967965e-12
3.3118682560000003 5.588585150902272e-12
3.313219488 5.6731228358534235e-12
3.3145707189999998 8.722845525495641e-13
3.315921951 2.31002644342577e-12
3.317273182 3.1683772836084976e-13
3.318624413 2.4552827692241437e-13
3.319975645 6.476699380764185e-13
3.321326876 7.355985374447115e-14
3.322678108 4.34444304673137e-15
3.324029339 1.3488861161563738e-14
3.325380571 1.1631238247217286e-13
3.326731802 8.153919768655637e-14
3.328083033 8.193153972378077e-14
3.3294342649999997 2.521757610790007e-13
3.330785496 2.45227459919915e-13
3.332136728 2.3687485117175026e-13
3.333487959 2.921696946162477e-13
3.334839191 4.226607253873618e-13
3.336190422 1.801555704848519e-12
3.3375416540000002 8.847252241775891e-13
3.3388928850000004 2.0826922032796267e-14
3.340244116 5.726692695340473e-14
3.341595348 7.016574683092453e-13
3.342946579 2.2862353646556335e-13
3.344297811 2.1108493539023058e-13
3.345649042 5.546806014911891e-13
3.347000274 5.1864743185050907e-14
3.348351505 6.57558243478472e-14
3.3497027360000002 3.6522485426576755e-14
3.351053968 3.477698185297615e-14
3.3524051989999997 3.0721619225941223e-14
3.353756431 3.541322832268742e-14
3.355107662 3.155355581769137e-14
3.3564588939999997 3.660062307797778e-14
3.357810125 4.407341981786472e-13
3.359161357 3.030408285938303e-13
3.360512588 1.026950407391111e-13
3.3618638190000003 9.435781278424779e-14
3.363215051 1.7946545669796288e-13
3.3645662819999997 6.994584659863438e-13
3.3659175140000004 7.953944595386268e-13
3.367268745 9.86580371809155e-14
3.368619977 5.266730549731546e-14
3.369971208 1.8206599281599054e-13
3.371322439 1.0409844745015915e-13
3.372673671 1.7846188493612909e-13
3.374024902 2.5285749691602815e-13
3.375376134 1.733218711326028e-12
3.3767273650000003 1.408775251254468e-12
3.378078597 1.7992250100343995e-12
3.3794298279999997 1.1883994332225995e-13
3.38078106 6.744264455988941e-15
3.382132291 1.0273380275476466e-12
3.383483522 2.3998226264993356e-12
3.384834754 2.2693983934827513e-12
3.386185985 1.4211244753747694e-12
3.387537217 3.4805700707969223e-15
3.3888884480000003 7.674448550261413e-16
3.39023968 3.092216034672419e-14
3.3915909109999998 1.48673292617459e-13
3.3929421430000004 1.9395508308395608e-13
3.3942933739999996 1.174929865141121e-12
3.3956446049999998 7.224283836030632e-13
3.396995837 2.0068420221635423e-14
3.398347068 5.724832763911803e-13
3.3996983 5.808454693540232e-12
3.401049531 3.8708401933994855e-12
3.402400763 2.293499821744249e-12
3.4037519940000003 1.1294953792178185e-12
3.405103225 9.681367848374775e-12
3.4064544569999997 1.5719702438896803e-11
3.407805688 1.556773513989185e-11
3.40915692 1.0184555875688973e-11
3.410508151 3.09595957165184e-12
3.411859383 6.630682536635836e-12
3.413210614 9.20238970536255e-12
3.4145618460000002 4.313681016696382e-12
3.4159130770000004 1.0364304487739676e-12
3.4172643079999996 2.4550557890125494e-14
3.41861554 8.167952397507017e-13
3.419966771 6.778003851176085e-12
3.4213180029999997 9.344020370994157e-12
3.422669234 3.5108512677645798e-12
3.424020466 2.92832605536412e-13
3.425371697 9.800305300484598e-14
3.4267229280000002 8.887833156121183e-13
3.42807416 1.9469908187517374e-12
3.429425391 1.4440807466341852e-12
3.4307766230000003 2.4815298069432027e-12
3.432127854 3.974400775936089e-12
3.4334790859999997 4.737606095737262e-12
3.434830317 5.276569647222143e-12
3.436181549 8.023290210003657e-12
3.43753278 7.691709337941558e-12
3.4388840110000003 7.390919725886783e-12
3.440235243 1.665242717409926e-11
3.441586474 1.369457859128663e-11
3.4429377060000004 2.0722551692290694e-12
3.4442889369999996 1.626985725677302e-11
3.445640169 1.8857576964376453e-11
3.4469914 4.116838917926721e-12
3.448342631 3.018765874766561e-14
3.449693863 2.3712144605441152e-14
3.451045094 1.9889169599602372e-14
3.452396326 1.514261733767694e-13
3.4537475570000002 1.7793749562314617e-12
3.455098789 3.6535222125527615e-12
3.45645002 7.06254737253745e-12
3.4578012520000003 7.732957642086158e-13
3.459152483 1.0963525682288573e-14
3.460503714 1.282268567202627e-13
3.461854946 3.338386183377309e-12
3.463206177 1.7899107554050486e-12
3.464557409 9.378287877989638e-13
3.4659086400000003 3.1171386367939517e-13
3.467259872 1.3573928082635015e-14
3.468611103 1.7469750272682417e-14
3.469962335 1.0743470588094653e-12
3.4713135659999996 3.2424494829089908e-12
3.4726647969999997 1.4431216330286516e-14
3.474016029 1.7007868258669325e-14
3.47536726 1.0199166329607053e-13
3.476718492 6.408686864837184e-12
3.478069723 1.1010932123943694e-11
3.479420955 5.142457672100718e-12
3.4807721860000003 1.6708857119723683e-12
3.482123417 1.1615637854029347e-12
3.483474649 2.7779918948236268e-12
3.48482588 2.07856744214128e-12
3.486177112 2.0001862227781594e-12
3.487528343 3.737461005904772e-12
3.488879575 5.805383732513895e-12
3.490230806 1.106688233064958e-11
3.491582038 1.071832072934997e-11
3.492933269 6.33736959056076e-12
3.4942845 8.803377376240094e-12
3.495635732 1.5852256328912944e-11
3.496986963 1.4781158159173227e-11
3.4983381949999997 8.934966672839448e-12
3.4996894259999998 7.299603993419543e-12
3.501040658 5.743035355802382e-12
3.502391889 1.8628559456163105e-13
3.50374312 5.980193243202804e-15
3.505094352 1.5437683987356795e-13
3.506445583 2.1011622808352394e-12
3.5077968150000003 4.293509878528585e-12
3.509148046 9.45324002989671e-13
3.5104992779999997 2.606812504489532e-14
3.511850509 2.972875892115452e-12
3.513201741 1.0610309919869937e-11
3.514552972 3.99315502184274e-12
3.515904203 4.026377018753982e-13
3.517255435 1.6822462162177607e-12
3.518606666 6.152450729470501e-12
3.519957898 7.358810389271554e-12
3.521309129 5.499874348172387e-12
3.5226603610000002 5.210676378375363e-12
3.524011592 9.113276358866099e-12
3.5253628239999997 6.1968147994464595e-12
3.526714055 3.8680703882824805e-12
3.528065286 2.885265604213818e-14
3.529416518 3.312949715663165e-14
3.5307677490000002 1.7382250611350144e-12
3.532118981 4.406599584448018e-12
3.533470212 2.332809033229011e-12
3.5348214440000003 4.60483646230292e-14
3.536172675 8.04168050168872e-13
3.537523906 2.4661858526090363e-12
3.538875138 9.08718118213482e-13
3.540226369 2.268047852067575e-13
3.5415776009999997 2.7969058254992613e-15
3.542928832 1.0674583805893725e-15
3.544280064 6.011912932921764e-16
3.545631295 6.014300043030395e-16
3.546982527 1.6827122468357395e-15
3.548333758 2.2482471114642893e-13
3.5496849889999997 2.2957242573680498e-12
3.551036221 1.3185707975964245e-12
3.552387452 1.3112606635317287e-14
3.553738684 5.968296304247282e-13
3.555089915 1.5162641929598152e-14
3.556441147 2.0014941151082352e-14
3.5577923780000003 2.7415447849172047e-13
3.5591436090000004 6.8975434423755335e-12
3.560494841 5.646787015552375e-12
3.561846072 1.918215781186473e-12
3.563197304 5.848673817776251e-12
3.5645485349999997 7.644545695507441e-12
3.565899767 7.573512104643541e-12
3.567250998 7.51119097560205e-12
3.5686022299999998 3.6066087812540925e-13
3.569953461 1.7182819411174778e-13
3.571304692 1.6906959025564146e-13
3.572655924 2.8645498857255817e-13
3.574007155 3.8667819133787074e-12
3.575358387 6.35984700493059e-14
3.5767096179999998 4.2233585454063565e-14
3.57806085 4.5179995433307825e-14
3.579412081 5.07803918789092e-13
3.580763312 1.2413801760123105e-12
3.582114544 1.5062723031905144e-11
3.583465775 1.569946967007826e-11
3.5848170070000003 9.733363271094984e-12
3.5861682380000004 7.340977488940885e-12
3.58751947 5.671462674459857e-12
3.588870701 4.987819032598764e-12
3.5902219329999996 1.7824476874175537e-11
3.5915731639999997 1.6085043036481506e-11
3.592924395 1.6215358278989395e-11
3.594275627 8.202118661091085e-12
3.595626858 7.035250458311783e-12
3.59697809 3.510742982887739e-11
3.598329321 3.725869051545098e-11
3.5996805530000002 2.643768458206231e-11
3.601031784 1.265456111680415e-11
3.602383016 2.5818401352461493e-11
3.603734247 3.112478425974185e-11
3.605085478 1.4307298643850159e-11
3.60643671 6.299421623636601e-12
3.607787941 2.2704398661850646e-11
3.609139173 4.975932329010491e-11
3.610490404 9.9135460780433e-12
3.6118416360000003 1.0282835831160773e-13
3.6131928670000004 2.2559013955992354e-11
3.6145440979999997 2.250104866524085e-11
3.61589533 1.9309724005496562e-12
3.617246561 4.666906235956018e-13
3.6185977929999997 1.513230980762143e-11
3.619949024 4.5062217677549123e-13
3.621300256 1.483130691555551e-12
3.622651487 3.355627957217627e-11
3.624002719 5.7331128080838574e-11
3.62535395 3.008060406639548e-11
3.6267051809999997 3.2093869672935804e-11
3.628056413 3.422994400036584e-11
3.629407644 9.453484805460923e-12
3.630758876 2.647907411358282e-11
3.632110107 5.887933445970041e-11
3.633461339 6.55658101570405e-11
3.6348125700000002 6.111689451532209e-11
3.6361638010000004 5.598585013999157e-11
3.637515033 4.98996186939773e-11
3.638866264 4.118643830328686e-11
3.640217496 3.0794908274295024e-11
3.6415687269999997 5.091761215134723e-11
3.642919959 8.733788876142326e-11
3.64427119 8.319289510202032e-11
3.6456224219999998 4.6460826574009395e-12
3.646973653 1.9712262883009173e-13
3.648324884 1.4816135299182548e-13
3.649676116 1.2671253543249107e-11
3.6510273470000003 3.891652383197378e-11
3.652378579 5.401010236178017e-11
3.6537298099999997 7.74870134756179e-11
3.655081042 1.199555045656465e-10
3.656432273 1.129869570015933e-10
3.657783504 7.303500605657596e-11
3.659134736 4.1760099782754615e-11
3.660485967 2.5003483689835736e-11
3.6618371990000003 8.354956852220394e-11
3.66318843 6.787628620313571e-11
3.664539662 1.1499915784571363e-10
3.665890893 1.065032124379986e-10
3.667242125 2.007013975984866e-10
3.6685933559999997 3.07993353912682e-10
3.669944587 2.9720534034776873e-10
3.671295819 2.375490958495555e-10
3.67264705 1.441964979835466e-10
3.673998282 8.127483498531592e-11
3.675349513 2.6205080416083528e-11
3.676700745 8.981938930741543e-11
3.6780519760000003 1.2901532618192404e-10
3.679403208 2.907591107173364e-10
3.6807544389999998 4.678015532995492e-10
3.68210567 4.70759022071742e-10
3.683456902 2.3133802117906166e-10
3.684808133 1.0132414204361067e-10
3.686159365 1.3391327080646113e-10
3.687510596 5.3621207523945845e-11
3.688861828 3.819742213123623e-13
3.690213059 4.052230213132504e-13
3.6915642899999996 6.505132129126218e-13
3.692915522 1.1171418034329048e-10
3.694266753 1.6101513576660764e-10
3.6956179849999997 2.2601304732152567e-11
3.696969216 6.163058481984658e-13
3.698320448 1.6974294804549735e-12
3.699671679 1.9138985956858446e-10
3.701022911 4.840530660660256e-10
3.702374142 3.507951091342855e-10
3.703725373 1.9143260137476907e-10
3.7050766050000004 1.3677624873177598e-10
3.706427836 1.5464877080655942e-10
3.707779068 1.3358964017712372e-10
3.709130299 5.716874954348202e-10
3.710481531 1.0358505634868906e-09
3.711832762 1.3188469170905407e-09
3.713183993 1.1933344000742957e-09
3.714535225 5.917295212503624e-10
3.7158864560000002 4.7783601462947915e-11
3.717237688 3.5949034906469464e-12
3.7185889189999997 1.7272948858864915e-12
3.719940151 1.83865678343222e-12
3.721291382 7.621339280932423e-12
3.7226426139999997 1.543440544101484e-10
3.723993845 4.813579886592301e-10
3.725345076 1.1235541248822295e-09
3.726696308 4.417183079647218e-10
3.7280475390000003 1.259023251749268e-11
3.729398771 1.4857604212993523e-10
3.730750002 2.8015871052425983e-09
3.7321012340000004 3.76132378759451e-09
3.733452465 3.1511093528656135e-09
3.7348036959999997 2.147292736278922e-09
3.736154928 1.8863024311743585e-09
3.737506159 1.9288996459292144e-09
3.738857391 2.0386809225849905e-09
3.740208622 2.2435204905458205e-09
3.741559854 2.023941256537784e-09
3.7429110850000002 2.613450985448531e-09
3.744262317 2.992184703608576e-09
3.7456135479999997 2.8810008762369536e-09
3.746964779 4.680317994404314e-09
3.748316011 7.428916330278663e-09
3.749667242 6.3738903402595425e-09
3.751018474 3.3611557410068137e-09
3.752369705 4.185424901599623e-09
3.753720937 7.222797853348733e-09
3.7550721680000003 7.568276378841497e-09
3.7564234 4.279943543456334e-09
3.757774631 1.0373778963447062e-08
3.759125862 1.0828494857131694e-08
3.7604770939999996 5.246309521003114e-09
3.7618283249999998 3.441002350910621e-09
3.763179557 7.064665458461361e-11
3.764530788 2.97480568626926e-10
3.76588202 7.86149868869786e-09
3.767233251 1.2021136463747762e-08
3.768584482 1.168281083972249e-08
3.7699357140000003 8.378298078698287e-09
3.771286945 3.7549649953607145e-09
3.7726381769999997 1.3428218476315417e-10
3.773989408 1.4297182832026468e-10
3.77534064 4.831511126421104e-09
3.776691871 9.008385420458601e-09
3.778043103 3.407507494765988e-09
3.779394334 3.2443401305312526e-10
3.780745565 3.715207272200119e-09
3.7820967970000003 1.0362363104832277e-08
3.7834480279999996 1.944990420336347e-08
3.7847992599999998 1.7134640616486188e-08
3.786150491 1.7906784589060973e-08
3.7875017229999997 1.544903869480992e-08
3.7888529539999998 1.6021328738842743e-08
3.790204185 1.1622311622939063e-08
3.791555417 1.1451112043605187e-08
3.792906648 1.2225142227406387e-08
3.79425788 1.7811261397049993e-08
3.795609111 5.4537750250888527e-08
3.7969603430000003 5.499112376339664e-08
3.798311574 3.9045419378375766e-08
3.7996628059999997 2.844229683330705e-08
3.801014037 2.134588877544649e-08
3.802365268 1.5238303180989975e-08
3.8037165 1.475343542482071e-08
3.8050677310000003 3.3686701328355846e-08
3.806418963 7.968556235014811e-08
3.807770194 1.178523417956061e-07
3.8091214260000004 8.555658826901288e-08
3.8104726569999996 3.256254364504069e-10
3.811823889 1.0858905108093742e-10
3.81317512 7.823748076519857e-10
3.814526351 4.433837002748527e-09
3.815877583 7.550798828046867e-09
3.817228814 2.108266502362737e-08
3.818580046 8.982126142985654e-08
3.8199312770000002 4.860323767516946e-08
3.821282509 5.0828102171092254e-08
3.82263374 6.208512765176332e-08
3.823984971 7.885459768073048e-08
3.825336203 5.4345809067852505e-08
3.826687434 4.7919417973727235e-09
3.828038666 2.4606569961328e-10
3.829389897 3.338974625539742e-10
3.830741129 2.357761626868033e-09
3.8320923600000003 3.3490450974390414e-08
3.833443592 1.4029601650676961e-09
3.834794823 3.5608483503817e-10
3.836146054 3.840435521941907e-10
3.8374972859999996 4.1438436233207816e-10
3.8388485169999997 4.47718591427622e-10
3.840199749 8.952614648418226e-08
3.84155098 3.653746744786159e-07
3.842902212 5.200171969106597e-07
3.844253443 6.02111085683486e-07
3.845604674 4.812816499842166e-07
3.8469559060000003 3.4311316297871755e-07
3.848307137 2.1321056788171358e-07
3.849658369 6.12541810927431e-08
3.8510096 1.081162450840841e-07
3.852360832 3.128735943090727e-07
3.853712063 4.432563138438686e-07
3.855063295 3.790826635166486e-07
3.856414526 3.03446370908952e-07
3.857765757 3.9479519538888755e-07
3.859116989 5.82966058684461e-07
3.86046822 8.432265959997138e-07
3.861819452 1.4731681023740244e-06
3.863170683 1.546655602107155e-06
3.8645219149999996 2.064469411972421e-06
3.8658731459999998 2.8011910508285375e-06
3.867224377 3.0164002110052284e-06
3.868575609 2.652125995926242e-06
3.86992684 2.444478723177646e-06
3.871278072 2.1049589582839874e-06
3.872629303 1.222944718228868e-06
3.8739805350000003 6.983578976111352e-07
3.875331766 2.138947616995202e-06
3.876682998 4.223788536849953e-06
3.878034229 2.6427391369188882e-06
3.87938546 1.5329469125882463e-06
3.880736692 1.923211767930658e-06
3.882087923 3.1079973047878902e-06
3.883439155 2.9380154236292885e-06
3.884790386 1.6435640611759376e-06
3.886141618 6.184740701799743e-07
3.887492849 2.758342689824703e-07
3.8888440810000002 1.1112950060045296e-08
3.890195312 4.025448695519785e-09
3.891546543 5.254842183382599e-08
3.892897775 1.6594378356336762e-06
3.894249006 2.338332513731551e-06
3.895600238 1.5218888461239522e-06
3.8969514690000002 2.4958274867863587e-07
3.898302701 5.839024340157088e-09
3.899653932 7.131502586056943e-07
3.9010051629999998 1.2242156507127372e-06
3.902356395 1.8396431192266365e-06
3.903707626 3.742588087486643e-06
3.905058858 4.5867873589051275e-06
3.906410089 3.5629866488214825e-06
3.9077613209999997 2.2599260892382253e-06
3.909112552 1.2870033305612647e-06
3.910463784 6.79620101937869e-07
3.911815015 6.567582064506926e-07
3.913166246 2.7905525503391813e-06
3.914517478 6.734433511525248e-06
3.9158687089999997 8.362601204442025e-06
3.917219941 4.824400407346904e-06
3.918571172 7.708596621845432e-07
3.919922404 6.500080471626757e-07
3.921273635 1.4650841532254582e-08
3.922624866 5.2356180436220425e-09
3.9239760980000002 8.751876283570817e-08
3.9253273290000004 1.770373202531455e-06
3.926678561 1.2573778830552456e-06
3.928029792 1.7973115660863557e-07
3.929381024 7.70715559131195e-09
3.9307322549999997 7.174104868196173e-07
3.932083487 1.0334464654516808e-06
3.933434718 1.3665406244980142e-06
3.934785949 1.0571818926796213e-06
3.936137181 9.285800941735236e-07
3.937488412 4.5884028384072453e-07
3.938839644 2.8537409231775393e-08
3.940190875 5.413482113516792e-09
3.941542107 5.421054109580418e-09
3.9428933379999997 7.709970403526249e-09
3.944244569 1.055089800748817e-07
3.945595801 5.553202240930381e-09
3.946947032 1.7865264372638926e-07
3.948298264 9.349147385552599e-07
3.949649495 1.384803533211766e-06
3.9510007270000003 1.3727503050492396e-06
3.9523519580000004 5.989856657306864e-08
3.95370319 4.11924292078263e-08
3.955054421 2.342878526950839e-06
3.956405652 2.949311741285285e-06
3.9577568839999997 1.056924252000066e-06
3.959108115 6.5457801813187675e-09
3.960459347 5.254605649311349e-08
3.961810578 5.372151363109975e-07
3.96316181 1.0167698358544503e-06
3.964513041 3.5080774011898264e-06
3.965864273 3.877032507067285e-06
3.967215504 5.69751427320692e-06
3.968566735 5.1592797557030325e-06
3.9699179669999998 2.53788051620008e-06
3.971269198 4.971412447120005e-07
3.97262043 9.711513350430018e-07
3.973971661 2.106716104907996e-06
3.975322893 2.435118474958911e-06
3.976674124 2.091511608872573e-06
3.978025355 1.217505708304158e-06
3.9793765870000004 4.012668861002125e-06
3.9807278179999996 5.403436060898905e-06
3.98207905 6.2892323070589385e-06
3.983430281 6.901380076911188e-06
3.9847815129999997 6.440757746424833e-06
3.986132744 4.259245415998555e-06
3.987483976 9.74008298662072e-07
3.988835207 1.3409775289266748e-06
3.9901864380000003 1.6553118507075932e-06
3.99153767 1.188230283117398e-06
3.9928889009999997 2.2140467097549624e-06
3.994240133 2.595025287373243e-06
3.995591364 5.208786367692465e-07
3.996942596 1.0949809359995219e-08
3.998293827 6.663464049307557e-08
3.999645058 9.327113415813751e-07
4.00099629 1.38454227451941e-06
4.002347521 2.883132514850416e-07
4.003698753 8.023839556642878e-09
4.005049984 1.8694587267776885e-06
4.006401216 2.07642949451071e-06
4.007752447 2.128131456517102e-06
4.009103679 2.4711056035405794e-06
4.01045491 2.918538004309712e-06
4.011806141 5.0137334572920134e-06
4.013157373 4.8666013585763155e-06
4.014508604 1.4006417811244846e-06
4.015859836 6.368568556794172e-09
4.017211067 5.50186603705946e-09
4.018562299 5.506170873545646e-09
4.01991353 5.50965738454798e-09
4.021264761 3.8071911656998366e-08
4.022615993 1.4516283928132957e-06
4.023967224 2.0288819475200473e-06
4.025318456 2.7333665967247437e-06
4.026669687 3.2868630970147626e-06
4.028020919 3.788531689788284e-06
4.02937215 6.290503431795783e-06
4.030723382 5.906239924588547e-06
4.032074613 2.5049866872503616e-06
4.033425844 2.566966221059842e-07
4.034777076 6.444152561088332e-09
4.036128307 3.291568258784869e-07
4.037479539 5.094487783101377e-07
4.03883077 1.7748133600495774e-06
4.040182002 2.7845585913863608e-06
4.041533233 7.436800358697461e-07
4.042884465 5.803414080011082e-07
4.044235696 3.83604695905098e-06
4.0455869269999996 5.687428316448513e-06
4.046938159 6.304755467689296e-06
4.04828939 6.646663621607144e-06
4.049640622 6.051971847400072e-06
4.050991853 4.928046542903175e-06
4.052343085 4.034556456292999e-06
4.053694316 4.709977026999714e-06
4.055045547 5.41234395575787e-06
4.056396779 3.886175246209649e-06
4.05774801 2.6317425724312257e-06
4.059099241999999 2.9034821073238103e-06
4.0604504729999995 4.41820810469217e-06
4.061801705 6.060984956527812e-06
4.063152936 7.400243861368157e-06
4.064504168 6.950874799554415e-06
4.065855399 4.315192128427555e-06
4.06720663 2.847357254179636e-06
4.0685578620000005 4.334047385299428e-06
4.069909093000001 5.436863649733359e-06
4.071260325 3.275224757053609e-06
4.072611556 1.9835033512670014e-06
4.073962788 2.278887492914814e-06
4.075314019 1.7694115951433315e-06
4.07666525 9.205449509030037e-07
4.078016482 6.973938900377033e-07
4.079367713 1.9500357670816207e-06
4.080718945 3.326828420989258e-06
4.082070176 3.4471247911428494e-06
4.083421408 4.930156403392078e-06
4.084772639 5.98747658714718e-06
4.086123871 5.985385296973802e-06
4.087475102 4.670658930831568e-06
4.088826333 3.6418991827713014e-06
4.090177565 3.2592283673032888e-06
4.091528796 2.9893133489525623e-06
4.092880028 2.2916081928870505e-06
4.094231259 5.004504420757544e-07
4.095582491 1.6834615797371344e-06
4.096933722 1.4958626437942684e-06
4.098284953 7.77523077085466e-07
4.0996361850000005 1.4836584620375587e-06
4.100987416 2.225660715094119e-06
4.102338648 2.1450083245939695e-06
4.103689878999999 3.3735937177747126e-07
4.105041110999999 8.48555674103638e-07
4.106392342 2.671615676676406e-06
4.107743574 4.518833066009726e-06
4.109094805 4.4035375318605145e-06
4.110446036 2.077470110627276e-06
4.111797268 7.149179757197603e-07
4.113148499 1.586544165274375e-06
4.1144997309999995 5.2319643235869e-06
4.115850962000001 7.963191147660063e-06
4.117202194000001 6.977292844628133e-06
4.118553425 3.621671727835227e-06
4.119904657 1.8235702347412337e-06
4.121255887999999 2.594097624350178e-06
4.122607119 5.067994411036885e-06
4.123958351000001 6.203762442024536e-06
4.125309582 5.4880651421137565e-06
4.126660814 3.5687409847752086e-06
4.128012045 1.31544577360785e-06
4.129363277 3.036863159772578e-07
4.130714508 9.795714576667778e-09
4.132065739 5.535384640165266e-09
4.133416971 5.53409179505427e-09
4.134768202 1.1280437932430717e-08
4.136119434 1.1182640623709846e-06
4.1374706649999995 2.3064987036315862e-06
4.138821897 2.189232205405735e-06
4.140173128000001 6.622661621926071e-08
4.14152436 5.526162983258969e-09
4.142875591 5.525814790695749e-09
4.144226821999999 5.5253862562484964e-09
4.145578054 4.3228638032868554e-07
4.146929285000001 2.3543092404115052e-06
4.148280517 1.2772277949405025e-06
4.149631748 9.551851085231046e-07
4.15098298 3.142028715836006e-07
4.152334211 6.409959635022166e-07
4.153685442 3.1649506722090147e-06
4.155036674 2.1851633599221606e-06
4.156387905 2.2916540170031993e-07
4.157739136999999 6.7498805241236e-09
4.159090368 6.576612313752046e-07
4.1604416 2.347116447575293e-06
4.161792831 3.605710580253691e-06
4.163144063 4.6003872124493194e-06
4.164495294 4.836220490397082e-06
4.165846525 3.7358860229371776e-06
4.167197757 2.60446587133395e-06
4.1685489879999995 3.0733275337270347e-06
4.169900220000001 2.537829082060924e-06
4.171251451 2.2300991125921508e-06
4.172602683 3.2763274838921774e-06
4.173953914 5.0726955721990665e-06
4.1753051459999995 5.598839813774656e-06
4.1766563770000005 7.04618405672553e-06
4.178007608 5.990354626158617e-06
4.17935884 5.853001257020126e-06
4.180710071 4.854250401453904e-06
4.182061303 3.5948762692614023e-06
4.183412534 3.114002227900307e-06
4.184763766 3.1866697430399884e-06
4.186114997 3.5357392504082455e-06
4.187466228 4.358116985975791e-06
4.18881746 5.363926122283295e-06
4.190168691 6.196248797224164e-06
4.1915199229999995 6.7648012986942175e-06
4.1928711540000005 7.712618394364993e-06
4.194222386000001 9.226239119301617e-06
4.195573617 9.98869211437954e-06
4.196924849 1.0421461077562441e-05
4.198276079999999 1.1324704572096116e-05
4.199627311 1.2661859492756212e-05
4.200978543 1.304756584070087e-05
4.202329774 1.29258683374523e-05
4.203681006 1.4254036265289055e-05
4.205032237 1.4925997324134085e-05
4.206383469 1.4888557341670586e-05
4.2077347 1.4192094298781383e-05
4.209085931 1.3748920397643474e-05
4.210437163 1.297045298370609e-05
4.211788394 1.1096481643927834e-05
4.213139626 1.0937296715132465e-05
4.2144908569999995 1.330431053293931e-05
4.215842089 1.4525654629593369e-05
4.217193320000001 1.573024611725039e-05
4.218544552 1.4417260611169509e-05
4.219895783 1.0289391020750517e-05
4.221247013999999 9.313625073471018e-06
4.2225982459999996 9.90613242054328e-06
4.223949477 1.2322051128501587e-05
4.225300709 1.4521678630478358e-05
4.22665194 1.337454813250953e-05
4.228003171999999 1.1111212522721285e-05
4.229354403 9.600718378133262e-06
4.2307056339999995 6.876697864257844e-06
4.232056866 4.775554406936007e-06
4.233408097000001 3.843034123051149e-06
4.234759329 3.4080870577434925e-06
4.23611056 2.8781090084359175e-06
4.237461792 2.330951525195189e-06
4.238813023 1.0266035558859693e-06
4.240164255 7.453966737168133e-07
4.241515486 7.920149337094541e-08
4.242866717 7.444511581776118e-09
4.244217949 6.021897015066448e-07
4.24556918 2.427188066520167e-06
4.246920412000001 3.7882832375845547e-06
4.248271643 2.4636909896046503e-06
4.249622875 1.5761639089201253e-06
4.250974105999999 2.543045580579521e-07
4.2523253379999995 1.6701287532418895e-08
4.2536765690000005 5.436262872464216e-09
4.2550278 5.4349948770435e-09
4.256379032 5.433714481574958e-09
4.257730263 5.432423222889547e-09
4.259081495 5.4311384753911694e-09
4.260432726 8.318129499277041e-09
4.261783958 2.261399132293362e-07
4.263135189 1.11516283623947e-06
4.26448642 1.8400975702714345e-06
4.265837652 1.7598330178599543e-06
4.267188883 5.029937751568833e-07
4.2685401149999995 8.928512746741039e-09
4.2698913460000005 5.345072446624195e-09
4.271242578000001 7.246295738741588e-09
4.272593809 2.850989587394687e-08
4.273945041 9.290885419936169e-07
4.275296271999999 4.795713133097986e-07
4.276647503 3.486704327234648e-08
4.277998735 5.243809197306412e-09
4.279349966 5.2268717839812354e-09
4.280701198 1.885359827353449e-08
4.282052429 1.1672279095695494e-07
4.283403661 3.698294748719828e-07
4.284754892 3.0590536105074783e-07
4.286106123 9.407271739658921e-09
4.287457355 5.346880257916948e-09
4.288808586 5.369915586466137e-09
4.290159818 5.390063192417669e-09
4.2915110489999995 5.388924791200952e-09
4.292862281 5.387766564090344e-09
4.294213512000001 1.9566552424662134e-08
4.295564744 1.2420106383354413e-06
4.296915975 1.8009137539912517e-06
4.298267206 3.019039301560966e-08
4.299618438 5.393936762680783e-09
4.300969669 5.392213676734472e-09
4.302320901 5.390256011407471e-09
4.303672132 1.3493247127030375e-08
4.305023363999999 1.2917239167777808e-07
4.306374595 1.4688342219265968e-06
4.3077258259999995 1.9881158055509027e-06
4.309077058 8.384370334469819e-07
4.310428289000001 5.219972612224786e-08
4.311779521 5.376276558894803e-09
4.313130752 5.374280549649701e-09
4.314481984 1.5543833983986173e-07
4.315833215 1.5091900255279931e-06
4.317184447 1.8678031746420448e-06
4.318535678 1.4780193376769322e-06
4.319886909 7.684902981185429e-07
4.321238141 4.937722894285809e-08
4.322589372 5.360318721893973e-09
4.323940604000001 5.358281400095451e-09
4.325291835 5.356238801371605e-09
4.326643067 5.354195181876064e-09
4.327994297999999 5.3521427306937035e-09
4.329345529999999 5.350081436425769e-09
4.3306967610000004 2.7304895911764743e-07
4.332047992 2.9762080817911122e-06
4.333399224 4.833606517199084e-06
4.334750455 4.58962769882165e-06
4.336101687 3.922235187944042e-06
4.337452918 2.8899280863713965e-06
4.33880415 7.827357034330255e-07
4.340155381 8.615966277391126e-09
4.341506612 5.3317021711424366e-09
4.342857844 2.3640862694320046e-08
4.344209075 8.8613188788376e-07
4.3455603069999995 4.4185805543596923e-07
4.3469115380000005 4.600595384488261e-08
4.34826277 2.5343501977981464e-07
4.349614001 2.7818383398964736e-07
4.350965233 8.04944240444672e-09
4.352316464 5.325735596215468e-09
4.353667695 5.323275655315595e-09
4.355018927 5.968368943340931e-09
4.356370158 2.3140563186137328e-07
4.35772139 3.6074942222796484e-08
4.359072621 5.313082544673629e-09
4.360423853 5.310401822947745e-09
4.361775084 5.307658627227679e-09
4.363126315000001 5.304856436403945e-09
4.364477547000001 5.301984952340168e-09
4.365828778 5.2990474638981996e-09
4.36718001 5.296058771010121e-09
4.3685312409999995 5.293020755372785e-09
4.369882473 7.373353600557315e-09
4.371233704 1.8218213859554924e-07
4.372584936 8.574565902003719e-07
4.373936167 1.819662615690775e-06
4.375287398 2.3543596790129196e-06
4.37663863 1.572685517883587e-06
4.377989861 4.083695956109867e-08
4.379341093 5.266901769468097e-09
4.380692324 5.26342641005125e-09
4.382043555999999 5.259893872063083e-09
4.383394787 5.256328757279778e-09
4.3847460179999995 5.252727468903658e-09
4.38609725 5.249110489964752e-09
4.387448481000001 5.245468209142148e-09
4.388799713 5.2418188877205345e-09
4.390150944 5.238154141976287e-09
4.391502176 5.234490198967491e-09
4.392853407 5.2308322795821535e-09
4.394204639 5.2271930501220966e-09
4.39555587 5.223569776600274e-09
4.396907101 5.220278919061231e-09
4.398258332999999 5.217164106533894e-09
4.399609564 5.2140679875855755e-09
4.400960796000001 5.2109995971222545e-09
4.402312027 5.207941572826955e-09
4.403663259 5.204917339300702e-09
4.405014489999999 5.201999828144893e-09
4.406365721999999 5.204679806461364e-09
4.407716953 5.201769268572696e-09
4.409068184 5.198925661962571e-09
4.410419416 5.196133029818221e-09
4.411770647 5.193412823296858e-09
4.413121879 5.191468563977359e-09
4.41447311 5.194056315514226e-09
4.415824342 5.191498928485387e-09
4.417175573000001 5.1889966769264205e-09
4.418526804 5.186532791348998e-09
4.419878036 5.184104189107305e-09
4.421229266999999 8.742257342827733e-08
4.4225804989999995 6.984792473875872e-07
4.4239317300000005 1.3303469032018606e-06
4.425282962 1.1044964290286683e-06
4.426634193 8.258286397206606e-07
4.427985425 1.2707243130861038e-07
4.429336656 5.174643342421944e-09
4.430687887 5.166271548532286e-09
4.432039119 2.7305677640266305e-08
4.43339035 3.474999394538993e-07
4.434741582 7.706652930031796e-09
4.436092813 5.158434119859136e-09
4.437444045 5.1565705399277094e-09
4.438795276 5.154739853266796e-09
4.440146507000001 2.4543901846586446e-07
4.441497739000001 2.173969168118226e-06
4.44284897 4.422966857803114e-06
4.444200202 4.7997386490000736e-06
4.445551432999999 3.1016603577622305e-06
4.446902665 5.133159215488888e-07
4.448253896 6.747629465591953e-09
4.449605128 5.139960710791662e-09
4.450956359 5.138046797173709e-09
4.45230759 5.136147679087023e-09
4.453658822 5.134229000845255e-09
4.455010053 5.132302813464438e-09
4.456361285 5.130373624749561e-09
4.457712516 5.1284459644917555e-09
4.459063747999999 5.1265140120655475e-09
4.460414979 5.124565812862791e-09
4.4617662110000005 5.122627271693128e-09
4.463117442 5.120686346087246e-09
4.464468673000001 5.118755944136421e-09
4.465819905 5.116797951803158e-09
4.467171136 5.114839544757537e-09
4.468522368 5.919662363209047e-08
4.469873599 1.0845604086698139e-06
4.471224831000001 7.982506111196606e-07
4.472576062 8.311780469476521e-07
4.473927293 2.23331583948871e-06
4.475278524999999 2.4979185079130826e-06
4.476629756 1.5555363019765363e-06
4.4779809880000006 2.119003270171528e-06
4.479332219 1.3654415601772074e-06
4.480683451 4.511842125808715e-07
4.482034682 2.454859590190486e-08
4.483385914 5.094805349195137e-09
4.484737145 5.09671599168184e-09
4.486088376 5.095825006866525e-09
4.487439608 5.093379978960743e-09
4.488790839 5.0909025818049145e-09
4.490142071 5.0883997873095355e-09
4.491493302 5.0858716066248635e-09
4.492844534 5.083287592641481e-09
4.494195765000001 5.080651680931706e-09
4.495546996 5.077861863951471e-09
4.496898228 5.0750405049840465e-09
4.498249458999999 5.0721470241282575e-09
4.4996006909999995 5.069206547637258e-09
4.5009519220000005 7.612850887224697e-09
4.502303154 5.867872066747848e-08
4.503654385 1.0052240111159591e-08
4.505005617 5.056892488481638e-09
4.506356848 5.053680347947181e-09
4.507708079 5.050416436232454e-09
4.509059311 5.047113589005413e-09
4.510410542 6.2204444204360056e-09
4.511761774 3.032857476739703e-07
4.513113005 1.915660078991078e-06
4.514464237 2.713905313585969e-06
4.5158154679999996 2.93534301475989e-06
4.517166699000001 3.0397134697698567e-06
4.518517931 2.959158243157578e-06
4.519869162 2.573594103434782e-06
4.521220394 4.82515504274276e-07
4.522571624999999 4.773713076708193e-08
4.523922857 5.468398025802111e-09
4.525274088 5.003951576980767e-09
4.52662532 5.000062418481652e-09
4.527976551 4.996117891605589e-09
4.529327782 4.99215383268007e-09
4.530679014 4.988179028167169e-09
4.532030245 5.359427367500727e-09
4.533381477 4.69137854073496e-08
4.534732708 2.694847154528204e-08
4.53608394 4.972161931349943e-09
4.537435171 4.968145863836668e-09
4.5387864030000005 4.964125932503568e-09
4.540137634 4.960094256373893e-09
4.541488865 4.956073642865615e-09
4.542840097 4.952046613714653e-09
4.544191328 4.947986945011455e-09
4.5455425599999995 4.943911233034277e-09
4.5468937910000005 4.93982037186702e-09
4.548245023000001 4.9357619683144344e-09
4.549596254 4.931700533757303e-09
4.550947485 4.927663231347968e-09
4.552298716999999 1.2673940163613523e-08
4.553649948 1.511061731048647e-06
4.5550011800000005 4.313828395524485e-06
4.556352411 5.514543352359525e-06
4.557703643 5.363003561964657e-06
4.559054874 3.9530461222200375e-06
4.560406106 2.2376688434001747e-06
4.561757337 9.16451671790089e-07
4.563108568 2.005638871565293e-08
4.5644598 4.894163845809543e-09
4.565811031 4.890432865032691e-09
4.567162263 4.886716149625187e-09
4.568513493999999 4.8829998407720986e-09
4.569864726 4.879337148802274e-09
4.571215957000001 4.8768830312757225e-09
4.572567188 4.877593464987119e-09
4.57391842 4.8739455404386345e-09
4.575269650999999 1.2823074921237315e-07
4.5766208829999995 1.6419506236005653e-06
4.5779721140000005 6.9225983302483095e-06
4.579323346 7.623330451802513e-06
4.580674577 6.968283323958085e-06
4.582025809 6.748241692336036e-06
4.58337704 8.023602231275058e-06
4.584728271 8.90228319005683e-06
4.586079503 9.261470914227323e-06
4.587430734 6.463153499342717e-06
4.588781966 3.526587765795345e-07
4.590133197 4.8303835887148865e-09
4.591484429 4.826592800920257e-09
4.5928356599999995 4.8227661661765354e-09
4.5941868910000005 4.8189276492587114e-09
4.595538123 1.627971010948881e-08
4.596889354 1.2641256714420318e-07
4.598240586 1.354400731706476e-06
4.599591817 2.1338561392810704e-06
4.6009430490000005 3.1026978686266505e-06
4.60229428 6.264807314642913e-06
4.603645512 1.0012913467295264e-05
4.604996743 1.7645522893360827e-05
4.606347974 2.5965803563356544e-05
4.607699206 3.214651846431236e-05
4.609050437 3.7444893455302346e-05
4.610401669 4.11215675330467e-05
4.611752900000001 4.5609904960679645e-05
4.613104132 5.049030948011719e-05
4.614455363 5.503797844074503e-05
4.6158065950000005 5.9235502203010356e-05
4.617157826 6.457502839544426e-05
4.618509057 7.236397401548561e-05
4.619860289 8.114828540437696e-05
4.62121152 9.0808543188617e-05
4.622562751999999 0.00010073873831411996
4.6239139830000004 0.00011135305820500191
4.625265215000001 0.0001224967535516287
4.626616446 0.00013333607977489598
4.627967677 0.00014620599268118758
4.629318908999999 0.00016088352036615212
4.63067014 0.00017749153449171342
4.6320213720000005 0.00019268344344683491
4.633372603 0.000207446565898779
4.634723835 0.00022294197231678356
4.636075066 0.00024196812726872945
4.637426298 0.0002646597219699425
4.638777529 0.00029454325096475156
4.64012876 0.00033278952189640104
4.641479992 0.0003810539113532168
4.642831223 0.0004421524595443111
4.644182455 0.0005136338891541807
4.645533685999999 0.0005974491033709096
4.646884918 0.0006991127332904923
4.648236149000001 0.0008178736961382628
4.64958738 0.0009555826516005089
4.650938612 0.0011132319408659445
4.652289842999999 0.0012986010695150122
4.6536410749999995 0.0015162970754231985
4.6549923060000005 0.001772112453983417
4.656343538 0.0020734674619576608
4.657694769 0.002434684471350901
4.659046001 0.0028774279173536285
4.660397232 0.003415386421342642
4.661748463 0.004085196014917841
4.663099695 0.004910887751732897
4.664450926000001 0.005927599488091724
4.665802158 0.007236810074250487
4.667153389 0.008879854559072134
4.668504621 0.01096462253319726
4.6698558519999995 0.013695571497716075
4.6712070830000005 0.017213034992363357
4.672558315 0.021842643818369277
4.673909546 0.02800895238569969
4.675260778 0.03610219128803083
4.676612009 0.04690661614386764
4.6779632410000005 0.06103464632737695
4.679314472 0.07938673096896513
4.680665704 0.10215317978368037
4.682016935 0.12937119751936005
4.683368166 0.1615493904732901
4.684719398 0.19296731036429116
4.686070629 0.2252136295003632
4.687421861 0.25446333916803643
4.688773092 0.27563496977522695
4.690124324 0.29307237799250785
4.691475555 0.30294796788535183
4.6928267869999996 0.3082487614539591
4.694178018 0.3110809002590924
4.695529249 0.3112164254545501
4.696880481 0.31101531266212296
4.698231712 0.3108873301827929
4.699582943999999 0.31069937786773155
4.700934175 0.3106443702170257
4.702285407000001 0.3107751624586299
4.703636638 0.3108347116622312
4.704987869 0.3107391112786684
4.706339100999999 0.31020302995787014
4.707690332 0.3091464806332204
4.7090415640000005 0.30777877594094005
4.710392795 0.30585215452880693
4.711744027 0.3038630881896666
4.713095258 0.30178420840962117
4.71444649 0.3001044767039807
4.7157977209999995 0.2987902221325474
4.717148952 0.2981391589223102
4.718500184000001 0.2982172785669598
4.719851415 0.29857519219859213
4.721202647 0.298988523380881
4.722553877999999 0.29823167161957537
4.72390511 0.29654909880051117
4.725256341000001 0.2897474676289258
4.726607572 0.2797939080085084
4.727958804 0.265129724672584
4.729310035 0.2436863512810612
4.730661267 0.2202668759638308
4.7320124980000005 0.1920197086874586
4.73336373 0.16328917868833542
4.734714961 0.13650378099297444
4.736066193 0.11014939557290578
4.737417424 0.08801120897945289
4.738768654999999 0.06930936498179169
4.740119887 0.054162791507008284
4.741471118000001 0.04224383766629017
4.74282235 0.03297550049651167
4.744173581 0.025854304157145014
4.745524813 0.0203390558279484
4.7468760439999995 0.016174469033183092
4.748227276 0.012925998463948889
4.749578507 0.0104138946810031
4.750929738 0.00846697370652007
4.75228097 0.0069170088774050615
4.753632201 0.005709614542768822
4.7549834330000005 0.004740124908926465
4.756334664 0.0039560362288161045
4.757685896 0.0033295984156975077
4.759037127 0.0028125144706986765
4.760388358 0.0023913690505615805
4.76173959 0.0020440041036593527
4.763090821 0.0017520902076008018
4.764442053 0.0015100670133584922
4.765793284 0.0013055725574236858
4.767144516 0.001133310554955811
4.768495747 0.0009863524511981067
4.7698469789999995 0.0008586635748445698
4.77119821 0.0007463010543040966
4.772549441 0.0006494177636327295
4.773900673 0.0005656342586946641
4.775251904 0.0004940599080604329
4.776603135999999 0.00043258070127218334
4.777954367 0.0003805499532112089
4.779305599000001 0.0003397561422393713
4.78065683 0.00030566662094683134
4.782008061000001 0.0002790754594226065
4.783359293 0.00025494319220778933
4.784710524 0.00023305918120698345
4.7860617560000005 0.00021290321643772315
4.787412987 0.00019425216518573896
4.788764219 0.00017621861860834
4.79011545 0.00015973259081568183
4.791466682 0.00014467959949121718
4.7928179129999995 0.00013065610681298233
4.7941691440000005 0.00011736981402297023
4.795520376000001 0.00010381589051036838
4.796871607 9.277144824618142e-05
4.798222839 8.347111081300713e-05
4.799574069999999 7.715006226107377e-05
4.800925302 7.02909568609069e-05
4.802276533000001 6.186758457564239e-05
4.803627764 5.304592529976633e-05
4.804978996 4.497022034615022e-05
4.806330227 3.970266377964382e-05
4.807681459 3.525322894662675e-05
4.80903269 3.166768677151603e-05
4.810383922 2.8324039223212303e-05
4.811735153 2.5481033930907585e-05
4.813086384999999 2.2419377663516572e-05
4.814437616 1.9126119455935537e-05
4.815788846999999 1.567153265564188e-05
4.817140079 1.1994720732763134e-05
4.818491310000001 8.798219744625077e-06
4.819842542 5.33130355997172e-06
4.821193773 2.650008463111935e-06
4.822545005 1.40148394144203e-06
4.8238962359999995 5.096312752094908e-08
4.825247468 4.068511043630209e-09
4.826598699 4.06438943681196e-09
4.82794993 4.060223956025305e-09
4.829301162 4.055965455804154e-09
4.830652393 4.051601102174855e-09
4.8320036250000005 4.047133807801432e-09
4.833354856 4.042607903784265e-09
4.834706088 4.038015844713921e-09
4.836057318999999 4.033303791095045e-09
4.83740855 4.0284582527361805e-09
4.838759782 5.086554874269809e-09
4.840111013 2.0193315436867873e-07
4.841462245 2.430989734523994e-06
4.842813476 3.1362979396084464e-06
4.844164708 3.267190011776139e-06
4.845515939 3.186235670421045e-06
4.8468671709999995 2.9144971713575625e-06
4.8482184020000005 2.8390220038179333e-06
4.849569633 3.000000140895083e-06
4.850920865 3.2237031306681505e-06
4.852272096 3.4385680510025087e-06
4.853623327999999 2.7308144725650525e-06
4.854974559 1.4178148883414138e-06
4.856325791000001 3.810650270008186e-07
4.857677022 3.016402774262698e-08
4.859028253 3.9918020524412855e-09
4.860379485 9.02099408215298e-09
4.861730716 3.496128267547945e-08
4.863081948 1.924446670206156e-07
4.864433179 4.2263150649012146e-07
4.865784411 1.2124414916655717e-06
4.867135642 8.359945245670121e-07
4.868486874 2.9273563036200943e-07
4.8698381049999995 8.884655543611942e-09
4.8711893360000005 1.4624836557069268e-08
4.872540568000001 5.540080916335821e-07
4.873891799 4.131762962805346e-07
4.875243031 1.2207928225315878e-07
4.876594261999999 8.352919226638276e-09
4.8779454939999995 3.817965613753509e-09
4.879296725000001 3.807695637695915e-09
4.880647956 3.797396665343721e-09
4.881999188 3.787120885601556e-09
4.883350419 3.776868135164234e-09
4.884701651 3.7666646665642104e-09
4.8860528819999995 3.756563292849255e-09
4.887404114 3.746552712509165e-09
4.888755345 3.736625792473743e-09
4.890106576999999 3.726777623330742e-09
4.891457808 3.717031701392109e-09
4.892809038999999 3.7074286215438577e-09
4.894160271 3.697948370373394e-09
4.895511502000001 3.6885831916049744e-09
4.896862734 3.679319493729385e-09
4.898213965 3.6701876180482693e-09
4.899565197 3.6612120693827363e-09
4.900916428 3.652375501177192e-09
4.902267660000001 3.6436624064522434e-09
4.903618891 3.6350557801735155e-09
4.904970122 3.6265855377952493e-09
4.906321354 3.618242900352766e-09
4.907672585 3.610002563779455e-09
4.9090238170000005 3.6018134395350137e-09
4.910375048 3.593651010118958e-09
4.91172628 3.5855291478307816e-09
4.913077511 3.577424212232485e-09
4.914428742 3.5692973763149645e-09
4.915779974 3.561074709538981e-09
4.917131205 3.5527388924580707e-09
4.918482437 3.5442540509655726e-09
4.919833668 3.5356151973815027e-09
4.9211849 3.5267373144097035e-09
4.922536131 3.5175471282596157e-09
4.9238873629999995 3.5080058843926934e-09
4.9252385940000005 3.4980585964328227e-09
4.926589825 3.487719878627623e-09
4.927941057 3.476829964080874e-09
4.929292288 3.465375113851822e-09
4.930643519999999 3.4532526174563062e-09
4.931994751 3.4404456428767692e-09
4.933345983000001 3.426925885768456e-09
4.934697214 3.412535874252778e-09
4.936048445 3.3972920610205217e-09
4.937399677 3.3809746272142558e-09
4.938750908 3.3636785056702437e-09
4.94010214 3.345264918241101e-09
4.941453371 3.3273099647910777e-09
4.942804603 3.3084558671314977e-09
4.944155834 3.2862206650276525e-09
4.945507066 3.2627414316527646e-09
4.9468582969999995 3.2377747173592764e-09
4.9482095280000005 3.211456256762899e-09
4.949560760000001 3.183631124091576e-09
4.950911991 3.154297472039122e-09
4.952263223 3.1235382005560833e-09
4.953614453999999 3.0911860344797656e-09
4.9549656859999995 3.0574601597505974e-09
4.9563169170000005 3.022076297508079e-09
4.957668148 2.9852818713370975e-09
4.95901938 2.946994348820082e-09
4.960370611 2.9072979140864564e-09
4.961721843 2.8662954938852114e-09
4.9630730739999995 2.823858700127304e-09
4.964424306 2.7802948485898337e-09
4.965775537000001 2.7354115682006315e-09
4.967126769 2.6895605196104035e-09
4.968478 2.6426553195173913e-09
4.969829230999999 2.594831562080685e-09
4.971180463 2.546210687853086e-09
4.972531694000001 2.496793599019008e-09
4.973882926 2.446892872474598e-09
4.975234157 2.396348033403345e-09
4.976585389 2.3454874296971343e-09
4.97793662 2.2942521199053027e-09
4.979287852000001 2.2428486308280825e-09
4.980639083 2.1913767410061853e-09
4.981990314 2.139882050984019e-09
4.983341545999999 2.0885465402636862e-09
4.984692777 2.037299889954428e-09
4.986044009 1.9864258165228757e-09
4.98739524 1.9358764916269675e-09
4.988746472 1.885820629896897e-09
4.990097703 1.836271096285073e-09
4.991448934 1.7872892697204061e-09
4.992800166 1.738981678600131e-09
4.9941513969999995 1.6913455525798181e-09
4.995502629 1.644523885973953e-09
4.99685386 1.5984431268062281e-09
4.998205092 1.553204326642494e-09
4.999556323 1.5087879473473855e-09
5.0009075549999995 1.46541259594979e-09
5.0022587860000005 1.4229924814284979e-09
5.003610017 1.3814264579718729e-09
5.004961249 1.3407458339958e-09
5.006312479999999 1.3009015782594132e-09
5.007663711999999 1.2619672686873289e-09
5.009014943 1.2252175264055789e-09
5.010366175 1.1879688595850313e-09
5.011717406 1.1515576945271582e-09
5.013068637 1.1159749489310888e-09
5.014419869 1.0812211146081803e-09
5.0157711 1.0472577801822378e-09
5.017122332 1.0140988874658839e-09
5.018473563 9.816786990460224e-10
5.019824795000001 9.5002663729119e-10
5.021176026 9.190870523084327e-10
5.022527258 8.888726288210729e-10
5.0238784889999994 8.593386241930545e-10
5.0252297200000005 8.304623226108903e-10
5.026580952000001 8.022335853829546e-10
5.027932183 7.746111235795085e-10
5.029283415 2.6927537026607e-09
5.030634646 9.098436891586434e-08
5.031985878 3.3714849759743407e-07
5.033337109 3.591310600412664e-07
5.034688341 1.9033749509256528e-07
5.036039572 8.208949152665223e-08
5.037390803 3.057060488268664e-09
5.038742035 5.74199963798946e-10
5.0400932659999995 5.51536989530756e-10
5.041444498 5.294144471754107e-10
5.042795729000001 5.077793131181321e-10
5.044146961 4.866998127788257e-10
5.045498192 4.661109751051626e-10
5.046849422999999 4.460608275550813e-10
5.048200655 4.2651956176900737e-10
5.049551886000001 4.0750894200026557e-10
5.050903118 3.890302985062972e-10
5.052254349 3.710748452253428e-10
5.053605581 6.228767529263701e-10
5.054956812 1.3534202881568018e-08
5.056308044000001 7.176545094936522e-08
5.057659275 6.40669175281263e-08
5.059010506 5.9024195157037935e-08
5.060361737999999 5.5151510418312706e-08
5.061712969 6.324775269849354e-08
5.063064201 7.553332824443195e-08
5.064415432 1.1446216570380742e-07
5.065766664 1.6610664102728694e-07
5.067117895 2.0240819725148146e-07
5.068469126 2.1016836372419014e-07
5.069820358 1.6521856160935848e-07
5.0711715889999995 8.204183907872014e-08
5.072522821 2.7179338504018872e-08
5.073874052 2.119749303960905e-09
5.075225284 1.7683812399828017e-10
5.076576515 1.5515723056741798e-09
5.0779277469999995 7.117086813251836e-08
5.0792789780000005 6.56009204376456e-08
5.080630209 5.277375252923833e-08
5.081981441 2.254226100230838e-08
5.083332671999999 4.369333529620954e-09
5.084683904 2.3078233765860632e-10
5.086035135 9.14596822419779e-11
5.087386367 8.59922521716475e-11
5.088737598 8.084064512405794e-11
5.090088829 7.598781891888791e-11
5.091440061 7.1419745986447e-11
5.092791292 6.712335960707557e-11
5.094142524 6.308474175740207e-11
5.095493755000001 5.929051625661704e-11
5.096844987000001 5.572601901930265e-11
5.098196218 5.2377067767120163e-11
5.09954745 4.923187086587655e-11
