Wavelength_microns Throughput
2.0004663860000003 2.289566402566346e-12
2.002074478 1.3248389179492956e-12
2.00368257 8.907851515359031e-13
2.005290662 4.5412040485763326e-13
2.006898754 4.2093469701838713e-13
2.008506846 4.107407775997007e-13
2.010114938 4.5173655104306176e-13
2.01172303 5.583913736283501e-13
2.013331122 6.165609783400192e-13
2.014939214 6.157487610640259e-13
2.016547306 4.2947252442032923e-13
2.018155398 4.484057880533671e-13
2.01976349 6.837413337816401e-13
2.021371582 1.0009730990928203e-12
2.022979674 9.254651983895027e-13
2.0245877660000002 6.037925429552566e-13
2.026195858 3.965996639993512e-13
2.027803949 4.1125744158701847e-13
2.029412041 6.885664834479368e-13
2.031020133 6.688611375662533e-13
2.032628225 4.974686479179836e-13
2.034236317 5.838695355811546e-13
2.035844409 7.549605069443671e-13
2.037452501 9.84683243843771e-13
2.039060593 9.173978563053002e-13
2.040668685 8.730273360995687e-13
2.042276777 7.693673411483757e-13
2.0438848689999998 5.647963198177358e-13
2.045492961 6.011107824493702e-13
2.047101053 7.628179104914914e-13
2.0487091449999997 8.791845746503752e-13
2.0503172370000002 9.66070912684045e-13
2.0519253290000004 6.726782711840014e-13
2.053533421 5.709384153106697e-13
2.055141513 6.683499217571265e-13
2.056749605 1.0983644648786234e-12
2.058357697 1.9527547316212428e-12
2.059965788 2.5306545186909708e-12
2.06157388 2.986023325497327e-12
2.0631819719999998 3.1110980928925347e-12
2.064790064 3.4201986738400043e-12
2.066398156 3.786430730688942e-12
2.068006248 3.936360598559863e-12
2.06961434 4.320117497661873e-12
2.071222432 4.961382908870893e-12
2.072830524 5.18139798114879e-12
2.074438616 4.902631253072687e-12
2.076046708 4.618217196825557e-12
2.0776548 4.976873965655236e-12
2.079262892 4.5172903661955775e-12
2.080870984 4.16084215377138e-12
2.0824790760000003 3.755160346220294e-12
2.084087168 3.664951057179326e-12
2.08569526 5.544753583376968e-12
2.0873033519999997 9.060322812320575e-12
2.088911444 1.2752335519754608e-11
2.090519536 1.8215138803229696e-11
2.092127627 1.7633750527074654e-11
2.0937357189999997 1.7206027020092322e-11
2.0953438110000002 1.4981952125372352e-11
2.0969519030000003 1.2805346105419795e-11
2.098559995 1.3843742378550379e-11
2.100168087 1.689568850070704e-11
2.101776179 1.243912411117717e-11
2.103384271 8.415902783265621e-12
2.104992363 1.907953044180898e-12
2.1066004549999997 2.2206740180877359e-13
2.1082085470000003 2.3152193183305713e-13
2.109816639 4.834801198478447e-12
2.111424731 6.02537371101154e-11
2.113032823 8.326285819312014e-11
2.114640915 1.0515312426037034e-10
2.116249007 8.830925736526713e-11
2.1178570989999996 7.231735298909523e-11
2.1194651909999997 7.694872678173309e-11
2.1210732830000003 1.0522171284869799e-10
2.122681375 9.303476913941458e-11
2.124289466 6.656230326554552e-11
2.125897558 8.477880641960589e-12
2.1275056500000002 5.22052549610119e-13
2.129113742 1.6446545195627877e-13
2.130721834 1.5971501482809663e-13
2.1323299259999997 1.5501319875198725e-13
2.133938018 1.5056360995097262e-13
2.1355461100000004 1.9513480013789369e-13
2.137154202 2.351120828856154e-12
2.138762294 3.623208939080791e-11
2.140370386 5.718758045460629e-11
2.141978478 9.108879423862508e-11
2.14358657 1.0168635689389224e-10
2.1451946619999998 1.1200078859305539e-10
2.146802754 1.0789045494524654e-10
2.1484108460000004 9.688629922488253e-11
2.150018938 9.305402967152016e-11
2.15162703 9.102033975673784e-11
2.153235122 8.89155739244395e-11
2.154843214 7.250535685414775e-11
2.156451305 6.184196562270663e-11
2.158059397 4.006794676040946e-12
2.159667489 6.475239924035235e-12
2.161275581 2.298593002427308e-11
2.1628836729999996 4.1441920527687e-11
2.164491765 5.897431028237141e-11
2.1660998570000003 6.132367020199625e-11
2.167707949 7.117887544699378e-11
2.169316041 4.975495934320558e-11
2.170924133 8.50060856453443e-11
2.172532225 7.418121147663263e-11
2.174140317 8.101288905521527e-11
2.1757484089999997 6.345697960610541e-11
2.177356501 4.3287263804218224e-11
2.1789645930000003 2.7280228113279933e-11
2.180572685 1.8860359344456403e-11
2.182180777 2.643444522059966e-11
2.183788869 3.17107057208051e-11
2.185396961 3.895976797736502e-11
2.187005053 3.05274008356405e-11
2.1886131449999997 3.72466829175222e-11
2.1902212359999997 4.6084058293360975e-11
2.191829328 5.4618720093552155e-11
2.1934374200000004 6.793127955500506e-11
2.195045512 7.384764288576475e-11
2.196653604 9.822459952320127e-11
2.198261696 9.123248955906873e-11
2.199869788 9.73277608978683e-11
2.20147788 2.977771935616867e-11
2.203085972 2.929153610699285e-12
2.204694064 5.330771749553468e-13
2.206302156 5.884243407091291e-13
2.207910248 6.536035783915912e-13
2.2095183400000002 8.90303063459679e-12
2.211126432 1.5928165437856593e-10
2.212734524 6.912464770350991e-10
2.2143426159999997 9.921235581040735e-10
2.215950708 1.3093284808104967e-09
2.2175588 1.2568454623105414e-09
2.219166892 1.2649824171538452e-09
2.220774984 6.500252689955271e-10
2.222383075 5.757382924980278e-10
2.2239911670000003 5.469329132223524e-10
2.225599259 5.565451285519238e-10
2.227207351 1.4597067629590498e-09
2.228815443 1.9314083467090433e-09
2.230423535 2.775720852923123e-09
2.232031627 2.316434680426462e-09
2.2336397189999997 1.863327447855621e-09
2.2352478110000003 6.713724934188395e-10
2.236855903 7.587019966638952e-11
2.238463995 3.3818205632681375e-10
2.240072087 9.258197483670326e-10
2.241680179 2.4787132034068147e-09
2.243288271 4.711738895279981e-09
2.2448963629999996 5.834612960965261e-09
2.2465044549999997 6.849477698155165e-09
2.2481125470000003 5.6728806590492076e-09
2.249720639 5.18627035565923e-09
2.251328731 7.63333806911604e-10
2.252936823 5.6450495033587686e-11
2.2545449140000002 1.7563411123087603e-11
2.256153006 2.0047842678860957e-11
2.257761098 2.27825832558158e-11
2.2593691899999997 1.1844588247449562e-10
2.260977282 1.6907971610986236e-09
2.262585374 1.199910822686148e-08
2.264193466 1.757701123907693e-08
2.265801558 2.8576836496389056e-08
2.2674096500000003 2.5401333165576628e-08
2.269017742 2.0644227489377963e-08
2.270625834 1.9173191803899803e-08
2.2722339259999997 2.1690796297762634e-08
2.273842018 2.5013202939482297e-08
2.2754501100000004 2.4656889520111947e-08
2.277058202 2.7142548748836006e-08
2.278666294 3.135874876929693e-08
2.280274386 3.125722265026577e-08
2.281882478 3.3148844166599864e-08
2.28349057 3.6296583845193457e-08
2.285098662 4.2239048639706076e-08
2.286706753 5.19794649711823e-08
2.288314845 6.252822875584429e-08
2.2899229369999996 8.068465677540324e-08
2.291531029 7.480406539009062e-08
2.2931391210000003 6.876940043206977e-08
2.294747213 5.80711610663947e-08
2.296355305 6.1872696826967e-08
2.297963397 7.771055649113148e-08
2.299571489 1.003699286302877e-07
2.301179581 1.4374886908702994e-07
2.3027876729999996 2.2855387824964647e-07
2.304395765 2.866993062482104e-07
2.3060038570000003 3.892628023171874e-07
2.307611949 5.155239489250713e-07
2.309220041 6.79162222752002e-07
2.310828133 9.008739084451669e-07
2.312436225 1.1815720951080966e-06
2.314044317 1.5613779836125004e-06
2.3156524089999997 2.0819516609856144e-06
2.3172605010000003 2.7973424007277724e-06
2.318868592 3.76283754847759e-06
2.3204766840000004 4.9367302200448915e-06
2.322084776 6.433501664858205e-06
2.323692868 8.254577526653356e-06
2.32530096 1.039317364470399e-05
2.326909052 1.2950859466014857e-05
2.328517144 1.5942743774947306e-05
2.3301252359999998 1.9438609173840392e-05
2.331733328 2.3070152165742894e-05
2.33334142 2.6120815850489536e-05
2.334949512 2.9319967464497168e-05
2.3365576040000002 3.189395748140026e-05
2.338165696 3.407735545766019e-05
2.339773788 3.584529302031341e-05
2.3413818799999997 3.691150801425376e-05
2.342989972 3.76397977834662e-05
2.344598064 3.790939145326952e-05
2.346206156 3.785435724248197e-05
2.347814248 3.771286756128877e-05
2.3494223400000003 3.7229552696608206e-05
2.3510304310000003 3.675464859121351e-05
2.352638523 3.6327119306839635e-05
2.354246615 3.588156348384884e-05
2.3558547069999998 3.5574555060780516e-05
2.357462799 3.621777500324183e-05
2.359070891 3.7685710687140955e-05
2.3606789829999997 3.948042540802539e-05
2.3622870750000002 4.123915161513196e-05
2.363895167 4.314450240000671e-05
2.365503259 4.491977572340595e-05
2.367111351 4.585869254211189e-05
2.368719443 4.673563276894757e-05
2.370327535 4.714519968038189e-05
2.371935627 4.7031963086076666e-05
2.3735437189999997 4.670723699909401e-05
2.3751518110000003 4.5803428309452014e-05
2.376759903 4.4793960159362184e-05
2.378367995 4.384860571887421e-05
2.379976087 4.3145180413252765e-05
2.381584179 4.250441864861767e-05
2.383192271 4.1810392262519485e-05
2.384800362 4.1087115951298396e-05
2.3864084539999997 4.036645433868649e-05
2.388016546 4.037744530719448e-05
2.389624638 4.073854552480627e-05
2.39123273 4.112097632965637e-05
2.392840822 4.244136184266492e-05
2.3944489140000003 4.399835352117481e-05
2.396057006 4.5558027739636326e-05
2.397665098 4.6436995027596736e-05
2.3992731899999997 4.736724752238108e-05
2.400881282 4.7800064968089254e-05
2.4024893740000004 4.7400791031700625e-05
2.404097466 4.7006164366156465e-05
2.405705558 4.671805817734535e-05
2.40731365 4.650160761685452e-05
2.408921742 4.629639999933746e-05
2.410529834 4.52969270501265e-05
2.4121379259999998 4.419920916078269e-05
2.413746018 4.315198793177891e-05
2.41535411 4.212141952277719e-05
2.416962201 4.1118844721340993e-05
2.418570293 4.031540477161949e-05
2.4201783850000003 4.0029985026687955e-05
2.421786477 3.978390516841895e-05
2.423394569 3.9559800896946614e-05
2.425002661 3.9385948601074545e-05
2.426610753 3.921473391064311e-05
2.428218845 3.958496963614933e-05
2.4298269369999996 4.030208663707431e-05
2.431435029 4.10426562637304e-05
2.4330431210000003 4.109799913604968e-05
2.434651213 4.098231434607581e-05
2.436259305 4.0883182748731805e-05
2.4378673969999998 4.075924209821263e-05
2.439475489 4.066663447994081e-05
2.441083581 4.05097599731464e-05
2.4426916729999997 3.947583417345275e-05
2.4442997650000002 3.852491095396448e-05
2.4459078570000004 3.754460346079008e-05
2.447515949 3.625240718737007e-05
2.44912404 3.501438612181885e-05
2.450732132 3.432813558298054e-05
2.452340224 3.4676238037021854e-05
2.453948316 3.5105072033079544e-05
2.455556408 3.5747615563866374e-05
2.4571644999999998 3.657538456259155e-05
2.458772592 3.7423659642326775e-05
2.460380684 3.838203801836778e-05
2.461988776 3.9439694561973805e-05
2.463596868 4.0534675759491165e-05
2.46520496 4.021988905136399e-05
2.466813052 3.9212948628225916e-05
2.468421144 3.824888331420547e-05
2.470029236 3.627436069255984e-05
2.471637328 3.408491978074727e-05
2.47324542 3.20436506816403e-05
2.474853512 2.9819684601599674e-05
2.4764616040000003 2.7665350003646217e-05
2.478069696 2.5677095371667396e-05
2.479677788 2.3092047795703046e-05
2.481285879 2.0712672767459307e-05
2.4828939709999998 1.8634943826588775e-05
2.484502063 1.630002241792439e-05
2.486110155 1.4272518432849904e-05
2.4877182469999997 1.2548367669070988e-05
2.489326339 1.0370938207850122e-05
2.4909344310000003 8.656048318316843e-06
2.492542523 7.314148336037746e-06
2.494150615 6.981567731396453e-06
2.495758707 6.7974549058811454e-06
2.497366799 6.752229583588574e-06
2.498974891 7.1960094435499385e-06
2.499778162 3.9289167452990916e-05
2.5011293930000003 4.147604331581563e-05
2.502480624 3.4864773189337164e-05
2.5038318559999997 2.627110589608103e-05
2.505183087 2.953583297629312e-05
2.506534319 2.070286948455514e-05
2.50788555 9.863304454020985e-06
2.509236782 2.2304059591576586e-05
2.510588013 2.1453079808552165e-05
2.511939244 9.498523250546051e-06
2.5132904760000003 8.49008318525934e-06
2.514641707 9.616240348666468e-06
2.515992939 8.467157291064327e-06
2.51734417 1.3687361180068512e-05
2.5186954019999996 7.937161485328943e-06
2.5200466329999998 4.075310349010715e-06
2.521397865 3.670456684952678e-08
2.522749096 5.324760789028369e-09
2.524100327 1.5200732220311347e-06
2.525451559 2.1961676394787835e-07
2.52680279 2.833228116435247e-06
2.5281540220000003 1.2450249332379185e-06
2.529505253 1.7708050567901979e-06
2.5308564849999997 1.218053672829552e-05
2.532207716 8.741472727897142e-06
2.533558948 5.288297417070826e-06
2.534910179 2.819645249980782e-06
2.5362614100000003 4.2911035894322866e-07
2.537612642 5.333950100925729e-09
2.538963873 1.719108884850116e-06
2.5403151050000004 4.055386972173074e-06
2.5416663359999996 2.963956265517523e-06
2.5430175680000002 2.153589682643392e-06
2.544368799 1.5505087689314378e-07
2.54572003 7.417573703563718e-06
2.547071262 5.25413318173235e-06
2.548422493 5.122288714867053e-06
2.549773725 9.645449483253001e-06
2.551124956 5.363629969224494e-06
2.552476188 3.792811253011919e-06
2.553827419 1.3078828674093617e-06
2.5551786510000003 3.1586130966537644e-06
2.556529882 4.2950436610887515e-06
2.557881113 2.1309328058183817e-06
2.559232345 7.4153135998458935e-06
2.560583576 6.768941181897048e-06
2.561934808 8.156789131089275e-06
2.5632860390000003 5.78758062675551e-06
2.564637271 7.465169254530044e-06
2.565988502 1.2022813331457016e-05
2.567339733 7.170802767053943e-06
2.5686909649999996 2.7004231167236016e-06
2.5700421959999997 1.8452148893322244e-06
2.571393428 6.735537974416882e-08
2.572744659 4.6131287164875805e-06
2.574095891 4.94514904181913e-06
2.575447122 3.959498252033874e-06
2.576798354 6.887763952781432e-06
2.5781495850000002 6.699231595758572e-06
2.5795008160000004 2.9521904500187086e-06
2.580852048 1.9807244478825747e-06
2.582203279 5.058270409263266e-06
2.583554511 8.034342747039124e-06
2.584905742 4.869080469129895e-06
2.586256974 1.0647790007932544e-05
2.587608205 8.007175141019226e-06
2.588959437 3.4675230509970313e-06
2.590310668 9.996752493734832e-06
2.591661899 7.3241985956065105e-06
2.593013131 6.972210347969372e-06
2.594364362 1.2587488742190494e-05
2.5957155939999996 1.1559795796946163e-05
2.5970668249999997 8.566537369189567e-06
2.598418057 1.0478833686904015e-05
2.599769288 3.863763829541879e-06
2.601120519 2.035907767485897e-06
2.602471751 1.3750569891422049e-06
2.603822982 6.512062189413161e-07
2.6051742140000003 1.7086264090469663e-06
2.6065254450000004 1.6030531470088518e-06
2.607876677 6.178542529727078e-06
2.609227908 3.5975359688294772e-06
2.61057914 5.978964087988137e-06
2.611930371 3.45107434240356e-06
2.613281602 5.150693674411517e-06
2.614632834 8.054795534022245e-07
2.615984065 3.523100079732164e-06
2.617335297 8.488278755665925e-07
2.618686528 2.657815155014098e-06
2.62003776 5.849012873338642e-07
2.621388991 1.6737367347860504e-06
2.622740222 4.4649688333195435e-06
2.6240914539999998 3.733440714056193e-07
2.625442685 1.5182463397486668e-06
2.626793917 6.680994465575028e-07
2.628145148 2.335916957345793e-06
2.62949638 1.0818962001669926e-05
2.630847611 7.4646086074463695e-06
2.6321988430000003 2.491882612055905e-06
2.6335500740000004 5.440879997369268e-06
2.634901305 2.014209801076007e-06
2.636252537 2.558583848992207e-06
2.637603768 4.360166014493407e-06
2.6389549999999997 6.108356128698373e-06
2.640306231 3.8640385054828435e-06
2.641657463 7.056447041952613e-06
2.643008694 6.522874900849033e-06
2.6443599250000003 7.677992152637194e-06
2.645711157 1.1271166701414042e-06
2.6470623879999997 7.489296852692733e-06
2.64841362 1.865819497198008e-06
2.649764851 5.16686381038807e-06
2.651116083 3.0892671555187435e-06
2.652467314 2.6327209016876664e-06
2.653818546 7.455841914763787e-06
2.6551697770000002 4.717084687330577e-06
2.6565210080000004 8.337214011438461e-07
2.65787224 1.7335099598158683e-06
2.659223471 1.777314711155119e-06
2.6605747030000004 1.8058743188262122e-08
2.6619259339999997 5.3185876772485995e-09
2.663277166 3.2576349872854233e-06
2.664628397 4.194232550502285e-08
2.6659796289999997 4.477855987784777e-07
2.66733086 7.650131385766824e-09
2.668682091 7.949445199129723e-07
2.670033323 1.234181291452167e-06
2.6713845540000003 3.833991600128432e-06
2.672735786 3.3130319035916196e-06
2.6740870169999997 5.628956729515895e-08
2.675438249 2.9592860387814884e-06
2.67678948 2.6399882123870027e-06
2.678140711 4.625520777071051e-06
2.679491943 2.9797299345998005e-06
2.680843174 3.5517524466680567e-06
2.6821944060000003 1.9878855832465276e-06
2.6835456370000004 5.278517484255853e-09
2.684896869 5.277983834003378e-09
2.6862481 8.875513098214861e-07
2.6875993319999996 8.132175847286138e-07
2.6889505629999997 2.25088547663778e-06
2.690301794 5.131713102316276e-06
2.691653026 1.9463419357171127e-08
2.693004257 5.2796090473734975e-09
2.694355489 1.9657134251636556e-08
2.69570672 5.2818719444747845e-09
2.697057952 5.28324801757702e-09
2.6984091830000003 5.284786622745883e-09
2.699760414 8.123042180727284e-07
2.7011116459999998 6.330024276030006e-07
2.702462877 1.2963859336459826e-06
2.703814109 1.98605257344586e-08
2.70516534 8.944444091638698e-07
2.706516572 1.2923508408151914e-06
2.707867803 9.505397212754312e-09
2.7092190350000003 5.317619503856289e-09
2.7105702660000004 6.2939340158178e-08
2.7119214969999996 8.324043168513035e-09
2.713272729 1.947361712719037e-08
2.71462396 5.325820710619333e-09
2.7159751919999997 5.733344519652847e-07
2.717326423 1.5048775704212992e-07
2.718677655 5.336938735291991e-09
2.720028886 6.866059632144118e-09
2.7213801170000003 2.096625796837437e-07
2.722731349 1.68046560330303e-08
2.7240825799999997 5.349441441431228e-09
2.7254338120000003 5.3524283667094584e-09
2.726785043 1.4402234188186368e-06
2.7281362749999998 8.46411888186177e-09
2.729487506 1.2580788067934141e-06
2.730838738 5.91393830378051e-07
2.732189969 7.911035668869448e-08
2.7335412000000003 1.1435407602355477e-08
2.734892432 1.3808524433048845e-07
2.736243663 2.3788208668401268e-06
2.737594895 4.570411987980654e-06
2.7389461259999996 3.3601354660394446e-06
2.740297358 2.3382522707284732e-07
2.741648589 5.819333729060195e-09
2.7429998209999997 1.0974311852468742e-07
2.744351052 2.6128864078965337e-07
2.745702283 2.412079823344197e-06
2.747053515 5.393790412027877e-09
2.7484047460000003 5.396779225544838e-09
2.749755978 6.970582606121839e-09
2.7511072089999997 1.5794948336816969e-06
2.7524584410000004 1.9224184164514846e-06
2.753809672 5.373952150742679e-09
2.755160903 6.711329515852347e-08
2.756512135 3.5578181478342706e-06
2.757863366 4.008687329053293e-07
2.7592145980000002 5.535921492657744e-09
2.760565829 1.3523877166919942e-06
2.761917061 7.532059420636844e-07
2.7632682920000002 7.351591896456359e-08
2.764619524 1.783633515474994e-06
2.7659707549999997 2.5650415223631265e-06
2.767321986 1.9540738258065455e-06
2.768673218 2.297512989114355e-06
2.770024449 1.4004949691909402e-07
2.771375681 5.823890764809964e-06
2.772726912 1.986753266872057e-06
2.774078144 1.4500686432984745e-06
2.7754293750000003 3.221358323372116e-06
2.776780606 1.737012849959515e-06
2.7781318379999997 1.9096859967880915e-08
2.779483069 4.6758964659033386e-08
2.780834301 2.770039220158829e-06
2.782185532 1.1859167322942866e-06
2.783536764 2.5858221736957822e-06
2.784887995 2.478333728500194e-07
2.786239227 2.7513084433985392e-06
2.787590458 1.861786542790379e-07
2.788941689 5.342153722200317e-09
2.7902929210000003 5.3434177478698935e-09
2.791644152 3.1963541760630255e-07
2.7929953839999997 5.3677578617099085e-06
2.794346615 3.35214259809113e-06
2.795697847 1.4170411215859487e-06
2.797049078 1.7788443511315689e-06
2.7984003090000003 5.873507945237138e-07
2.799751541 5.359358622260977e-09
2.801102772 5.360551395897778e-09
2.8024540040000003 6.517546126067054e-07
2.803805235 2.5307001399421975e-06
2.8051564669999998 5.361289965165925e-09
2.806507698 1.7121342360398353e-08
2.80785893 6.476658437151524e-06
2.8092101609999998 8.633722582587555e-06
2.810561392 4.802093479623245e-06
2.811912624 3.406101888385184e-06
2.813263855 2.8678118453764417e-06
2.814615087 1.419637794017708e-06
2.8159663179999996 1.4844009121292831e-06
2.8173175500000003 5.33285336090328e-08
2.818668781 1.1781830415321861e-08
2.8200200129999997 4.782901731781696e-06
2.821371244 6.4880281879662345e-06
2.822722475 1.6747599233651007e-06
2.824073707 1.0269412892990624e-06
2.8254249380000003 1.4329608649949253e-06
2.82677617 1.1875722116784636e-06
2.828127401 2.169734719245159e-08
2.8294786330000004 3.861554086455437e-08
2.830829864 5.413661803652332e-06
2.8321810949999997 1.1616380378609936e-06
2.833532327 3.280286787003724e-06
2.834883558 6.830632032921101e-06
2.83623479 2.936471669631906e-06
2.837586021 5.323505784093107e-09
2.838937253 3.5726566472367696e-07
2.8402884840000002 3.4016864978755297e-06
2.841639716 2.1370118185879128e-06
2.8429909469999997 1.3170404936450712e-06
2.8443421779999998 2.2828306982038865e-06
2.84569341 2.028781249500738e-06
2.847044641 2.5776283368875376e-06
2.848395873 9.775264104561211e-07
2.849747104 1.3638093275218672e-06
2.851098336 2.7776318973634215e-06
2.8524495670000003 1.057624266344921e-08
2.8538007980000004 7.425951295190395e-08
2.85515203 3.646382984785607e-06
2.856503261 3.4050063386351806e-06
2.8578544929999996 1.1065049284186877e-06
2.8592057239999997 3.5348874438556074e-08
2.860556956 8.417066181250563e-09
2.861908187 2.1570030589468153e-06
2.863259419 9.786476093796576e-07
2.86461065 5.240737407093485e-09
2.865961881 6.268310133739462e-07
2.8673131130000002 1.130589450293698e-06
2.868664344 1.4954546728248466e-08
2.8700155759999997 2.6189402161032205e-06
2.871366807 8.983858959692726e-07
2.872718039 2.4774172557121607e-08
2.87406927 2.096623343658618e-07
2.8754205010000002 7.0386253936747235e-09
2.876771733 5.219997804544347e-09
2.878122964 7.673050845286118e-09
2.8794741960000003 5.228375041743543e-07
2.8808254270000004 2.9191293670223045e-06
2.882176659 4.161461327759535e-06
2.88352789 4.691049102091444e-06
2.8848791219999996 3.9606641325563735e-06
2.8862303529999997 4.530390705142461e-06
2.887581584 5.2111381375586484e-06
2.888932816 2.4277224331722548e-06
2.890284047 6.293367152992966e-08
2.891635279 6.1687644731664296e-09
2.89298651 4.890598744410592e-08
2.8943377420000003 4.041204053146777e-06
2.895688973 5.350443455896152e-06
2.8970402049999997 1.0900042206311046e-06
2.898391436 4.4201933368658527e-08
2.899742667 5.19161429522917e-09
2.901093899 5.51409696820861e-08
2.9024451300000003 6.928436131909825e-08
2.903796362 5.181028068857538e-09
2.905147593 5.177008500442989e-09
2.9064988250000003 5.1727759100762336e-09
2.907850056 3.486504206328203e-07
2.9092012869999997 4.489059705229071e-07
2.910552519 1.26955825962422e-07
2.91190375 1.4112278638368991e-06
2.9132549819999998 1.193370039002293e-06
2.914606213 6.38895704492622e-08
2.915957445 1.6160582363195125e-06
2.917308676 4.6599015507571234e-07
2.918659908 6.610026695305946e-07
2.920011139 3.773969144952305e-07
2.9213623699999998 5.111608025498457e-09
2.922713602 7.847572906934435e-09
2.924064833 5.831803351356014e-07
2.925416065 3.6300468353365937e-06
2.926767296 6.024825028499313e-06
2.928118528 3.287709908143402e-06
2.9294697590000003 4.574729138606965e-06
2.93082099 3.333025309755544e-06
2.932172222 1.7387056819065084e-08
2.933523453 2.1894695946215388e-06
2.934874685 2.5659826876529244e-06
2.9362259159999997 5.3266319309157565e-06
2.937577148 2.766749868686727e-06
2.938928379 3.0059147288330757e-07
2.940279611 8.240550027607462e-07
2.941630842 3.928757580289029e-06
2.942982073 9.519404624048236e-07
2.9443333050000002 4.971491936147761e-09
2.9456845360000004 2.581993772726289e-06
2.947035768 4.029964198476615e-06
2.948386999 1.0499526406516873e-06
2.949738231 3.1563026165204314e-06
2.951089462 4.4980098631752425e-06
2.952440694 3.083720646657761e-06
2.953791925 1.6306078060861397e-06
2.955143156 2.9314009237660884e-06
2.956494388 1.024404267472505e-06
2.957845619 1.0138337321200517e-07
2.959196851 1.0699159345534758e-06
2.960548082 3.1106996388096774e-06
2.9618993139999996 4.36555860491392e-06
2.9632505449999997 7.481451349734027e-06
2.964601776 3.2062531610215023e-06
2.965953008 4.2141816172522656e-07
2.967304239 9.264480164857116e-07
2.968655471 4.9145838357948365e-06
2.970006702 6.450137929715915e-06
2.9713579340000003 1.74320062685576e-06
2.9727091650000004 6.084702033820119e-09
2.974060397 1.7386932434171808e-06
2.975411628 7.485328484217842e-07
2.976762859 2.661492937000531e-08
2.978114091 3.89457668351389e-06
2.979465322 8.883136323772992e-06
2.980816554 6.625493630170628e-06
2.982167785 4.186963591142387e-06
2.983519017 7.301755286456817e-07
2.984870248 5.394839527706692e-07
2.9862214789999997 4.561526644625783e-06
2.987572711 5.7365351907469315e-06
2.988923942 6.196177362383572e-06
2.9902751739999998 6.06442495316768e-06
2.991626405 4.954449370447874e-06
2.992977637 2.789514819670378e-06
2.994328868 2.5760537150784904e-06
2.9956801 1.236903489041429e-06
2.997031331 3.3995198945810466e-06
2.9983825619999998 8.673621560057362e-06
2.9997337940000004 6.078693714934556e-06
3.001085025 3.4408013167733024e-06
3.002436257 7.934860621456162e-08
3.003787488 1.2226915185327847e-06
3.0051387199999997 2.6431709300504655e-06
3.006489951 2.1821309432581985e-06
3.007841182 1.2149391319961606e-07
3.009192414 3.7402043601827617e-06
3.0105436450000003 3.69828053821514e-06
3.011894877 2.7271100359601353e-06
3.0132461079999997 4.206087644035813e-06
3.01459734 2.1460323545878647e-06
3.015948571 1.7948098386610508e-06
3.017299803 1.7254853450628716e-06
3.018651034 4.3979698367322747e-07
3.020002265 1.1812744382024619e-06
3.021353497 9.364929061317947e-07
3.0227047280000003 2.4214669776699632e-08
3.02405596 1.914288924987039e-06
3.0254071909999998 1.4658811117649977e-07
3.0267584230000004 1.5134185805046341e-06
3.0281096539999997 3.530078986620557e-07
3.029460886 3.583990128337323e-06
3.030812117 5.649543021437254e-06
3.032163348 4.342220053231179e-06
3.03351458 2.9886282431173493e-06
3.034865811 2.606686210303077e-06
3.036217043 6.77098838441834e-09
3.0375682740000003 2.112299469130944e-08
3.038919506 1.6005731144829158e-06
3.0402707369999997 2.3634040077614677e-06
3.041621968 1.0453729744668115e-06
3.0429732 2.3904371578015393e-06
3.044324431 7.0653887357266785e-06
3.045675663 7.079398343618137e-06
3.047026894 3.5916203768730553e-06
3.0483781260000002 7.022733301579319e-06
3.0497293570000004 8.322103528307456e-06
3.051080589 4.845309322719738e-06
3.05243182 1.0913156118011807e-05
3.053783051 5.250100449982552e-06
3.0551342829999997 1.971857928576684e-06
3.056485514 5.9352948719482007e-08
3.057836746 1.92101471411213e-06
3.059187977 2.3715388392929574e-06
3.060539209 4.284640437829958e-06
3.06189044 1.0254875672397052e-07
3.063241671 4.460991040195791e-09
3.0645929030000003 4.461137924862715e-09
3.065944134 4.466395746940393e-09
3.0672953659999997 1.8028495383266424e-08
3.068646597 7.221745163341549e-07
3.069997829 5.821680695710776e-07
3.07134906 3.7865120460727245e-06
3.072700292 2.2987812382859676e-08
3.074051523 4.466593380684802e-09
3.075402754 2.3080734921337354e-06
3.0767539860000004 3.3718203796317934e-06
3.0781052169999996 2.1419152190743937e-06
3.079456449 3.865974129829877e-06
3.08080768 3.5255067429334494e-06
3.0821589119999997 3.199792932662091e-06
3.083510143 1.2416328034184736e-07
3.084861374 1.2214064046254114e-06
3.086212606 4.0946168029862076e-06
3.0875638370000003 3.2268253176126276e-06
3.088915069 6.95441525618134e-08
3.0902662999999997 1.0396863152226418e-06
3.0916175320000003 2.48142751019735e-07
3.092968763 4.4357598685280535e-08
3.0943199949999998 1.5508855327907814e-06
3.095671226 3.1789554081392857e-06
3.097022457 4.378154633489675e-06
3.098373689 1.0499851808942846e-06
3.0997249200000003 1.2094157856473938e-06
3.101076152 3.067218553699679e-06
3.102427383 6.431409976446263e-06
3.103778615 1.7202566306459127e-06
3.1051298459999996 1.1604324905774746e-07
3.106481078 7.4744678857598e-08
3.107832309 1.1687658872521756e-06
3.10918354 9.94325470463088e-07
3.110534772 3.833933835021843e-06
3.111886003 1.4768959640179111e-06
3.113237235 2.2850422875373093e-06
3.1145884660000003 2.1735402167888157e-06
3.115939698 4.593764894847355e-06
3.1172909289999997 5.9414251216800094e-06
3.11864216 6.25423215817095e-06
3.119993392 8.278738927780786e-07
3.121344623 4.619792997343419e-09
3.122695855 4.629105725158638e-09
3.124047086 1.4052482738970392e-06
3.1253983180000002 6.36950966264905e-06
3.126749549 7.113747297633306e-06
3.128100781 3.6992625344836047e-06
3.1294520120000002 3.1389987685524e-06
3.130803243 4.683074582221485e-09
3.1321544749999997 5.7091027272253214e-08
3.133505706 4.089282280607536e-06
3.134856938 4.3489592625007574e-06
3.136208169 2.1403898753466153e-06
3.137559401 2.0141265368371197e-06
3.138910632 2.4886715739456137e-06
3.140261863 3.3605142598406827e-06
3.1416130950000003 5.912448218098182e-06
3.142964326 2.288225476296736e-06
3.1443155579999997 1.2046414228087252e-06
3.145666789 4.545671932843191e-06
3.147018021 7.331755974110429e-06
3.148369252 8.026796905838294e-06
3.149720484 3.34839955371734e-06
3.151071715 1.0644524819637437e-06
3.152422946 1.3768935224889099e-06
3.153774178 3.4551837459144997e-06
3.155125409 2.5186087730510027e-06
3.1564766410000002 2.2843110903405205e-06
3.157827872 4.818659661942424e-06
3.1591791039999997 5.457570040817308e-06
3.160530335 3.0392694271964295e-06
3.161881566 9.988348343705003e-07
3.163232798 5.6560110662331905e-06
3.1645840290000002 6.406892971316474e-06
3.165935261 4.386938197783385e-06
3.167286492 3.27827791522957e-06
3.1686377240000003 2.7826864905931937e-06
3.169988955 2.6551200932185304e-06
3.1713401869999998 4.321614519717489e-06
3.172691418 3.817570909611549e-06
3.174042649 1.5875741144019927e-06
3.1753938809999998 1.4164522283672174e-06
3.176745112 2.095187870297531e-07
3.178096344 2.216700127972469e-06
3.179447575 5.699002466083647e-06
3.180798807 6.827376037040073e-06
3.182150038 6.31515386949713e-06
3.1835012700000003 3.873036964741346e-06
3.184852501 7.515947463220953e-08
3.186203732 3.294541000982995e-07
3.187554964 3.1918175220685664e-06
3.188906195 4.793973045268551e-06
3.190257427 2.882586258605107e-06
3.1916086580000003 2.0790023174785492e-06
3.19295989 2.157263471780243e-06
3.194311121 1.2805689551478833e-06
3.195662352 1.8906254453808504e-06
3.197013584 2.7755400753636826e-06
3.1983648149999997 7.217356898903515e-06
3.199716047 7.047257548773181e-06
3.201067278 4.483570775362158e-06
3.2024185099999998 8.566466074316232e-06
3.203769741 6.730674541393857e-06
3.205120973 5.85418504656808e-06
3.206472204 5.108617065151859e-07
3.207823435 2.0875344603088371e-07
3.209174667 7.823955339804895e-07
3.2105258979999998 1.6969633672847297e-06
3.21187713 1.817191230821463e-06
3.213228361 2.1498578906998075e-06
3.214579593 1.0593189675202606e-06
3.215930824 4.8502722677609535e-06
3.217282055 4.001910816312422e-06
3.2186332870000003 4.030629407141543e-08
3.2199845180000004 5.2035350069020575e-09
3.22133575 7.235155399024277e-09
3.222686981 1.5749275290806638e-06
3.2240382129999996 3.423317643006954e-06
3.2253894439999997 3.587364246115849e-06
3.226740676 6.596852995854072e-08
3.228091907 5.2596520883444515e-09
3.229443138 8.652124368089169e-09
3.23079437 1.3568488501418541e-06
3.232145601 6.143973694270187e-06
3.2334968330000002 2.8028623035312083e-06
3.234848064 1.8692607761176142e-06
3.2361992959999997 6.771491768584236e-09
3.237550527 5.2988032204471e-09
3.238901759 5.303596128103158e-09
3.24025299 1.1864062462397503e-06
3.2416042210000002 7.035519673460787e-06
3.242955453 5.597566702477449e-06
3.244306684 4.796712573466691e-06
3.2456579160000003 3.175562646167107e-06
3.2470091470000004 3.522869396102878e-08
3.248360379 5.337520903971117e-09
3.24971161 1.07909851310994e-06
3.251062841 3.881789390494794e-06
3.2524140729999997 7.418963850171925e-07
3.253765304 4.816589500193378e-06
3.255116536 2.4278270538487046e-06
3.256467767 2.6229261956561703e-06
3.257818999 4.112639377381496e-06
3.25917023 1.3027674478918027e-06
3.2605214620000003 1.7063606907314231e-06
3.261872693 2.510517831185051e-06
3.263223924 3.4199141761327756e-06
3.264575156 4.164522800465159e-06
3.265926387 5.208580043981932e-06
3.267277619 3.900855743729156e-06
3.2686288500000003 1.8875720628377162e-08
3.269980082 5.176942610803922e-07
3.271331313 2.9827645957693863e-06
3.272682544 2.966562230510428e-06
3.274033776 4.026630847398326e-06
3.2753850069999997 4.299696992696161e-06
3.276736239 4.060480167258833e-06
3.27808747 5.725942937185919e-06
3.2794387019999998 2.229377899772417e-06
3.280789933 1.1310194588090527e-06
3.282141165 1.277165753130399e-06
3.283492396 2.992144382170839e-06
3.2848436270000003 3.6714686291363155e-06
3.286194859 5.189479890196928e-06
3.2875460899999998 5.714856758180732e-06
3.288897322 1.8396835625912049e-06
3.290248553 1.1973514666733356e-06
3.291599785 4.68669632127451e-07
3.292951016 2.405534356815692e-06
3.294302247 9.063554442841103e-06
3.2956534790000003 1.0706292113005257e-05
3.29700471 4.922254429738722e-06
3.298355942 3.5871918376301324e-06
3.299707173 4.325888662096329e-06
3.301058405 4.225859141394663e-06
3.3024096359999997 2.086584301316662e-06
3.303760868 2.1960007413006733e-06
3.305112099 3.7837106455564344e-06
3.30646333 4.692907330291472e-06
3.307814562 3.1081843370888372e-06
3.309165793 8.60310556447582e-07
3.3105170250000002 1.6833489983554099e-06
3.3118682560000003 2.59800850388382e-06
3.313219488 3.5906424036172127e-06
3.3145707189999998 5.499070254462077e-06
3.315921951 2.3190643074360587e-06
3.317273182 3.4590171275615866e-07
3.318624413 5.560233652743176e-09
3.319975645 3.5032468030533617e-07
3.321326876 6.0570398567766965e-06
3.322678108 6.796194900201895e-06
3.324029339 5.79637846772402e-06
3.325380571 7.557494127294812e-06
3.326731802 3.172710124581196e-06
3.328083033 1.3575835325314593e-07
3.3294342649999997 8.43575855325656e-08
3.330785496 6.507369660503872e-08
3.332136728 8.655676579413306e-07
3.333487959 3.734215690966018e-06
3.334839191 1.9687163720461374e-06
3.336190422 4.25693784270171e-07
3.3375416540000002 4.787094530921422e-07
3.3388928850000004 3.28849956766089e-08
3.340244116 5.5650160566802096e-09
3.341595348 3.701986185491281e-07
3.342946579 2.5504384727226614e-06
3.344297811 3.973124267696687e-06
3.345649042 1.9743114479184357e-06
3.347000274 8.577366207187107e-07
3.348351505 2.686929935406279e-06
3.3497027360000002 8.456610717062803e-08
3.351053968 6.656397045907626e-07
3.3524051989999997 9.127802225207099e-08
3.353756431 2.151431460282135e-06
3.355107662 1.2728029724850978e-07
3.3564588939999997 5.1805521929320235e-09
3.357810125 6.07888113871727e-07
3.359161357 7.095366440136779e-09
3.360512588 3.475783560614861e-07
3.3618638190000003 1.98639705938649e-06
3.363215051 3.5614407864823106e-06
3.3645662819999997 4.3692474823444465e-06
3.3659175140000004 1.2348170000974818e-07
3.367268745 6.432808671005782e-08
3.368619977 3.5707468917686603e-06
3.369971208 2.9617809907584943e-06
3.371322439 3.158309503506165e-08
3.372673671 3.26684747095612e-07
3.374024902 8.137004237212156e-09
3.375376134 1.3507829016551137e-06
3.3767273650000003 4.567434566723344e-07
3.378078597 3.446078652311231e-06
3.3794298279999997 5.0986968624619614e-06
3.38078106 4.877570319665203e-06
3.382132291 3.661856878665239e-06
3.383483522 3.853607562128249e-06
3.384834754 5.679212924948216e-06
3.386185985 3.008130085217393e-06
3.387537217 1.1507712736073535e-06
3.3888884480000003 2.4293920480823417e-06
3.39023968 6.630410116041819e-08
3.3915909109999998 5.618010431368246e-09
3.3929421430000004 9.326473900509201e-07
3.3942933739999996 4.003917793565426e-06
3.3956446049999998 4.001178060565589e-06
3.396995837 3.0614380032948394e-06
3.398347068 6.310704696818497e-06
3.3996983 5.4019627159337645e-06
3.401049531 3.2783089287180152e-06
3.402400763 7.269897308148791e-06
3.4037519940000003 9.281896224791293e-06
3.405103225 7.0837219411513965e-06
3.4064544569999997 4.910897807338578e-06
3.407805688 5.212441483770983e-06
3.40915692 4.170928327183291e-06
3.410508151 5.044509828152774e-06
3.411859383 7.508761582770897e-06
3.413210614 1.5413585807530757e-06
3.4145618460000002 4.258955347880715e-06
3.4159130770000004 4.544230412936478e-06
3.4172643079999996 3.814553830379878e-06
3.41861554 2.7700803665688018e-06
3.419966771 1.668092381028797e-07
3.4213180029999997 2.1411296938460946e-06
3.422669234 3.8904541539513835e-06
3.424020466 1.0014120592038253e-05
3.425371697 8.849908154260764e-06
3.4267229280000002 8.32875511373084e-06
3.42807416 4.835039421961447e-06
3.429425391 2.266371107231106e-06
3.4307766230000003 4.046135533435264e-06
3.432127854 8.920716956207652e-06
3.4334790859999997 9.264527903060626e-06
3.434830317 5.929274106590898e-06
3.436181549 4.058824291541617e-06
3.43753278 7.660747135157938e-06
3.4388840110000003 8.761773818186543e-06
3.440235243 6.188111721225839e-06
3.441586474 3.2446906465267124e-06
3.4429377060000004 3.3372671847955805e-06
3.4442889369999996 7.267346197134374e-06
3.445640169 5.089376194033597e-06
3.4469914 3.0604978541390064e-06
3.448342631 6.182964097172405e-06
3.449693863 7.645465800900664e-06
3.451045094 6.051530450579464e-06
3.452396326 3.20674767979191e-06
3.4537475570000002 2.483906893278932e-06
3.455098789 1.1400327752863152e-06
3.45645002 2.810191249786562e-06
3.4578012520000003 4.028313564111083e-06
3.459152483 7.077931207010718e-06
3.460503714 6.849679694274672e-06
3.461854946 3.63289582671457e-06
3.463206177 1.715038736544405e-06
3.464557409 1.1609436979720868e-06
3.4659086400000003 6.009689039200483e-08
3.467259872 1.3370682802406355e-08
3.468611103 2.2476261541260665e-07
3.469962335 8.387626138831188e-07
3.4713135659999996 7.610781118011257e-07
3.4726647969999997 1.0224526335785802e-06
3.474016029 4.1054154165391e-06
3.47536726 5.008204976869541e-06
3.476718492 4.297122491566157e-06
3.478069723 3.831040074410617e-06
3.479420955 7.501253688443217e-07
3.4807721860000003 4.68001854366843e-06
3.482123417 7.003023465348443e-06
3.483474649 5.646774623152955e-06
3.48482588 1.3827338387994784e-06
3.486177112 8.755858117522601e-07
3.487528343 1.4625850746229168e-06
3.488879575 1.9308639167352144e-06
3.490230806 1.255015632780052e-06
3.491582038 1.0474987285804675e-07
3.492933269 3.9314677946536804e-08
3.4942845 3.362804205632044e-06
3.495635732 3.023644561183964e-06
3.496986963 9.220274514391352e-09
3.4983381949999997 4.641501158610625e-07
3.4996894259999998 6.872895914012533e-09
3.501040658 1.0005780349800318e-07
3.502391889 3.030731472555612e-07
3.50374312 4.171250065753606e-08
3.505094352 5.696597283305829e-09
3.506445583 5.702251847334629e-09
3.5077968150000003 5.7131927185299515e-09
3.509148046 2.7904694348349827e-06
3.5104992779999997 4.0833877861803714e-07
3.511850509 5.738730407939124e-09
3.513201741 5.74502164957202e-09
3.514552972 1.9502876203163832e-07
3.515904203 1.344175990965281e-06
3.517255435 3.092427131678388e-06
3.518606666 3.615458974905124e-06
3.519957898 8.325561616214203e-07
3.521309129 1.8127286135441802e-07
3.5226603610000002 4.316929659220985e-08
3.524011592 5.7915752460770506e-09
3.5253628239999997 5.7967155969832476e-09
3.526714055 5.801823349809264e-09
3.528065286 1.1605558693172611e-06
3.529416518 1.6492866362220817e-06
3.5307677490000002 3.4069071360701513e-06
3.532118981 5.622234726640639e-06
3.533470212 2.847941741475879e-06
3.5348214440000003 3.5925835295198055e-07
3.536172675 3.567603578745821e-07
3.537523906 1.2068687315720289e-06
3.538875138 2.0937518920766583e-06
3.540226369 5.701847077882839e-06
3.5415776009999997 2.851846363799446e-06
3.542928832 4.545087107118375e-07
3.544280064 2.709660000727198e-08
3.545631295 5.867609799479602e-09
3.546982527 5.869926444892804e-09
3.548333758 5.872230869043893e-09
3.5496849889999997 5.87452644884192e-09
3.551036221 5.876439974422247e-09
3.552387452 5.8845194884368845e-09
3.553738684 5.885986897923312e-09
3.555089915 1.3763246711058111e-08
3.556441147 4.1875859664462594e-08
3.5577923780000003 5.8903604399678824e-09
3.5591436090000004 5.891807669979737e-09
3.560494841 5.89355724983489e-09
3.561846072 1.7280133250085524e-07
3.563197304 5.739194733555749e-07
3.5645485349999997 6.580701880311923e-09
3.565899767 6.146728808055127e-07
3.567250998 2.516607932681076e-06
3.5686022299999998 1.625485197106286e-07
3.569953461 5.916533393611385e-09
3.571304692 5.918097880725616e-09
3.572655924 7.515130351845109e-08
3.574007155 1.2355415548662937e-06
3.575358387 9.42810869379934e-09
3.5767096179999998 5.924402657566549e-09
3.57806085 6.3225956839229e-09
3.579412081 2.0284675894252293e-07
3.580763312 8.464926780503419e-08
3.582114544 1.6514836457814916e-08
3.583465775 7.911057880108394e-08
3.5848170070000003 3.2885305821919975e-07
3.5861682380000004 1.9302105837876657e-08
3.58751947 5.946926229599419e-09
3.588870701 5.947891985958214e-09
3.5902219329999996 5.948744846535835e-09
3.5915731639999997 5.948935453506102e-09
3.592924395 5.949143989307635e-09
3.594275627 9.283400483392225e-09
3.595626858 3.077724816831024e-07
3.59697809 5.949884326898434e-09
3.598329321 1.6527771022458517e-08
3.5996805530000002 3.747253083372121e-08
3.601031784 5.950780788334512e-09
3.602383016 1.1587931928643254e-08
3.603734247 2.0435251061936928e-07
3.605085478 1.1664515401046873e-08
3.60643671 1.7597170392415002e-07
3.607787941 1.989239046455947e-06
3.609139173 6.0510671576219985e-09
3.610490404 3.9948274894519046e-08
3.6118416360000003 8.569569449839367e-09
3.6131928670000004 1.9862735956833624e-07
3.6145440979999997 5.958793504650556e-09
3.61589533 5.958407035246073e-09
3.617246561 1.4879739484846989e-08
3.6185977929999997 1.7984840562612638e-08
3.619949024 5.963579494173052e-09
3.621300256 1.5117051014319527e-08
3.622651487 1.5461729577801498e-07
3.624002719 1.003462738381074e-08
3.62535395 5.962408319930435e-09
3.6267051809999997 7.650375447709154e-07
3.628056413 2.983453087407821e-06
3.629407644 2.3125843221399114e-06
3.630758876 1.0535561210186507e-06
3.632110107 2.795771885069171e-06
3.633461339 3.811032789846188e-07
3.6348125700000002 5.962514255738756e-09
3.6361638010000004 5.962898774805615e-09
3.637515033 5.963272076021366e-09
3.638866264 5.963634351356392e-09
3.640217496 5.9641156420258616e-09
3.6415687269999997 5.965271664847619e-09
3.642919959 5.9664148455145215e-09
3.64427119 5.967542793589072e-09
3.6456224219999998 5.968656267412851e-09
3.646973653 5.969755402358866e-09
3.648324884 5.970837343447027e-09
3.649676116 5.97659367664891e-09
3.6510273470000003 5.9805165149776655e-09
3.652378579 6.073968403706815e-09
3.6537298099999997 2.4134767990993765e-06
3.655081042 5.927366125532563e-07
3.656432273 5.9878384313652125e-09
3.657783504 5.989627008268469e-09
3.659134736 5.99139850058062e-09
3.660485967 1.9333871004995825e-08
3.6618371990000003 2.024161871432078e-06
3.66318843 7.150374927230626e-07
3.664539662 8.402434075486924e-07
3.665890893 4.181984477025642e-08
3.667242125 5.9972759077370894e-09
3.6685933559999997 5.99811220422653e-09
3.669944587 6.0052517786502e-09
3.671295819 6.007218616949768e-09
3.67264705 6.008835303505796e-09
3.673998282 6.010439521044839e-09
3.675349513 6.012029869299425e-09
3.676700745 6.0136089757164385e-09
3.6780519760000003 6.015177174611883e-09
3.679403208 3.5092094910052923e-07
3.6807544389999998 1.3931977247648033e-06
3.68210567 2.9640780040006087e-07
3.683456902 3.2020670678265757e-06
3.684808133 3.1257964349035823e-06
3.686159365 2.8488683210536804e-06
3.687510596 4.004516174278534e-06
3.688861828 4.0840612490889336e-07
3.690213059 8.334502930203367e-09
3.6915642899999996 6.525579202188212e-07
3.692915522 6.028351832037909e-09
3.694266753 6.035194929047465e-09
3.6956179849999997 6.035043773136503e-09
3.696969216 6.034892452900992e-09
3.698320448 1.546659821310821e-08
3.699671679 1.0027523000616256e-06
3.701022911 1.1068950269823569e-07
3.702374142 6.03430352374642e-09
3.703725373 2.0035116891907166e-08
3.7050766050000004 7.011440792093192e-08
3.706427836 6.03389782397136e-09
3.707779068 6.033771204619578e-09
3.709130299 6.033650072919999e-09
3.710481531 6.033829283799345e-09
3.711832762 6.034544511696836e-09
3.713183993 6.035267647986426e-09
3.714535225 6.330136644497226e-08
3.7158864560000002 4.970690883275549e-08
3.717237688 6.037486294860439e-09
3.7185889189999997 6.0382434378080335e-09
3.719940151 1.6958503820528314e-08
3.721291382 5.743070876420322e-07
3.7226426139999997 2.1976345302001844e-06
3.723993845 4.4615803880988566e-08
3.725345076 6.042167243025587e-09
3.726696308 6.0429801971927246e-09
3.7280475390000003 1.2413610536367611e-07
3.729398771 1.4104035346592423e-06
3.730750002 2.4918377357951236e-08
3.7321012340000004 6.04632325790124e-09
3.733452465 6.047181322735851e-09
3.7348036959999997 6.048046756043495e-09
3.736154928 6.055929233481351e-09
3.737506159 1.1604580650076002e-07
3.738857391 6.078244534840428e-07
3.740208622 1.975937500649077e-06
3.741559854 3.729836028597571e-07
3.7429110850000002 4.2897525876455515e-07
3.744262317 1.940539258895077e-06
3.7456135479999997 3.4212153452828104e-06
3.746964779 2.703823067485283e-08
3.748316011 6.065735489474203e-09
3.749667242 6.065831607544668e-09
3.751018474 6.065928062502869e-09
3.752369705 6.066024357382412e-09
3.753720937 6.066119242421411e-09
3.7550721680000003 6.066211923019124e-09
3.7564234 6.066301389008138e-09
3.757774631 6.0663868181178614e-09
3.759125862 6.066467148839596e-09
3.7604770939999996 6.066541177140903e-09
3.7618283249999998 6.06660840491483e-09
3.763179557 5.266634499465619e-08
3.764530788 8.179388668272563e-07
3.76588202 2.4102856500594925e-06
3.767233251 4.812906808652584e-08
3.768584482 6.066801155697121e-09
3.7699357140000003 6.0668046675969064e-09
3.771286945 1.4782096213448116e-08
3.7726381769999997 6.797219926009645e-08
3.773989408 1.73989631627801e-08
3.77534064 3.427671145033653e-08
3.776691871 5.0265707393998736e-08
3.778043103 6.073514073830603e-09
3.779394334 6.073396918174166e-09
3.780745565 6.073715520587656e-09
3.7820967970000003 6.074382592782915e-09
3.7834480279999996 6.075025472279933e-09
3.7847992599999998 6.07564620261109e-09
3.786150491 6.0762422828924636e-09
3.7875017229999997 6.076812331278554e-09
3.7888529539999998 6.077358161729049e-09
3.790204185 6.077627050567926e-09
3.791555417 1.437426317803547e-08
3.792906648 3.8046853440293293e-06
3.79425788 4.299891367389575e-06
3.795609111 2.962520689290664e-06
3.7969603430000003 3.741266353697836e-06
3.798311574 9.166305476861007e-06
3.7996628059999997 9.710921883928365e-06
3.801014037 6.8059672812181075e-06
3.802365268 8.433048203789674e-07
3.8037165 6.605386636583271e-09
3.8050677310000003 6.069486698723677e-09
3.806418963 6.069653364051327e-09
3.807770194 6.069791366167724e-09
3.8091214260000004 6.069898909084747e-09
3.8104726569999996 6.069686155070882e-09
3.811823889 5.7035386644347755e-08
3.81317512 1.0709564128678522e-08
3.814526351 6.067264186673486e-09
3.815877583 6.0663992348039165e-09
3.817228814 3.7545256239581726e-08
3.818580046 8.652721025747941e-07
3.8199312770000002 2.1190809387535636e-06
3.821282509 6.743899111212483e-08
3.82263374 6.068655983545418e-09
3.823984971 4.265381726634362e-08
3.825336203 1.3972423682468234e-06
3.826687434 9.022386110315072e-08
3.828038666 6.577398520621044e-07
3.829389897 3.004708042798201e-06
3.830741129 5.180274731239069e-07
3.8320923600000003 6.060937672783492e-09
3.833443592 7.930213335660867e-09
3.834794823 1.412843191350366e-06
3.836146054 2.0945370997229994e-06
3.8374972859999996 4.072254341755938e-07
3.8388485169999997 8.127482617023158e-07
3.840199749 7.099685640579809e-07
3.84155098 1.0156542239072994e-08
3.842902212 1.5647988442208918e-07
3.844253443 2.094127226823352e-06
3.845604674 2.4395195954477604e-06
3.8469559060000003 9.16365253136491e-07
3.848307137 1.670453761989533e-06
3.849658369 4.401114266835038e-06
3.8510096 3.3789237974998856e-06
3.852360832 1.6870085422173495e-06
3.853712063 1.4200723853942488e-07
3.855063295 6.045751137086906e-09
3.856414526 6.044413809794724e-09
3.857765757 6.0484207769341215e-09
3.859116989 7.284948641762738e-09
3.86046822 3.2800286718594835e-07
3.861819452 1.5244105364445537e-06
3.863170683 7.588898661799216e-09
3.8645219149999996 6.0434205964194536e-09
3.8658731459999998 4.204719982243165e-07
3.867224377 2.3343557648052747e-06
3.868575609 1.6784813474034804e-06
3.86992684 1.2794374977410447e-06
3.871278072 1.030617995497873e-06
3.872629303 1.073197502080305e-06
3.8739805350000003 1.1632299069733008e-06
3.875331766 1.2157466604074044e-07
3.876682998 1.722306343427517e-08
3.878034229 2.3248098461946872e-06
3.87938546 2.945769944176298e-06
3.880736692 2.483170466021422e-06
3.882087923 4.6081286762351315e-06
3.883439155 5.495571498064287e-06
3.884790386 2.906394527942288e-06
3.886141618 3.6745930132744373e-06
3.887492849 5.056905793396101e-06
3.8888440810000002 6.112874409661087e-06
3.890195312 6.376058523274378e-06
3.891546543 2.9378980340982416e-06
3.892897775 4.224916360341019e-07
3.894249006 4.777178984696972e-07
3.895600238 5.379319137071781e-06
3.8969514690000002 8.39793132001781e-06
3.898302701 1.048709300238981e-05
3.899653932 1.419169732163616e-05
3.9010051629999998 1.300879844357384e-05
3.902356395 8.875097272052498e-06
3.903707626 4.483555094863141e-06
3.905058858 2.2626727533851295e-06
3.906410089 2.681550581333638e-06
3.9077613209999997 3.3799492103583348e-06
3.909112552 3.84956001462058e-06
3.910463784 4.212682823954708e-06
3.911815015 6.949549771344928e-06
3.913166246 9.926835959605642e-06
3.914517478 9.109471567851876e-06
3.9158687089999997 1.1189785351854806e-05
3.917219941 1.2040082047844206e-05
3.918571172 9.2263274020527e-06
3.919922404 9.449317967010195e-06
3.921273635 9.73673589201583e-06
3.922624866 8.890480917215081e-06
3.9239760980000002 9.599371938206104e-06
3.9253273290000004 1.0684401444307012e-05
3.926678561 4.944694780162708e-06
3.928029792 2.31522277531726e-06
3.929381024 2.675413987044989e-06
3.9307322549999997 5.8350420742178755e-06
3.932083487 6.757477242214589e-06
3.933434718 7.95889104175453e-06
3.934785949 9.342914137854456e-06
3.936137181 8.948733328547226e-06
3.937488412 7.639243849816693e-06
3.938839644 3.0627346006389407e-06
3.940190875 1.8884712684763243e-06
3.941542107 6.090694050990033e-06
3.9428933379999997 9.415979610869904e-06
3.944244569 1.1472374912648405e-05
3.945595801 1.5159093216261836e-05
3.946947032 1.2519574215505267e-05
3.948298264 7.413251547898021e-06
3.949649495 8.734395024555716e-06
3.9510007270000003 1.2649338627506044e-05
3.9523519580000004 1.2746781238746817e-05
3.95370319 1.0612998354980337e-05
3.955054421 9.222414912305198e-06
3.956405652 7.586207875234577e-06
3.9577568839999997 3.688025622516251e-06
3.959108115 2.6572527770140346e-06
3.960459347 2.8710687649637335e-06
3.961810578 4.319437663453618e-06
3.96316181 9.91779358295277e-06
3.964513041 1.5355785782929472e-05
3.965864273 1.4729824393945918e-05
3.967215504 1.0406534974709495e-05
3.968566735 5.775737667503691e-06
3.9699179669999998 2.740662237142507e-06
3.971269198 3.434950246594112e-06
3.97262043 6.64750960674849e-06
3.973971661 5.727280838680617e-06
3.975322893 3.864520719178313e-06
3.976674124 3.325739449559699e-06
3.978025355 4.225801265199036e-06
3.9793765870000004 4.671377969593156e-06
3.9807278179999996 6.7394725532130604e-06
3.98207905 5.921457815345759e-06
3.983430281 2.5442766281691303e-06
3.9847815129999997 4.235461311642106e-06
3.986132744 6.095099784411905e-06
3.987483976 5.764502827463535e-06
3.988835207 4.36954131568511e-06
3.9901864380000003 2.7141049526018637e-06
3.99153767 2.674575322765268e-06
3.9928889009999997 1.4289231159974585e-06
3.994240133 1.5030369885624243e-06
3.995591364 3.238366902376159e-06
3.996942596 2.538846477209551e-06
3.998293827 5.904579226924403e-06
3.999645058 6.270451961478554e-06
4.00099629 2.8473218294468e-06
4.002347521 1.470398065386996e-06
4.003698753 4.884858207235283e-06
4.005049984 8.024382107310582e-06
4.006401216 8.400574843858169e-06
4.007752447 7.319322196375498e-06
4.009103679 5.404251161950831e-06
4.01045491 5.183485892923352e-06
4.011806141 6.760778207334201e-06
4.013157373 6.892586930043746e-06
4.014508604 5.802392693047276e-06
4.015859836 8.789406310979768e-06
4.017211067 1.0490918046305378e-05
4.018562299 8.287645503565847e-06
4.01991353 8.811771331983811e-06
4.021264761 1.0414237217734185e-05
4.022615993 1.1625228794823998e-05
4.023967224 1.0570815076918523e-05
4.025318456 1.2093123855985813e-05
4.026669687 9.653572208381605e-06
4.028020919 5.259098800322605e-06
4.02937215 4.655799794212178e-06
4.030723382 5.970269067468447e-06
4.032074613 7.869365157382471e-06
4.033425844 6.908964321229723e-06
4.034777076 9.847897398377416e-06
4.036128307 1.0814266822905425e-05
4.037479539 1.0753809310831323e-05
4.03883077 1.1974601577811477e-05
4.040182002 9.805624826602266e-06
4.041533233 6.188018585614329e-06
4.042884465 3.787407961660774e-06
4.044235696 4.449579536958033e-06
4.0455869269999996 3.56414184523954e-06
4.046938159 2.84107262482733e-06
4.04828939 3.0333405935446244e-06
4.049640622 1.4698508654515275e-06
4.050991853 8.378784648524869e-07
4.052343085 2.0203302870617112e-06
4.053694316 4.642663637649122e-06
4.055045547 4.023689260229317e-06
4.056396779 4.4259034564269665e-06
4.05774801 4.927863935555331e-06
4.059099241999999 5.691562149173298e-06
4.0604504729999995 5.222117182708316e-06
4.061801705 3.843485837923996e-06
4.063152936 1.6274649379587247e-06
4.064504168 8.903769526766879e-09
4.065855399 6.016839947395953e-09
4.06720663 6.0163886527235895e-09
4.0685578620000005 6.015953100895901e-09
4.069909093000001 2.4332003645972568e-08
4.071260325 3.0490689036259596e-06
4.072611556 3.505679086323941e-06
4.073962788 4.606246131298265e-06
4.075314019 6.496639458419953e-06
4.07666525 7.17989475629299e-06
4.078016482 1.1052402981459358e-05
4.079367713 1.2836194256172792e-05
4.080718945 1.3824114331857807e-05
4.082070176 8.221822552630192e-06
4.083421408 6.299668197102301e-06
4.084772639 6.3426223393697035e-06
4.086123871 9.774140353008341e-06
4.087475102 1.011255556615348e-05
4.088826333 1.236095315278924e-05
4.090177565 1.3467759407929156e-05
4.091528796 6.794444894312532e-06
4.092880028 3.2741183895746325e-06
4.094231259 6.369047485685799e-06
4.095582491 9.782759852638747e-06
4.096933722 9.466185851138795e-06
4.098284953 9.029315240403063e-06
4.0996361850000005 6.557356594501738e-06
4.100987416 2.658290608582408e-06
4.102338648 3.14199473975073e-06
4.103689878999999 7.102423822960101e-06
4.105041110999999 1.0580317128868178e-05
4.106392342 1.0937858445203826e-05
4.107743574 1.2120008570316143e-05
4.109094805 1.169710562952128e-05
4.110446036 1.0608451713334403e-05
4.111797268 1.1288474936029451e-05
4.113148499 1.4217677473575756e-05
4.1144997309999995 1.0603550291503586e-05
4.115850962000001 7.275296763246108e-06
4.117202194000001 7.096407906666367e-06
4.118553425 7.817337860978015e-06
4.119904657 9.928721219686763e-06
4.121255887999999 1.3516775671389833e-05
4.122607119 1.5457212600061892e-05
4.123958351000001 9.525355932727076e-06
4.125309582 9.050322694673376e-06
4.126660814 1.1132814181993082e-05
4.128012045 1.7012226077799384e-05
4.129363277 1.5967856546065112e-05
4.130714508 1.587258090685058e-05
4.132065739 1.6763814849819108e-05
4.133416971 1.560064634942879e-05
4.134768202 1.3102301212755897e-05
4.136119434 1.3706065423054764e-05
4.1374706649999995 1.2295321402885602e-05
4.138821897 5.67878906493415e-06
4.140173128000001 6.553800156485096e-06
4.14152436 1.1978185517126171e-05
4.142875591 1.7392849601049786e-05
4.144226821999999 1.6356056688234724e-05
4.145578054 1.4463586655144697e-05
4.146929285000001 8.825571059202949e-06
4.148280517 3.2969198189826665e-06
4.149631748 3.824951324120724e-06
4.15098298 9.257225324030347e-06
4.152334211 1.1081265965534132e-05
4.153685442 7.708738850086754e-06
4.155036674 6.8285973822169296e-06
4.156387905 4.08684363184706e-06
4.157739136999999 1.6613263043108158e-06
4.159090368 1.8019474725907118e-07
4.1604416 1.2174701259911502e-06
4.161792831 3.6692812717615776e-06
4.163144063 5.899199064391325e-06
4.164495294 7.312545042209927e-06
4.165846525 8.477757022577026e-06
4.167197757 5.761892831992705e-06
4.1685489879999995 6.604517555301911e-06
4.169900220000001 7.63485552987171e-06
4.171251451 8.826062415632861e-06
4.172602683 9.38912264994489e-06
4.173953914 1.0673195010040108e-05
4.1753051459999995 9.63502401772681e-06
4.1766563770000005 6.738800843615375e-06
4.178007608 4.736371896600846e-06
4.17935884 7.981464041909514e-06
4.180710071 6.969221223966605e-06
4.182061303 2.2048356816127858e-06
4.183412534 1.3216539593071458e-07
4.184763766 2.9464144845071223e-06
4.186114997 5.895806500490448e-06
4.187466228 5.914548971563321e-06
4.18881746 7.025398209990478e-06
4.190168691 6.713314748651087e-06
4.1915199229999995 2.551142149619893e-06
4.1928711540000005 1.51287204847795e-06
4.194222386000001 2.0556038887106814e-06
4.195573617 1.470477938270934e-06
4.196924849 1.0785174026511821e-06
4.198276079999999 4.805640744237138e-06
4.199627311 1.0189446100288288e-05
4.200978543 8.248668338437422e-06
4.202329774 6.961206554265536e-06
4.203681006 7.801137248552877e-06
4.205032237 1.1485817818529029e-05
4.206383469 1.2186377726984055e-05
4.2077347 1.4941086101030268e-05
4.209085931 1.7253487504163444e-05
4.210437163 1.6182458371258862e-05
4.211788394 1.1364828371117145e-05
4.213139626 1.0008637720152617e-05
4.2144908569999995 1.0863952689381596e-05
4.215842089 9.66142583679026e-06
4.217193320000001 9.035675825545723e-06
4.218544552 1.110438596641367e-05
4.219895783 1.3559909127488221e-05
4.221247013999999 1.7565622135956046e-05
4.2225982459999996 2.3475416249523895e-05
4.223949477 3.133913145771466e-05
4.225300709 3.0377287698213432e-05
4.22665194 2.2518847467462065e-05
4.228003171999999 2.3041133445838166e-05
4.229354403 2.549905867012707e-05
4.2307056339999995 2.344340330536926e-05
4.232056866 1.7300160138528062e-05
4.233408097000001 2.001603114959341e-05
4.234759329 2.2645141683286276e-05
4.23611056 2.360851497789563e-05
4.237461792 2.533681756381259e-05
4.238813023 3.0632952621631264e-05
4.240164255 2.846131455745869e-05
4.241515486 2.5181773842241996e-05
4.242866717 2.5729883019033534e-05
4.244217949 3.351163108324502e-05
4.24556918 3.0812908958624096e-05
4.246920412000001 2.518808219244891e-05
4.248271643 2.2066644759470357e-05
4.249622875 2.097121671744212e-05
4.250974105999999 1.2931153428356615e-05
4.2523253379999995 1.2112703417759568e-05
4.2536765690000005 1.619378831122903e-05
4.2550278 1.5374634398616693e-05
4.256379032 8.673221479550633e-06
4.257730263 1.0582418608720088e-05
4.259081495 1.3209768483329693e-05
4.260432726 1.5302324074889754e-05
4.261783958 1.5069941108059158e-05
4.263135189 2.1373652730577095e-05
4.26448642 2.510937875526067e-05
4.265837652 2.1960481311100963e-05
4.267188883 1.4758875759433593e-05
4.2685401149999995 1.4631243342865694e-05
4.2698913460000005 1.5884759834819307e-05
4.271242578000001 1.4115449748675447e-05
4.272593809 1.0914641870910761e-05
4.273945041 1.32044559408233e-05
4.275296271999999 1.2689895059798036e-05
4.276647503 1.2244414228647092e-05
4.277998735 1.2178909190719652e-05
4.279349966 1.5054257287180127e-05
4.280701198 1.4310382274342977e-05
4.282052429 1.3953032187569033e-05
4.283403661 1.4858343813548333e-05
4.284754892 1.8172402330494324e-05
4.286106123 1.5607535973921947e-05
4.287457355 1.6305101283493156e-05
4.288808586 1.879462626389412e-05
4.290159818 2.404665084214394e-05
4.2915110489999995 1.810970859249847e-05
4.292862281 1.520134862295983e-05
4.294213512000001 1.4918373757319626e-05
4.295564744 1.5445431221729825e-05
4.296915975 1.0829761621553857e-05
4.298267206 1.126587350192272e-05
4.299618438 1.7944970687377167e-05
4.300969669 2.048132155500347e-05
4.302320901 1.4022466735659477e-05
4.303672132 1.2986312224015587e-05
4.305023363999999 1.2049080977984598e-05
4.306374595 1.3347028613935023e-05
4.3077258259999995 1.126242758497691e-05
4.309077058 9.611819503405257e-06
4.310428289000001 8.753691896697178e-06
4.311779521 8.361412633556725e-06
4.313130752 7.910929570870239e-06
4.314481984 9.48357588961108e-06
4.315833215 9.947270513277163e-06
4.317184447 8.899592200776179e-06
4.318535678 7.004879436285992e-06
4.319886909 8.537601167145644e-06
4.321238141 9.681465776864946e-06
4.322589372 8.68748062229192e-06
4.323940604000001 7.062074754076638e-06
4.325291835 7.885105966991314e-06
4.326643067 9.690426028581793e-06
4.327994297999999 1.2151923781341462e-05
4.329345529999999 1.2776245741599347e-05
4.3306967610000004 1.456447925464612e-05
4.332047992 8.54848091287466e-06
4.333399224 8.522439309891596e-06
4.334750455 7.787940200696195e-06
4.336101687 8.105684036096787e-06
4.337452918 7.263366198185443e-06
4.33880415 6.431834699164384e-06
4.340155381 9.924494276301954e-06
4.341506612 1.3163213735700927e-05
4.342857844 1.034930531987428e-05
4.344209075 6.095309853577619e-06
4.3455603069999995 7.550132641616525e-06
4.3469115380000005 1.1199199507473488e-05
4.34826277 1.0271907326441726e-05
4.349614001 6.414974030671992e-06
4.350965233 5.8627943792069505e-06
4.352316464 8.1178415091476e-06
4.353667695 1.28494927574113e-05
4.355018927 1.3584839359212843e-05
4.356370158 1.6038978323969845e-05
4.35772139 1.3243602640986213e-05
4.359072621 7.287904751374198e-06
4.360423853 3.020992366023921e-06
4.361775084 4.300617933471773e-06
4.363126315000001 7.675425325297463e-06
4.364477547000001 8.636311950108121e-06
4.365828778 1.0971463174704801e-05
4.36718001 1.5125256162928597e-05
4.3685312409999995 1.6283472915538405e-05
4.369882473 1.4114865661618198e-05
4.371233704 1.0502172893124336e-05
4.372584936 1.0448023867392001e-05
4.373936167 1.2412601872888951e-05
4.375287398 9.941093199679604e-06
4.37663863 9.017396189482062e-06
4.377989861 1.0581128646478596e-05
4.379341093 1.1518980094956123e-05
4.380692324 9.56930685693657e-06
4.382043555999999 8.36892729284003e-06
4.383394787 1.010451622312262e-05
4.3847460179999995 1.1261423000630204e-05
4.38609725 8.214029154528036e-06
4.387448481000001 5.78941633074097e-06
4.388799713 7.1383251271581894e-06
4.390150944 6.613730461310276e-06
4.391502176 3.1811768266623024e-06
4.392853407 3.2000311528658496e-06
4.394204639 3.9777574728002794e-06
4.39555587 8.714750422918856e-06
4.396907101 4.847447828933014e-06
4.398258332999999 5.04139772958939e-06
4.399609564 5.057339027219518e-06
4.400960796000001 3.39688548837527e-06
4.402312027 8.609225539631251e-07
4.403663259 9.900137176076264e-07
4.405014489999999 5.5327395056363005e-06
4.406365721999999 6.786318980657707e-06
4.407716953 6.738126401609198e-06
4.409068184 7.272071102516692e-06
4.410419416 1.1004863166437653e-05
4.411770647 9.83482516251202e-06
4.413121879 3.52012307320484e-06
4.41447311 4.065527792766794e-07
4.415824342 8.98295691141859e-09
4.417175573000001 5.728534605558003e-09
4.418526804 5.7261027630567754e-09
4.419878036 5.723661680005146e-09
4.421229266999999 5.531143479217642e-07
4.4225804989999995 6.753911080503398e-06
4.4239317300000005 8.268524279251245e-06
4.425282962 7.769710318917137e-06
4.426634193 7.604976336628844e-06
4.427985425 5.6277113338612706e-06
4.429336656 2.4702411196203164e-06
4.430687887 2.7263948632536774e-06
4.432039119 3.912696999182565e-06
4.43339035 4.903519551635277e-06
4.434741582 1.7189435669412737e-06
4.436092813 3.720220661470685e-08
4.437444045 1.7474301749223775e-08
4.438795276 2.2080732492802776e-06
4.440146507000001 3.0166079171758405e-06
4.441497739000001 4.446463859825432e-06
4.44284897 6.768309757908366e-06
4.444200202 6.769938847890204e-06
4.445551432999999 5.520134086976333e-06
4.446902665 5.4100157757241675e-06
4.448253896 8.445869225365249e-06
4.449605128 7.212995953536147e-06
4.450956359 3.423062506922931e-06
4.45230759 1.2845589643789388e-06
4.453658822 4.020965835322767e-06
4.455010053 6.057215929921091e-06
4.456361285 5.3178344463239875e-06
4.457712516 2.6533313393052986e-06
4.459063747999999 3.4019517335525466e-06
4.460414979 4.9281402308114185e-06
4.4617662110000005 3.292355402973534e-06
4.463117442 1.9694067988446376e-06
4.464468673000001 3.2583672065611045e-06
4.465819905 7.662130891891966e-06
4.467171136 4.962550241942622e-06
4.468522368 3.9683831579411914e-06
4.469873599 4.0452917169875465e-06
4.471224831000001 8.98072643041896e-06
4.472576062 7.430357013874792e-06
4.473927293 4.883060430496706e-06
4.475278524999999 4.21024081187234e-06
4.476629756 6.368021596094051e-06
4.4779809880000006 3.4499384839130746e-06
4.479332219 1.3436619457316578e-06
4.480683451 1.724137219397814e-06
4.482034682 3.1592006101866764e-06
4.483385914 8.997541681423198e-07
4.484737145 7.318782081868185e-09
4.486088376 2.312958029561153e-07
4.487439608 5.411640174819644e-06
4.488790839 1.954856464391507e-05
4.490142071 1.7157897009169876e-05
4.491493302 1.6027660854493813e-05
4.492844534 1.3995910226400282e-05
4.494195765000001 1.1441708000843492e-05
4.495546996 8.16860168839923e-06
4.496898228 6.258887413972346e-06
4.498249458999999 9.340165409996313e-06
4.4996006909999995 1.3876369411042346e-05
4.5009519220000005 1.6254437822234238e-05
4.502303154 1.1104310607910619e-05
4.503654385 1.4874855071236097e-05
4.505005617 1.8640014978394462e-05
4.506356848 1.9558757166659772e-05
4.507708079 1.8565526883500553e-05
4.509059311 2.317173157734268e-05
4.510410542 3.4339572785542905e-05
4.511761774 3.393575909433908e-05
4.513113005 3.188577633681035e-05
4.514464237 3.3607259844028874e-05
4.5158154679999996 4.980652337954189e-05
4.517166699000001 5.618595343702097e-05
4.518517931 5.731364545782916e-05
4.519869162 6.002804488814484e-05
4.521220394 7.770609239115493e-05
4.522571624999999 9.729594254255408e-05
4.523922857 0.00010660302273414568
4.525274088 0.00012039005041839142
4.52662532 0.0001408394830521626
4.527976551 0.00017035230752297597
4.529327782 0.00018292788767174806
4.530679014 0.00020317414478305756
4.532030245 0.00023290380731722478
4.533381477 0.0002734561012348431
4.534732708 0.00030565328206604437
4.53608394 0.000332314244460998
4.537435171 0.0003736844468069155
4.5387864030000005 0.000423128264029969
4.540137634 0.0004767304508045687
4.541488865 0.0005183849370221377
4.542840097 0.0005729483887952902
4.544191328 0.0006361473057852719
4.5455425599999995 0.0007025832059479144
4.5468937910000005 0.0007624227721373069
4.548245023000001 0.0008281299869459144
4.549596254 0.0009124180449525159
4.550947485 0.0009954248289290439
4.552298716999999 0.0010789389809972851
4.553649948 0.0011597524409933738
4.5550011800000005 0.0012654782945764496
4.556352411 0.0013777351447442207
4.557703643 0.001488889184800559
4.559054874 0.001598290495346921
4.560406106 0.001723233338013033
4.561757337 0.0018727263514888334
4.563108568 0.0020130573259486187
4.5644598 0.00215858923791973
4.565811031 0.002310507399399879
4.567162263 0.002493388032518195
4.568513493999999 0.0026787946210163347
4.569864726 0.002862602298505295
4.571215957000001 0.00305931134965218
4.572567188 0.0032837256468919475
4.57391842 0.0035349643963439948
4.575269650999999 0.0037783954999040933
4.5766208829999995 0.004039994723770401
4.5779721140000005 0.004321414102142695
4.579323346 0.004641730614450965
4.580674577 0.004971874988792362
4.582025809 0.005311504032997709
4.58337704 0.005685980677093025
4.584728271 0.006093880581117077
4.586079503 0.0065376832377848915
4.587430734 0.006983907479189771
4.588781966 0.007470443706900449
4.590133197 0.008000954863023988
4.591484429 0.008581283947170977
4.5928356599999995 0.009188786779437979
4.5941868910000005 0.009823689294648715
4.595538123 0.010527596423811372
4.596889354 0.011285355152020067
4.598240586 0.012101439270665355
4.599591817 0.012950808009807701
4.6009430490000005 0.013873654790727807
4.60229428 0.01487926318137228
4.603645512 0.015959681631676118
4.604996743 0.0171082712075005
4.606347974 0.018326166805713924
4.607699206 0.019663871863033155
4.609050437 0.021098229888355885
4.610401669 0.022633457342088166
4.611752900000001 0.024263650655682638
4.613104132 0.02602249330665444
4.614455363 0.02793196744519428
4.6158065950000005 0.02996995970705724
4.617157826 0.032149467479142727
4.618509057 0.03447775740182595
4.619860289 0.0370059744648783
4.62121152 0.03971286369973117
4.622562751999999 0.042596851347742014
4.6239139830000004 0.04567533713622498
4.625265215000001 0.0489762936215812
4.626616446 0.052533120228365704
4.627967677 0.056309402225357394
4.629318908999999 0.06033407065331537
4.63067014 0.0646194291114202
4.6320213720000005 0.06920986072885163
4.633372603 0.0741129828887369
4.634723835 0.07927733740394152
4.636075066 0.08475615848598464
4.637426298 0.09057696100767855
4.638777529 0.09674599091764215
4.64012876 0.10324835803527145
4.641479992 0.11010622991704481
4.642831223 0.11726913591650122
4.644182455 0.12481759233032488
4.645533685999999 0.1327522304122697
4.646884918 0.1409175347807377
4.648236149000001 0.1494524165048352
4.64958738 0.15832090082279004
4.650938612 0.1674286058546765
4.652289842999999 0.17704744984830187
4.6536410749999995 0.1866474088222053
4.6549923060000005 0.19639695989637787
4.656343538 0.20640896940675743
4.657694769 0.21646265776574056
4.659046001 0.2265335155500441
4.660397232 0.236733934541006
4.661748463 0.24673794457218565
4.663099695 0.2567261377157758
4.664450926000001 0.2667454152020272
4.665802158 0.2762242922720123
4.667153389 0.28564109537054977
4.668504621 0.2948694649925532
4.6698558519999995 0.3035430653316453
4.6712070830000005 0.31201892018691574
4.672558315 0.3200297915512447
4.673909546 0.32750491602637277
4.675260778 0.3347262945581203
4.676612009 0.3413436831576278
4.6779632410000005 0.3474510807939585
4.679314472 0.35324573130378495
4.680665704 0.3583596072610876
4.682016935 0.36310823505839857
4.683368166 0.36752634534766404
4.684719398 0.37123386206805464
4.686070629 0.37469372725225425
4.687421861 0.37779868221870655
4.688773092 0.38043544306253635
4.690124324 0.38284451229301913
4.691475555 0.3848604106557263
4.6928267869999996 0.3865838722118025
4.694178018 0.38813101378341786
4.695529249 0.38933028251546486
4.696880481 0.3903476008217657
4.698231712 0.39165696023459606
4.699582943999999 0.3922781759810186
4.700934175 0.3927996592585788
4.702285407000001 0.39318046657862776
4.703636638 0.39340563312402876
4.704987869 0.3935697198284031
4.706339100999999 0.3936472288322462
4.707690332 0.3936551642218271
4.7090415640000005 0.39362137140505127
4.710392795 0.3935328719951342
4.711744027 0.39346766217382406
4.713095258 0.39338809140871084
4.71444649 0.3932705008351618
4.7157977209999995 0.39314039473064316
4.717148952 0.39299039966021665
4.718500184000001 0.39283509614127293
4.719851415 0.39267224267971307
4.721202647 0.3924325887373838
4.722553877999999 0.3921690124943957
4.72390511 0.3918914909868663
4.725256341000001 0.39160031646114657
4.726607572 0.3912999085473398
4.727958804 0.3909845248762058
4.729310035 0.39065693077914226
4.730661267 0.39032289793600694
4.7320124980000005 0.3899797324260301
4.73336373 0.38962154218336864
4.734714961 0.3895572986216492
4.736066193 0.38928836120124566
4.737417424 0.38888879110077307
4.738768654999999 0.388474046005636
4.740119887 0.38802258575074444
4.741471118000001 0.3875528144507877
4.74282235 0.38704317055686854
4.744173581 0.386508247550402
4.745524813 0.3859549708255081
4.7468760439999995 0.38535067859176136
4.748227276 0.38473336897644433
4.749578507 0.3840929627305386
4.750929738 0.38343474348144524
4.75228097 0.3827667532822271
4.753632201 0.38207268009082684
4.7549834330000005 0.3813701469113822
4.756334664 0.3806607351742677
4.757685896 0.3799487954672383
4.759037127 0.3792363956314899
4.760388358 0.3785197652573693
4.76173959 0.3778075625740108
4.763090821 0.3770844246633918
4.764442053 0.3763760912656493
4.765793284 0.37568593951803375
4.767144516 0.375018318137931
4.768495747 0.37435994064057204
4.7698469789999995 0.37370937966744383
4.77119821 0.3730813877893848
4.772549441 0.3724714856534037
4.773900673 0.3718748418373469
4.775251904 0.37132237788862005
4.776603135999999 0.37079096575227843
4.777954367 0.37029801669264345
4.779305599000001 0.36983682188807654
4.78065683 0.36939338299257185
4.782008061000001 0.3690021281779806
4.783359293 0.3686368248429493
4.784710524 0.36830497518067246
4.7860617560000005 0.36800508819382893
4.787412987 0.3677214368572481
4.788764219 0.3674793768102343
4.79011545 0.3672577463346462
4.791466682 0.36705542759031373
4.7928179129999995 0.36685978092280114
4.7941691440000005 0.3666703102948695
4.795520376000001 0.3664951306674918
4.796871607 0.366328709596098
4.798222839 0.36616832481800876
4.799574069999999 0.3659986809884264
4.800925302 0.36583258282027037
4.802276533000001 0.3656746362954772
4.803627764 0.365524108763414
4.804978996 0.3653755787021641
4.806330227 0.36520590091385546
4.807681459 0.3650314211480863
4.80903269 0.365247207500786
4.810383922 0.36504502092676466
4.811735153 0.3648312013894765
4.813086384999999 0.3645716194764237
4.814437616 0.3642990915378511
4.815788846999999 0.36400903075610697
4.817140079 0.36368193977320684
4.818491310000001 0.3633362935685366
4.819842542 0.362933317547818
4.821193773 0.36251715129345985
4.822545005 0.3620841690933307
4.8238962359999995 0.36162157163780195
4.825247468 0.36114472165009465
4.826598699 0.36062841656923683
4.82794993 0.36010704040074215
4.829301162 0.35958059707789713
4.830652393 0.35903745995165387
4.8320036250000005 0.3584856330140856
4.833354856 0.35791055924426496
4.834706088 0.3573317601467024
4.836057318999999 0.3567492140082189
4.83740855 0.3561647912019653
4.838759782 0.3555768362995466
4.840111013 0.35497060784253515
4.841462245 0.354363816500472
4.842813476 0.35375645018843477
4.844164708 0.35312025606341507
4.845515939 0.3524726558301578
4.8468671709999995 0.35180209699843074
4.8482184020000005 0.3511312629944919
4.849569633 0.35046039665415135
4.850920865 0.34976747430326777
4.852272096 0.3490667190343339
4.853623327999999 0.3483523130969109
4.854974559 0.3476342024090648
4.856325791000001 0.34691094292290786
4.857677022 0.34615578857457685
4.859028253 0.3453869454483746
4.860379485 0.3445911358275487
4.861730716 0.3437797173175775
4.863081948 0.3429401047426985
4.864433179 0.34204562712843206
4.865784411 0.34112350658869284
4.867135642 0.3401579791157081
4.868486874 0.3391795285623047
4.8698381049999995 0.33816914272145315
4.8711893360000005 0.3371205231829724
4.872540568000001 0.33604589501067794
4.873891799 0.33495766876268906
4.875243031 0.3338648116995858
4.876594261999999 0.33297258950680364
4.8779454939999995 0.3319958641536979
4.879296725000001 0.3307235726770474
4.880647956 0.32946755769084135
4.881999188 0.3282206490576045
4.883350419 0.3269931050841237
4.884701651 0.32577641222410586
4.8860528819999995 0.32457542013008644
4.887404114 0.32342806715831
4.888755345 0.32230550753215403
4.890106576999999 0.3212392296051851
4.891457808 0.3201949379863243
4.892809038999999 0.31920513305296006
4.894160271 0.3182907305545975
4.895511502000001 0.31743182238750467
4.896862734 0.316654556148506
4.898213965 0.3159060782662013
4.899565197 0.31524888741849955
4.900916428 0.31465045097586
4.902267660000001 0.31412686164847303
4.903618891 0.3136424174567576
4.904970122 0.3131712485300577
4.906321354 0.3127332913798697
4.907672585 0.3122925933575832
4.9090238170000005 0.3118482205494448
4.910375048 0.31132187262526445
4.91172628 0.31073345421239457
4.913077511 0.3099578966503587
4.914428742 0.30910511940446395
4.915779974 0.3079572252617424
4.917131205 0.3065854346112289
4.918482437 0.3048867292115372
4.919833668 0.3027565830568852
4.9211849 0.30043250638130725
4.922536131 0.29738170010266357
4.9238873629999995 0.2940992763314815
4.9252385940000005 0.29007343351454407
4.926589825 0.28558299250955776
4.927941057 0.2806289964158041
4.929292288 0.2749015265640427
4.930643519999999 0.26899234403943434
4.931994751 0.2619910874625573
4.933345983000001 0.2548327216483632
4.934697214 0.24704838072436205
4.936048445 0.2388820704862004
4.937399677 0.23049438560086594
4.938750908 0.2215049737646595
4.94010214 0.21260183304160188
4.941453371 0.20332454754191726
4.942804603 0.19421903269108048
4.944155834 0.1849099483919687
4.945507066 0.17564855923239145
4.9468582969999995 0.16658049961888372
4.9482095280000005 0.15760347237997327
4.949560760000001 0.14901311167657733
4.950911991 0.14059979562759894
4.952263223 0.1325691293521488
4.953614453999999 0.12482487961056916
4.9549656859999995 0.11747010060274532
4.9563169170000005 0.11050772823857151
4.957668148 0.10391540847783985
4.95901938 0.09770593516288491
4.960370611 0.09182226652653756
4.961721843 0.08631095549562155
4.9630730739999995 0.08116357003910463
4.964424306 0.07635428507321329
4.965775537000001 0.07185262348057303
4.967126769 0.0676371417547247
4.968478 0.06367896883649411
4.969829230999999 0.060034151222828805
4.971180463 0.056616101578128845
4.972531694000001 0.05343408058554614
4.973882926 0.05044313137400628
4.975234157 0.04763052276087013
4.976585389 0.04502217964921766
4.97793662 0.042571855702054316
4.979287852000001 0.04027482835334095
4.980639083 0.0381006488615089
4.981990314 0.03603742580923156
4.983341545999999 0.03409710945391317
4.984692777 0.03227425243627274
4.986044009 0.030530881151028005
4.98739524 0.02887377578377506
4.988746472 0.0272674903806147
4.990097703 0.025745354676312497
4.991448934 0.02429833960923473
4.992800166 0.022914184253482534
4.9941513969999995 0.02157536068701384
4.995502629 0.02028126529354885
4.99685386 0.019040676384080153
4.998205092 0.01785344288738579
4.999556323 0.01673468150666417
5.0009075549999995 0.015626167668529957
5.0022587860000005 0.014580628648069542
5.003610017 0.013565909531039071
5.004961249 0.012611955252342526
5.006312479999999 0.011712801180747471
5.007663711999999 0.010843499948624071
5.009014943 0.010032003718779133
5.010366175 0.009243304497349794
5.011717406 0.008511862629251693
5.013068637 0.007831552532037591
5.014419869 0.007196027899377341
5.0157711 0.006587337439273723
5.017122332 0.006023987914543025
5.018473563 0.005502462471283997
5.019824795000001 0.005029130578331877
5.021176026 0.00459795097591782
5.022527258 0.004186539008679068
5.0238784889999994 0.003810101702066823
5.0252297200000005 0.0034709225015420674
5.026580952000001 0.003164121360261406
5.027932183 0.0028895903032179174
5.029283415 0.0026301285199676863
5.030634646 0.0023849241270732843
5.031985878 0.002169134180744665
5.033337109 0.0019759589016870257
5.034688341 0.0018075805566840433
5.036039572 0.0016539974734743625
5.037390803 0.001498369861763999
5.038742035 0.001359984400816643
5.0400932659999995 0.0012419804651516112
5.041444498 0.001137493515035215
5.042795729000001 0.0010459153285532318
5.044146961 0.0009556884680276121
5.045498192 0.0008697168770571347
5.046849422999999 0.0008015985469070174
5.048200655 0.0007413306579379855
5.049551886000001 0.0006851442021088153
5.050903118 0.0006313126343563826
5.052254349 0.0005720567552923699
5.053605581 0.0005233180552699194
5.054956812 0.0004879792193365948
5.056308044000001 0.0004544032995583437
5.057659275 0.00042258224153644483
5.059010506 0.00038617322448952725
5.060361737999999 0.00035006032405287
5.061712969 0.0003284716140188555
5.063064201 0.0003099339694127815
5.064415432 0.00028977525227293196
5.065766664 0.0002697384748709853
5.067117895 0.00024659985977076285
5.068469126 0.00022960807383508468
5.069820358 0.00022072301206836338
5.0711715889999995 0.00020779346696422836
5.072522821 0.00019206031940386816
5.073874052 0.0001750069057738781
5.075225284 0.00015848422577745703
5.076576515 0.00015382688688873457
5.0779277469999995 0.00015107311478977666
5.0792789780000005 0.00014015652536458916
5.080630209 0.00012981107352903239
5.081981441 0.0001192100460012103
5.083332671999999 0.00011292114791903435
5.084683904 0.0001136901720555206
5.086035135 0.00010991419552487048
5.087386367 0.0001018265672901663
5.088737598 9.509052120409316e-05
5.090088829 8.921165807450037e-05
5.091440061 8.941752769572989e-05
5.092791292 9.11875065800619e-05
5.094142524 8.270696007642261e-05
5.095493755000001 7.474710240308073e-05
5.096844987000001 6.931464743009796e-05
5.098196218 6.551026094743174e-05
5.09954745 6.56511503728415e-05
