# from https://jwst-docs.stsci.edu/jwst-near-infrared-camera/nircam-instrumentation/nircam-filters
# mean
9682 0.0
9692 0.0
9702 5.178362062028729e-06
9712 6.147106810879723e-06
9722 7.1410325911220855e-06
9732 8.1381874467981e-06
9742 9.05650932346835e-06
9752 9.95677067861624e-06
9762 1.0880562923046692e-05
9772 1.201634345788777e-05
9782 1.3472597538165258e-05
9792 1.5467604698429306e-05
9802 1.8137780562160598e-05
9812 2.174569312160969e-05
9822 2.6635005146681534e-05
9832 3.3133643419972855e-05
9842 4.152450224843489e-05
9852 5.222948515683088e-05
9862 6.529264336074028e-05
9872 8.091873250498767e-05
9882 9.916839758230236e-05
9892 0.00012003994442191229
9902 0.000143750741341417
9912 0.00017014719374834158
9922 0.0001999333065174841
9932 0.00023395450685621862
9942 0.0002737498695661689
9952 0.000321174471132053
9962 0.00038006295405712087
9972 0.00045546282687906415
9982 0.01343763143185234
9992 0.0279657030484528
10002 0.044245497347129785
10012 0.04930364692596455
10022 0.05532186512996198
10032 0.06148006498679737
10042 0.06914392868183666
10052 0.07761902329988035
10062 0.0886274103222663
10072 0.10101183289746506
10082 0.11505519474913556
10092 0.13069588434120663
10102 0.14735217116321575
10112 0.16554941648344998
10122 0.18381724170560843
10132 0.20254314079751692
10142 0.21920716692986678
10152 0.23356578191797128
10162 0.24390297729297036
10172 0.2512399552720792
10182 0.254887602044816
10192 0.25673431984809875
10202 0.25675960935781866
10212 0.2570561347386915
10222 0.25647982256207463
10232 0.25635856075063573
10242 0.25574299616385593
10252 0.2561438028911366
10262 0.2563792835715987
10272 0.257386094706781
10282 0.2585139461135749
10292 0.259638796392112
10302 0.26120079378929395
10312 0.2627015901591987
10322 0.265159007121201
10332 0.2667455988799931
10342 0.2694286057482363
10352 0.2713932983120785
10362 0.27333224507595605
10372 0.2737048723939437
10382 0.2757186091240258
10392 0.2771409037505645
10402 0.2791104941932679
10412 0.2794517438194979
10422 0.28057468369924565
10432 0.2810016338190041
10442 0.28170284112293326
10452 0.2822485667391423
10462 0.28350540004612224
10472 0.28454739138523305
10482 0.28545820950879236
10492 0.286237873510067
10502 0.28708334746187597
10512 0.2883507406236736
10522 0.2893006837916571
10532 0.29014975970873763
10542 0.29120539030321896
10552 0.29138712472487865
10562 0.2916997035234972
10572 0.29130258770589756
10582 0.2915720585321736
10592 0.2913307039647628
10602 0.2903486761966111
10612 0.289414084182503
10622 0.28800814975141564
10632 0.28631386718500784
10642 0.2848395934298878
10652 0.2834137468270501
10662 0.2822575326477874
10672 0.2799545918994133
10682 0.2780954655688075
10692 0.2757279089360791
10702 0.2733956451945845
10712 0.2714012700075412
10722 0.2693811270361122
10732 0.2680255312755528
10742 0.26622895315753653
10752 0.2651854952838468
10762 0.26458737921007225
10772 0.26403192446803375
10782 0.26413369555905425
10792 0.26360801917584425
10802 0.26406570049596456
10812 0.2647629872827669
10822 0.2658141526391524
10832 0.26625559742898813
10842 0.2673997398791633
10852 0.2683430644707747
10862 0.27019062579517944
10872 0.2713029200202904
10882 0.2735032971058654
10892 0.27540137791235586
10902 0.2781232425678585
10912 0.2805623899034658
10922 0.28320944168675377
10932 0.28557196847838073
10942 0.28801447552264925
10952 0.2904721716935319
10962 0.29228815119380963
10972 0.29509216113766473
10982 0.2975074292047021
10992 0.29986654900094173
11002 0.30063672548691106
11012 0.3017350492481006
11022 0.3030066606140245
11032 0.3044262089448426
11042 0.3050058553554571
11052 0.3060889430949298
11062 0.3065394581634111
11072 0.30687849636692854
11082 0.3064245468613501
11092 0.3061424348922325
11102 0.30660985284441084
11112 0.3065031144575508
11122 0.30668864077262886
11132 0.3062134575960375
11142 0.30609851863753984
11152 0.3056028310433384
11162 0.3046220603017157
11172 0.3038460446785453
11182 0.3028890660947668
11192 0.3022689754922632
11202 0.3020985118046278
11212 0.3012744272607946
11222 0.300646804791224
11232 0.2993080650466117
11242 0.29931350234285503
11252 0.2989846903885861
11262 0.29949031494602696
11272 0.29972007010922797
11282 0.30070102487612604
11292 0.3011640723648728
11302 0.3017656184487504
11312 0.30226363155967834
11322 0.3035747973051402
11332 0.304438270998728
11342 0.3055042349214465
11352 0.3061268627043793
11362 0.3073790221039741
11372 0.3089434131021434
11382 0.30981712815624035
11392 0.31148080302642805
11402 0.31230102654729036
11412 0.3143690827481683
11422 0.31668306138512076
11432 0.31937058473378066
11442 0.32223157452875634
11452 0.3246012075208396
11462 0.32640501831126184
11472 0.32807227672333555
11482 0.3296315054354261
11492 0.33212475250479023
11502 0.3341379460330994
11512 0.33621243419388797
11522 0.3382019028157699
11532 0.3396671841713658
11542 0.34135546581315934
11552 0.3431237486513572
11562 0.34523298443483347
11572 0.34739820547854605
11582 0.34917285181812663
11592 0.3518384715168509
11602 0.3528246112315949
11612 0.35469998862280044
11622 0.35572351776814987
11632 0.357767837566082
11642 0.358846566115472
11652 0.3600774303300725
11662 0.36115553795541955
11672 0.3624830457279802
11682 0.36310687935168123
11692 0.36385499625566553
11702 0.3645005688941503
11712 0.3649967680214309
11722 0.3656602086964625
11732 0.36590238219129234
11742 0.36647798476163584
11752 0.36690348971922876
11762 0.3667535481923103
11772 0.36721630537721195
11782 0.366942600436022
11792 0.36678004553708604
11802 0.3664334233225412
11812 0.36684910781018903
11822 0.3674248443248625
11832 0.3669868018503448
11842 0.3663895419301519
11852 0.3656697661937899
11862 0.3650657425731434
11872 0.36357060500138916
11882 0.362953623290698
11892 0.3629992441921729
11902 0.36338319840524336
11912 0.36254042714379864
11922 0.36053226231268265
11932 0.3597467958155172
11942 0.35874496625445096
11952 0.35776165174084773
11962 0.3563004682473597
11972 0.35570092031694556
11982 0.35519910191358783
11992 0.35474046396303954
12002 0.3541224342769671
12012 0.3541336956222798
12022 0.35407388497637504
12032 0.3532631755388658
12042 0.3534253675266775
12052 0.3531806760900194
12062 0.35302230885023966
12072 0.3527954378182864
12082 0.3526748456351612
12092 0.35375529743927914
12102 0.3534512002019947
12112 0.3542663750395324
12122 0.3540952629727857
12132 0.35543229552484806
12142 0.35574802064866956
12152 0.35678075182089836
12162 0.35681336734541863
12172 0.357311924758328
12182 0.3586816787933592
12192 0.3598501586606682
12202 0.3611194405956132
12212 0.36237164487873624
12222 0.36418409366891225
12232 0.36599868794613355
12242 0.3672434023404157
12252 0.36863218952959015
12262 0.37031235795130063
12272 0.37244022464882065
12282 0.3741106004823959
12292 0.37545697888059876
12302 0.3773347304577609
12312 0.37849034988350466
12322 0.3803486863289914
12332 0.38096709576964916
12342 0.38263723298425667
12352 0.38355711875435167
12362 0.3844454629525834
12372 0.38480742124675066
12382 0.3854677263887828
12392 0.3857034267286102
12402 0.3869017609546787
12412 0.3875658310253649
12422 0.3891434501328037
12432 0.389885991593079
12442 0.3913666932896639
12452 0.39234422933535906
12462 0.3932099673671643
12472 0.39339509148156926
12482 0.3940889097629174
12492 0.3952215952322595
12502 0.39582786819215565
12512 0.3974062420164973
12522 0.3984008237196427
12532 0.3993775362320396
12542 0.39927875453935147
12552 0.39908199390755206
12562 0.3993603095188098
12572 0.4003333370892626
12582 0.40041949686630113
12592 0.4006258815124481
12602 0.4004589239322578
12612 0.4009479950551565
12622 0.4011986432399292
12632 0.4011379806565003
12642 0.4011487489217379
12652 0.401499260008442
12662 0.40076141599422704
12672 0.40103777519345607
12682 0.4007344999204089
12692 0.40064801036742675
12702 0.39856930446339406
12712 0.3954522964991397
12722 0.39020238767449683
12732 0.3841916288432748
12742 0.3748512454686701
12752 0.36250864547393225
12762 0.34508388869105067
12772 0.32418744166945473
12782 0.29879432877724993
12792 0.2706268495258263
12802 0.24061616093182933
12812 0.2109400497782682
12822 0.18307081500263572
12832 0.15815838225393528
12842 0.1361992519331587
12852 0.11728521308450995
12862 0.1004193245535715
12872 0.08629243297289783
12882 0.07390350977671362
12892 0.06413940106528958
12902 0.055716390930193926
12912 0.048871497714817067
12922 0.04263770253077572
12932 0.03774851381549538
12942 0.033313282725879606
12952 0.029677075563881168
12962 0.025953595643460656
12972 0.022297483204282664
12982 0.018552064034628727
12992 0.015191792635084538
13002 0.012375720012422667
13012 0.010026842083163923
13022 0.008126818469090651
13032 0.006586323474654425
13042 0.005369653155002177
13052 0.004371998604351902
13062 0.0035642405975796695
13072 0.0029145979784498777
13082 0.002399890631661078
13092 0.0019923806444446463
13102 0.0016602666138098782
13112 0.0013875803854281723
13122 0.0011642524818746278
13132 0.0009839123012589169
13142 0.0008321072840199037
13152 0.0007065602912387064
13162 0.0006005512395227467
13172 0.0005129609973228273
13182 0.0004396957080025125
13192 0.0003776387347836041
13202 0.00032465025095178507
13212 0.00028088937327896025
13222 0.000244048004524728
13232 0.00021310253106743
13242 0.0001857603385229322
13252 0.00016202191639024617
13262 0.00014251942110016214
13272 0.00012541520337426573
13282 0.00011084770907321574
13292 9.72216263371575e-05
13302 8.658622819948657e-05
13312 7.703973729958409e-05
13322 6.898542449739752e-05
13332 6.154039133103231e-05
13342 5.5328383833142946e-05
13352 4.946348652937833e-05
13362 4.448088930882249e-05
13372 4.014281596232927e-05
13382 3.63538060422801e-05
13392 3.2932342254917755e-05
13402 2.994338714525137e-05
13412 2.7436507075301086e-05
13422 2.5284475435984788e-05
13432 2.335597429448613e-05
13442 2.170050256789616e-05
13452 1.984685754280584e-05
13462 1.7976840239944962e-05
13472 1.6726616501986555e-05
13482 1.5449010218007017e-05
13492 1.41159759002335e-05
13502 1.277168509510213e-05
13512 1.2094702060817833e-05
13522 1.121624067072139e-05
13532 1.0612857346367937e-05
13542 9.382569330001462e-06
13552 0.0
13562 0.0
