# from https://jwst-docs.stsci.edu/jwst-near-infrared-camera/nircam-instrumentation/nircam-filters
# mean
16854 0.0
16864 0.0
16874 8.3369257969297e-05
16884 9.049134691263409e-05
16894 9.86636313745626e-05
16904 0.00010596295085362578
16914 0.00011554898637759451
16924 0.00012643603782825751
16934 0.0001384555616158207
16944 0.00015196837031818873
16954 0.00016667622717880795
16964 0.00018342025406726362
16974 0.00020348716907399056
16984 0.00022434730203787297
16994 0.000250970671401743
17004 0.000280383285480818
17014 0.0003126714674710601
17024 0.00035294527510118637
17034 0.00039631298542300357
17044 0.00044629759621448784
17054 0.000504059570111914
17064 0.0005697054521899989
17074 0.0006440886464216526
17084 0.0007272948806788173
17094 0.000823197938552384
17104 0.000932675704266594
17114 0.001052632059663631
17124 0.0011926711577435602
17134 0.0013506327833920932
17144 0.001524213344585682
17154 0.001722663835353872
17164 0.0019549088661677903
17174 0.0022107371283183455
17184 0.002510984265215655
17194 0.0028617991469842975
17204 0.0032494656639541707
17214 0.0037002634985645756
17224 0.004226080875094565
17234 0.004832029433486823
17244 0.005543844616163299
17254 0.006396018235063471
17264 0.007385283774168793
17274 0.008552458565913686
17284 0.009940455040283147
17294 0.01163413084367413
17304 0.013597177296263984
17314 0.015978158088059122
17324 0.018845580387955706
17334 0.021971824173363137
17344 0.02542717697011281
17354 0.028927382177208697
17364 0.03263479675063766
17374 0.03647705348819837
17384 0.04098012945895113
17394 0.045612312441125104
17404 0.05083818694333211
17414 0.05671056291615908
17424 0.06291719866858679
17434 0.0698647289399145
17444 0.07764913442985308
17454 0.08678663804691843
17464 0.09701770736149284
17474 0.10922983717075897
17484 0.12355719729964837
17494 0.14006783969452968
17504 0.1592394244882089
17514 0.18046111799269937
17524 0.20232924199554053
17534 0.226059150683448
17544 0.2498666929269175
17554 0.27391056803417413
17564 0.29744087268261915
17574 0.3200488904012937
17584 0.34003470914654155
17594 0.35863671729561597
17604 0.3752215991280526
17614 0.3903379472596239
17624 0.404424280070266
17634 0.41811171115616214
17644 0.43030085894360615
17654 0.44209760209674465
17664 0.4531754295778545
17674 0.46326101538076336
17684 0.4732196969452234
17694 0.4824195007369703
17704 0.4909942479698644
17714 0.4979399096210422
17724 0.5040561494731076
17734 0.5090343391455494
17744 0.5128747488441456
17754 0.5161830499132674
17764 0.5175240307054444
17774 0.5195015186091023
17784 0.5196712408971889
17794 0.5210185514796442
17804 0.521909831875011
17814 0.5221720742156364
17824 0.5228454112141263
17834 0.5228443344209441
17844 0.5232008884024648
17854 0.5240529398391208
17864 0.5244155512172327
17874 0.5251522105966618
17884 0.5265548997785864
17894 0.527066404912603
17904 0.527616006699314
17914 0.5280205830343928
17924 0.5281955936490039
17934 0.5279145215133166
17944 0.5280132144014063
17954 0.5267837421835759
17964 0.5259700258843997
17974 0.5244422934697062
17984 0.522930563341657
17994 0.5219031821482962
18004 0.5202113661263189
18014 0.5190763863573888
18024 0.5172657001962125
18034 0.5156789246800082
18044 0.5137276173366969
18054 0.511930763457405
18064 0.5107776707551979
18074 0.5102418291653598
18084 0.5095036516163289
18094 0.5089171408554635
18104 0.5086815761051156
18114 0.5077263516791599
18124 0.5085494110568934
18134 0.5087136341259473
18144 0.5096394145061683
18154 0.5104898867532979
18164 0.5109391119885376
18174 0.5118747044090444
18184 0.5134639288993547
18194 0.5145553608894877
18204 0.5152524477517555
18214 0.5167938035065203
18224 0.5183406239085153
18234 0.5187273046452973
18244 0.5211519826387292
18254 0.5224841277586559
18264 0.5236623943202062
18274 0.5244391385199257
18284 0.5249982863592296
18294 0.5257981025182119
18304 0.5274429217604097
18314 0.5277146285378304
18324 0.5291470902537879
18334 0.5296827250387769
18344 0.5297232098055528
18354 0.5298472025911347
18364 0.5313237973085845
18374 0.5312983237504616
18384 0.5316497235509003
18394 0.5315382763680138
18404 0.5319540535687569
18414 0.5313865791961284
18424 0.5316888004037621
18434 0.5315453779384307
18444 0.5312595477014468
18454 0.5313079339195009
18464 0.530150866532094
18474 0.529389226964549
18484 0.5295056182808204
18494 0.528349907947954
18504 0.5272345551434229
18514 0.5267132748627665
18524 0.5265551524573825
18534 0.5258831219990443
18544 0.5241384595856807
18554 0.5236380218389116
18564 0.5227673504510263
18574 0.523204849052461
18584 0.5225345061932977
18594 0.5218917432965913
18604 0.5213676330779089
18614 0.5207460074889425
18624 0.5199889284211472
18634 0.5196278167424938
18644 0.5188571727077133
18654 0.5193784420369049
18664 0.5197380728714508
18674 0.5193964134112028
18684 0.5198243955459708
18694 0.5202363860427613
18704 0.5210163043717846
18714 0.5217516816097877
18724 0.5225224214789825
18734 0.523482457482429
18744 0.5243296679362317
18754 0.5249340832150938
18764 0.5261140933351197
18774 0.5262126525919217
18784 0.526677446245722
18794 0.5270569393391658
18804 0.5282429627879416
18814 0.5288378718048063
18824 0.5294401382077761
18834 0.5299924237140793
18844 0.5309592250184461
18854 0.531689086666474
18864 0.5324798082027571
18874 0.5328981910641483
18884 0.5329249062759419
18894 0.5340286925362104
18904 0.5342580349812974
18914 0.5341939027752125
18924 0.5337696992227435
18934 0.5337759361366201
18944 0.5343304593864878
18954 0.5349131888945752
18964 0.5353854423259922
18974 0.5357220798482702
18984 0.5359076720213729
18994 0.5361899096367763
19004 0.5361007586652746
19014 0.5361032473404336
19024 0.5370804673373298
19034 0.5371422294187832
19044 0.5369457771289972
19054 0.5374616995409612
19064 0.5374912819095882
19074 0.5373291205353032
19084 0.5374963942949933
19094 0.5375599968096235
19104 0.5380519715307926
19114 0.537913929778693
19124 0.5381823648214002
19134 0.5385572496951132
19144 0.5395204830031941
19154 0.538703478303917
19164 0.5381875842479513
19174 0.5385076891627618
19184 0.5384918373104728
19194 0.5383729912442283
19204 0.5375926568443016
19214 0.5372758202518114
19224 0.5380074060147192
19234 0.5368135534490147
19244 0.536509139051147
19254 0.5360684046651015
19264 0.5353400295758608
19274 0.5344825008987323
19284 0.5335464665728915
19294 0.5335299124135051
19304 0.5332373234641022
19314 0.5323266734294618
19324 0.5319227297365072
19334 0.5312104200767078
19344 0.5298612139233541
19354 0.529503570904324
19364 0.5287507838322897
19374 0.5280199866170792
19384 0.5275695901641442
19394 0.5271496356247654
19404 0.5271137523578838
19414 0.5270267544795065
19424 0.5272144563831633
19434 0.5281127718897103
19444 0.5285728317005933
19454 0.5288622444342136
19464 0.5289904400066343
19474 0.5292883506906205
19484 0.5299432057317427
19494 0.5302130785940382
19504 0.5309061963769595
19514 0.5311412803008952
19524 0.5314550764991705
19534 0.5323624263224527
19544 0.532485114597929
19554 0.5327916568307951
19564 0.5333546925599623
19574 0.5339433798365065
19584 0.5340294105262183
19594 0.533614951063474
19604 0.5343100524344488
19614 0.5344367274915207
19624 0.5343693343811219
19634 0.5340667011161597
19644 0.5344750743484437
19654 0.5342137413843219
19664 0.5339228944786834
19674 0.5337429639662897
19684 0.5335036324911739
19694 0.5333661974080692
19704 0.5323578496548865
19714 0.5333469664943726
19724 0.5333626226304231
19734 0.5322517231284343
19744 0.5321111050146767
19754 0.5319125396505396
19764 0.5319674385320784
19774 0.5322312386323234
19784 0.5321882238763612
19794 0.5319046052485954
19804 0.5320994971029871
19814 0.5317213300781358
19824 0.5319162358668643
19834 0.532122750038284
19844 0.5323562911798605
19854 0.5317602652391138
19864 0.5322781851639174
19874 0.5326176491614486
19884 0.5330541063676909
19894 0.5331981530188564
19904 0.5334712838837603
19914 0.5330923179069089
19924 0.5326380655126774
19934 0.533017624325414
19944 0.5317241019195704
19954 0.5306549358183988
19964 0.5279079065567311
19974 0.52668125163104
19984 0.5280388672963966
19994 0.5300523654381536
20004 0.5317517119095541
20014 0.5318042629435609
20024 0.5332156167060699
20034 0.534380527992184
20044 0.5343655428511431
20054 0.5336943372610654
20064 0.5334148857083076
20074 0.5328743705395012
20084 0.5324982082719538
20094 0.5324497188928006
20104 0.5326738484616633
20114 0.5323534527586657
20124 0.5330240069895105
20134 0.5322535150153855
20144 0.5328172655990491
20154 0.533691415785637
20164 0.534026331817159
20174 0.5341949354736844
20184 0.5350536060630953
20194 0.5351211704736731
20204 0.5354328327576945
20214 0.5344415834787051
20224 0.5357556325118173
20234 0.5364906576788545
20244 0.5371331824383463
20254 0.5385551098245528
20264 0.5390367820272635
20274 0.5387160689757396
20284 0.5395609753247794
20294 0.539670796110383
20304 0.5402101140420296
20314 0.5404925734983307
20324 0.5405907746584343
20334 0.5408031038660119
20344 0.5406399597099412
20354 0.5408420547139774
20364 0.5402675608699636
20374 0.5403956979400033
20384 0.5401207210087883
20394 0.540098485880943
20404 0.5395569532737733
20414 0.5381598878397017
20424 0.5381685533479288
20434 0.5370475445121918
20444 0.5357181184565887
20454 0.5352946025508895
20464 0.5334259759132168
20474 0.5328600056893049
20484 0.5318978199797653
20494 0.5312743954084703
20504 0.5306645874244162
20514 0.5303023122631669
20524 0.5292132102006912
20534 0.5287957228321999
20544 0.5288568843617112
20554 0.5286749787213441
20564 0.5279768028465849
20574 0.5280678807210035
20584 0.5283183038551683
20594 0.5284477598129456
20604 0.5286458552242829
20614 0.5290605065472667
20624 0.5297587643723501
20634 0.5309097973489925
20644 0.5314053097773711
20654 0.531941849835939
20664 0.532847384497029
20674 0.5340857606429259
20684 0.5353142309085172
20694 0.5359336990983977
20704 0.5369786124653673
20714 0.5382149270122364
20724 0.5389837331428198
20734 0.5410571805960206
20744 0.5415930982215774
20754 0.5420892531915016
20764 0.5426925658537443
20774 0.5433331093391026
20784 0.5437246109146981
20794 0.544284466498378
20804 0.5442080219771817
20814 0.5440226980031405
20824 0.5448911096593996
20834 0.5443852137109122
20844 0.5450918592241083
20854 0.5448102143411868
20864 0.5453362080256575
20874 0.5452212451967514
20884 0.5449463258620292
20894 0.5438095164325373
20904 0.543621815535325
20914 0.5421484165213614
20924 0.5416870582857
20934 0.5419179730925792
20944 0.5415086243822664
20954 0.5412477651504499
20964 0.5404990026073399
20974 0.5403735928376443
20984 0.5402281781306117
20994 0.5402067406778188
21004 0.5386249061662021
21014 0.5391031205841932
21024 0.538200319654953
21034 0.5388058877957895
21044 0.5388870371030622
21054 0.5385022007065517
21064 0.5381790412360896
21074 0.5375773914568889
21084 0.5373251582194511
21094 0.536384231414034
21104 0.5369950501680771
21114 0.536238151334617
21124 0.5362723246602753
21134 0.5356442995155634
21144 0.5360370594790377
21154 0.5352025767127698
21164 0.5349529879646665
21174 0.5347555964943403
21184 0.5347627564592047
21194 0.5342383579212097
21204 0.5335976095479142
21214 0.5330843954286492
21224 0.532398080855692
21234 0.5322532299339218
21244 0.5313487472939863
21254 0.5309052921346812
21264 0.5302605061893548
21274 0.5303603215691911
21284 0.529242235991521
21294 0.5299094930434374
21304 0.5287298650062419
21314 0.5281858294508939
21324 0.5286813399831676
21334 0.5282447299852139
21344 0.528530225336883
21354 0.5277314899911973
21364 0.5280064280106144
21374 0.5277074327007947
21384 0.527612668510198
21394 0.5279423526084283
21404 0.5283893121962386
21414 0.5281624479042126
21424 0.5296470872254162
21434 0.5294473328012526
21444 0.5302109364064349
21454 0.5309534660947663
21464 0.5310235198392858
21474 0.5312799102989224
21484 0.5316485228074586
21494 0.5310472995064669
21504 0.5320828573064875
21514 0.5314371136079419
21524 0.531850195930824
21534 0.5309445671582185
21544 0.5313552679618735
21554 0.5305555271676837
21564 0.5304803331077975
21574 0.5299334589412471
21584 0.529793505038928
21594 0.5296901193049491
21604 0.5282932879633914
21614 0.5277167875685125
21624 0.5259192872838584
21634 0.5250175775720637
21644 0.5239623144049246
21654 0.5229779513931508
21664 0.5222350037006377
21674 0.5206439560197026
21684 0.5203780551420204
21694 0.5184932383877522
21704 0.5175492054935036
21714 0.5157977930733395
21724 0.5158446606991982
21734 0.51464412900259
21744 0.5140166632408706
21754 0.5135249806184424
21764 0.5131188834474607
21774 0.5126400293223493
21784 0.5115977441103637
21794 0.511444681011218
21804 0.5114903317018946
21814 0.510876850202695
21824 0.510248458616921
21834 0.5101786180139176
21844 0.5103652035400831
21854 0.511954348572022
21864 0.5122510092889726
21874 0.5119112552192631
21884 0.5129180315113453
21894 0.5127372300375351
21904 0.5134971322776481
21914 0.5145799200756367
21924 0.5149598814527392
21934 0.5155790379994096
21944 0.5166226403691813
21954 0.5169526122067378
21964 0.5177058562100204
21974 0.5190754341425574
21984 0.5203626165855676
21994 0.5212500565394415
22004 0.5229122222603212
22014 0.5230322400711309
22024 0.5243984424646624
22034 0.5249381720129832
22044 0.5261219749579629
22054 0.5262893011116487
22064 0.5259136977159696
22074 0.5250762300822269
22084 0.5238210341253925
22094 0.5223420494376593
22104 0.5204402015858427
22114 0.5173171202877624
22124 0.5132825124806699
22134 0.5078891769304698
22144 0.5002213732204902
22154 0.49290634410021233
22164 0.4818715018783508
22174 0.4706194885616358
22184 0.4570881798097002
22194 0.44133965122091
22204 0.42429777448301587
22214 0.40573093871120963
22224 0.3858153914310651
22234 0.3642471112349721
22244 0.34154385851479235
22254 0.31834262026220844
22264 0.29588333321087806
22274 0.27426674191161027
22284 0.2530362910016669
22294 0.23295305209654454
22304 0.21412252178253866
22314 0.19602666030656973
22324 0.17957398339237957
22334 0.16445863263861749
22344 0.15031897728031002
22354 0.13674002801497334
22364 0.12422789883434085
22374 0.11191413785214752
22384 0.10033575538322184
22394 0.0900775854971667
22404 0.08035287202647036
22414 0.07133700286644357
22424 0.06323545786806252
22434 0.055818292607350196
22444 0.048911917199792536
22454 0.04298725478722937
22464 0.0377075671549585
22474 0.03293052438461294
22484 0.028773893468449725
22494 0.025080990537381873
22504 0.021788007160859223
22514 0.018958298420600775
22524 0.01657387256917045
22534 0.014457167728928001
22544 0.01258618790872157
22554 0.010989988152115077
22564 0.009548603202394335
22574 0.008302757543322827
22584 0.007262140055485608
22594 0.006345350572475957
22604 0.005535282231471017
22614 0.004842979325530579
22624 0.004224836471221394
22634 0.0036879887388400366
22644 0.003239768010892234
22654 0.002851955929611776
22664 0.002505663040236404
22674 0.0022146329382423595
22684 0.001958889098878722
22694 0.0017343701620562272
22704 0.0015439464490384267
22714 0.0013779108773760082
22724 0.0012313224891329125
22734 0.0011083752168878863
22744 0.0009925572950012995
22754 0.0008927429792453663
22764 0.0008029678371000997
22774 0.0007288128023197648
22784 0.0006607839693631056
22794 0.000599682007531938
22804 0.0005493326944948239
22814 0.0004987844315605003
22824 0.00045321040114442357
22834 0.0004170851209717998
22844 0.0003839999179973292
22854 0.00035366663274383523
22864 0.0003234978573480623
22874 0.0002973493004251673
22884 0.0002763480502755737
22894 0.0002521158264523816
22904 0.00023452704769160094
22914 0.00021736513921960014
22924 0.00020015946214022338
22934 0.00018350723632838112
22944 0.00017070180537059123
22954 0.00015895732202975607
22964 0.00014640608679764095
22974 0.00013850620095730366
22984 0.00012736928550736106
22994 0.0001195838440409356
23004 0.00011154561856502332
23014 0.0
23024 0.0
