# from https://jwst-docs.stsci.edu/jwst-near-infrared-camera/nircam-instrumentation/nircam-filters
# mean
36469.7 0.0
36483.2 0.0
36496.8 2.6599482875149012e-05
36510.3 2.6971071145014637e-05
36523.8 2.7344666714564404e-05
36537.3 2.7394063329476444e-05
36550.8 2.7297044703042056e-05
36564.3 2.7296553637289927e-05
36577.8 2.7328904665261926e-05
36591.3 2.7602973263438627e-05
36604.9 2.809395557598942e-05
36618.4 2.8547520469307792e-05
36631.9 2.90984473245152e-05
36645.4 2.9717577885481055e-05
36658.9 3.0498579050371483e-05
36672.4 3.147153231501239e-05
36685.9 3.235045271496242e-05
36699.4 3.296738984752055e-05
36713 3.359254990511441e-05
36726.5 3.4459651092180025e-05
36740 3.553412318971168e-05
36753.5 3.6665059093119675e-05
36767 3.784661253501123e-05
36780.5 3.911283085757953e-05
36794 4.042212360615965e-05
36807.5 4.1930972220977864e-05
36821.1 4.332061554224998e-05
36834.6 4.418537226342818e-05
36848.1 4.498587967249013e-05
36861.6 4.600984047508847e-05
36875.1 4.70685481194467e-05
36888.6 4.835548230956907e-05
36902.1 4.99319373993739e-05
36915.6 5.167102089095348e-05
36929.2 5.395799829889063e-05
36942.7 5.67285523451679e-05
36956.2 5.978037340324475e-05
36969.7 6.3317020180555e-05
36983.2 6.697103712257805e-05
36996.7 7.042357534592855e-05
37010.2 7.391219986328196e-05
37023.7 7.751464601349806e-05
37037.3 8.150855057114861e-05
37050.8 8.577865362021975e-05
37064.3 8.992483833075622e-05
37077.8 9.409126970007372e-05
37091.3 9.887423134887136e-05
37104.8 0.00010437849669208641
37118.3 0.00011038307516864361
37131.8 0.00011670948146270171
37145.4 0.0001233505294513212
37158.9 0.00013095942374898853
37172.4 0.0001396299167552665
37185.9 0.00014900877702411297
37199.4 0.00015868577902639812
37212.9 0.00016877130169099398
37226.4 0.00018008275280169013
37239.9 0.00019271212955686797
37253.5 0.00020581697080217083
37267 0.00021918717991007547
37280.5 0.00023310883213383454
37294 0.0002479988346339689
37307.5 0.0002646704740694954
37321 0.0002829758715863032
37334.5 0.0003021515015308501
37348 0.00032238246690833975
37361.5 0.00034404816567494307
37375.1 0.00036737424667078277
37388.6 0.0003925823597752657
37402.1 0.00041903895719913776
37415.6 0.00044638292853781174
37429.1 0.00047523443945240215
37442.6 0.0005057671999125267
37456.1 0.0005380709102274615
37469.6 0.0005725347581246376
37483.2 0.0006089885740461288
37496.7 0.0006476984639886643
37510.2 0.0006894579938286612
37523.7 0.0007338542274689605
37537.2 0.0007806481827476958
37550.7 0.000830092751410315
37564.2 0.0008821649217090029
37577.7 0.0009373987190152075
37591.3 0.0009960697021743114
37604.8 0.0010576141494203063
37618.3 0.001122328456742912
37631.8 0.0011907503934100107
37645.3 0.0012627553959568029
37658.8 0.001338739924875771
37672.3 0.0014189311597477832
37685.8 0.0015031188382735134
37699.4 0.0015919354346069963
37712.9 0.0016855831108447644
37726.4 0.0017835807653494243
37739.9 0.0018865496968416423
37753.4 0.0019949951633969586
37766.9 0.0021087776821736
37780.4 0.002228792765723705
37793.9 0.0023551165781100073
37807.5 0.0024878884339086965
37821 0.002628014025131234
37834.5 0.0027757227358346515
37848 0.002931269920087339
37861.5 0.003095682122142553
37875 0.003269404907632481
37888.5 0.0034528835810136507
37902 0.0036470736558937844
37915.6 0.0038524388864798567
37929.1 0.0040699360814751544
37942.6 0.004300998157081033
37956.1 0.0045461692455106666
37969.6 0.0048065910426900935
37983.1 0.005084013488126165
37996.6 0.0053790745266409845
38010.1 0.005693011930447692
38023.7 0.0060278510631190715
38037.2 0.006385262913727364
38050.7 0.0067672050495712
38064.2 0.007176171735527866
38077.7 0.007613743790167602
38091.2 0.008082045011723257
38104.7 0.008584730617044133
38118.2 0.009124329511344488
38131.8 0.009703433324077389
38145.3 0.010326330863400254
38158.8 0.010996590633048954
38172.3 0.011718312012869464
38185.8 0.012497391666393442
38199.3 0.01333802230459321
38212.8 0.014244951550060378
38226.3 0.015226244430532188
38239.8 0.01628808519504967
38253.4 0.017436217577604062
38266.9 0.01867976423753396
38280.4 0.020024842379278294
38293.9 0.021483006101580875
38307.4 0.023063764989413024
38320.9 0.024776232985827665
38334.4 0.02663527543655051
38347.9 0.02865258868293776
38361.5 0.030839781566594334
38375 0.033215733564210176
38388.5 0.03579441495255993
38402 0.03858939870249048
38415.5 0.04162337243109842
38429 0.04491206232918374
38442.5 0.0484703480314859
38456 0.05232498541546762
38469.6 0.056493181954617194
38483.1 0.06099121827024152
38496.6 0.06584885161698928
38510.1 0.07107698851864949
38523.6 0.07670689656886502
38537.1 0.08275393534798352
38550.6 0.08922927384317945
38564.1 0.09616213497608272
38577.7 0.10355982031272229
38591.2 0.11142285383669917
38604.7 0.1197743638723359
38618.2 0.12861035063151288
38631.7 0.1379187296943847
38645.2 0.1477121492175832
38658.7 0.1579702389358575
38672.2 0.1686637736494068
38685.8 0.1797925112058546
38699.3 0.1913195798040771
38712.8 0.20319754009645444
38726.3 0.2154095000931641
38739.8 0.22789854896405548
38753.3 0.2406001879908189
38766.8 0.2534850393480015
38780.3 0.2664708799559376
38793.9 0.27952023158842065
38807.4 0.2925563146032003
38820.9 0.30550775054766
38834.4 0.31834391837675546
38847.9 0.33099245887861045
38861.4 0.3433895068288968
38874.9 0.35551390514262227
38888.4 0.3673060990586787
38902 0.3787241714709496
38915.5 0.3897606071109213
38929 0.40037484484040675
38942.5 0.4105409351587669
38956 0.4202663635875138
38969.5 0.42952672806978753
38983 0.4383156941936456
38996.5 0.44665029632822684
39010.1 0.45452981543711324
39023.6 0.46196585982610994
39037.1 0.4689749388720875
39050.6 0.47557548128875465
39064.1 0.481773383428405
39077.6 0.48759982077402964
39091.1 0.49308310392223376
39104.6 0.4982182480716831
39118.2 0.5030363869349989
39131.7 0.5075678077959112
39145.2 0.511796309650963
39158.7 0.5157547671651266
39172.2 0.5194783652413293
39185.7 0.5229415666749249
39199.2 0.526176108815424
39212.7 0.5292218720899874
39226.2 0.5320409548744113
39239.8 0.5346667307407215
39253.3 0.5371453909825314
39266.8 0.5394280564298848
39280.3 0.5415775624133388
39293.8 0.5435499609161614
39307.3 0.5453773764387619
39320.8 0.5470995543295685
39334.3 0.548663177096371
39347.9 0.5501078574242673
39361.4 0.5514723240464017
39374.9 0.5526950086244293
39388.4 0.5538224341971623
39401.9 0.5548928263267328
39415.4 0.5558394636124744
39428.9 0.5567103436030594
39442.4 0.5575455961706669
39456 0.558270246684246
39469.5 0.5589343134155693
39483 0.5595828399880043
39496.5 0.5601323220193026
39510 0.5606820515317685
39523.5 0.5611448985278773
39537 0.5615638233766114
39550.5 0.5619977873009261
39564.1 0.562357097459147
39577.6 0.5626868844110741
39591.1 0.5630418870151864
39604.6 0.5633324197059516
39618.1 0.5636011649599435
39631.6 0.5638977698676864
39645.1 0.5641384096836952
39658.6 0.5643639609172366
39672.2 0.5646222740519358
39685.7 0.5648299548169748
39699.2 0.5650274775513839
39712.7 0.5652618161635157
39726.2 0.565448442272676
39739.7 0.5656339569205924
39753.2 0.5658590508332945
39766.7 0.5660379511606852
39780.3 0.5662636126525569
39793.8 0.5664368079208348
39807.3 0.5666081871864077
39820.8 0.5668238953496925
39834.3 0.5669911468775202
39847.8 0.5671550800643704
39861.3 0.5673629350839224
39874.8 0.5675266303858986
39888.4 0.5676843485709367
39901.9 0.5678872123284341
39915.4 0.5680483612936563
39928.9 0.5682050373135052
39942.4 0.5684045024180524
39955.9 0.5685636634183555
39969.4 0.5687190193636149
39982.9 0.5689112291254753
39996.5 0.5690651141070607
40010 0.5692142419310087
40023.5 0.5693637595296738
40037 0.5694939090951032
40050.5 0.5696453083687297
40064 0.5697713711891338
40077.5 0.569898821841911
40091 0.5700520810166794
40104.5 0.5701790308361275
40118.1 0.5703058301882312
40131.6 0.5704606841359946
40145.1 0.5705884371585415
40158.6 0.5707141559969253
40172.1 0.5708646658146552
40185.6 0.5709902568542745
40199.1 0.5711109895052191
40212.6 0.5712591921807064
40226.2 0.5713868529937045
40239.7 0.5715107729458806
40253.2 0.5716635949742258
40266.7 0.5717933520825318
40280.2 0.571949924592335
40293.7 0.5720773079813897
40307.2 0.5722086815769447
40320.7 0.5723691972671948
40334.3 0.5724945924648035
40347.8 0.5726222537726754
40361.3 0.5727820376934254
40374.8 0.5729071572859292
40388.3 0.5730318811569566
40401.8 0.5731966849672934
40415.3 0.5733244428217885
40428.8 0.5734501303326278
40442.4 0.5736187407821411
40455.9 0.5737479118119801
40469.4 0.5738732040107809
40482.9 0.5740391759189517
40496.4 0.5741644062096414
40509.9 0.5742816645496008
40523.4 0.5744421589478836
40536.9 0.5745586252853236
40550.5 0.5747196131049277
40564 0.574829523758412
40577.5 0.5749404023236655
40591 0.5751050737415586
40604.5 0.5752109776143979
40618 0.5753179291114803
40631.5 0.5754813832996077
40645 0.5755825570725257
40658.6 0.5756780247959861
40672.1 0.5758334518336568
40685.6 0.5759240663289993
40699.1 0.5760054997696447
40712.6 0.5761524571697925
40726.1 0.5762319173814456
40739.6 0.57630668901717
40753.1 0.5764490767048053
40766.7 0.5765254665099433
40780.2 0.5766704929585764
40793.7 0.5767390890096658
40807.2 0.5768098788358438
40820.7 0.5769558567924691
40834.2 0.5770195448008854
40847.7 0.5770801916108734
40861.2 0.5772218612478395
40874.8 0.5772793871355941
40888.3 0.577335776876756
40901.8 0.5774770788904416
40915.3 0.5775367378390622
40928.8 0.5775932600140825
40942.3 0.5777379423690403
40955.8 0.5778020266168852
40969.3 0.5778625165801572
40982.8 0.5780119138600466
40996.4 0.5780757207322981
41009.9 0.5781392045733315
41023.4 0.5782885664186496
41036.9 0.5783502122470527
41050.4 0.578505270696915
41063.9 0.5785658781227025
41077.4 0.5786272368507515
41090.9 0.5787873939219368
41104.5 0.5788552181272957
41118 0.5789215679015989
41131.5 0.5790882914320633
41145 0.5791611261340952
41158.5 0.579231168838044
41172 0.5793935523428317
41185.5 0.5794637178166786
41199 0.5795291875360086
41212.6 0.5796853787958711
41226.1 0.5797464416281484
41239.6 0.5798075338890213
41253.1 0.5799586833093022
41266.6 0.5800146746439644
41280.1 0.5801683835559608
41293.6 0.5802252885916348
41307.1 0.5802795910538032
41320.7 0.5804248542769559
41334.2 0.5804769285012605
41347.7 0.5805206388004569
41361.2 0.580650919260488
41374.7 0.5806884089744961
41388.2 0.5807203464987765
41401.7 0.5808307588776588
41415.2 0.5808517211851016
41428.8 0.5808705178922273
41442.3 0.5809672919890688
41455.8 0.5809775765894656
41469.3 0.580988293137733
41482.8 0.5810751411980564
41496.3 0.5810727837696253
41509.8 0.5810691672844577
41523.3 0.5811381456394207
41536.9 0.5811240222745582
41550.4 0.5811761055345355
41563.9 0.581152704021313
41577.4 0.5811224355844712
41590.9 0.5811541875331068
41604.4 0.5811140710759417
41617.9 0.5810739807605758
41631.4 0.5810917690037878
41645 0.5810410692358201
41658.5 0.5809910192247634
41672 0.5809969462945054
41685.5 0.5809332638928035
41699 0.5808676927009344
41712.5 0.5808509712367248
41726 0.580778804929408
41739.5 0.5807027952167905
41753.1 0.5806685645000531
41766.6 0.5805887788296609
41780.1 0.5805433158356001
41793.6 0.5804579019688911
41807.1 0.5803744330276268
41820.6 0.5803249980920178
41834.1 0.5802373176767609
41847.6 0.5801525691713328
41861.1 0.5800983597001228
41874.7 0.5800117282005623
41888.2 0.5799227746444819
41901.7 0.5798601594416486
41915.2 0.5797711461426165
41928.7 0.5796793502634294
41942.2 0.5796088046099585
41955.7 0.579521045690828
41969.2 0.5794331140397246
41982.8 0.5793611155105256
41996.3 0.5792796761251853
42009.8 0.5792024940554039
42023.3 0.579137810526108
42036.8 0.5790634163540092
42050.3 0.5790023965992774
42063.8 0.5789327976599199
42077.3 0.5788638876817173
42090.9 0.5788023762933636
42104.4 0.5787389472519104
42117.9 0.578673911506985
42131.4 0.5786114461051935
42144.9 0.5785503956151516
42158.4 0.5784926245137174
42171.9 0.5784332558464584
42185.4 0.5783768943809842
42199 0.5783246838898071
42212.5 0.5782720761921007
42226 0.5782217199496875
42239.5 0.5781746300110753
42253 0.5781245401873707
42266.5 0.5780756394573381
42280 0.5780178697109358
42293.5 0.5779651902561087
42307.1 0.5779094384564145
42320.6 0.5778409177415578
42334.1 0.5777739402882043
42347.6 0.5777073923203955
42361.1 0.5776341961846846
42374.6 0.5775686997362107
42388.1 0.5775100742313173
42401.6 0.5774530978533046
42415.2 0.5774065055184507
42428.7 0.5773641483134594
42442.2 0.5773233572288747
42455.7 0.5772914809105978
42469.2 0.5772578986465047
42482.7 0.5772187475485269
42496.2 0.5771846110519431
42509.7 0.5771469336652167
42523.3 0.5771017421142308
42536.8 0.5770598396887994
42550.3 0.5770175334668068
42563.8 0.5769766037330547
42577.3 0.5769351864203076
42590.8 0.576894994826596
42604.3 0.5768562432166107
42617.8 0.576815205049475
42631.4 0.5767751780730157
42644.9 0.5767334901618955
42658.4 0.5766884377640342
42671.9 0.5766413793427969
42685.4 0.576586274395547
42698.9 0.5765284813872054
42712.4 0.5764728268874958
42725.9 0.576405803431671
42739.5 0.5763371912713243
42753 0.5762777191152215
42766.5 0.5762070523255138
42780 0.5761349568088221
42793.5 0.5760765653709007
42807 0.5760077562205459
42820.5 0.5759499471331111
42834 0.5758754721458941
42847.5 0.5757987702558633
42861.1 0.5757347641280381
42874.6 0.5756486740065654
42888.1 0.5755591710295973
42901.6 0.5754874622634869
42915.1 0.5753942006394244
42928.6 0.5752980282429583
42942.1 0.5752232400971947
42955.6 0.5751277684410918
42969.2 0.5750311932782922
42982.7 0.5749573085255704
42996.2 0.5748600411195035
43009.7 0.574761895059773
43023.2 0.5746864940693972
43036.7 0.5745825344395099
43050.2 0.5745055559912744
43063.7 0.5744001725349648
43077.3 0.5742919715032901
43090.8 0.574211088909006
43104.3 0.574102050446667
43117.8 0.5739924281623048
43131.3 0.573911727863775
43144.8 0.5738005101058384
43158.3 0.5736899678836084
43171.8 0.5736098843857784
43185.4 0.5734964558808908
43198.9 0.5733822430269002
43212.4 0.5732999929332123
43225.9 0.5731834502437031
43239.4 0.5730639258024967
43252.9 0.5729756437479034
43266.4 0.5728536001836504
43279.9 0.5727292856439425
43293.5 0.5726355105283503
43307 0.5725091377343916
43320.5 0.5724148525547654
43334 0.5722865368764447
43347.5 0.5721566351549343
43361 0.5720595427037773
43374.5 0.5719295703275762
43388 0.5717981888839592
43401.6 0.5716955725939483
43415.1 0.5715603541226184
43428.6 0.5714212186945691
43442.1 0.571308152837384
43455.6 0.5711601203513568
43469.1 0.571009892383708
43482.6 0.5708840148276906
43496.1 0.5707126842399364
43509.7 0.5705373128512332
43523.2 0.5703743947683099
43536.7 0.570192706161393
43550.2 0.5700198609661522
43563.7 0.5698288242304094
43577.2 0.5696338400351395
43590.7 0.5694430735103003
43604.2 0.5692341733795836
43617.8 0.5690181679793713
43631.3 0.5688042199520414
43644.8 0.5685738027840574
43658.3 0.5683361521944179
43671.8 0.5680985838597301
43685.3 0.5678482171999055
43698.8 0.5675920546120423
43712.3 0.5673335658937233
43725.8 0.5670666230856882
43739.4 0.5667942914833488
43752.9 0.5665184476859249
43766.4 0.5662352148254549
43779.9 0.5659489770013085
43793.4 0.5656566224617599
43806.9 0.5653614535633746
43820.4 0.5650574026613475
43833.9 0.564753439730721
43847.5 0.5644460778588571
43861 0.5641314564513155
43874.5 0.5638196092356297
43888 0.5635076456221184
43901.5 0.5631865999878392
43915 0.5628741982001049
43928.5 0.5625627770330102
43942 0.5622433649332339
43955.6 0.561936413614202
43969.1 0.5616315898933908
43982.6 0.5613924431935561
43996.1 0.5611297744077257
44009.6 0.5608703675040374
44023.1 0.5606369737995653
44036.6 0.5603839455181336
44050.1 0.5601561830293909
44063.7 0.5599114494027999
44077.2 0.5596713464154566
44090.7 0.5594594713908727
44104.2 0.5592323786189084
44117.7 0.5590134765216132
44131.2 0.5588201776110004
44144.7 0.5586147051773402
44158.2 0.5584147841439728
44171.8 0.5582399005431244
44185.3 0.5580512020822535
44198.8 0.5578669354790214
44212.3 0.5577054239930185
44225.8 0.5575300672265958
44239.3 0.5573600929122731
44252.8 0.5572114857642791
44266.3 0.5570514434046726
44279.9 0.5568943723011324
44293.4 0.5567606470640323
44306.9 0.5566125290796438
44320.4 0.5564875049008742
44333.9 0.5563473437616024
44347.4 0.5562121902708621
44360.9 0.5560988095787068
44374.4 0.5559700662342418
44388 0.5558439160553407
44401.5 0.5557403350034281
44415 0.5556203441006352
44428.5 0.5555014388448873
44442 0.555406274862146
44455.5 0.5552718060030215
44469 0.5551395168001094
44482.5 0.5550102932802929
44496.1 0.5548783758144558
44509.6 0.5547457356970487
44523.1 0.5546209076233334
44536.6 0.5544877984285126
44550.1 0.5543623211414237
44563.6 0.554227884167874
44577.1 0.5540928544675862
44590.6 0.5539679292277268
44604.1 0.5538300984250719
44617.7 0.5536926887577545
44631.2 0.5535679350686036
44644.7 0.5534296506736103
44658.2 0.5532874108662813
44671.7 0.553161517289193
44685.2 0.5530159046876014
44698.7 0.5528687626827358
44712.2 0.5527377309431751
44725.8 0.5525847759125131
44739.3 0.5524292172974852
44752.8 0.5522941092343673
44766.3 0.5521323944251524
44779.8 0.5519659544536579
44793.3 0.5518251259317686
44806.8 0.5516527809369828
44820.3 0.5515070976928615
44833.9 0.5513262310274405
44847.4 0.5511430751960238
44860.9 0.5509879567052899
44874.4 0.5507964545130732
44887.9 0.5506012967668811
44901.4 0.5504402509744479
44914.9 0.5502401891055629
44928.4 0.5500342978868685
44942 0.5498653145589496
44955.5 0.5496425208881107
44969 0.5494174806067377
44982.5 0.5492206194146385
44996 0.5489851989421874
45009.5 0.548744859344993
45023 0.5485395622674121
45036.5 0.548290259146447
45050.1 0.5480743761529077
45063.6 0.5478148357902134
45077.1 0.5475495448858771
45090.6 0.5473231546821877
45104.1 0.5470458092029968
45117.6 0.5467647659645233
45131.1 0.5465239013599044
45144.6 0.5462346620544574
45158.2 0.5459392991067857
45171.7 0.5456870231585902
45185.2 0.5453844755213759
45198.7 0.5450766218184662
45212.2 0.5448134306589051
45225.7 0.544493732864242
45239.2 0.5441719045564137
45252.7 0.5438947733965207
45266.3 0.5435620153399838
45279.8 0.543222888300663
45293.3 0.5429329999781709
45306.8 0.5425887928933164
45320.3 0.5422929417957074
45333.8 0.5419423408876598
45347.3 0.5415886258850491
45360.8 0.5412897346024494
45374.4 0.5409340599130923
45387.9 0.5405763678650659
45401.4 0.5402688751058772
45414.9 0.5399084950670825
45428.4 0.5395464419594631
45441.9 0.539231922642109
45455.4 0.538862868609198
45468.9 0.5384896697383952
45482.5 0.5381670949578293
45496 0.5377925468005592
45509.5 0.537418701688898
45523 0.5370929381775333
45536.5 0.5367208680075657
45550 0.5363956629357187
45563.5 0.5360234960793726
45577 0.535655170509586
45590.5 0.5353318195361043
45604.1 0.5349659398557919
45617.6 0.5345978291779638
45631.1 0.5342736897838976
45644.6 0.533910671775592
45658.1 0.533549246915958
45671.6 0.5332269578035667
45685.1 0.5328657065588582
45698.6 0.5325098878656012
45712.2 0.5321893169219525
45725.7 0.531835193856274
45739.2 0.5314793041078761
45752.7 0.5311569658961273
45766.2 0.5308062052959035
45779.7 0.5304549600677164
45793.2 0.5301306816734632
45806.7 0.5297780076315148
45820.3 0.5294521269243054
45833.8 0.5291006939879506
45847.3 0.5287486021853824
45860.8 0.5284125927703476
45874.3 0.5280568223893831
45887.8 0.5277004225766068
45901.3 0.527351411404529
45914.8 0.526987579920694
45928.4 0.5266219747587406
45941.9 0.5262657163763746
45955.4 0.5258961620306493
45968.9 0.5255225802889208
45982.4 0.5251500953021757
45995.9 0.5247727906470222
46009.4 0.5243949064758123
46022.9 0.524006618071736
46036.5 0.523617502336344
46050 0.5232242480037981
46063.5 0.522818326761133
46077 0.5224125679644329
46090.5 0.521985051116445
46104 0.5215658529658568
46117.5 0.5211401252314133
46131 0.5206890235069456
46144.6 0.5202457230458136
46158.1 0.519797382476674
46171.6 0.519321385575958
46185.1 0.5188641847507985
46198.6 0.5184011612530275
46212.1 0.5178997435257934
46225.6 0.5174242482067158
46239.1 0.5169424695639203
46252.7 0.5164180265967016
46266.2 0.5159205259670425
46279.7 0.5154170252207709
46293.2 0.5148693935858051
46306.7 0.5143531176216957
46320.2 0.5137850802211223
46333.7 0.5132538006690339
46347.2 0.5127198202813239
46360.8 0.5121322893861229
46374.3 0.5115852836306086
46387.8 0.5110340460262269
46401.3 0.5104246170729657
46414.8 0.509868218810476
46428.3 0.5093068064870332
46441.8 0.5086827203097819
46455.3 0.5081142192786764
46468.8 0.507545214100586
46482.4 0.5069148179914653
46495.9 0.5063401875869811
46509.4 0.505763921953838
46522.9 0.5051197208432648
46536.4 0.5045408066965807
46549.9 0.5039612603805335
46563.4 0.5033083216979309
46576.9 0.5027286790350299
46590.5 0.5020796030658843
46604 0.501505881863883
46617.5 0.5009337350968617
46631 0.5002904002545472
46644.5 0.49972907063932925
46658 0.49917311194498726
46671.5 0.49854654144027166
46685 0.49799814520645364
46698.6 0.49745755643545886
46712.1 0.49684943631973366
46725.6 0.4963243106467956
46739.1 0.49580521320494275
46752.6 0.49521308827144506
46766.1 0.4947084369521628
46779.6 0.4942116566526217
46793.1 0.49364176653728226
46806.7 0.49315632101878315
46820.2 0.49260100043618654
46833.7 0.49213519695563135
46847.2 0.4916773470673941
46860.7 0.4911506064232497
46874.2 0.49071048911151194
46887.7 0.49028249579822664
46901.2 0.4897926295794155
46914.8 0.48938530609301656
46928.3 0.48898658785547966
46941.8 0.4885238082908758
46955.3 0.48814680069976607
46968.8 0.487779739050927
46982.3 0.48734599078948093
46995.8 0.4869929289603098
47009.3 0.48664880917824194
47022.9 0.48624584023006867
47036.4 0.4859182617333424
47049.9 0.4855944925511979
47063.4 0.48521458146376045
47076.9 0.48490975518924273
47090.4 0.4845502049996647
47103.9 0.48425835669764905
47117.4 0.48397111675497084
47131 0.48363315066138624
47144.5 0.48336181941006445
47158 0.48309558349477894
47171.5 0.48277414958873355
47185 0.48251179926214394
47198.5 0.4822543602339031
47212 0.48194676979580686
47225.5 0.48169127897968933
47239.1 0.48143407066231203
47252.6 0.48113234991025433
47266.1 0.48088033810884373
47279.6 0.480625874307694
47293.1 0.4803274739395742
47306.6 0.48006942969195837
47320.1 0.47977548888358873
47333.6 0.47951995412515036
47347.1 0.4792592666920018
47360.7 0.4789616428513611
47374.2 0.4786943523598969
47387.7 0.4784264698608319
47401.2 0.478126431607969
47414.7 0.4778468489708979
47428.2 0.4775611918134186
47441.7 0.47724864007594014
47455.2 0.4769555031560538
47468.8 0.4766533252635218
47482.3 0.47632476902039134
47495.8 0.47600745174940495
47509.3 0.4756847298045974
47522.8 0.47534639529721706
47536.3 0.47501050418367685
47549.8 0.4746664190859002
47563.3 0.47431286188872934
47576.9 0.473961842932519
47590.4 0.47360456861167255
47603.9 0.4732401590741887
47617.4 0.47286916707726595
47630.9 0.472482187683271
47644.4 0.4720874146262969
47657.9 0.47168597297079967
47671.4 0.47126768983007117
47685 0.47085285344112393
47698.5 0.47043549703811405
47712 0.47001125929230014
47725.5 0.46958451520929795
47739 0.4691509983743427
47752.5 0.46871879029328156
47766 0.4682849472299458
47779.5 0.4678474511599081
47793.1 0.4674136705570011
47806.6 0.4669703268773564
47820.1 0.46654030328440893
47833.6 0.46610259643560653
47847.1 0.4656629807352815
47860.6 0.46523704688841244
47874.1 0.46479693882663065
47887.6 0.46436131683028714
47901.2 0.46394731597112415
47914.7 0.4635137813870609
47928.2 0.463080198222095
47941.7 0.46267136972012823
47955.2 0.4622458457327999
47968.7 0.46182296403808326
47982.2 0.4614255115713345
47995.7 0.4610048777978998
48009.3 0.4605885334636334
48022.8 0.4602068119311228
48036.3 0.4597991421800752
48049.8 0.45939137068166996
48063.3 0.459019207701021
48076.8 0.45862203885517283
48090.3 0.4582642876742486
48103.8 0.4578763340053783
48117.4 0.45748909194311327
48130.9 0.45714203892689387
48144.4 0.4567658590155249
48157.9 0.456393342396784
48171.4 0.45605752291301693
48184.9 0.45568336373618024
48198.4 0.45531134280296315
48211.9 0.4549800143928428
48225.5 0.45460981072858775
48239 0.4542361967624313
48252.5 0.4538982763424567
48266 0.453522359156316
48279.5 0.45314715058266675
48293 0.4528077610895229
48306.5 0.45242327946373023
48320 0.4520737815391985
48333.5 0.451684130133986
48347.1 0.45129296533041724
48360.6 0.4509343444629598
48374.1 0.45052689158403214
48387.6 0.45011077011910366
48401.1 0.44972826609735883
48414.6 0.4492987938439712
48428.1 0.448855872909545
48441.6 0.44843756284326425
48455.2 0.4479679795652002
48468.7 0.44748872121374283
48482.2 0.4470359045176465
48495.7 0.4465286964297414
48509.2 0.4460067034812601
48522.7 0.44550770620864566
48536.2 0.4449619685645277
48549.7 0.4444040792682469
48563.3 0.4438624646247762
48576.8 0.4432707604832188
48590.3 0.4426981587362512
48603.8 0.44208109073423896
48617.3 0.4414505349268646
48630.8 0.44083221007759743
48644.3 0.44016716356364816
48657.8 0.4394881371900603
48671.4 0.43882483184139476
48684.9 0.43811775585801915
48698.4 0.4373928066525894
48711.9 0.43667879257723163
48725.4 0.43592719035298577
48738.9 0.4351656809470695
48752.4 0.43441441400502334
48765.9 0.43362643326889017
48779.5 0.432828503957365
48793 0.43190972580432146
48806.5 0.4309652994435057
48820 0.430012973337905
48833.5 0.4289356375302792
48847 0.4279693913174878
48860.5 0.4268837033637186
48874 0.42591457940051947
48887.6 0.42494131791107626
48901.1 0.42384330010184734
48914.6 0.42286432845307453
48928.1 0.4218881736591521
48941.6 0.4207907713819251
48955.1 0.41981493749827176
48968.6 0.41883820920541925
48982.1 0.41773864349917833
48995.7 0.4167697266663213
49009.2 0.4158057120820203
49022.7 0.4147169479393907
49036.2 0.4137576204954382
49049.7 0.41280444994345167
49063.2 0.41172967796908794
49076.7 0.41079010678460304
49090.2 0.40972104297524115
49103.8 0.4087839606236223
49117.3 0.4078508560291222
49130.8 0.40678854825840116
49144.3 0.4058606860633318
49157.8 0.4049284711601834
49171.3 0.4038554681914672
49184.8 0.40291278052131607
49198.3 0.4019658202353832
49211.8 0.4008718720980856
49225.4 0.39989961302048826
49238.9 0.39891022923094155
49252.4 0.3977636663936756
49265.9 0.39673966464177624
49279.4 0.3956897160114957
49292.9 0.39447028023090963
49306.4 0.39335761500579003
49319.9 0.39221152952117355
49333.5 0.390888864992222
49347 0.3896626465888442
49360.5 0.38824640099106783
49374 0.38691316858300095
49387.5 0.38552594327731915
49401 0.3839329624372617
49414.5 0.38241514368116625
49428 0.3808245834159339
49441.6 0.3790048890705642
49455.1 0.377254337658513
49468.6 0.37541316045899725
49482.1 0.3733430880694262
49495.6 0.3713199003357517
49509.1 0.3691970306407669
49522.6 0.3668365547970426
49536.1 0.36451272551258407
49549.7 0.3620937405947682
49563.2 0.3594140661910439
49576.7 0.35677248466255407
49590.2 0.3538782299981747
49603.7 0.3510173019774041
49617.2 0.3480517906357686
49630.7 0.3448275067150206
49644.2 0.3416424755898038
49657.8 0.3383379792098588
49671.3 0.3348021860279554
49684.8 0.33129618205568356
49698.3 0.3276876863031723
49711.8 0.3238497162351634
49725.3 0.32004364050041123
49738.8 0.3161601275992463
49752.3 0.3120485363827703
49765.9 0.30799318714203816
49779.4 0.30385217275934656
49792.9 0.29951658945584336
49806.4 0.29524252626093783
49819.9 0.2909025902799331
49833.4 0.28639270998358346
49846.9 0.2819392751929166
49860.4 0.27733487223473063
49874 0.27280278656974444
49887.5 0.2682428033941765
49901 0.26354122320707063
49914.5 0.2589263320954072
49928 0.25429815027962543
49941.5 0.2495469037960197
49955 0.2449072737426039
49968.5 0.24025689000458178
49982.1 0.23551382777223043
49995.6 0.23087623320871292
50009.1 0.22625302985656198
50022.6 0.22160947728642655
50036.1 0.2170498560897141
50049.6 0.2125162519942551
50063.1 0.20793846698695045
50076.6 0.2034469044334387
50090.1 0.19894080139383644
50103.7 0.1945361830537663
50117.2 0.19016802240794511
50130.7 0.18576867035983025
50144.2 0.18148798789934914
50157.7 0.17725067393590124
50171.2 0.17300563183219103
50184.7 0.16886206580207824
50198.2 0.16477257022108477
50211.8 0.1606798995851432
50225.3 0.15669628006060338
50238.8 0.15276517250311786
50252.3 0.1488381381686787
50265.8 0.14501484737881898
50279.3 0.14124236228346726
50292.8 0.13748244475022028
50306.3 0.133817818170367
50319.9 0.1302087091350933
50333.4 0.1266045139801236
50346.9 0.12309591742367337
50360.4 0.11959740915176266
50373.9 0.11619073368290908
50387.4 0.11283471643000036
50400.9 0.10948849706406101
50414.4 0.10623230889583228
50428 0.10302129219488625
50441.5 0.09983108559448428
50455 0.09672029580733942
50468.5 0.0936605722384875
50482 0.0906156860541194
50495.5 0.08765212100124034
50509 0.08473738783872149
50522.5 0.08184116658165994
50536.1 0.0790243580625844
50549.6 0.07625166578531316
50563.1 0.07350616566561285
50576.6 0.07083255352688225
50590.1 0.0681882821053819
50603.6 0.06561497306336282
50617.1 0.06309332632887871
50630.6 0.06059932230061982
50644.2 0.058193631817045094
50657.7 0.055840463954558224
50671.2 0.05353069498684143
50684.7 0.051284103045033294
50698.2 0.049088775088663765
50711.7 0.04694652448458149
50725.2 0.04486555867231773
50738.7 0.042845252610386866
50752.3 0.04087515803220909
50765.8 0.03897151111552988
50779.3 0.03712691434676555
50792.8 0.03533678748125373
50806.3 0.033613044673384516
50819.8 0.03194821884813683
50833.3 0.030339402482716125
50846.8 0.02879376044203335
50860.4 0.02730468627171847
50873.9 0.02587831004184133
50887.4 0.024511595346667026
50900.9 0.023197333186843173
50914.4 0.021945051390173102
50927.9 0.02074851783366599
50941.4 0.019603343339505627
50954.9 0.018515942022099812
50968.4 0.017480504211969627
50982 0.01649270167313377
50995.5 0.015557277417634179
51009 0.014670279196220846
51022.5 0.013826376292485086
51036 0.013030722341825427
51049.5 0.012277775376623109
51063 0.011563583779029496
51076.5 0.010891445258528152
51090.1 0.010254649565815259
51103.6 0.009656300734842296
51117.1 0.009092040346773756
51130.6 0.008557929220129233
51144.1 0.008056635027299777
51157.6 0.007584503768207146
51171.1 0.0071380089292204275
51184.6 0.006719762194459969
51198.2 0.006326287555621707
51211.7 0.00595452660528469
51225.2 0.005606759685288056
51238.7 0.005279944863680333
51252.2 0.004971531343053872
51265.7 0.004683324135717736
51279.2 0.0044127023328458794
51292.7 0.004157287737959521
51306.3 0.00391881093378544
51319.8 0.0036949443476309816
51333.3 0.00348351635805798
51346.8 0.0032860169195801374
51360.3 0.003099304549710875
51373.8 0.002924898826409134
51387.3 0.0027610571946973016
51400.8 0.0026062517036514656
51414.4 0.0024617023099882864
51427.9 0.002325947146127176
51441.4 0.0021975633485751965
51454.9 0.0020778465476573417
51468.4 0.0019653906382413044
51481.9 0.0018589236652098884
51495.4 0.0017594136114329503
51508.9 0.001665754760108792
51522.5 0.001576927745109586
51536 0.0014940056718244646
51549.5 0.0014159523070101268
51563 0.0013417534545466317
51576.5 0.0012722987117274231
51590 0.001206260711401322
51603.5 0.0011445594449423075
51617 0.0010864318120285745
51630.6 0.0010312182042335634
51644.1 0.0009795469612760381
51657.6 0.0009308251222045817
51671.1 0.0008845145885307592
51684.6 0.0008412863239603362
51698.1 0.0008005153179377925
51711.6 0.0007615375262943416
51725.1 0.0007248821978270429
51738.7 0.0006900895812365711
51752.2 0.000656704422000686
51765.7 0.0006252480242938702
51779.2 0.000595249816285655
51792.7 0.0005663025721796616
51806.2 0.0005389752180269939
51819.7 0.0005131546835557752
51833.2 0.0004885323842682263
51846.8 0.0004655401763109016
51860.3 0.0004435659622176749
51873.8 0.00042302161943517653
51887.3 0.00040364641588537314
51900.8 0.000385317437829315
51914.3 0.0003683787967742021
51927.8 0.00035236651721800227
51941.3 0.00033700025719039377
51954.8 0.0003225674893285115
51968.4 0.0
51981.9 0.0
