1.30	0	0.07		0.05	0.07
1.31	0.23	0.08		0.06	0.08
1.32	0.11	0.06		0.12	0.06
1.33	0.15	0.06		-0.03	0.06
1.34	0.04	0.03		0.18	0.03
1.35	0	-0.02		-0.02	-0.02
1.36	0.12	0		-0.09	0
1.37	0.16	0		-0.03	0
1.38	0	0.04		0.11	0.04
1.39	0	0.07		0.05	0.07
1.40	-0.01	0		-0.01	0
1.41	0.12	0.05		0.02	0.05
1.42	0.01	0.01		-0.05	0.01
1.43	-0.04	-0.01		0.08	-0.01
1.44	0.08	0.08		0.02	0.08
1.45	0.01	-0.01		-0.02	-0.01
1.46	0.01	0.01		0.07	0.01
1.47	0.01	-0.02		-0.01	-0.02
1.48	-0.01	0.04		-0.01	0.04
1.49	0.01	0.02		0.02	0.02
1.50	0.02	0		0.03	0
1.51	0	0.03		-0.02	0.03
1.52	0.04	-0.02		0.04	-0.02
1.53	0.07	0		0.02	0
1.54	0.01	0.01		0.01	0.01
1.55	0.02	0.02		-0.02	0.02
1.56	0.04	0.01		0.01	0.01
1.57	0.06	0.01		-0.01	0.01
1.58	0.05	0.01		0.05	0.01
1.59	0.01	0.03		0.04	0.03
1.60	0	0.04		0.04	0.04
1.61	0.06	0		0	0
1.62	-0.02	0.02		0	0.02
1.63	-0.02	0.01		0.01	0.01
1.64	0.01	0.04		-0.04	0.04
1.65	-0.01	0		0.03	0
1.66	0.04	0		0.02	0
1.67	0	0.01		0.04	0.01
1.68	0.01	0		-0.01	0
1.69	0	0.01		0	0.01
1.70	0	0.01		0.01	0.01
1.71	-0.02	0.02		0.03	0.02
1.72	-0.01	0.01		0.03	0.01
1.73	-0.01	0.01		-0.02	0.01
1.74	0	0.01		0.01	0.01
1.75	-0.01	0		0.01	0
1.76	0.01	0.01		0.03	0.01
1.77	-0.01	0.01		0.04	0.01
1.78	0.02	0.02		0	0.02
1.79	0	0.01		-0.03	0.01
1.80	-0.02	0.01		0	0.01
1.81	0.01	0.01		0.01	0.01
1.82	-0.02	-0.02		0.02	-0.02
1.83	0.02	0		0.01	0
1.84	0	0.02		0.01	0.02
1.85	0.02	0		0.02	0
1.86	0.02	0.01		0.02	0.01
1.87	0	0.01		0.01	0.01
1.88	0	0.04		-0.01	0.04
1.89	0.01	0.03		-0.01	0.03
1.90	0.02	0.02		-0.01	0.02
1.91	0.01	0.02		0.01	0.02
1.92	0	0		0.03	0
1.93	0.01	0.01		0.02	0.01
1.94	0.02	0.01		0.02	0.01
1.95	0.01	0.01		-0.01	0.01
1.96	0	0.01		-0.01	0.01
1.97	0	0.01		0	0.01
1.98	0	0.01		0.02	0.01
1.99	0.02	-0.01		0	-0.01
2.00	0	0.01		0.01	0.01
2.01	0.01	0		0.01	0
2.02	0	0.01		0.01	0.01
2.03	0	0		0.01	0
2.04	0	0		0.01	0
2.05	-0.01	0		0.01	0
2.06	0.01	-0.01		0.01	-0.01
2.07	0.01	0		-0.01	0
2.08	0.01	0		0	0
2.09	0.01	0		0	0
2.10	0	0.01		0.01	0.01
2.11	-0.01	0		0.01	0
2.12	0.01	0		0	0
2.13	0.02	0		0.01	0
2.14	0	0.01		0.01	0.01
2.15	0.01	0.01		-0.01	0.01
2.16	0.01	0		0.01	0
2.17	0	0		-0.02	0
2.18	0	0		0	0
2.19	0	-0.01		0.02	-0.01
2.20	0.01	0		-0.01	0
2.21	-0.01	0		0.01	0
2.22	0	0		0	0
2.23	0	0.02		0.01	0.02
2.24	-0.01	0.01		-0.01	0.01
2.25	0	0.01		0	0.01
2.26	0	0		-0.02	0
2.27	0.02	0		0	0
2.28	0.01	0		0.02	0
2.29	0	0.01		0.01	0.01
2.30	0.01	0.01		0.01	0.01
2.31	0	0.01		0.01	0.01
2.32	0.01	0.01		0	0.01
2.33	0.01	0		0.01	0
2.34	0.02	0.01		-0.01	0.01
2.35	0.01	0.01		-0.01	0.01
2.36	0	0		0	0
2.37	0	0		0	0
2.38	0.02	0		0	0
2.39	0	0		0	0
2.40	0	0		0	0
2.41	0	0		0	0
2.42	0.01	0.01		-0.01	0.01
2.43	0	0		0	0
2.44	0.01	0.01		0	0.01
2.45	0	0		0	0
2.46	0.01	0		0	0
2.47	0	0.01		0.01	0.01
2.48	-0.01	0		0	0
2.49	0	0.01		0.01	0.01
2.50	-0.01	0		0.01	0
2.51	0	0		0	0
2.52	0	0.01		-0.01	0.01
2.53	0.01	0.01		0	0.01
2.54	0	0.01		0	0.01
2.55	0	0		0	0
2.56	0	-0.01		0	-0.01
2.57	0.01	0		0	0
2.58	0	0		0.01	0
2.59	0.01	0		0.02	0
2.60	0.02	0.01		0.01	0.01
2.61	0.01	0		0.01	0
2.62	0	0.01		0.02	0.01
2.63	0.01	0.01		0.01	0.01
2.64	0.01	0.01		0	0.01
2.65	0.01	0		0	0
2.66	0	0		0.01	0
2.67	0	-0.01		0.01	-0.01
2.68	0	0.01		0.02	0.01
2.69	0.01	0.01		0	0.01
2.70	0	0.01		0.01	0.01
2.71	0	0.01		0.01	0.01
2.72	0.01	0		0	0
2.73	0	0.01		0.01	0.01
2.74	0	0		0.01	0
2.75	0	0.01		0.01	0.01
2.76	0	0		0.01	0
2.77	0	0		0	0
2.78	0	0		0	0
2.79	0	0		0	0
2.80	-0.01	0.01		0	0.01
2.81	0	0.01		0.01	0.01
2.82	0	0.01		0	0.01
2.83	0	0.01		0	0.01
2.84	-0.01	0.02		0	0.02
2.85	0	0.01		-0.01	0.01
2.86	0.01	0		0	0
2.87	0	0.01		0.01	0.01
2.88	0.01	0		0.02	0
2.89	0	0		0.01	0
2.90	0	0		0	0
2.91	0	0		0	0
2.92	0	0.01		0	0.01
2.93	0	0		0	0
2.94	0	0		0	0
2.95	0.02	0		0	0
2.96	0	0		0	0
2.97	0	0		0	0
2.98	-0.01	0		0	0
2.99	0.01	0		0	0
3.00	0	0.01		0	0.01
3.01	0	0		0	0
3.02	0	0		0.01	0
3.03	0	0		0.02	0
3.04	0.01	0		0.01	0
3.05	0	0		0	0
3.06	0.01	0		0.01	0
3.07	-0.01	0		0	0
3.08	0.01	0		-0.01	0
3.09	0	0		0.01	0
3.10	0.01	0.01		0	0.01
3.11	0	0		0	0
3.12	0	0		-0.01	0
3.13	0.01	0		0	0
3.14	0.01	0		0	0
3.15	0	0		0.01	0
3.16	0	0		0	0
3.17	0.01	0		0	0
3.18	0.01	0.01		0	0.01
3.19	0	0		0	0
3.20	0	0.01		0	0.01
3.21	0.01	0		0	0
3.22	0	0		0	0
3.23	0.01	0		0	0
3.24	0	0		0	0
3.25	0	0		0	0
3.26	0	0		0	0
3.27	0	0		0	0
3.28	0	0		0	0
3.29	0	0		0	0
3.30	0.01	0.01		0.01	0.01
3.31	0	0		0	0
3.32	0	0.01		0	0.01
3.33	0	0		0	0
3.34	0.01	0.01		0	0.01
3.35	0	0		0.01	0
3.36	0	0.01		0	0.01
3.37	0	0.01		0.01	0.01
3.38	0	0		0	0
3.39	0.01	0		0.01	0
3.40	0	0.01		0	0.01
3.41	0	0		0.01	0
3.42	0.01	0		0.01	0
3.43	0.01	0		0	0
3.44	0.01	0		0	0
3.45	0.01	0		0	0
3.46	0	0		0.01	0
3.47	0	0		0	0
3.48	0	0		0	0
3.49	0	0		0	0
3.50	0	0		0.01	0
3.51	0	0		0.01	0
3.52	0	0		0	0
3.53	-0.01	0		0	0
3.54	0	0		0	0
3.55	0	0		0	0
3.56	0	0		0	0
3.57	0	0		0	0
3.58	0	0		0	0
3.59	0	0		0	0
3.60	0	0		0	0
3.61	0	0		0	0
3.62	0	0		0	0
3.63	0.01	0		0	0
3.64	0	0		0	0
3.65	0.01	-0.01		0	-0.01
3.66	0.01	0		0	0
3.67	0	0		0	0
3.68	0	0		0.01	0
3.69	0	0.01		0.01	0.01
3.70	0	0.01		0.01	0.01
3.71	0	0.01		0.01	0.01
3.72	0	0.01		0.01	0.01
3.73	0	0.01		0	0.01
3.74	-0.01	0.01		0	0.01
3.75	0	0.01		0	0.01
3.76	0.01	0		0	0
3.77	0.01	0		0	0
3.78	0	0		0	0
3.79	0.01	0		0.01	0
3.80	0	0		0.01	0
3.81	0.01	-0.01		0.01	-0.01
3.82	0	0		0.01	0
3.83	0	-0.01		0.01	-0.01
3.84	0	0		0.01	0
3.85	0	0.01		0.01	0.01
3.86	0	0.01		0	0.01
3.87	0	0.01		0	0.01
3.88	0	0.01		0	0.01
3.89	0	0		0	0
3.90	0	0.01		0	0.01
3.91	0	0.01		0	0.01
3.92	-0.01	0.01		0.01	0.01
3.93	0	0.01		0	0.01
3.94	0	0		0	0
3.95	0	0		0	0
3.96	0	0		0	0
3.97	0.01	0		0.01	0
3.98	0.01	0		0	0
3.99	0.01	0		0	0
4.00	0	0.01		0	0.01
4.01	0.01	0		0.01	0
4.02	0.01	0		0	0
4.03	0	0		0	0
4.04	0.01	0		0	0
4.05	0	0		0	0
4.06	0	0.01		0	0.01
4.07	0	0.01		0	0.01
4.08	0	0		0	0
4.09	0	0		0.01	0
4.10	0.01	0		0	0
4.11	0.01	0		0.01	0
4.12	0.01	0.01		0.01	0.01
4.13	0	0		0	0
4.14	0	0		0	0
4.15	0	0		0	0
4.16	0	0		0.01	0
4.17	0	0		0	0
4.18	0	0		0	0
4.19	0	0		0	0
4.20	0	0		0.01	0
4.21	0.01	0		0	0
4.22	0	0		0	0
4.23	0	0.01		0.01	0.01
4.24	0	0		0.01	0
4.25	0	0		0.01	0
4.26	0	0		0.01	0
4.27	0	0.01		0	0.01
4.28	0.01	0		0	0
4.29	0	0		0.01	0
4.30	0.01	0		0.01	0
4.31	0.01	0		0.01	0
4.32	0.01	0		0.01	0
4.33	0.01	0.01		0	0.01
4.34	0	0		0	0
4.35	0.01	0		0	0
4.36	0	0		0	0
4.37	0	0.01		0	0.01
4.38	0.01	0		0	0
4.39	0.01	0		0	0
4.40	0.01	0		0	0
4.41	0	0.01		0	0.01
4.42	0	0.01		0	0.01
4.43	0.01	0.01		0	0.01
4.44	0.01	0		0.01	0
4.45	0	0.01		0.01	0.01
4.46	0.01	0		0.01	0
4.47	0.01	0		0	0
4.48	0.01	0		0.01	0
4.49	0.01	0		0	0
4.50	0	0		0	0
4.51	0	0		0	0
4.52	0	0		0	0
4.53	0	0		0	0
4.54	0	0.01		0	0.01
4.55	0	0		0	0
4.56	0	0.01		0.01	0.01
4.57	0	0.01		0	0.01
4.58	0	0.01		0	0.01
4.59	0.01	0		0.01	0
4.60	0	0		0	0
4.61	-0.01	0.01		0.01	0.01
4.62	0	0		0	0
4.63	0	0.01		0.01	0.01
4.64	0	0		0	0
4.65	-0.01	0.01		0.01	0.01
4.66	0.01	0.01		0.01	0.01
4.67	0	0.01		0	0.01
4.68	0.01	0.01		0	0.01
4.69	0	0.01		0	0.01
4.70	0.01	0.01		0	0.01
4.71	0.01	0.01		0	0.01
4.72	0.01	0.01		0	0.01
4.73	0.01	0.01		0	0.01
4.74	0.01	0.01		0	0.01
4.75	0	0.01		0	0.01
4.76	0	0.01		0.01	0.01
4.77	0	0.01		0.01	0.01
4.78	0.01	0.01		0	0.01
4.79	0	0		0.01	0
4.80	0.01	0.01		0.01	0.01
4.81	0	0.01		0.01	0.01
4.82	0.01	0.01		0	0.01
4.83	0.01	0.01		0	0.01
4.84	0.01	0.01		0	0.01
4.85	0.01	0.01		0.01	0.01
4.86	0	0.01		0.01	0.01
4.87	0.01	0.01		0	0.01
4.88	0.01	0.01		0.01	0.01
4.89	0.01	0.01		0.01	0.01
4.90	0.01	0.01		0.01	0.01
4.91	0.01	0.01		0	0.01
4.92	0.01	0.01		0	0.01
4.93	0.01	0.01		0	0.01
4.94	0	0		0	0
4.95	0	0		0.01	0
4.96	0	0.01		0.01	0.01
4.97	0	0		0	0
4.98	0	0		0	0
4.99	0.01	0		0.01	0
5.00	0	0		0	0
5.01	0.01	0		0	0
5.02	0.01	0		-0.01	0
5.03	0	0.01		0	0.01
5.04	0	0		0	0
5.05	0	0		0	0
5.06	0.01	0.01		0	0.01
5.07	0	0.01		0	0.01
5.08	0	0		0.01	0
5.09	0	0		0	0
5.10	0.01	-0.01		0	-0.01
5.11	0.01	0		-0.01	0
5.12	0.01	0		-0.01	0
5.13	0.01	0		0.01	0
5.14	0.01	0		0	0
5.15	0.01	0		0	0
5.16	0.01	0		0	0
5.17	0.01	0		0	0
5.18	0.01	0		0	0
5.19	0.01	0		0	0
5.20	0.01	0.01		0	0.01
5.21	0	0.01		0.01	0.01
5.22	0.01	0.01		0.01	0.01
5.23	0	0.02		0.01	0.02
5.24	0	0.02		0	0.02
5.25	0.01	0.02		0.01	0.02
5.26	0	0.02		0.01	0.02
5.27	0	0.02		0.01	0.02
5.28	0.01	0.02		0	0.02
5.29	0	0.02		0	0.02
5.30	0	0.01		0	0.01
5.31	0	0.01		0.01	0.01
5.32	0.01	0.01		0.01	0.01
5.33	0.01	0.01		0	0.01
5.34	0.02	0.01		0.01	0.01
5.35	0.02	0.01		0	0.01
5.36	0.02	0.01		0.01	0.01
5.37	0.02	0.01		0.02	0.01
5.38	0.02	0.01		0.02	0.01
5.39	0.02	0.01		0.02	0.01
5.40	0.02	0.01		0.02	0.01
5.41	0.02	0.01		0.01	0.01
5.42	0.02	0.01		0.02	0.01
5.43	0.01	0.01		0.02	0.01
5.44	0.01	0.02		0.01	0.02
5.45	0.01	0.02		0.01	0.02
5.46	0	0.02		0.01	0.02
5.47	0.01	0.02		0.02	0.02
5.48	0	0.02		0.01	0.02
5.49	0	0.01		0.01	0.01
5.50	0	0.02		0.01	0.02
5.51	0.01	0.02		0.01	0.02
5.52	0.01	0.02		0.01	0.02
5.53	0	0.02		0.01	0.02
5.54	0.01	0.02		0.02	0.02
5.55	0.02	0.02		0.01	0.02
5.56	0.02	0.01		0.01	0.01
5.57	0.01	0.01		0.01	0.01
5.58	0.01	0		0.01	0
5.59	0.01	0		0	0
5.60	0.01	-0.01		0.01	-0.01
5.61	0.02	-0.01		0.02	-0.01
5.62	0.01	-0.01		0.01	-0.01
5.63	0.01	-0.01		0.01	-0.01
5.64	0.01	-0.01		0.01	-0.01
5.65	0.01	-0.01		0.01	-0.01
5.66	0.01	-0.01		0.01	-0.01
5.67	0.01	0		0.01	0
5.68	0	0		0	0
5.69	0	0		0.01	0
5.70	0	0		0.01	0
5.71	0	-0.01		0	-0.01
5.72	0	-0.01		-0.01	-0.01
5.73	0	-0.01		-0.01	-0.01
5.74	0	-0.01		0	-0.01
5.75	0	0		0	0
5.76	0	0		0	0
5.77	0.01	0.01		-0.01	0.01
5.78	0.01	0.01		0	0.01
5.79	0.01	0.01		0	0.01
5.80	0.01	0.01		0.01	0.01
5.81	0.01	0.01		0.01	0.01
5.82	0.01	0.02		0.01	0.02
5.83	0.02	0.02		0	0.02
5.84	0.01	0.02		0	0.02
5.85	0	0.01		0	0.01
5.86	0	0.01		0	0.01
5.87	0	0.01		0	0.01
5.88	0	0.01		0	0.01
5.89	0.01	0.01		0	0.01
5.90	0	0.01		0.01	0.01
5.91	0	0.01		0	0.01
5.92	0.01	0.01		0.01	0.01
5.93	0.01	0.01		0.01	0.01
5.94	0.01	0.01		0.01	0.01
5.95	0	0.01		0	0.01
5.96	0.01	0		0.01	0
5.97	0.01	0		0.01	0
5.98	0	0		0.01	0
5.99	0	0		0.01	0
6.00	0	-0.01		0.01	-0.01
6.01	0	0		0.01	0
6.02	0.01	0		0.01	0
6.03	0.01	0		0.01	0
6.04	0	0		0.01	0
6.05	0.01	0		0.01	0
6.06	0.01	0		0	0
6.07	0	0		0	0
6.08	0	0.01		0	0.01
6.09	0	0		0	0
6.10	0	0		0	0
6.11	0	0		0.01	0
6.12	0	0.01		0	0.01
6.13	0.01	0		0	0
6.14	0.01	0		0	0
6.15	0.01	0		0.01	0
6.16	0.01	0		0.01	0
6.17	0.01	0		0.01	0
6.18	0	0		0.01	0
6.19	0.01	-0.01		0.01	-0.01
6.20	0.01	0		0.01	0
6.21	0.02	0		0.01	0
6.22	0.02	0		0.01	0
6.23	0.02	0.01		0.01	0.01
6.24	0.01	0.01		0.01	0.01
6.25	0.02	0.01		0.01	0.01
6.26	0.02	0.01		0.01	0.01
6.27	0.01	0.01		0.02	0.01
6.28	0.01	0.01		0.01	0.01
6.29	0.01	0.01		0.02	0.01
6.30	0	0.01		0.01	0.01
6.31	0	0.01		0.01	0.01
6.32	0	0.02		0.01	0.02
6.33	0	0.01		0.01	0.01
6.34	0	0.01		0	0.01
6.35	-0.01	0.01		0	0.01
6.36	0	0		0	0
6.37	0	0		0	0
6.38	-0.01	0.01		0	0.01
6.39	0	0.01		0	0.01
6.40	-0.01	0.01		0	0.01
6.41	-0.01	0.01		0.01	0.01
6.42	-0.01	0		0	0
6.43	-0.01	0		0	0
6.44	-0.01	0		0	0
6.45	0	0		-0.01	0
6.46	0	0		-0.01	0
6.47	0.01	0		-0.01	0
6.48	0.02	0		0	0
6.49	0.02	0		0	0
6.50	0.02	0		0	0
6.51	0.01	0		0	0
6.52	0.01	0		0	0
6.53	0.01	0		-0.01	0
6.54	0.01	0		0	0
6.55	0.01	0		0.01	0
6.56	0.01	0		0.02	0
6.57	0	0.01		0.01	0.01
6.58	0.01	0		0.01	0
6.59	0.01	0		0.01	0
6.60	0.01	0		0.01	0
6.61	0.01	0.01		0.01	0.01
6.62	0	0.01		0.01	0.01
6.63	0	0		0	0
6.64	0	0		0	0
6.65	0	0		0	0
6.66	0	0.01		0	0.01
6.67	0	0.01		0	0.01
6.68	0	0		0	0
6.69	0.01	0		0	0
6.70	0.01	0.01		-0.01	0.01
6.71	0	0.01		-0.01	0.01
6.72	0	0.01		-0.01	0.01
6.73	0	0		-0.01	0
6.74	0	0		-0.01	0
6.75	0	0		0	0
6.76	0	0		0	0
6.77	0	0		0	0
6.78	0	0		0.01	0
6.79	0	0		0.01	0
6.80	0	0		0.01	0
6.81	0	0		0	0
6.82	0.01	0		0	0
6.83	0	0		0	0
6.84	0	0		0.01	0
6.85	0.01	0		0.01	0
6.86	0.01	0		0.01	0
6.87	0.01	0		0.01	0
6.88	0	0		0.01	0
6.89	-0.01	0		0.01	0
6.90	0	0		0.01	0
6.91	0	0		0	0
6.92	0	0		0	0
6.93	0.01	0		0	0
6.94	0.01	0		0	0
6.95	0.01	0		0	0
6.96	0.01	0		0.01	0
6.97	0.01	0		0	0
6.98	0.01	0		0	0
6.99	0.01	0		0	0
7.00	0.01	0		0	0
7.01	0.01	0		0	0
7.02	0	0		0.01	0
7.03	0	0		0.01	0
7.04	0	0.01		0.01	0.01
7.05	0.01	0.01		0	0.01
7.06	0.01	0		0.01	0
7.07	0.01	0		0.01	0
7.08	0.01	0		0.01	0
7.09	0.01	0.01		0	0.01
7.10	0.01	0		0	0
7.11	0.01	0		0	0
7.12	0	0.01		0	0.01
7.13	0	0.01		0	0.01
7.14	0	0		0	0
7.15	0	0		0	0
7.16	0	0		0	0
7.17	0	0		0	0
7.18	0	0		0	0
7.19	0	0		0	0
7.20	-0.01	0		0	0
7.21	0	0		0	0
7.22	0	0		0	0
7.23	0	0		0	0
7.24	0.01	0		0	0
7.25	0.01	0		0	0
7.26	0.01	0		0	0
7.27	0	0		0	0
7.28	0	0		0	0
7.29	-0.01	0		0	0
7.30	0	0		0	0
7.31	0	0		0	0
7.32	-0.01	0		0	0
7.33	0	0		0.01	0
7.34	0	0		0.01	0
7.35	0	0		0	0
7.36	-0.01	0		0	0
7.37	-0.01	0		0	0
7.38	-0.01	0		0	0
7.39	0	0		0	0
7.40	0.01	0		0	0
7.41	0.01	0		0.01	0
7.42	0.01	0		0	0
7.43	0	0		0	0
7.44	0	0		0	0
7.45	0	0		0	0
7.46	0	0		0	0
7.47	0	0		0	0
7.48	0	0		0	0
7.49	0	0		0.01	0
7.50	0	0		0.01	0
7.51	0	0		0.01	0
7.52	0	0		0.01	0
7.53	0	0		0.01	0
7.54	-0.01	0		0.01	0
7.55	0	0		0.01	0
7.56	0	0		0.01	0
7.57	0	0		0.01	0
7.58	0	0.01		0.01	0.01
7.59	-0.01	0.01		0	0.01
7.60	0	0.01		0	0.01
7.61	0	0		0	0
7.62	0.01	0		0	0
7.63	0.01	0		0	0
7.64	0	0		0.01	0
7.65	0	0		0	0
7.66	0	0.01		0	0.01
7.67	0.01	0.01		0	0.01
7.68	0.01	0		0	0
7.69	0	0		0	0
7.70	0	0.01		0	0.01
7.71	0	0.01		0	0.01
7.72	0	0		0	0
7.73	0	0		0	0
7.74	0	0		0	0
7.75	0	0		0	0
7.76	0	0		0	0
7.77	0	0		0	0
7.78	0	0		0	0
7.79	0	0		0	0
7.80	0	0.01		0	0.01
7.81	0	0.01		0	0.01
7.82	0	0.01		0	0.01
7.83	0	0.01		0	0.01
7.84	0	0.01		0	0.01
7.85	0.01	0.01		0.01	0.01
7.86	0.01	0.01		0.01	0.01
7.87	0.02	0.01		0	0.01
7.88	0.02	0.01		0	0.01
7.89	0.01	0.01		0	0.01
7.90	0	0.01		0	0.01
7.91	0	0		0	0
7.92	0	0.01		0.01	0.01
7.93	0	0.01		0.01	0.01
7.94	0	0.01		0.01	0.01
7.95	0	0.01		0.01	0.01
7.96	0.01	0.01		0.01	0.01
7.97	0.01	0.01		0	0.01
7.98	0.01	0.01		0	0.01
7.99	0.01	0.01		0	0.01
8.00	0.01	0.01		0.01	0.01
8.01	0.01	0		0.01	0
8.02	0	0		0.01	0
8.03	0	0		0.01	0
8.04	0	0.01		0.01	0.01
8.05	0	0.01		0.01	0.01
8.06	0	0.01		0.01	0.01
8.07	0.01	0.01		0.01	0.01
8.08	0.01	0.01		0.01	0.01
8.09	0.01	0.01		0.01	0.01
8.10	0.01	0.01		0	0.01
8.11	0	0.01		0	0.01
8.12	0	0.01		0	0.01
8.13	0	0.01		0	0.01
8.14	0	0.01		0.01	0.01
8.15	0	0.01		0.01	0.01
8.16	0	0.01		0.01	0.01
8.17	0	0.01		0.01	0.01
8.18	0	0.01		0.01	0.01
8.19	0	0.01		0.01	0.01
8.20	0.01	0		0.01	0
8.21	0.01	0.01		0.01	0.01
8.22	0.01	0.02		0.01	0.02
8.23	0.01	0.02		0	0.02
8.24	0.01	0.02		0	0.02
8.25	0.01	0.01		0	0.01
8.26	0.01	0.01		0	0.01
8.27	0.01	0.01		0	0.01
8.28	0.01	0.01		0	0.01
8.29	0	0.01		0	0.01
8.30	0	0.01		0.01	0.01
8.31	0.01	0.01		0.01	0.01
8.32	0.01	0.01		0.01	0.01
8.33	0.01	0.01		0.01	0.01
8.34	0.01	0.01		0.01	0.01
8.35	0.01	0		0.01	0
8.36	0.01	0.01		0.01	0.01
8.37	0.01	0.01		0.01	0.01
8.38	0.02	0.01		0.01	0.01
8.39	0.02	0.01		0	0.01
8.40	0.02	0.01		0	0.01
8.41	0.01	0.01		0	0.01
8.42	0.01	0		0	0
8.43	0.01	0		0	0
8.44	0.01	0		0.01	0
8.45	0.01	0.01		0.01	0.01
8.46	0.01	0.01		0.01	0.01
8.47	0.01	0.01		0.01	0.01
8.48	0.01	0.01		0.01	0.01
8.49	0.01	0.01		0.01	0.01
8.50	0.01	0.01		0.01	0.01
8.51	0.01	0		0.01	0
8.52	0.01	0		0.01	0
8.53	0.01	0		0.01	0
8.54	0.01	0.01		0	0.01
8.55	0.01	0.01		0	0.01
8.56	0.01	0.01		0	0.01
8.57	0	0.01		0	0.01
8.58	0	0.01		0.01	0.01
8.59	0	0.01		0.01	0.01
8.60	0	0.01		0.01	0.01
8.61	0	0.01		0	0.01
8.62	0	0.02		0	0.02
8.63	0	0.02		0	0.02
8.64	0	0.02		0.01	0.02
8.65	0	0.02		0.01	0.02
8.66	0	0.01		0.01	0.01
8.67	0.01	0.01		0.01	0.01
8.68	0.01	0.01		0.01	0.01
8.69	0.01	0.01		0.01	0.01
8.70	0.01	0.01		0.01	0.01
8.71	0.01	0.01		0.01	0.01
8.72	0	0		0	0
8.73	0	0		-0.01	0
8.74	0	0.01		0	0.01
8.75	0	0.01		0	0.01
8.76	0	0.01		0	0.01
8.77	0	0.01		0	0.01
8.78	0.01	0.01		0	0.01
8.79	0.01	0.01		-0.01	0.01
8.80	0.01	0.01		-0.01	0.01
8.81	0.01	0.01		-0.01	0.01
8.82	0	0.01		-0.01	0.01
8.83	0.01	0.02		-0.01	0.02
8.84	0.01	0.02		-0.01	0.02
8.85	0.01	0.02		-0.01	0.02
8.86	0.01	0.01		-0.01	0.01
8.87	0.01	0.01		-0.01	0.01
8.88	0.01	0.01		-0.01	0.01
8.89	0.01	0.01		0	0.01
8.90	0.01	0.01		0	0.01
8.91	0.01	0.01		0	0.01
8.92	0.01	0.01		0	0.01
8.93	0.01	0.01		0	0.01
8.94	0.01	0.01		0	0.01
8.95	0	0.02		0	0.02
8.96	0	0.02		0	0.02
8.97	0	0.02		0.01	0.02
8.98	0.01	0.01		0.02	0.01
8.99	0.01	0.01		0.01	0.01
9.00	0.01	0.01		0	0.01
9.01	0.01	0.01		0	0.01
9.02	0.01	0.01		0	0.01
9.03	0.01	0.01		0	0.01
9.04	0	0.01		0	0.01
9.05	0	0.01		0	0.01
9.06	0	0.01		-0.01	0.01
9.07	0.01	0.01		0	0.01
9.08	0.01	0.01		0	0.01
9.09	0	0		0.01	0
9.10	0	0		0.01	0
9.11	0	0		0.01	0
9.12	0	0		0.01	0
9.13	0	0		0	0
9.14	0	0		0	0
9.15	0	0		0	0
9.16	0	0		-0.01	0
9.17	0	0		-0.01	0
9.18	0	0		-0.01	0
9.19	0	0		-0.01	0
9.20	0.01	0		0	0
9.21	0.01	0		0	0
9.22	0.01	0		0	0
9.23	0.01	0		0	0
9.24	0	0.01		0	0.01
9.25	0	0.01		-0.01	0.01
9.26	-0.01	0.02		-0.01	0.02
9.27	0	0.01		-0.01	0.01
9.28	0	0.01		-0.01	0.01
9.29	0.01	0		-0.01	0
9.30	0.01	0		0	0
9.31	0.01	0		0	0
9.32	0.01	0		0	0
9.33	0.01	0		0	0
9.34	0.01	0		0	0
9.35	0.01	-0.01		0	-0.01
9.36	0	-0.01		0	-0.01
9.37	0	-0.01		0	-0.01
9.38	-0.01	-0.01		-0.01	-0.01
9.39	-0.01	-0.01		-0.01	-0.01
9.40	-0.01	-0.01		-0.01	-0.01
9.41	-0.01	-0.01		-0.01	-0.01
9.42	-0.01	-0.01		-0.01	-0.01
9.43	-0.01	0		-0.01	0
9.44	-0.01	0		-0.01	0
9.45	-0.01	0.01		-0.01	0.01
9.46	-0.01	0.01		-0.01	0.01
9.47	-0.01	0		-0.01	0
9.48	-0.02	0		-0.01	0
9.49	-0.02	-0.01		-0.01	-0.01
9.50	-0.02	-0.01		-0.01	-0.01
9.51	-0.02	-0.02		-0.01	-0.02
9.52	-0.01	-0.01		-0.01	-0.01
9.53	-0.01	-0.02		-0.01	-0.02
9.54	-0.01	-0.02		-0.02	-0.02
9.55	0	-0.02		-0.02	-0.02
9.56	0	-0.02		-0.01	-0.02
9.57	0	-0.01		-0.01	-0.01
9.58	0	-0.01		0	-0.01
9.59	0	-0.01		0	-0.01
9.60	0	-0.01		-0.01	-0.01
9.61	0	-0.01		-0.01	-0.01
9.62	0	-0.02		-0.01	-0.02
9.63	0	-0.01		-0.01	-0.01
9.64	-0.01	-0.01		-0.01	-0.01
9.65	-0.01	-0.02		-0.01	-0.02
9.66	-0.01	-0.02		-0.01	-0.02
9.67	-0.01	-0.02		-0.01	-0.02
9.68	-0.01	-0.02		-0.01	-0.02
9.69	-0.01	-0.02		-0.01	-0.02
9.70	-0.01	-0.01		-0.01	-0.01
9.71	-0.01	-0.01		-0.01	-0.01
9.72	-0.01	-0.01		-0.01	-0.01
9.73	-0.01	-0.01		-0.02	-0.01
9.74	-0.02	-0.01		-0.01	-0.01
9.75	-0.02	-0.01		-0.01	-0.01
9.76	-0.02	-0.01		-0.01	-0.01
9.77	-0.02	0		-0.01	0
9.78	-0.02	0		-0.01	0
9.79	-0.01	0		-0.01	0
9.80	-0.01	0		-0.01	0
9.81	-0.01	-0.01		-0.01	-0.01
9.82	-0.01	-0.01		-0.01	-0.01
9.83	-0.01	-0.01		-0.01	-0.01
9.84	-0.02	-0.01		-0.01	-0.01
9.85	-0.02	-0.01		-0.01	-0.01
9.86	-0.02	0		-0.01	0
9.87	-0.02	0		0	0
9.88	-0.02	0		0	0
9.89	-0.01	0		0	0
9.90	-0.01	0		-0.01	0
9.91	-0.02	0		-0.01	0
9.92	-0.02	-0.01		-0.01	-0.01
9.93	-0.02	-0.01		-0.02	-0.01
9.94	-0.02	0		-0.02	0
9.95	-0.02	0		-0.02	0
9.96	-0.02	0		-0.02	0
9.97	-0.02	0		-0.02	0
9.98	-0.02	0		-0.02	0
9.99	-0.02	0		-0.02	0
10.00	-0.03	0		-0.02	0
10.01	-0.03	0		-0.01	0
10.02	-0.02	0		-0.01	0
10.03	-0.02	-0.01		-0.02	-0.01
10.04	-0.02	-0.01		-0.02	-0.01
10.05	-0.02	-0.01		-0.02	-0.01
10.06	-0.02	-0.01		-0.02	-0.01
10.07	-0.02	-0.01		-0.02	-0.01
10.08	-0.02	-0.01		-0.02	-0.01
10.09	-0.02	-0.01		-0.02	-0.01
10.10	-0.02	-0.01		-0.02	-0.01
10.11	-0.02	0		-0.02	0
10.12	-0.02	0		-0.02	0
10.13	-0.02	0		-0.02	0
10.14	-0.02	0		-0.02	0
10.15	-0.01	0		-0.02	0
10.16	-0.01	0		-0.01	0
10.17	-0.01	0		-0.01	0
10.18	-0.01	0		-0.01	0
10.19	-0.01	0		0	0
10.20	-0.01	0		0	0
10.21	-0.01	0		-0.01	0
10.22	-0.01	0		-0.01	0
10.23	-0.01	0		-0.01	0
10.24	-0.01	0		-0.02	0
10.25	-0.01	0		-0.02	0
10.26	-0.01	0		-0.01	0
10.27	-0.01	0.01		-0.01	0.01
10.28	-0.01	0.01		-0.01	0.01
10.29	-0.01	0.01		-0.01	0.01
10.30	-0.01	0.01		-0.01	0.01
10.31	-0.01	0.02		-0.01	0.02
10.32	-0.01	0.02		-0.01	0.02
10.33	-0.01	0.02		-0.01	0.02
10.34	-0.01	0.02		0	0.02
10.35	0	0.03		0.01	0.03
10.36	0	0.03		0.01	0.03
10.37	0	0.04		0.01	0.04
10.38	0	0.04		0.01	0.04
10.39	0	0.04		0	0.04
10.40	0	0.05		0	0.05
10.41	0	0.05		0	0.05
10.42	0	0.05		0	0.05
10.43	0.01	0.06		0	0.06
10.44	0.01	0.06		0	0.06
10.45	0.02	0.07		0.01	0.07
10.46	0.02	0.07		0.01	0.07
10.47	0.02	0.08		0.01	0.08
10.48	0.02	0.08		0.01	0.08
10.49	0.01	0.09		0.01	0.09
10.50	0.01	0.09		0.01	0.09
10.51	0.01	0.1		0.01	0.1
10.52	0.01	0.11		0.01	0.11
10.53	0.01	0.12		0.01	0.12
10.54	0	0.14		0.01	0.14
10.55	0	0.16		0.01	0.16
10.56	0	0.18		0.02	0.18
10.57	0	0.2		0.02	0.2
10.58	0.01	0.22		0.02	0.22
10.59	0.01	0.25		0.03	0.25
10.60	0.01	0.28		0.03	0.28
10.61	0.01	0.31		0.02	0.31
10.62	0.01	0.36		0.02	0.36
10.63	0.01	0.4		0.02	0.4
10.64	0.01	0.46		0.03	0.46
10.65	0.01	0.52		0.03	0.52
10.66	0.02	0.6		0.03	0.6
10.67	0.03	0.68		0.04	0.68
10.68	0.03	0.78		0.04	0.78
10.69	0.04	0.9		0.05	0.9
10.70	0.04	1.03		0.05	1.03
10.71	0.05	1.18		0.06	1.18
10.72	0.05	1.35		0.06	1.35
10.73	0.06	1.55		0.06	1.55
10.74	0.07	1.78		0.06	1.78
10.75	0.08	2.04		0.07	2.04
10.76	0.1	2.34		0.07	2.34
10.77	0.11	2.68		0.08	2.68
10.78	0.13	3.07		0.09	3.07
10.79	0.15	3.5		0.1	3.5
10.80	0.17	4		0.12	4
10.81	0.19	4.56		0.13	4.56
10.82	0.22	5.19		0.15	5.19
10.83	0.25	5.9		0.18	5.9
10.84	0.29	6.71		0.2	6.71
10.85	0.33	7.61		0.23	7.61
10.86	0.38	8.63		0.27	8.63
10.87	0.44	9.78		0.31	9.78
10.88	0.51	11.06		0.36	11.06
10.89	0.59	12.51		0.41	12.51
10.90	0.67	14.14		0.46	14.14
10.91	0.76	15.97		0.53	15.97
10.92	0.87	18.03		0.6	18.03
10.93	0.98	20.32		0.68	20.32
10.94	1.11	22.85		0.78	22.85
10.95	1.26	25.66		0.88	25.66
10.96	1.42	28.72		1	28.72
10.97	1.61	32.04		1.14	32.04
10.98	1.82	35.58		1.29	35.58
10.99	2.05	39.3		1.46	39.3
11.00	2.32	43.18		1.66	43.18
11.01	2.62	47.1		1.88	47.1
11.02	2.97	51		2.13	51
11.03	3.37	54.81		2.41	54.81
11.04	3.82	58.45		2.73	58.45
11.05	4.35	61.84		3.09	61.84
11.06	4.96	64.97		3.5	64.97
11.07	5.65	67.75		3.96	67.75
11.08	6.47	70.22		4.49	70.22
11.09	7.43	72.36		5.09	72.36
11.10	8.54	74.19		5.78	74.19
11.11	9.86	75.76		6.58	75.76
11.12	11.39	77.06		7.5	77.06
11.13	13.2	78.16		8.57	78.16
11.14	15.32	79.09		9.8	79.09
11.15	17.79	79.89		11.21	79.89
11.16	20.64	80.57		12.85	80.57
11.17	23.95	81.16		14.74	81.16
11.18	27.67	81.67		16.89	81.67
11.19	31.82	82.11		19.36	82.11
11.20	36.39	82.48		22.16	82.48
11.21	41.22	82.79		25.28	82.79
11.22	46.3	83.04		28.76	83.04
11.23	51.41	83.23		32.53	83.23
11.24	56.4	83.36		36.58	83.36
11.25	61.1	83.43		40.84	83.43
11.26	65.4	83.45		45.21	83.45
11.27	69.07	83.41		49.6	83.41
11.28	72.16	83.34		53.9	83.34
11.29	74.62	83.25		57.98	83.25
11.30	76.42	83.16		61.76	83.16
11.31	77.7	83.06		65.19	83.06
11.32	78.52	82.97		68.17	82.97
11.33	78.98	82.87		70.7	82.87
11.34	79.17	82.79		72.82	82.79
11.35	79.2	82.71		74.5	82.71
11.36	79.11	82.65		75.83	82.65
11.37	78.98	82.63		76.85	82.63
11.38	78.83	82.66		77.62	82.66
11.39	78.69	82.72		78.18	82.72
11.40	78.6	82.84		78.59	82.84
11.41	78.53	82.99		78.88	82.99
11.42	78.52	83.17		79.09	83.17
11.43	78.56	83.37		79.25	83.37
11.44	78.64	83.59		79.37	83.59
11.45	78.78	83.83		79.49	83.83
11.46	78.96	84.08		79.61	84.08
11.47	79.17	84.34		79.72	84.34
11.48	79.4	84.6		79.84	84.6
11.49	79.64	84.84		79.95	84.84
11.50	79.89	85.07		80.08	85.07
11.51	80.13	85.26		80.22	85.26
11.52	80.37	85.4		80.36	85.4
11.53	80.59	85.51		80.5	85.51
11.54	80.79	85.52		80.65	85.52
11.55	80.96	85.42		80.8	85.42
11.56	81.11	85.17		80.96	85.17
11.57	81.24	84.72		81.12	84.72
11.58	81.32	84		81.27	84
11.59	81.37	82.96		81.41	82.96
11.60	81.39	81.55		81.55	81.55
11.61	81.38	79.67		81.67	79.67
11.62	81.34	77.36		81.77	77.36
11.63	81.28	74.57		81.86	74.57
11.64	81.2	71.27		81.93	71.27
11.65	81.11	67.57		81.98	67.57
11.66	81	63.49		82.01	63.49
11.67	80.89	59.12		82.03	59.12
11.68	80.76	54.58		82.04	54.58
11.69	80.64	49.97		82.04	49.97
11.70	80.5	45.39		82.03	45.39
11.71	80.33	40.91		82.03	40.91
11.72	80.13	36.69		82.02	36.69
11.73	79.86	32.71		81.99	32.71
11.74	79.5	29.03		81.95	29.03
11.75	79.02	25.69		81.89	25.69
11.76	78.37	22.67		81.78	22.67
11.77	77.52	19.98		81.61	19.98
11.78	76.43	17.59		81.35	17.59
11.79	75.07	15.47		80.94	15.47
11.80	73.37	13.61		80.35	13.61
11.81	71.35	11.98		79.54	11.98
11.82	69	10.54		78.45	10.54
11.83	66.26	9.28		77	9.28
11.84	63.23	8.17		75.19	8.17
11.85	59.94	7.21		73	7.21
11.86	56.41	6.35		70.36	6.35
11.87	52.72	5.6		67.36	5.6
11.88	48.96	4.95		64.01	4.95
11.89	45.18	4.37		60.34	4.37
11.90	41.44	3.86		56.45	3.86
11.91	37.81	3.41		52.42	3.41
11.92	34.33	3.01		48.33	3.01
11.93	31.01	2.66		44.24	2.66
11.94	27.92	2.35		40.27	2.35
11.95	25.04	2.08		36.46	2.08
11.96	22.39	1.84		32.83	1.84
11.97	19.97	1.62		29.46	1.62
11.98	17.76	1.43		26.34	1.43
11.99	15.76	1.26		23.47	1.26
12.00	13.96	1.11		20.88	1.11
12.01	12.35	0.98		18.53	0.98
12.02	10.89	0.86		16.41	0.86
12.03	9.58	0.76		14.51	0.76
12.04	8.41	0.67		12.81	0.67
12.05	7.37	0.59		11.29	0.59
12.06	6.45	0.51		9.93	0.51
12.07	5.62	0.45		8.71	0.45
12.08	4.9	0.39		7.63	0.39
12.09	4.25	0.34		6.66	0.34
12.10	3.69	0.29		5.81	0.29
12.11	3.19	0.25		5.04	0.25
12.12	2.75	0.22		4.37	0.22
12.13	2.37	0.18		3.78	0.18
12.14	2.04	0.15		3.26	0.15
12.15	1.76	0.13		2.82	0.13
12.16	1.52	0.1		2.43	0.1
12.17	1.32	0.08		2.11	0.08
12.18	1.14	0.07		1.83	0.07
12.19	1	0.05		1.59	0.05
12.20	0.87	0.04		1.39	0.04
12.21	0.76	0.04		1.21	0.04
12.22	0.67	0.03		1.06	0.03
12.23	0.59	0.03		0.93	0.03
12.24	0.52	0.02		0.82	0.02
12.25	0.46	0.02		0.72	0.02
12.26	0.4	0.01		0.63	0.01
12.27	0.35	0.01		0.55	0.01
12.28	0.31	0.01		0.49	0.01
12.29	0.28	0		0.43	0
12.30	0.25	0		0.38	0
12.31	0.22	0		0.33	0
12.32	0.2	0		0.29	0
12.33	0.18	0		0.26	0
12.34	0.16	-0.01		0.23	-0.01
12.35	0.14	-0.01		0.2	-0.01
12.36	0.12	0		0.18	0
12.37	0.11	0		0.15	0
12.38	0.1	0		0.14	0
12.39	0.09	0		0.12	0
12.40	0.08	0		0.1	0
12.41	0.07	0		0.09	0
12.42	0.06	0		0.08	0
12.43	0.05	0		0.07	0
12.44	0.04	0		0.06	0
12.45	0.04	0		0.06	0
12.46	0.03	0		0.06	0
12.47	0.02	0		0.06	0
12.48	0.01	0		0.06	0
12.49	0.01	0		0.05	0
12.50	0.01	0		0.05	0
12.51	0.01	0		0.05	0
12.52	0.01	0		0.04	0
12.53	0.01	0		0.04	0
12.54	0.01	0		0.03	0
12.55	0.01	0		0.03	0
12.56	0.02	-0.01		0.03	-0.01
12.57	0.02	-0.01		0.03	-0.01
12.58	0.02	-0.01		0.03	-0.01
12.59	0.02	-0.01		0.02	-0.01
12.60	0.02	-0.01		0.02	-0.01
12.61	0.01	-0.01		0.02	-0.01
12.62	0.01	-0.01		0.02	-0.01
12.63	0.01	-0.01		0.02	-0.01
12.64	0	-0.01		0.02	-0.01
12.65	0	-0.01		0.02	-0.01
12.66	0	-0.02		0.02	-0.02
12.67	0	-0.02		0.02	-0.02
12.68	-0.01	-0.02		0.02	-0.02
12.69	-0.01	-0.02		0.01	-0.02
12.70	-0.01	-0.01		0.01	-0.01
12.71	-0.01	-0.01		0	-0.01
12.72	-0.01	-0.01		0	-0.01
12.73	-0.01	-0.01		-0.01	-0.01
12.74	-0.01	-0.01		-0.01	-0.01
12.75	-0.01	-0.02		-0.01	-0.02
12.76	-0.01	-0.02		-0.01	-0.02
12.77	-0.01	-0.02		-0.01	-0.02
12.78	-0.01	-0.02		-0.01	-0.02
12.79	-0.02	-0.02		-0.01	-0.02
12.80	-0.02	-0.01		0	-0.01
12.81	-0.02	-0.01		0	-0.01
12.82	-0.02	-0.01		0	-0.01
12.83	-0.02	-0.01		0	-0.01
12.84	-0.02	0		0	0
12.85	-0.02	0		0	0
12.86	-0.01	0		0	0
12.87	-0.01	0		0	0
12.88	-0.01	0		0	0
12.89	-0.01	-0.01		-0.01	-0.01
12.90	-0.01	-0.01		-0.01	-0.01
12.91	-0.01	-0.01		-0.01	-0.01
12.92	-0.01	-0.01		-0.01	-0.01
12.93	-0.01	-0.01		0	-0.01
12.94	-0.01	-0.01		0	-0.01
12.95	-0.01	-0.01		0	-0.01
12.96	-0.01	-0.01		0	-0.01
12.97	0	-0.01		0	-0.01
12.98	0	-0.01		0	-0.01
12.99	0	-0.01		0	-0.01
13.00	0.01	-0.01		0	-0.01
13.01	0.01	-0.01		0	-0.01
13.02	0.01	-0.01		0	-0.01
13.03	0.01	-0.01		0	-0.01
13.04	0.01	0		0	0
13.05	0.01	0		0	0
13.06	0.01	0		0	0
13.07	0.01	0		0	0
13.08	0	0		0	0
13.09	0	0		0	0
13.10	0	0		0	0
13.11	0	0		0	0
13.12	0	0		0.01	0
13.13	0	0		0.01	0
13.14	0	0		0.01	0
13.15	0	0		0.01	0
13.16	0	0		0.01	0
13.17	0	0		0.01	0
13.18	0	-0.01		0.01	-0.01
13.19	0	-0.01		0.01	-0.01
13.20	0	-0.01		0.01	-0.01
13.21	0	-0.01		0.01	-0.01
13.22	0	-0.02		0	-0.02
13.23	0	-0.02		0	-0.02
13.24	-0.01	-0.02		0	-0.02
13.25	-0.01	-0.02		-0.01	-0.02
13.26	-0.01	-0.01		-0.01	-0.01
13.27	-0.01	-0.01		-0.01	-0.01
13.28	-0.02	-0.01		-0.01	-0.01
13.29	-0.02	-0.01		-0.01	-0.01
13.30	-0.02	-0.01		-0.01	-0.01
13.31	-0.01	-0.01		0	-0.01
13.32	-0.01	-0.01		0	-0.01
13.33	-0.01	-0.01		0	-0.01
13.34	-0.01	-0.02		0	-0.02
13.35	-0.01	-0.02		0	-0.02
13.36	-0.01	-0.02		0	-0.02
13.37	-0.01	-0.02		0	-0.02
13.38	-0.01	-0.02		-0.01	-0.02
13.39	-0.02	-0.02		-0.01	-0.02
13.40	-0.02	-0.02		-0.01	-0.02
13.41	-0.02	-0.02		-0.01	-0.02
13.42	-0.02	-0.02		-0.01	-0.02
13.43	-0.02	-0.02		-0.02	-0.02
13.44	-0.03	-0.02		-0.02	-0.02
13.45	-0.03	-0.02		-0.02	-0.02
13.46	-0.03	-0.02		-0.02	-0.02
13.47	-0.03	-0.02		-0.02	-0.02
13.48	-0.03	-0.03		-0.01	-0.03
13.49	-0.03	-0.03		-0.01	-0.03
13.50	-0.02	-0.03		-0.01	-0.03
13.51	-0.02	-0.03		0	-0.03
13.52	-0.02	-0.03		0	-0.03
13.53	-0.01	-0.03		0	-0.03
13.54	-0.01	-0.02		0	-0.02
13.55	-0.01	-0.02		0	-0.02
13.56	-0.01	-0.02		-0.01	-0.02
13.57	-0.01	-0.02		-0.01	-0.02
13.58	-0.02	-0.01		-0.02	-0.01
13.59	-0.02	-0.01		-0.02	-0.01
13.60	-0.02	-0.01		-0.02	-0.01
13.61	-0.02	-0.01		-0.03	-0.01
13.62	-0.02	-0.02		-0.03	-0.02
13.63	-0.02	-0.02		-0.03	-0.02
13.64	-0.02	-0.02		-0.03	-0.02
13.65	-0.02	-0.02		-0.02	-0.02
13.66	-0.01	-0.02		-0.02	-0.02
13.67	-0.01	-0.02		-0.02	-0.02
13.68	-0.01	-0.02		-0.02	-0.02
13.69	-0.01	-0.02		-0.02	-0.02
13.70	-0.02	-0.02		-0.02	-0.02
13.71	-0.02	-0.02		-0.02	-0.02
13.72	-0.02	-0.02		-0.02	-0.02
13.73	-0.02	-0.03		-0.02	-0.03
13.74	-0.02	-0.03		-0.02	-0.03
13.75	-0.02	-0.03		-0.03	-0.03
13.76	-0.02	-0.03		-0.03	-0.03
13.77	-0.02	-0.03		-0.02	-0.03
13.78	-0.02	-0.02		-0.03	-0.02
13.79	-0.02	-0.02		-0.03	-0.02
13.80	-0.02	-0.02		-0.03	-0.02
13.81	-0.02	-0.02		-0.02	-0.02
13.82	-0.02	-0.02		-0.02	-0.02
13.83	-0.02	-0.02		-0.02	-0.02
13.84	-0.01	-0.02		-0.02	-0.02
13.85	-0.01	-0.02		-0.01	-0.02
13.86	-0.01	-0.02		-0.01	-0.02
13.87	-0.02	-0.02		-0.01	-0.02
13.88	-0.01	-0.02		-0.01	-0.02
13.89	-0.01	-0.02		-0.01	-0.02
13.90	-0.01	-0.02		-0.01	-0.02
13.91	-0.01	-0.02		-0.01	-0.02
13.92	-0.01	-0.02		-0.01	-0.02
13.93	-0.01	-0.02		-0.01	-0.02
13.94	-0.01	-0.02		-0.01	-0.02
13.95	-0.01	-0.02		-0.01	-0.02
13.96	-0.01	-0.02		-0.01	-0.02
13.97	-0.01	-0.02		-0.01	-0.02
13.98	-0.01	-0.02		-0.01	-0.02
13.99	-0.01	-0.02		-0.01	-0.02
14.00	-0.01	-0.02		-0.01	-0.02
14.01	-0.01	-0.02		-0.01	-0.02
14.02	-0.01	-0.02		-0.01	-0.02
14.03	-0.01	-0.02		-0.01	-0.02
14.04	-0.01	-0.02		-0.01	-0.02
14.05	-0.01	-0.02		-0.01	-0.02
14.06	-0.01	-0.02		-0.01	-0.02
14.07	-0.01	-0.01		0	-0.01
14.08	-0.01	-0.01		0	-0.01
14.09	-0.01	-0.01		0	-0.01
14.10	-0.01	-0.01		0	-0.01
14.11	-0.01	-0.01		0	-0.01
14.12	-0.01	-0.01		0	-0.01
14.13	-0.01	-0.01		0	-0.01
14.14	-0.01	-0.01		0	-0.01
14.15	0	-0.01		-0.01	-0.01
14.16	0	-0.01		-0.01	-0.01
14.17	0	-0.01		-0.01	-0.01
14.18	0	-0.01		-0.01	-0.01
14.19	0	-0.01		-0.01	-0.01
14.20	0	-0.01		-0.01	-0.01
14.21	0	0		-0.01	0
14.22	0.01	0		-0.01	0
14.23	0.01	0		0	0
14.24	0.01	0		0	0
14.25	0.01	0		0	0
14.26	0.01	0		0	0
14.27	0	0		0	0
14.28	0	0		0	0
14.29	0	0		0	0
14.30	0	0		0	0
14.31	-0.01	0		0	0
14.32	-0.01	0		0	0
14.33	-0.01	0		0	0
14.34	-0.01	0		0	0
14.35	-0.01	0		0	0
14.36	0	0		0	0
14.37	0	0		0	0
14.38	0	0		0	0
14.39	0	0		0	0
14.40	0	0.01		0	0.01
14.41	0	0.01		0	0.01
14.42	0	0.01		0	0.01
14.43	0	0		0	0
14.44	0	0		0	0
14.45	0	0		0	0
14.46	0	0		0	0
14.47	0	0		0	0
14.48	0	0		0	0
14.49	0	0		0	0
14.50	0	0		0	0
14.51	0	0.01		0	0.01
14.52	0	0.01		0	0.01
14.53	0	0.02		0.01	0.02
14.54	0.01	0.02		0.01	0.02
14.55	0.01	0.02		0.01	0.02
14.56	0.01	0.02		0.01	0.02
14.57	0.01	0.02		0.01	0.02
14.58	0.01	0.02		0.01	0.02
14.59	0.01	0.01		0.01	0.01
14.60	0.01	0.01		0.01	0.01
14.61	0.01	0.01		0.01	0.01
14.62	0.01	0		0.01	0
14.63	0.01	0		0.01	0
14.64	0.01	0		0.01	0
14.65	0.01	0		0	0
14.66	0.01	0		0	0
14.67	0.01	0		0	0
14.68	0.01	0		-0.01	0
14.69	0.01	0		-0.01	0
14.70	0.01	0		-0.01	0
14.71	0.01	0		-0.02	0
14.72	0	-0.01		-0.02	-0.01
14.73	0	-0.01		-0.02	-0.01
14.74	0	-0.01		-0.02	-0.01
14.75	0	-0.01		-0.02	-0.01
14.76	0	-0.01		-0.02	-0.01
14.77	0	-0.01		-0.01	-0.01
14.78	0	-0.01		-0.01	-0.01
14.79	0	-0.01		-0.01	-0.01
14.80	0	-0.01		-0.01	-0.01
14.81	0	-0.01		0	-0.01
14.82	0	-0.01		0	-0.01
14.83	0	-0.01		0	-0.01
14.84	0	-0.01		0	-0.01
14.85	0	-0.02		0	-0.02
14.86	0	-0.02		-0.01	-0.02
14.87	0	-0.02		-0.01	-0.02
14.88	0	-0.02		-0.01	-0.02
14.89	0	-0.02		-0.02	-0.02
14.90	-0.01	-0.02		-0.02	-0.02
14.91	-0.01	-0.02		-0.03	-0.02
14.92	-0.01	-0.02		-0.03	-0.02
14.93	-0.01	-0.01		-0.03	-0.01
14.94	-0.01	-0.01		-0.03	-0.01
14.95	-0.01	-0.01		-0.02	-0.01
14.96	-0.02	0		-0.02	0
14.97	-0.02	0		-0.01	0
14.98	-0.02	0		-0.01	0
14.99	-0.02	0		0	0
15.00	-0.02	0		0	0
15.01	-0.02	0		0.01	0
15.02	-0.02	0		0.01	0
15.03	-0.01	0		0.01	0
15.04	-0.01	0		0.01	0
15.05	-0.01	0		0.01	0
15.06	0	0		0.01	0
15.07	0	0		0.01	0
15.08	0	0		0.01	0
15.09	0	0		0.01	0
15.10	0	0		0.01	0
15.11	0	0		0	0
15.12	0	0		0	0
15.13	0	0		0	0
15.14	0	0		-0.01	0
15.15	0	0.01		-0.01	0.01
15.16	0	0.01		-0.01	0.01
15.17	0	0.01		-0.01	0.01
15.18	0	0.01		-0.01	0.01
15.19	0	0.02		-0.01	0.02
15.20	0	0.02		-0.01	0.02
15.21	0	0.02		-0.01	0.02
15.22	0	0.02		-0.01	0.02
15.23	0	0.02		-0.01	0.02
15.24	0	0.01		0	0.01
15.25	0	0.01		0	0.01
15.26	0	0.01		0	0.01
15.27	0	0.01		0.01	0.01
15.28	0	0.01		0.01	0.01
15.29	0	0		0.02	0
15.30	0	0		0.02	0
15.31	0	0		0.02	0
15.32	0	0		0.03	0
15.33	0	-0.01		0.03	-0.01
15.34	0	-0.01		0.03	-0.01
15.35	0	-0.01		0.02	-0.01
15.36	0	-0.01		0.02	-0.01
15.37	0	-0.01		0.01	-0.01
15.38	-0.01	-0.01		0.01	-0.01
15.39	-0.01	0		0.01	0
15.40	-0.01	0		0	0
15.41	-0.01	0		0	0
15.42	-0.01	0		0	0
15.43	-0.01	0		0.01	0
15.44	-0.01	0		0.01	0
15.45	-0.01	0		0.01	0
15.46	0	0		0.01	0
15.47	0	0		0.02	0
15.48	0	0		0.02	0
15.49	0	0		0.02	0
15.50	0	0		0.02	0
15.51	0	0		0.01	0
15.52	0	0		0.01	0
15.53	0	0		0.01	0
15.54	0	0		0.01	0
15.55	0.01	0		0	0
15.56	0.01	0		0	0
15.57	0.01	0		0	0
15.58	0.02	0.01		0	0.01
15.59	0.02	0.01		0.01	0.01
15.60	0.02	0.01		0.01	0.01
15.61	0.02	0.01		0.01	0.01
15.62	0.02	0.01		0.01	0.01
15.63	0.02	0.01		0.02	0.01
15.64	0.02	0.01		0.02	0.01
15.65	0.02	0.01		0.02	0.01
15.66	0.02	0.01		0.02	0.01
15.67	0.02	0.01		0.01	0.01
15.68	0.01	0.01		0.01	0.01
15.69	0.01	0.01		0.01	0.01
15.70	0.01	0.01		0.01	0.01
15.71	0.01	0.01		0.01	0.01
15.72	0.01	0.02		0.01	0.02
15.73	0.01	0.02		0.01	0.02
15.74	0.01	0.02		0.01	0.02
15.75	0.01	0.02		0.01	0.02
15.76	0.01	0.02		0.01	0.02
15.77	0.01	0.02		0.01	0.02
15.78	0.01	0.02		0.01	0.02
15.79	0.01	0.02		0.01	0.02
15.80	0.01	0.02		0.01	0.02
15.81	0.01	0.01		0.01	0.01
15.82	0.01	0.01		0.01	0.01
15.83	0.01	0.01		0.01	0.01
15.84	0.01	0.01		0.01	0.01
15.85	0.01	0.01		0	0.01
15.86	0.01	0		0	0
15.87	0.01	0		-0.01	0
15.88	0.01	0		-0.01	0
15.89	0.01	0		-0.01	0
15.90	0.01	0		-0.01	0
15.91	0.02	0		-0.01	0
15.92	0.02	0		-0.01	0
15.93	0.01	0		-0.01	0
15.94	0.01	0		-0.01	0
15.95	0.01	0		-0.01	0
15.96	0.01	0		-0.01	0
15.97	0.01	0		-0.01	0
15.98	0.01	0		-0.01	0
15.99	0.01	0		-0.01	0
16.00	0.01	0		-0.01	0
16.01	0	0		-0.01	0
16.02	0	0		-0.01	0
16.03	0	0		-0.01	0
16.04	0	0		-0.01	0
16.05	0	0		-0.01	0
16.06	0	0		0	0
16.07	0	0		0	0
16.08	0	0		0	0
16.09	0	0		-0.01	0
16.10	0	0		-0.01	0
16.11	0	0		-0.01	0
16.12	0	0		-0.01	0
16.13	0	0		-0.01	0
16.14	0	0		-0.01	0
16.15	0	0		-0.01	0
16.16	0	0		-0.01	0
16.17	0	0		-0.01	0
16.18	0	0		-0.01	0
16.19	0.01	0		0	0
16.20	0.01	0.01		0	0.01
16.21	0.01	0.01		0	0.01
16.22	0.01	0.01		0	0.01
16.23	0.01	0.01		0	0.01
16.24	0.01	0.01		0	0.01
16.25	0.01	0.01		0	0.01
16.26	0.01	0.01		0	0.01
16.27	0.01	0.01		0	0.01
16.28	0.01	0.01		0	0.01
16.29	0.01	0.01		0	0.01
16.30	0	0.01		0	0.01
16.31	0	0.01		0	0.01
16.32	0	0.01		-0.01	0.01
16.33	0	0.01		-0.01	0.01
16.34	0	0.01		-0.01	0.01
16.35	0	0.01		-0.01	0.01
16.36	0.01	0.01		-0.01	0.01
16.37	0.01	0.01		-0.01	0.01
16.38	0.02	0.01		-0.01	0.01
16.39	0.02	0.01		-0.01	0.01
16.40	0.02	0.01		-0.01	0.01
16.41	0.03	0.01		-0.01	0.01
16.42	0.03	0.01		-0.01	0.01
16.43	0.03	0.01		-0.01	0.01
16.44	0.04	0.01		-0.01	0.01
16.45	0.04	0.01		-0.01	0.01
16.46	0.04	0.01		-0.01	0.01
16.47	0.04	0.01		-0.01	0.01
16.48	0.04	0.01		-0.01	0.01
16.49	0.03	0.01		-0.01	0.01
16.50	0.03	0.01		-0.01	0.01
16.51	0.03	0.01		-0.01	0.01
16.52	0.02	0.01		-0.01	0.01
16.53	0.02	0.01		0	0.01
16.54	0.02	0.01		0	0.01
16.55	0.01	0.01		0	0.01
16.56	0.01	0.01		0	0.01
16.57	0.01	0.01		0.01	0.01
16.58	0.01	0.01		0.01	0.01
16.59	0.01	0.01		0.01	0.01
16.60	0.01	0.01		0.02	0.01
16.61	0.02	0.01		0.02	0.01
16.62	0.02	0.01		0.02	0.01
16.63	0.02	0.01		0.02	0.01
16.64	0.02	0.01		0.01	0.01
16.65	0.02	0.01		0.01	0.01
16.66	0.03	0.01		0.01	0.01
16.67	0.03	0.01		0	0.01
16.68	0.03	0.01		0	0.01
16.69	0.03	0.01		0	0.01
16.70	0.03	0.01		-0.01	0.01
16.71	0.02	0.01		-0.01	0.01
16.72	0.02	0.01		-0.01	0.01
16.73	0.02	0.01		-0.01	0.01
16.74	0.02	0.01		-0.01	0.01
16.75	0.02	0.01		-0.01	0.01
16.76	0.02	0.01		-0.01	0.01
16.77	0.01	0.01		-0.01	0.01
16.78	0.01	0.01		0	0.01
16.79	0.01	0.01		0	0.01
16.80	0.01	0		0	0
16.81	0.01	0		0	0
16.82	0.01	0		0	0
16.83	0.01	0		0	0
16.84	0.01	0		0	0
16.85	0.01	0		0	0
16.86	0.01	-0.01		-0.01	-0.01
16.87	0	-0.01		-0.01	-0.01
16.88	0	-0.01		-0.01	-0.01
16.89	0	-0.01		-0.01	-0.01
16.90	0	-0.01		-0.01	-0.01
16.91	0	0		-0.01	0
16.92	0	0		-0.01	0
16.93	0	0		0	0
16.94	0	0		0	0
16.95	0	0		0	0
16.96	0	0		0	0
16.97	0	0		0	0
16.98	0	0		0	0
16.99	0	0		0	0
17.00	0	0		0	0
17.01	0	0		0	0
17.02	0	0		0.01	0
17.03	0	0		0.01	0
17.04	0	0		0.01	0
17.05	0	0		0.01	0
17.06	0	0		0.01	0
17.07	0	0		0.01	0
17.08	0	0		0.01	0
17.09	0	0		0	0
17.10	0	0		0	0
17.11	0	0		0	0
17.12	0	0		0	0
17.13	0	0		0	0
17.14	0	0		0	0
17.15	0	0		0.01	0
17.16	0	0		0.01	0
17.17	0	0		0.01	0
17.18	0	0		0.01	0
17.19	0	0		0.01	0
17.20	0	0		0.01	0
17.21	0	0		0.01	0
17.22	0	0		0.01	0
17.23	0	0		0.01	0
17.24	0	0		0.01	0
17.25	0	0		0.01	0
17.26	0	0		0.01	0
17.27	0	0		0	0
17.28	0	0		0	0
17.29	0	0		0	0
17.30	0.01	0		0	0
17.31	0.01	0.01		0	0.01
17.32	0.01	0.01		0	0.01
17.33	0.02	0.01		0.01	0.01
17.34	0.02	0.01		0.01	0.01
17.35	0.03	0.01		0.01	0.01
17.36	0.03	0.01		0.01	0.01
17.37	0.03	0.01		0.01	0.01
17.38	0.03	0.01		0.01	0.01
17.39	0.03	0.01		0.01	0.01
17.40	0.03	0.01		0.01	0.01
17.41	0.03	0.01		0.02	0.01
17.42	0.03	0.01		0.02	0.01
17.43	0.03	0.01		0.02	0.01
17.44	0.02	0.01		0.02	0.01
17.45	0.02	0.01		0.02	0.01
17.46	0.02	0.01		0.02	0.01
17.47	0.02	0.01		0.01	0.01
17.48	0.02	0.01		0.01	0.01
17.49	0.02	0.01		0.01	0.01
17.50	0.01	0.01		0.01	0.01
17.51	0.01	0.01		0.01	0.01
17.52	0.01	0.01		0.01	0.01
17.53	0.01	0		0.01	0
17.54	0.01	0		0.01	0
17.55	0.01	0		0	0
17.56	0.01	0		0	0
17.57	0.01	0		0	0
17.58	0.01	0		0	0
17.59	0.01	0		0	0
17.60	0.01	0		0	0
17.61	0.01	-0.01		0	-0.01
17.62	0.01	-0.01		0	-0.01
17.63	0.02	-0.01		0	-0.01
17.64	0.02	-0.01		-0.01	-0.01
17.65	0.02	-0.01		-0.01	-0.01
17.66	0.02	-0.01		-0.01	-0.01
17.67	0.02	-0.01		0	-0.01
17.68	0.02	-0.01		0	-0.01
17.69	0.02	-0.01		0	-0.01
17.70	0.02	-0.01		0	-0.01
17.71	0.02	-0.01		0	-0.01
17.72	0.02	-0.01		0	-0.01
17.73	0.02	-0.01		0.01	-0.01
17.74	0.02	-0.01		0.01	-0.01
17.75	0.02	-0.01		0.01	-0.01
17.76	0.02	-0.01		0.01	-0.01
17.77	0.02	-0.01		0.01	-0.01
17.78	0.02	-0.01		0.01	-0.01
17.79	0.02	-0.01		0.01	-0.01
17.80	0.02	-0.01		0.01	-0.01
17.81	0.02	-0.01		0.01	-0.01
17.82	0.02	-0.01		0.01	-0.01
17.83	0.02	-0.01		0.01	-0.01
17.84	0.01	-0.01		0.01	-0.01
17.85	0.01	-0.01		0.01	-0.01
17.86	0.01	-0.01		0.01	-0.01
17.87	0.01	-0.01		0	-0.01
17.88	0.01	-0.01		0	-0.01
17.89	0.01	-0.01		0	-0.01
17.90	0.01	-0.01		0	-0.01
17.91	0.01	-0.01		0	-0.01
17.92	0.01	-0.01		0	-0.01
17.93	0.01	-0.01		0	-0.01
17.94	0.01	-0.01		0	-0.01
17.95	0.01	-0.01		0	-0.01
17.96	0.02	-0.01		0	-0.01
17.97	0.02	-0.01		0	-0.01
17.98	0.02	-0.01		0	-0.01
17.99	0.02	-0.01		0	-0.01
18.00	0.02	-0.01		0	-0.01
18.01	0.02	-0.01		0	-0.01
18.02	0.02	0		0	0
18.03	0.02	0		0	0
18.04	0.02	0		0	0
18.05	0.02	0		0	0
18.06	0.02	0		0	0
18.07	0.02	0		0	0
18.08	0.02	0		0	0
18.09	0.02	0.01		0.01	0.01
18.10	0.02	0.01		0.01	0.01
18.11	0.02	0.01		0.01	0.01
18.12	0.02	0.01		0.01	0.01
18.13	0.02	0.01		0.01	0.01
18.14	0.02	0.01		0.01	0.01
18.15	0.02	0.01		0.01	0.01
18.16	0.02	0.01		0.01	0.01
18.17	0.02	0.01		0.01	0.01
18.18	0.02	0.01		0.01	0.01
18.19	0.02	0		0.01	0
18.20	0.01	0		0.01	0
18.21	0.01	0		0	0
18.22	0.01	0		0	0
18.23	0.01	0		0	0
18.24	0.01	0		0	0
18.25	0.01	0		0	0
18.26	0.01	0		0	0
18.27	0.01	-0.01		0	-0.01
18.28	0.01	-0.01		0	-0.01
18.29	0.01	-0.01		0	-0.01
18.30	0.02	-0.01		0	-0.01
18.31	0.02	-0.01		0	-0.01
18.32	0.02	-0.01		0.01	-0.01
18.33	0.02	-0.01		0.01	-0.01
18.34	0.01	0		0.01	0
18.35	0.01	0		0.02	0
18.36	0.01	0		0.02	0
18.37	0.01	0		0.03	0
18.38	0.01	0		0.03	0
18.39	0.01	0		0.03	0
18.40	0.01	0		0.03	0
18.41	0.02	0		0.03	0
18.42	0.02	0		0.03	0
18.43	0.02	0		0.03	0
18.44	0.03	-0.01		0.03	-0.01
18.45	0.03	-0.01		0.03	-0.01
18.46	0.04	-0.02		0.02	-0.02
18.47	0.05	-0.02		0.01	-0.02
18.48	0.06	-0.03		0	-0.03
18.49	0.06	-0.03		-0.01	-0.03
18.50	0.07	-0.04		-0.01	-0.04
18.51	0.08	-0.04		-0.02	-0.04
18.52	0.08	-0.05		-0.03	-0.05
18.53	0.08	-0.05		-0.03	-0.05
18.54	0.08	-0.05		-0.03	-0.05
18.55	0.08	-0.05		-0.04	-0.05
18.56	0.07	-0.05		-0.04	-0.05
18.57	0.07	-0.04		-0.04	-0.04
18.58	0.06	-0.04		-0.03	-0.04
18.59	0.05	-0.04		-0.03	-0.04
18.60	0.05	-0.03		-0.03	-0.03
18.61	0.04	-0.03		-0.03	-0.03
18.62	0.03	-0.02		-0.02	-0.02
18.63	0.03	-0.02		-0.02	-0.02
18.64	0.02	-0.01		-0.02	-0.01
18.65	0.01	-0.01		-0.01	-0.01
18.66	0.01	-0.01		-0.01	-0.01
18.67	0.01	0		-0.01	0
18.68	0	0		-0.01	0
18.69	0	0		0	0
18.70	0	0.01		0	0.01
18.71	0	0.01		0	0.01
18.72	0	0.01		0	0.01
18.73	0	0.01		0	0.01
18.74	0	0.01		0.01	0.01
18.75	0	0.01		0.01	0.01
18.76	0	0.01		0.01	0.01
18.77	0	0.01		0.01	0.01
18.78	0	0.01		0.02	0.01
18.79	0	0.01		0.02	0.01
18.80	0	0.01		0.02	0.01
18.81	0	0.01		0.02	0.01
18.82	0.01	0.01		0.01	0.01
18.83	0.01	0.01		0.01	0.01
18.84	0.01	0.01		0.01	0.01
18.85	0.01	0.01		0	0.01
18.86	0.01	0		0	0
18.87	0.01	0		0	0
18.88	0.02	0		0	0
18.89	0.02	0.01		0	0.01
18.90	0.02	0.01		0	0.01
18.91	0.02	0.01		0	0.01
18.92	0.02	0.01		0	0.01
18.93	0.02	0.01		0	0.01
18.94	0.02	0.01		0	0.01
18.95	0.02	0.01		0	0.01
18.96	0.02	0.01		0	0.01
18.97	0.02	0.01		0	0.01
18.98	0.01	0.01		0	0.01
18.99	0.01	0.01		0.01	0.01
19.00	0.01	0.01		0.01	0.01
19.01	0.01	0.01		0.01	0.01
19.02	0.01	0.01		0.01	0.01
19.03	0.01	0.01		0.01	0.01
19.04	0	0.01		0.01	0.01
19.05	0	0.01		0.01	0.01
19.06	0	0.01		0.01	0.01
19.07	0	0.01		0.01	0.01
19.08	0	0.01		0.01	0.01
19.09	0	0.01		0.01	0.01
19.10	0	0.01		0.01	0.01
19.11	0	0.01		0.01	0.01
19.12	0	0.01		0	0.01
19.13	0	0.01		0	0.01
19.14	0	0.01		0	0.01
19.15	0	0.01		0	0.01
19.16	0	0.01		0	0.01
19.17	0	0		0	0
19.18	-0.01	0		0	0
19.19	-0.01	0		0	0
19.20	-0.01	0		0	0
19.21	-0.01	0		0	0
19.22	-0.01	0		0	0
19.23	-0.01	0		0	0
19.24	0	-0.01		0	-0.01
19.25	0	-0.01		0	-0.01
19.26	0	-0.01		0	-0.01
19.27	0	-0.01		0	-0.01
19.28	0.01	-0.01		0	-0.01
19.29	0.01	-0.01		0	-0.01
19.30	0.01	-0.01		0	-0.01
19.31	0.01	-0.01		0	-0.01
19.32	0.02	-0.01		0.01	-0.01
19.33	0.02	-0.01		0.01	-0.01
19.34	0.02	-0.01		0.01	-0.01
19.35	0.02	-0.01		0.01	-0.01
19.36	0.03	-0.01		0.01	-0.01
19.37	0.03	-0.01		0.02	-0.01
19.38	0.03	-0.01		0.02	-0.01
19.39	0.03	-0.01		0.02	-0.01
19.40	0.03	-0.01		0.02	-0.01
19.41	0.02	-0.01		0.03	-0.01
19.42	0.02	-0.01		0.03	-0.01
19.43	0.02	-0.01		0.03	-0.01
19.44	0.02	-0.01		0.03	-0.01
19.45	0.01	-0.02		0.03	-0.02
19.46	0.01	-0.02		0.03	-0.02
19.47	0.01	-0.02		0.02	-0.02
19.48	0.01	-0.02		0.02	-0.02
19.49	0	-0.02		0.01	-0.02
19.50	0	-0.02		0.01	-0.02
19.51	0	-0.02		0	-0.02
19.52	0	-0.02		0	-0.02
19.53	0	-0.02		-0.01	-0.02
19.54	-0.01	-0.02		-0.01	-0.02
19.55	-0.01	-0.02		-0.01	-0.02
19.56	-0.01	-0.01		-0.02	-0.01
19.57	-0.01	-0.01		-0.02	-0.01
19.58	-0.01	-0.01		-0.02	-0.01
19.59	0	-0.01		-0.02	-0.01
19.60	0	-0.01		-0.02	-0.01
19.61	0	-0.01		-0.02	-0.01
19.62	0	-0.01		-0.02	-0.01
19.63	0	-0.01		-0.02	-0.01
19.64	0.01	-0.01		-0.01	-0.01
19.65	0.01	-0.01		-0.01	-0.01
19.66	0.01	-0.01		0	-0.01
19.67	0.02	-0.01		0	-0.01
19.68	0.02	-0.01		0	-0.01
19.69	0.02	-0.01		0.01	-0.01
19.70	0.03	-0.01		0.01	-0.01
19.71	0.03	-0.01		0.02	-0.01
19.72	0.03	-0.01		0.02	-0.01
19.73	0.03	-0.01		0.02	-0.01
19.74	0.03	-0.01		0.02	-0.01
19.75	0.04	-0.01		0.03	-0.01
19.76	0.04	-0.01		0.03	-0.01
19.77	0.04	0		0.03	0
19.78	0.03	0		0.03	0
19.79	0.03	0.01		0.03	0.01
19.80	0.03	0.01		0.02	0.01
19.81	0.03	0.02		0.02	0.02
19.82	0.03	0.02		0.02	0.02
19.83	0.02	0.03		0.02	0.03
19.84	0.02	0.03		0.02	0.03
19.85	0.02	0.04		0.01	0.04
19.86	0.01	0.04		0.01	0.04
19.87	0.01	0.04		0.01	0.04
19.88	0.01	0.04		0.01	0.04
19.89	0.01	0.04		0.01	0.04
19.90	0	0.05		0	0.05
19.91	0	0.05		0	0.05
19.92	0	0.05		0	0.05
19.93	0	0.04		0	0.04
19.94	0	0.04		0	0.04
19.95	0.01	0.04		-0.01	0.04
19.96	0.01	0.04		-0.01	0.04
19.97	0.01	0.04		-0.01	0.04
19.98	0.01	0.03		-0.01	0.03
19.99	0.02	0.03		-0.01	0.03
20.00	0.02	0.03		-0.02	0.03
20.01	0.02	0.03		-0.02	0.03
20.02	0.03	0.03		-0.03	0.03
20.03	0.03	0.03		-0.03	0.03
20.04	0.03	0.03		-0.04	0.03
20.05	0.04	0.03		-0.04	0.03
20.06	0.04	0.03		-0.05	0.03
20.07	0.04	0.03		-0.05	0.03
20.08	0.04	0.03		-0.05	0.03
20.09	0.04	0.03		-0.05	0.03
20.10	0.04	0.03		-0.05	0.03
20.11	0.04	0.03		-0.05	0.03
20.12	0.04	0.03		-0.05	0.03
20.13	0.03	0.02		-0.04	0.02
20.14	0.03	0.02		-0.04	0.02
20.15	0.03	0.02		-0.03	0.02
20.16	0.03	0.02		-0.03	0.02
20.17	0.02	0.02		-0.02	0.02
20.18	0.02	0.03		-0.02	0.03
20.19	0.02	0.03		-0.02	0.03
20.20	0.02	0.03		-0.01	0.03
20.21	0.02	0.03		-0.01	0.03
20.22	0.02	0.04		-0.01	0.04
20.23	0.02	0.04		0	0.04
20.24	0.02	0.04		0	0.04
20.25	0.02	0.04		0	0.04
20.26	0.03	0.04		0	0.04
20.27	0.03	0.04		0	0.04
20.28	0.03	0.04		0	0.04
20.29	0.03	0.04		0.01	0.04
20.30	0.03	0.03		0.01	0.03
20.31	0.03	0.03		0.01	0.03
20.32	0.03	0.03		0.01	0.03
20.33	0.03	0.02		0.01	0.02
20.34	0.03	0.02		0.01	0.02
20.35	0.03	0.01		0.01	0.01
20.36	0.02	0.01		0.01	0.01
20.37	0.02	0		0.01	0
20.38	0.02	0		0.02	0
20.39	0.01	-0.01		0.02	-0.01
20.40	0.01	-0.01		0.02	-0.01
20.41	0.01	-0.01		0.02	-0.01
20.42	0	-0.02		0.02	-0.02
20.43	0	-0.02		0.01	-0.02
20.44	0	-0.02		0.01	-0.02
20.45	0	-0.02		0.01	-0.02
20.46	-0.01	-0.02		0	-0.02
20.47	-0.01	-0.02		0	-0.02
20.48	-0.01	-0.02		0	-0.02
20.49	-0.01	-0.01		-0.01	-0.01
20.50	-0.01	-0.01		-0.01	-0.01
20.51	-0.01	-0.01		-0.01	-0.01
20.52	-0.01	-0.01		-0.02	-0.01
20.53	0	-0.01		-0.02	-0.01
20.54	0	-0.01		-0.02	-0.01
20.55	0	-0.01		-0.02	-0.01
20.56	0	-0.01		-0.02	-0.01
20.57	0.01	-0.01		-0.03	-0.01
20.58	0.01	-0.01		-0.03	-0.01
20.59	0.01	-0.01		-0.03	-0.01
20.60	0.01	-0.01		-0.03	-0.01
20.61	0.01	-0.01		-0.03	-0.01
20.62	0.01	0		-0.03	0
20.63	0.02	0		-0.03	0
20.64	0.02	0		-0.03	0
20.65	0.02	0		-0.03	0
20.66	0.02	0		-0.03	0
20.67	0.02	0		-0.03	0
20.68	0.02	0		-0.03	0
20.69	0.02	0		-0.03	0
20.70	0.02	0		-0.03	0
20.71	0.02	0		-0.02	0
20.72	0.02	0		-0.02	0
20.73	0.02	0		-0.02	0
20.74	0.02	0		-0.02	0
20.75	0.02	0		-0.02	0
20.76	0.02	0		-0.02	0
20.77	0.02	0		-0.01	0
20.78	0.01	0		-0.01	0
20.79	0.01	0		-0.01	0
20.80	0.01	0		-0.01	0
20.81	0.01	0		0	0
20.82	0	0		0	0
20.83	0	0		0	0
20.84	0	0		0	0
20.85	0	0		0	0
20.86	0	0		0	0
20.87	-0.01	-0.01		0	-0.01
20.88	-0.01	-0.01		0	-0.01
20.89	-0.01	-0.01		0	-0.01
20.90	-0.01	-0.01		0	-0.01
20.91	-0.01	-0.01		0	-0.01
20.92	-0.01	-0.01		0	-0.01
20.93	-0.01	-0.01		0	-0.01
20.94	-0.01	-0.02		0	-0.02
20.95	-0.01	-0.02		0	-0.02
20.96	-0.01	-0.02		0	-0.02
20.97	-0.01	-0.02		-0.01	-0.02
20.98	0	-0.02		-0.01	-0.02
20.99	0	-0.02		-0.01	-0.02
21.00	0	-0.02		-0.01	-0.02
21.01	0	-0.02		-0.01	-0.02
21.02	0	-0.02		-0.01	-0.02
21.03	0	-0.02		-0.01	-0.02
21.04	-0.01	-0.02		0	-0.02
21.05	-0.01	-0.02		0	-0.02
21.06	-0.01	-0.02		0	-0.02
21.07	-0.01	-0.02		0	-0.02
21.08	-0.02	-0.02		0	-0.02
21.09	-0.02	-0.02		0.01	-0.02
21.10	-0.02	-0.02		0.01	-0.02
21.11	-0.03	-0.02		0.01	-0.02
21.12	-0.03	-0.02		0.01	-0.02
21.13	-0.04	-0.02		0.02	-0.02
21.14	-0.04	-0.02		0.02	-0.02
21.15	-0.04	-0.02		0.02	-0.02
21.16	-0.04	-0.02		0.02	-0.02
21.17	-0.05	-0.01		0.03	-0.01
21.18	-0.05	-0.01		0.03	-0.01
21.19	-0.05	-0.01		0.03	-0.01
21.20	-0.05	-0.01		0.03	-0.01
21.21	-0.04	-0.01		0.03	-0.01
21.22	-0.04	-0.02		0.03	-0.02
21.23	-0.04	-0.02		0.02	-0.02
21.24	-0.03	-0.02		0.02	-0.02
21.25	-0.03	-0.02		0.02	-0.02
21.26	-0.03	-0.02		0.02	-0.02
21.27	-0.02	-0.02		0.01	-0.02
21.28	-0.02	-0.02		0.01	-0.02
21.29	-0.01	-0.02		0.01	-0.02
21.30	-0.01	-0.02		0	-0.02
21.31	0	-0.03		0	-0.03
21.32	0	-0.03		0	-0.03
21.33	0.01	-0.03		-0.01	-0.03
21.34	0.01	-0.03		-0.01	-0.03
21.35	0.02	-0.03		-0.02	-0.03
21.36	0.02	-0.03		-0.02	-0.03
21.37	0.03	-0.03		-0.02	-0.03
21.38	0.03	-0.03		-0.02	-0.03
21.39	0.03	-0.03		-0.03	-0.03
21.40	0.03	-0.03		-0.03	-0.03
21.41	0.03	-0.03		-0.03	-0.03
21.42	0.03	-0.03		-0.03	-0.03
21.43	0.03	-0.03		-0.03	-0.03
21.44	0.03	-0.03		-0.03	-0.03
21.45	0.03	-0.03		-0.03	-0.03
21.46	0.03	-0.03		-0.03	-0.03
21.47	0.02	-0.03		-0.03	-0.03
21.48	0.02	-0.02		-0.03	-0.02
21.49	0.02	-0.02		-0.03	-0.02
21.50	0.02	-0.02		-0.03	-0.02
21.51	0.02	-0.02		-0.03	-0.02
21.52	0.02	-0.02		-0.03	-0.02
21.53	0.02	-0.02		-0.03	-0.02
21.54	0.02	-0.02		-0.03	-0.02
21.55	0.01	-0.01		-0.03	-0.01
21.56	0.02	-0.01		-0.04	-0.01
21.57	0.02	-0.01		-0.04	-0.01
21.58	0.02	-0.01		-0.04	-0.01
21.59	0.02	-0.02		-0.05	-0.02
21.60	0.02	-0.02		-0.05	-0.02
21.61	0.03	-0.02		-0.05	-0.02
21.62	0.03	-0.02		-0.05	-0.02
21.63	0.03	-0.02		-0.06	-0.02
21.64	0.04	-0.02		-0.06	-0.02
21.65	0.04	-0.02		-0.06	-0.02
21.66	0.04	-0.02		-0.06	-0.02
21.67	0.04	-0.02		-0.06	-0.02
21.68	0.05	-0.02		-0.05	-0.02
21.69	0.05	-0.02		-0.05	-0.02
21.70	0.05	-0.02		-0.05	-0.02
21.71	0.05	-0.02		-0.05	-0.02
21.72	0.05	-0.02		-0.04	-0.02
21.73	0.05	-0.02		-0.04	-0.02
21.74	0.06	-0.02		-0.04	-0.02
21.75	0.06	-0.02		-0.03	-0.02
21.76	0.06	-0.01		-0.03	-0.01
21.77	0.06	-0.01		-0.02	-0.01
21.78	0.06	-0.01		-0.02	-0.01
21.79	0.05	-0.01		-0.01	-0.01
21.80	0.05	0		-0.01	0
21.81	0.05	0		0	0
21.82	0.05	0		0	0
21.83	0.05	0		0	0
21.84	0.05	0		0	0
21.85	0.05	0		0	0
21.86	0.04	0		0	0
21.87	0.04	0		-0.01	0
21.88	0.04	0		-0.01	0
21.89	0.03	0		-0.01	0
21.90	0.03	0		-0.02	0
21.91	0.03	0		-0.02	0
21.92	0.03	0		-0.03	0
21.93	0.02	0		-0.03	0
21.94	0.02	0		-0.03	0
21.95	0.02	0		-0.03	0
21.96	0.02	0		-0.04	0
21.97	0.02	0		-0.04	0
21.98	0.02	0		-0.04	0
21.99	0.02	0		-0.04	0
22.00	0.02	0		-0.04	0
22.01	0.02	0		-0.04	0
22.02	0.02	0		-0.04	0
22.03	0.02	0		-0.04	0
22.04	0.01	-0.01		-0.04	-0.01
22.05	0.01	-0.01		-0.03	-0.01
22.06	0.01	-0.01		-0.03	-0.01
22.07	0.01	-0.01		-0.02	-0.01
22.08	0	-0.02		-0.02	-0.02
22.09	0	-0.02		-0.01	-0.02
22.10	0	-0.02		-0.01	-0.02
22.11	0	-0.02		0	-0.02
22.12	-0.01	-0.02		0	-0.02
22.13	-0.01	-0.03		0.01	-0.03
22.14	-0.01	-0.03		0.02	-0.03
22.15	-0.01	-0.03		0.02	-0.03
22.16	-0.01	-0.03		0.03	-0.03
22.17	-0.01	-0.03		0.03	-0.03
22.18	-0.01	-0.02		0.04	-0.02
22.19	-0.01	-0.02		0.04	-0.02
22.20	-0.01	-0.02		0.04	-0.02
22.21	0	-0.02		0.05	-0.02
22.22	0	-0.02		0.05	-0.02
22.23	0	-0.01		0.05	-0.01
22.24	0.01	-0.01		0.05	-0.01
22.25	0.01	0		0.05	0
22.26	0.02	0		0.05	0
22.27	0.03	0.01		0.05	0.01
22.28	0.03	0.01		0.04	0.01
22.29	0.04	0.02		0.04	0.02
22.30	0.05	0.02		0.04	0.02
22.31	0.05	0.03		0.03	0.03
22.32	0.06	0.03		0.03	0.03
22.33	0.06	0.03		0.02	0.03
22.34	0.06	0.04		0.02	0.04
22.35	0.06	0.04		0.01	0.04
22.36	0.06	0.05		0.01	0.05
22.37	0.06	0.05		0	0.05
22.38	0.06	0.05		0	0.05
22.39	0.06	0.05		-0.01	0.05
22.40	0.05	0.06		-0.01	0.06
22.41	0.05	0.06		-0.02	0.06
22.42	0.04	0.06		-0.02	0.06
22.43	0.04	0.06		-0.03	0.06
22.44	0.03	0.06		-0.03	0.06
22.45	0.02	0.06		-0.03	0.06
22.46	0.02	0.06		-0.03	0.06
22.47	0.01	0.06		-0.02	0.06
22.48	0	0.06		-0.02	0.06
22.49	-0.01	0.06		-0.02	0.06
22.50	-0.02	0.06		-0.02	0.06
22.51	-0.02	0.06		-0.02	0.06
22.52	-0.03	0.05		-0.02	0.05
22.53	-0.03	0.05		-0.01	0.05
22.54	-0.03	0.05		-0.01	0.05
22.55	-0.03	0.05		-0.01	0.05
22.56	-0.03	0.04		-0.01	0.04
22.57	-0.03	0.04		-0.01	0.04
22.58	-0.03	0.04		-0.01	0.04
22.59	-0.03	0.03		0	0.03
22.60	-0.03	0.03		0	0.03
22.61	-0.02	0.03		0	0.03
22.62	-0.02	0.02		0	0.02
22.63	-0.01	0.02		0	0.02
22.64	0	0.01		-0.01	0.01
22.65	0.02	0.01		-0.01	0.01
22.66	0.03	0		-0.01	0
22.67	0.04	0		-0.02	0
22.68	0.05	-0.01		-0.02	-0.01
22.69	0.06	-0.01		-0.02	-0.01
22.70	0.08	-0.01		-0.03	-0.01
22.71	0.09	-0.02		-0.03	-0.02
22.72	0.1	-0.02		-0.03	-0.02
22.73	0.1	-0.02		-0.03	-0.02
22.74	0.11	-0.03		-0.03	-0.03
22.75	0.11	-0.03		-0.03	-0.03
22.76	0.11	-0.03		-0.02	-0.03
22.77	0.11	-0.03		-0.02	-0.03
22.78	0.1	-0.03		-0.02	-0.03
22.79	0.1	-0.03		-0.01	-0.03
22.80	0.1	-0.03		-0.01	-0.03
22.81	0.09	-0.03		-0.01	-0.03
22.82	0.08	-0.03		0	-0.03
22.83	0.08	-0.03		0	-0.03
22.84	0.07	-0.03		0.01	-0.03
22.85	0.06	-0.03		0.01	-0.03
22.86	0.05	-0.02		0.02	-0.02
22.87	0.04	-0.02		0.02	-0.02
22.88	0.03	-0.02		0.02	-0.02
22.89	0.02	-0.02		0.03	-0.02
22.90	0.01	-0.02		0.03	-0.02
22.91	-0.01	-0.02		0.04	-0.02
22.92	-0.02	-0.02		0.04	-0.02
22.93	-0.03	-0.01		0.04	-0.01
22.94	-0.03	-0.01		0.04	-0.01
22.95	-0.04	-0.01		0.04	-0.01
22.96	-0.05	-0.01		0.05	-0.01
22.97	-0.05	-0.01		0.05	-0.01
22.98	-0.05	-0.01		0.05	-0.01
22.99	-0.06	0		0.05	0
23.00	-0.06	0		0.05	0
23.01	-0.06	0		0.04	0
23.02	-0.06	0		0.04	0
23.03	-0.06	0		0.04	0
23.04	-0.06	0.01		0.04	0.01
23.05	-0.06	0.01		0.04	0.01
23.06	-0.06	0.01		0.04	0.01
23.07	-0.06	0.01		0.04	0.01
23.08	-0.05	0.02		0.03	0.02
23.09	-0.05	0.02		0.03	0.02
23.10	-0.04	0.02		0.03	0.02
23.11	-0.04	0.03		0.03	0.03
23.12	-0.03	0.03		0.03	0.03
23.13	-0.03	0.03		0.03	0.03
23.14	-0.02	0.03		0.02	0.03
23.15	-0.02	0.04		0.02	0.04
23.16	-0.02	0.04		0.02	0.04
23.17	-0.01	0.04		0.02	0.04
23.18	-0.01	0.04		0.02	0.04
23.19	-0.01	0.04		0.02	0.04
23.20	0	0.04		0.02	0.04
23.21	0	0.04		0.02	0.04
23.22	0	0.04		0.02	0.04
23.23	0	0.04		0.02	0.04
23.24	0	0.04		0.02	0.04
23.25	0.01	0.04		0.02	0.04
23.26	0.01	0.05		0.02	0.05
23.27	0.01	0.05		0.03	0.05
23.28	0.01	0.05		0.03	0.05
23.29	0.02	0.05		0.03	0.05
23.30	0.02	0.05		0.04	0.05
23.31	0.02	0.05		0.04	0.05
23.32	0.02	0.05		0.05	0.05
23.33	0.03	0.05		0.05	0.05
23.34	0.03	0.05		0.06	0.05
23.35	0.03	0.05		0.06	0.05
23.36	0.03	0.05		0.06	0.05
23.37	0.04	0.05		0.07	0.05
23.38	0.04	0.05		0.07	0.05
23.39	0.04	0.05		0.07	0.05
23.40	0.05	0.06		0.07	0.06
23.41	0.05	0.06		0.07	0.06
23.42	0.05	0.06		0.07	0.06
23.43	0.05	0.06		0.07	0.06
23.44	0.06	0.06		0.07	0.06
23.45	0.06	0.06		0.07	0.06
23.46	0.06	0.06		0.07	0.06
23.47	0.06	0.06		0.07	0.06
23.48	0.05	0.06		0.07	0.06
23.49	0.05	0.07		0.07	0.07
23.50	0.04	0.07		0.07	0.07
23.51	0.03	0.07		0.07	0.07
23.52	0.02	0.07		0.07	0.07
23.53	0.01	0.07		0.07	0.07
23.54	0	0.08		0.07	0.08
23.55	0	0.08		0.07	0.08
23.56	-0.01	0.08		0.07	0.08
23.57	-0.02	0.08		0.07	0.08
23.58	-0.03	0.08		0.07	0.08
23.59	-0.04	0.09		0.07	0.09
23.60	-0.04	0.09		0.07	0.09
23.61	-0.04	0.09		0.07	0.09
23.62	-0.04	0.1		0.07	0.1
23.63	-0.05	0.1		0.07	0.1
23.64	-0.05	0.1		0.07	0.1
23.65	-0.05	0.1		0.07	0.1
23.66	-0.05	0.1		0.07	0.1
23.67	-0.04	0.11		0.07	0.11
23.68	-0.04	0.11		0.07	0.11
23.69	-0.04	0.11		0.07	0.11
23.70	-0.04	0.1		0.07	0.1
23.71	-0.03	0.1		0.08	0.1
23.72	-0.02	0.1		0.08	0.1
23.73	-0.02	0.09		0.08	0.09
23.74	-0.01	0.09		0.09	0.09
23.75	0	0.08		0.09	0.08
23.76	0.01	0.07		0.09	0.07
23.77	0.02	0.07		0.1	0.07
23.78	0.02	0.06		0.1	0.06
23.79	0.03	0.05		0.11	0.05
23.80	0.04	0.04		0.11	0.04
23.81	0.05	0.03		0.11	0.03
23.82	0.06	0.02		0.11	0.02
23.83	0.06	0.01		0.11	0.01
23.84	0.07	0		0.11	0
23.85	0.08	-0.01		0.11	-0.01
23.86	0.08	-0.02		0.11	-0.02
23.87	0.09	-0.03		0.11	-0.03
23.88	0.09	-0.05		0.11	-0.05
23.89	0.09	-0.06		0.11	-0.06
23.90	0.1	-0.07		0.11	-0.07
23.91	0.1	-0.07		0.1	-0.07
23.92	0.1	-0.08		0.1	-0.08
23.93	0.1	-0.09		0.1	-0.09
23.94	0.1	-0.09		0.09	-0.09
23.95	0.1	-0.09		0.09	-0.09
23.96	0.09	-0.09		0.08	-0.09
23.97	0.09	-0.09		0.08	-0.09
23.98	0.08	-0.09		0.07	-0.09
23.99	0.08	-0.09		0.07	-0.09
24.00	0.07	-0.08		0.06	-0.08
24.01	0.07	-0.08		0.06	-0.08
24.02	0.06	-0.07		0.05	-0.07
24.03	0.05	-0.07		0.05	-0.07
24.04	0.05	-0.06		0.05	-0.06
24.05	0.04	-0.06		0.05	-0.06
24.06	0.03	-0.05		0.05	-0.05
24.07	0.03	-0.04		0.05	-0.04
24.08	0.02	-0.04		0.05	-0.04
24.09	0.01	-0.03		0.06	-0.03
24.10	0.01	-0.02		0.06	-0.02
24.11	0	-0.01		0.06	-0.01
24.12	0	-0.01		0.06	-0.01
24.13	-0.01	0		0.07	0
24.14	-0.01	0.01		0.07	0.01
24.15	-0.01	0.01		0.07	0.01
24.16	-0.01	0.02		0.08	0.02
24.17	0	0.02		0.08	0.02
24.18	0.01	0.02		0.08	0.02
24.19	0.01	0.02		0.09	0.02
24.20	0.02	0.02		0.09	0.02
24.21	0.03	0.02		0.09	0.02
24.22	0.04	0.02		0.09	0.02
24.23	0.05	0.02		0.1	0.02
24.24	0.06	0.02		0.1	0.02
24.25	0.07	0.02		0.1	0.02
24.26	0.08	0.02		0.11	0.02
24.27	0.09	0.02		0.11	0.02
24.28	0.1	0.02		0.11	0.02
24.29	0.1	0.02		0.12	0.02
24.30	0.11	0.02		0.12	0.02
24.31	0.12	0.02		0.13	0.02
24.32	0.12	0.02		0.13	0.02
24.33	0.13	0.02		0.13	0.02
24.34	0.13	0.02		0.14	0.02
24.35	0.14	0.02		0.14	0.02
24.36	0.14	0.02		0.14	0.02
24.37	0.14	0.03		0.14	0.03
24.38	0.15	0.03		0.15	0.03
24.39	0.15	0.03		0.15	0.03
24.40	0.14	0.03		0.14	0.03
24.41	0.14	0.03		0.14	0.03
24.42	0.14	0.03		0.14	0.03
24.43	0.13	0.03		0.13	0.03
24.44	0.13	0.03		0.13	0.03
24.45	0.12	0.03		0.12	0.03
24.46	0.12	0.03		0.12	0.03
24.47	0.11	0.03		0.11	0.03
24.48	0.11	0.03		0.11	0.03
24.49	0.1	0.03		0.1	0.03
24.50	0.1	0.03		0.1	0.03
24.51	0.09	0.02		0.09	0.02
24.52	0.1	0.02		0.09	0.02
24.53	0.1	0.01		0.09	0.01
24.54	0.1	0		0.09	0
24.55	0.11	0		0.08	0
24.56	0.11	-0.01		0.08	-0.01
24.57	0.12	-0.02		0.08	-0.02
24.58	0.12	-0.03		0.08	-0.03
24.59	0.12	-0.04		0.08	-0.04
24.60	0.13	-0.04		0.08	-0.04
24.61	0.13	-0.05		0.08	-0.05
24.62	0.14	-0.06		0.07	-0.06
24.63	0.14	-0.07		0.07	-0.07
24.64	0.14	-0.07		0.07	-0.07
24.65	0.15	-0.07		0.07	-0.07
24.66	0.15	-0.08		0.07	-0.08
24.67	0.15	-0.08		0.07	-0.08
24.68	0.15	-0.08		0.06	-0.08
24.69	0.15	-0.08		0.06	-0.08
24.70	0.15	-0.08		0.06	-0.08
24.71	0.14	-0.08		0.06	-0.08
24.72	0.14	-0.08		0.06	-0.08
24.73	0.14	-0.08		0.06	-0.08
24.74	0.13	-0.08		0.06	-0.08
24.75	0.13	-0.08		0.06	-0.08
24.76	0.12	-0.08		0.06	-0.08
24.77	0.11	-0.07		0.06	-0.07
24.78	0.1	-0.07		0.06	-0.07
24.79	0.09	-0.06		0.06	-0.06
24.80	0.07	-0.06		0.06	-0.06
24.81	0.06	-0.05		0.06	-0.05
24.82	0.05	-0.05		0.06	-0.05
24.83	0.04	-0.04		0.06	-0.04
24.84	0.02	-0.04		0.07	-0.04
24.85	0.01	-0.03		0.07	-0.03
24.86	0	-0.03		0.07	-0.03
24.87	-0.01	-0.03		0.08	-0.03
24.88	-0.02	-0.02		0.09	-0.02
24.89	-0.02	-0.03		0.1	-0.03
24.90	-0.02	-0.03		0.11	-0.03
24.91	-0.02	-0.03		0.12	-0.03
24.92	-0.02	-0.04		0.13	-0.04
24.93	-0.03	-0.04		0.14	-0.04
24.94	-0.03	-0.04		0.15	-0.04
24.95	-0.02	-0.05		0.17	-0.05
24.96	-0.02	-0.06		0.18	-0.06
24.97	-0.02	-0.06		0.19	-0.06
24.98	-0.02	-0.07		0.2	-0.07
24.99	-0.02	-0.07		0.22	-0.07
25.00	-0.02	-0.08		0.23	-0.08
25.01	-0.02	-0.09		0.24	-0.09
25.02	-0.01	-0.1		0.25	-0.1
25.03	-0.01	-0.11		0.26	-0.11
25.04	-0.01	-0.12		0.27	-0.12
25.05	-0.01	-0.13		0.28	-0.13
25.06	-0.01	-0.14		0.29	-0.14
25.07	-0.01	-0.15		0.29	-0.15
25.08	-0.01	-0.15		0.3	-0.15
25.09	-0.01	-0.16		0.31	-0.16
25.10	-0.01	-0.17		0.32	-0.17
25.11	-0.01	-0.17		0.33	-0.17
25.12	-0.01	-0.18		0.33	-0.18
25.13	-0.01	-0.18		0.34	-0.18
25.14	-0.01	-0.18		0.35	-0.18
25.15	-0.01	-0.17		0.35	-0.17
25.16	-0.02	-0.17		0.36	-0.17
25.17	-0.02	-0.17		0.37	-0.17
25.18	-0.02	-0.16		0.37	-0.16
25.19	-0.03	-0.15		0.38	-0.15
25.20	-0.03	-0.15		0.38	-0.15
25.21	-0.03	-0.14		0.39	-0.14
25.22	-0.04	-0.14		0.39	-0.14
25.23	-0.04	-0.13		0.4	-0.13
25.24	-0.04	-0.12		0.4	-0.12
25.25	-0.05	-0.12		0.4	-0.12
25.26	-0.05	-0.11		0.41	-0.11
25.27	-0.05	-0.11		0.41	-0.11
25.28	-0.06	-0.11		0.41	-0.11
25.29	-0.06	-0.11		0.41	-0.11
25.30	-0.06	-0.1		0.41	-0.1
25.31	-0.07	-0.1		0.41	-0.1
25.32	-0.07	-0.1		0.41	-0.1
25.33	-0.07	-0.1		0.41	-0.1
25.34	-0.07	-0.1		0.41	-0.1
25.35	-0.08	-0.1		0.4	-0.1
25.36	-0.08	-0.1		0.4	-0.1
25.37	-0.08	-0.11		0.39	-0.11
25.38	-0.09	-0.11		0.38	-0.11
25.39	-0.09	-0.11		0.37	-0.11
25.40	-0.09	-0.11		0.35	-0.11
25.41	-0.09	-0.12		0.34	-0.12
25.42	-0.1	-0.12		0.32	-0.12
25.43	-0.1	-0.12		0.3	-0.12
25.44	-0.1	-0.13		0.28	-0.13
25.45	-0.1	-0.13		0.26	-0.13
25.46	-0.11	-0.14		0.24	-0.14
25.47	-0.11	-0.14		0.22	-0.14
25.48	-0.11	-0.15		0.2	-0.15
25.49	-0.12	-0.15		0.18	-0.15
25.50	-0.12	-0.16		0.16	-0.16
25.51	-0.13	-0.16		0.14	-0.16
25.52	-0.13	-0.17		0.12	-0.17
25.53	-0.14	-0.17		0.09	-0.17
25.54	-0.15	-0.18		0.07	-0.18
25.55	-0.16	-0.18		0.05	-0.18
25.56	-0.17	-0.19		0.03	-0.19
25.57	-0.18	-0.19		0.01	-0.19
25.58	-0.18	-0.2		-0.01	-0.2
25.59	-0.19	-0.2		-0.02	-0.2
25.60	-0.2	-0.21		-0.04	-0.21
25.61	-0.21	-0.21		-0.05	-0.21
25.62	-0.21	-0.22		-0.06	-0.22
25.63	-0.22	-0.22		-0.07	-0.22
25.64	-0.23	-0.23		-0.07	-0.23
25.65	-0.23	-0.24		-0.06	-0.24
25.66	-0.24	-0.24		-0.05	-0.24
25.67	-0.25	-0.25		-0.03	-0.25
25.68	-0.25	-0.26		-0.02	-0.26
25.69	-0.25	-0.26		0	-0.26
25.70	-0.26	-0.27		0.02	-0.27
25.71	-0.25	-0.27		0.05	-0.27
25.72	-0.25	-0.28		0.07	-0.28
25.73	-0.25	-0.28		0.1	-0.28
25.74	-0.24	-0.29		0.13	-0.29
25.75	-0.23	-0.29		0.15	-0.29
25.76	-0.22	-0.29		0.18	-0.29
25.77	-0.2	-0.29		0.21	-0.29
25.78	-0.18	-0.29		0.24	-0.29
25.79	-0.15	-0.29		0.27	-0.29
25.80	-0.12	-0.28		0.3	-0.28
25.81	-0.08	-0.27		0.32	-0.27
25.82	-0.04	-0.27		0.35	-0.27
25.83	0	-0.26		0.38	-0.26
25.84	0.04	-0.25		0.4	-0.25
25.85	0.09	-0.24		0.42	-0.24
25.86	0.14	-0.23		0.45	-0.23
25.87	0.19	-0.22		0.47	-0.22
25.88	0.25	-0.21		0.49	-0.21
25.89	0.3	-0.2		0.5	-0.2
25.90	0.36	-0.19		0.52	-0.19
25.91	0.43	-0.18		0.52	-0.18
25.92	0.51	-0.17		0.52	-0.17
25.93	0.6	-0.15		0.51	-0.15
25.94	0.68	-0.14		0.5	-0.14
25.95	0.77	-0.13		0.49	-0.13
25.96	0.85	-0.12		0.48	-0.12
25.97	0.93	-0.11		0.46	-0.11
25.98	1.01	-0.09		0.45	-0.09
25.99	1.09	-0.08		0.43	-0.08
26.00	1.16	-0.07		0.41	-0.07
26.01	1.23	-0.06		0.39	-0.06
26.02	1.3	-0.05		0.38	-0.05
26.03	1.36	-0.03		0.36	-0.03
26.04	1.41	-0.02		0.34	-0.02
26.05	1.44	-0.02		0.33	-0.02
26.06	1.46	-0.01		0.32	-0.01
26.07	1.47	0		0.32	0
26.08	1.47	0		0.31	0
26.09	1.46	0.01		0.31	0.01
26.10	1.45	0.02		0.3	0.02
26.11	1.44	0.02		0.3	0.02
26.12	1.42	0.03		0.29	0.03
26.13	1.39	0.03		0.29	0.03
26.14	1.35	0.04		0.28	0.04
26.15	1.31	0.04		0.28	0.04
26.16	1.27	0.05		0.27	0.05
26.17	1.22	0.05		0.26	0.05
26.18	1.16	0.06		0.25	0.06
26.19	1.07	0.06		0.23	0.06
26.20	0.98	0.07		0.22	0.07
26.21	0.89	0.07		0.2	0.07
26.22	0.79	0.08		0.18	0.08
26.23	0.69	0.08		0.16	0.08
26.24	0.6	0.09		0.14	0.09
26.25	0.5	0.09		0.13	0.09
26.26	0.4	0.1		0.11	0.1
26.27	0.31	0.11		0.09	0.11
26.28	0.21	0.11		0.07	0.11
26.29	0.12	0.12		0.06	0.12
26.30	0.04	0.12		0.04	0.12
26.31	-0.04	0.13		0.03	0.13
26.32	-0.1	0.14		0.02	0.14
26.33	-0.14	0.14		0.01	0.14
26.34	-0.17	0.15		0	0.15
26.35	-0.19	0.16		-0.01	0.16
26.36	-0.21	0.17		-0.01	0.17
26.37	-0.22	0.17		-0.01	0.17
26.38	-0.22	0.18		-0.01	0.18
26.39	-0.22	0.19		-0.01	0.19
26.40	-0.21	0.2		-0.01	0.2
26.41	-0.2	0.2		0	0.2
26.42	-0.17	0.21		0.01	0.21
26.43	-0.14	0.21		0.02	0.21
26.44	-0.11	0.22		0.03	0.22
26.45	-0.06	0.23		0.05	0.23
26.46	0	0.23		0.08	0.23
26.47	0.09	0.24		0.12	0.24
26.48	0.18	0.25		0.17	0.25
26.49	0.27	0.25		0.22	0.25
26.50	0.37	0.26		0.26	0.26
26.51	0.47	0.26		0.31	0.26
26.52	0.58	0.26		0.36	0.26
26.53	0.68	0.26		0.41	0.26
26.54	0.79	0.26		0.46	0.26
26.55	0.89	0.26		0.51	0.26
26.56	0.99	0.26		0.55	0.26
26.57	1.09	0.25		0.6	0.25
26.58	1.19	0.25		0.64	0.25
26.59	1.28	0.24		0.67	0.24
26.60	1.36	0.22		0.69	0.22
26.61	1.41	0.2		0.7	0.2
26.62	1.46	0.17		0.69	0.17
26.63	1.5	0.15		0.69	0.15
26.64	1.53	0.12		0.68	0.12
26.65	1.56	0.09		0.67	0.09
26.66	1.58	0.06		0.65	0.06
26.67	1.6	0.03		0.64	0.03
26.68	1.61	-0.01		0.62	-0.01
26.69	1.62	-0.04		0.6	-0.04
26.70	1.62	-0.08		0.57	-0.08
26.71	1.62	-0.11		0.55	-0.11
26.72	1.6	-0.15		0.53	-0.15
26.73	1.59	-0.18		0.5	-0.18
26.74	1.56	-0.22		0.47	-0.22
26.75	1.51	-0.27		0.44	-0.27
26.76	1.46	-0.31		0.41	-0.31
26.77	1.4	-0.36		0.38	-0.36
26.78	1.34	-0.4		0.34	-0.4
26.79	1.28	-0.44		0.32	-0.44
26.80	1.21	-0.47		0.29	-0.47
26.81	1.14	-0.51		0.26	-0.51
26.82	1.07	-0.54		0.24	-0.54
26.83	1.01	-0.57		0.23	-0.57
26.84	0.94	-0.59		0.21	-0.59
26.85	0.87	-0.61		0.2	-0.61
26.86	0.8	-0.62		0.2	-0.62
26.87	0.74	-0.63		0.2	-0.63
26.88	0.67	-0.63		0.2	-0.63
26.89	0.62	-0.63		0.21	-0.63
26.90	0.56	-0.61		0.23	-0.61
26.91	0.51	-0.6		0.26	-0.6
26.92	0.47	-0.57		0.29	-0.57
26.93	0.43	-0.54		0.33	-0.54
26.94	0.4	-0.49		0.38	-0.49
26.95	0.37	-0.44		0.44	-0.44
26.96	0.36	-0.38		0.51	-0.38
26.97	0.35	-0.31		0.59	-0.31
26.98	0.35	-0.22		0.67	-0.22
26.99	0.36	-0.13		0.77	-0.13
27.00	0.38	-0.03		0.88	-0.03
27.01	0.41	0.09		1	0.09
27.02	0.46	0.22		1.14	0.22
27.03	0.51	0.36		1.28	0.36
27.04	0.58	0.51		1.44	0.51
27.05	0.67	0.68		1.62	0.68
27.06	0.76	0.86		1.8	0.86
27.07	0.88	1.06		2	1.06
27.08	1	1.27		2.22	1.27
27.09	1.15	1.49		2.45	1.49
27.10	1.31	1.73		2.69	1.73
27.11	1.49	1.99		2.96	1.99
27.12	1.68	2.26		3.24	2.26
27.13	1.9	2.55		3.53	2.55
27.14	2.13	2.86		3.85	2.86
27.15	2.38	3.19		4.18	3.19
27.16	2.66	3.53		4.53	3.53
27.17	2.96	3.9		4.9	3.9
27.18	3.27	4.28		5.29	4.28
27.19	3.61	4.68		5.69	4.68
27.20	3.98	5.1		6.12	5.1
27.21	4.37	5.55		6.57	5.55
27.22	4.78	6.01		7.04	6.01
27.23	5.21	6.49		7.53	6.49
27.24	5.68	7		8.05	7
27.25	6.17	7.53		8.58	7.53
27.26	6.68	8.08		9.14	8.08
27.27	7.23	8.66		9.73	8.66
27.28	7.8	9.26		10.33	9.26
27.29	8.4	9.88		10.97	9.88
27.30	9.03	10.53		11.62	10.53
