1.44	-0.06	-0.33		0.29	-0.33
1.45	0.22	0.24		0.39	0.24
1.46	-0.06	0.02		-0.14	0.02
1.47	0.17	0.08		0.08	0.08
1.48	-0.16	0.03		-0.09	0.03
1.49	0.02	0.04		0.07	0.04
1.50	0.25	0.45		-0.03	0.45
1.51	0.12	-0.1		0.1	-0.1
1.52	-0.04	-0.07		0.02	-0.07
1.53	0.18	0.01		-0.06	0.01
1.54	-0.03	-0.04		-0.18	-0.04
1.55	0.01	0.14		0.14	0.14
1.56	0.04	0		-0.16	0
1.57	-0.11	-0.13		0.16	-0.13
1.58	0.13	-0.06		0.04	-0.06
1.59	0.07	0		-0.2	0
1.60	0.02	0.18		0.05	0.18
1.61	0.08	-0.08		-0.17	-0.08
1.62	0.01	0.22		0.04	0.22
1.63	0.08	0.07		0	0.07
1.64	0.14	0.08		-0.15	0.08
1.65	0.09	0.08		-0.01	0.08
1.66	-0.01	-0.01		0.2	-0.01
1.67	0.02	0.35		0.05	0.35
1.68	0.15	0.25		0.03	0.25
1.69	-0.09	0.1		0.12	0.1
1.70	0.14	0.15		0.08	0.15
1.71	0.1	0.13		0.02	0.13
1.72	-0.1	-0.06		0.04	-0.06
1.73	-0.06	0.11		-0.07	0.11
1.74	0.01	-0.03		0.03	-0.03
1.75	0.02	0.08		0.07	0.08
1.76	0.16	0.12		0.08	0.12
1.77	-0.1	0.08		0	0.08
1.78	-0.09	0.08		0.05	0.08
1.79	-0.06	-0.03		-0.19	-0.03
1.80	-0.07	-0.28		0.04	-0.28
1.81	-0.03	0.12		0.06	0.12
1.82	0.04	-0.12		0.13	-0.12
1.83	-0.09	-0.01		0.05	-0.01
1.84	0.01	-0.01		0.23	-0.01
1.85	0.09	0.03		0.02	0.03
1.86	-0.03	-0.11		0.06	-0.11
1.87	0.11	-0.1		-0.02	-0.1
1.88	-0.02	0.16		0.15	0.16
1.89	-0.03	0.09		0.12	0.09
1.90	-0.02	-0.05		-0.06	-0.05
1.91	-0.18	-0.04		0.03	-0.04
1.92	0.03	0.16		0.03	0.16
1.93	0.05	0.08		0	0.08
1.94	0.04	0.07		-0.08	0.07
1.95	0.04	0.02		-0.03	0.02
1.96	0.06	-0.05		0.04	-0.05
1.97	0.05	0.02		0.03	0.02
1.98	-0.03	-0.06		0.05	-0.06
1.99	-0.06	-0.05		-0.04	-0.05
2.00	0.05	-0.03		0.02	-0.03
2.01	0.05	0.04		0	0.04
2.02	0.03	-0.03		-0.02	-0.03
2.03	-0.03	0.03		0.07	0.03
2.04	-0.06	-0.02		0.04	-0.02
2.05	0.03	0.04		-0.02	0.04
2.06	0.02	0.1		0.08	0.1
2.07	0.04	-0.01		0.07	-0.01
2.08	0.01	0.04		0.05	0.04
2.09	-0.05	0.04		0.03	0.04
2.10	0.06	-0.02		0.07	-0.02
2.11	-0.05	-0.08		0.04	-0.08
2.12	-0.06	0		-0.05	0
2.13	0.06	0.03		0.07	0.03
2.14	0	0.03		-0.04	0.03
2.15	-0.03	0.05		-0.01	0.05
2.16	0.06	0.01		-0.02	0.01
2.17	0	0.06		0.11	0.06
2.18	0.06	-0.07		-0.02	-0.07
2.19	-0.02	0		0	0
2.20	-0.04	0.04		0.03	0.04
2.21	-0.01	0		-0.01	0
2.22	0	-0.05		-0.02	-0.05
2.23	0.08	0.09		0.02	0.09
2.24	0.05	-0.02		0.02	-0.02
2.25	-0.04	0.01		0.02	0.01
2.26	-0.07	-0.04		0.13	-0.04
2.27	0.09	-0.01		0.1	-0.01
2.28	0.07	0.03		0.02	0.03
2.29	0.07	0.07		-0.05	0.07
2.30	0.02	0.09		-0.09	0.09
2.31	0.09	0.08		0.02	0.08
2.32	-0.01	0.01		-0.03	0.01
2.33	0.01	0.01		0.06	0.01
2.34	-0.01	0.01		0.01	0.01
2.35	0.08	-0.01		0.01	-0.01
2.36	-0.04	0.06		0.04	0.06
2.37	-0.01	0.01		0.01	0.01
2.38	0.12	0.06		0.04	0.06
2.39	0.03	0.02		-0.04	0.02
2.40	0	-0.06		0.01	-0.06
2.41	-0.06	-0.03		-0.01	-0.03
2.42	0	0.09		0	0.09
2.43	0	0.06		0.06	0.06
2.44	0.03	-0.05		0.04	-0.05
2.45	0.07	-0.04		0.02	-0.04
2.46	0	0.08		-0.03	0.08
2.47	0.02	0.08		-0.01	0.08
2.48	-0.02	0.01		-0.02	0.01
2.49	-0.04	-0.02		0.06	-0.02
2.50	0.03	-0.02		-0.03	-0.02
2.51	0.06	0.05		0.09	0.05
2.52	0.01	0		0.01	0
2.53	0.01	0.05		0.01	0.05
2.54	-0.01	0.03		0.04	0.03
2.55	0.01	0.04		-0.03	0.04
2.56	-0.03	-0.02		0	-0.02
2.57	0.01	-0.02		0.02	-0.02
2.58	-0.01	0.01		0.01	0.01
2.59	0.06	0.04		0.03	0.04
2.60	-0.01	0		-0.02	0
2.61	-0.02	0.03		0	0.03
2.62	0.03	-0.01		0.01	-0.01
2.63	-0.01	0		-0.01	0
2.64	0.02	-0.03		0.01	-0.03
2.65	-0.02	-0.02		0.02	-0.02
2.66	0.02	0.01		0	0.01
2.67	-0.01	0.06		-0.02	0.06
2.68	-0.01	0.04		0.04	0.04
2.69	0.02	0.01		-0.01	0.01
2.70	0.02	0.03		0.01	0.03
2.71	0	-0.02		0.05	-0.02
2.72	-0.01	0.04		0	0.04
2.73	-0.01	0		0.01	0
2.74	-0.01	0		-0.01	0
2.75	0.02	0.02		0.02	0.02
2.76	-0.03	0		0.04	0
2.77	-0.01	0.04		0	0.04
2.78	0.01	0.01		0	0.01
2.79	0	-0.01		0.01	-0.01
2.80	0.02	0		0.01	0
2.81	0.02	0		-0.03	0
2.82	-0.02	0.03		0	0.03
2.83	-0.02	0.02		-0.02	0.02
2.84	0.01	0.02		0.01	0.02
2.85	0.01	0.05		0	0.05
2.86	0.02	0.02		0.02	0.02
2.87	0.03	0.01		0.05	0.01
2.88	0	-0.02		0	-0.02
2.89	0	0.01		-0.01	0.01
2.90	0.02	-0.02		0.01	-0.02
2.91	0.03	-0.01		0.01	-0.01
2.92	-0.01	0		0	0
2.93	0.01	0.02		0	0.02
2.94	0	0.01		0.03	0.01
2.95	0.01	0.02		0.01	0.02
2.96	0.02	0.02		0.01	0.02
2.97	0.01	0.01		0	0.01
2.98	0	0.01		0.01	0.01
2.99	-0.01	0.01		0.02	0.01
3.00	0.01	0		0.01	0
3.01	-0.02	-0.01		0.03	-0.01
3.02	0.02	0		0	0
3.03	0.02	0.02		-0.03	0.02
3.04	0.01	0		0.02	0
3.05	0	0		-0.01	0
3.06	-0.01	-0.01		0.02	-0.01
3.07	0	-0.01		-0.01	-0.01
3.08	-0.01	0		0.01	0
3.09	0.01	0		0.01	0
3.10	0	0.01		-0.01	0.01
3.11	0.01	-0.01		0.01	-0.01
3.12	-0.01	0.01		0	0.01
3.13	0	0.01		0	0.01
3.14	0.01	0.01		0.01	0.01
3.15	0.02	0.01		0	0.01
3.16	0	0		0.01	0
3.17	-0.01	0		-0.01	0
3.18	0	-0.01		0	-0.01
3.19	0.03	-0.01		-0.01	-0.01
3.20	0.02	0		0	0
3.21	0	-0.01		-0.01	-0.01
3.22	0.01	-0.01		0.01	-0.01
3.23	-0.01	0.02		0	0.02
3.24	-0.01	0.02		0.02	0.02
3.25	-0.01	0		0.03	0
3.26	0.01	0		0	0
3.27	0.01	0		0.01	0
3.28	0.01	0		-0.01	0
3.29	0	0		0.01	0
3.30	0	0.02		0	0.02
3.31	-0.01	0.01		0	0.01
3.32	0	0		0.01	0
3.33	0.01	-0.02		0.02	-0.02
3.34	0.01	0		0	0
3.35	0.01	0		0	0
3.36	0	0		-0.01	0
3.37	0.01	0		0.01	0
3.38	0	-0.01		0.01	-0.01
3.39	-0.01	0		0	0
3.40	-0.01	-0.01		0.01	-0.01
3.41	0	0.01		0	0.01
3.42	0.01	0		-0.01	0
3.43	0	-0.01		0.01	-0.01
3.44	-0.01	-0.01		0	-0.01
3.45	-0.01	0.01		0	0.01
3.46	-0.01	0		0.01	0
3.47	0.01	0		0.01	0
3.48	0	0		0	0
3.49	0	0		0.01	0
3.50	0	0		0	0
3.51	0.02	0		0.01	0
3.52	0.01	-0.01		0.01	-0.01
3.53	0.01	0		0	0
3.54	0	0		-0.01	0
3.55	0	0		0	0
3.56	0	-0.01		-0.01	-0.01
3.57	0	0		-0.01	0
3.58	0	0		0	0
3.59	0	0		0.01	0
3.60	0	0		0	0
3.61	0.01	0		0.01	0
3.62	0.01	0.01		0	0.01
3.63	-0.01	0.02		0	0.02
3.64	-0.01	0.01		-0.01	0.01
3.65	0	-0.01		0.01	-0.01
3.66	0	0		0.02	0
3.67	0.01	0.01		0	0.01
3.68	0	0		-0.02	0
3.69	0	0		0.01	0
3.70	0.01	-0.01		0.01	-0.01
3.71	0.01	0.01		0.01	0.01
3.72	0	0		0	0
3.73	0	-0.01		0.01	-0.01
3.74	0.01	0		0.03	0
3.75	0	0		-0.02	0
3.76	0.01	0.01		-0.02	0.01
3.77	-0.01	0.01		0.01	0.01
3.78	0	0.01		0	0.01
3.79	0	0		0.01	0
3.80	-0.01	0		0	0
3.81	0.01	-0.01		-0.01	-0.01
3.82	0.01	0		0	0
3.83	0.01	0		0	0
3.84	0	0		0	0
3.85	0	0.01		0.01	0.01
3.86	0.01	0		0	0
3.87	0.02	0.01		-0.01	0.01
3.88	0	0.01		0	0.01
3.89	0	0		0.01	0
3.90	0	-0.01		0	-0.01
3.91	0	0		-0.01	0
3.92	0	0		0.02	0
3.93	0.01	0		0.01	0
3.94	-0.01	0		0	0
3.95	0.01	0		-0.01	0
3.96	0	0		-0.01	0
3.97	0	0.01		0	0.01
3.98	0	0		0.01	0
3.99	-0.01	0		0	0
4.00	0.02	0.01		0.01	0.01
4.01	0	0.01		0	0.01
4.02	0.01	0.01		0	0.01
4.03	0	0		0	0
4.04	0.01	0		0	0
4.05	0.01	0.01		0	0.01
4.06	0	0		0.01	0
4.07	0.01	0.01		0.01	0.01
4.08	0	0.01		0	0.01
4.09	0	0.01		-0.01	0.01
4.10	0	0		-0.01	0
4.11	-0.01	0.01		0	0.01
4.12	0.01	0.01		-0.01	0.01
4.13	0	0		0.01	0
4.14	0	-0.01		-0.01	-0.01
4.15	0	0		0	0
4.16	0	0.01		0	0.01
4.17	0	-0.01		0	-0.01
4.18	0	0		-0.01	0
4.19	0	0.01		0.01	0.01
4.20	-0.01	0.01		0.01	0.01
4.21	0	0.01		0	0.01
4.22	0.03	0		0.02	0
4.23	0	0		0.02	0
4.24	0.04	0		0.06	0
4.25	0.07	-0.01		0.15	-0.01
4.26	0.13	0.02		0.2	0.02
4.27	0.27	0.01		0.34	0.01
4.28	0.38	0.02		0.47	0.02
4.29	0.5	0.01		0.64	0.01
4.30	0.63	0		0.67	0
4.31	0.62	0.01		0.53	0.01
4.32	0.48	-0.02		0.36	-0.02
4.33	0.36	0		0.28	0
4.34	0.28	0		0.19	0
4.35	0.2	0		0.12	0
4.36	0.14	0.01		0.1	0.01
4.37	0.1	0		0.07	0
4.38	0.07	0		0.05	0
4.39	0.05	0.01		0.04	0.01
4.40	0.05	0.02		0.04	0.02
4.41	0.04	0.01		0.05	0.01
4.42	0.05	0.01		0.07	0.01
4.43	0.06	0.02		0.09	0.02
4.44	0.1	0		0.14	0
4.45	0.17	0		0.2	0
4.46	0.24	0		0.16	0
4.47	0.2	0.01		0.09	0.01
4.48	0.11	-0.02		0.06	-0.02
4.49	0.06	0.02		0.03	0.02
4.50	0.04	0.01		0.02	0.01
4.51	0.03	0		0.03	0
4.52	0.03	0.02		0.01	0.02
4.53	0.03	0.01		0.01	0.01
4.54	0.03	-0.01		0.04	-0.01
4.55	0.03	0		0.05	0
4.56	0.05	0		0.08	0
4.57	0.07	-0.01		0.09	-0.01
4.58	0.08	0.01		0.08	0.01
4.59	0.08	-0.01		0.07	-0.01
4.60	0.06	-0.01		0.04	-0.01
4.61	0.04	0		0.03	0
4.62	0.04	0.01		0.04	0.01
4.63	0.03	0.02		0.03	0.02
4.64	0.03	0		0.04	0
4.65	0.03	0.01		0.04	0.01
4.66	0.03	-0.01		0.04	-0.01
4.67	0.03	0		0.05	0
4.68	0.04	0		0.07	0
4.69	0.05	0		0.1	0
4.70	0.08	0		0.15	0
4.71	0.12	0.02		0.19	0.02
4.72	0.19	0.01		0.18	0.01
4.73	0.2	0.01		0.15	0.01
4.74	0.15	0.01		0.1	0.01
4.75	0.11	-0.01		0.08	-0.01
4.76	0.09	0		0.07	0
4.77	0.08	-0.01		0.07	-0.01
4.78	0.06	0.01		0.08	0.01
4.79	0.06	0.02		0.1	0.02
4.80	0.07	0		0.1	0
4.81	0.1	0.01		0.14	0.01
4.82	0.13	0.03		0.19	0.03
4.83	0.19	0.02		0.25	0.02
4.84	0.26	0.01		0.28	0.01
4.85	0.31	-0.01		0.24	-0.01
4.86	0.3	0.01		0.2	0.01
4.87	0.25	0.01		0.17	0.01
4.88	0.17	0		0.12	0
4.89	0.13	-0.01		0.1	-0.01
4.90	0.1	0.01		0.09	0.01
4.91	0.1	-0.01		0.08	-0.01
4.92	0.1	0		0.08	0
4.93	0.09	-0.01		0.1	-0.01
4.94	0.14	-0.02		0.12	-0.02
4.95	0.15	0		0.16	0
4.96	0.18	0		0.27	0
4.97	0.29	0.01		0.52	0.01
4.98	0.54	-0.01		1.17	-0.01
4.99	1.22	-0.02		2.01	-0.02
5.00	2.16	0		1.52	0
5.01	1.71	0.01		0.75	0.01
5.02	0.81	-0.01		0.41	-0.01
5.03	0.44	-0.01		0.27	-0.01
5.04	0.3	0.01		0.22	0.01
5.05	0.24	-0.01		0.22	-0.01
5.06	0.2	0		0.2	0
5.07	0.19	-0.01		0.21	-0.01
5.08	0.21	0.01		0.26	0.01
5.09	0.27	0.01		0.31	0.01
5.10	0.36	0.01		0.33	0.01
5.11	0.41	0.01		0.27	0.01
5.12	0.38	-0.01		0.19	-0.01
5.13	0.3	0		0.13	0
5.14	0.21	0.02		0.1	0.02
5.15	0.14	0.02		0.07	0.02
5.16	0.09	0.01		0.06	0.01
5.17	0.06	0.01		0.05	0.01
5.18	0.08	0		0.04	0
5.19	0.08	0		0.04	0
5.20	0.07	0.02		0.04	0.02
5.21	0.06	0.01		0.06	0.01
5.22	0.07	-0.01		0.07	-0.01
5.23	0.1	0		0.1	0
5.24	0.15	0		0.13	0
5.25	0.18	0.02		0.08	0.02
5.26	0.11	0.01		0.05	0.01
5.27	0.04	-0.02		0.03	-0.02
5.28	0.03	-0.01		0.01	-0.01
5.29	0.02	0		0.02	0
5.30	0	0		0.01	0
5.31	-0.01	0.01		0.01	0.01
5.32	-0.01	0.01		0.02	0.01
5.33	0.01	0.01		0	0.01
5.34	0	0.01		-0.01	0.01
5.35	-0.01	0		0	0
5.36	0	0.02		0	0.02
5.37	-0.01	0.02		0	0.02
5.38	0.01	0.01		0	0.01
5.39	0.01	-0.01		-0.01	-0.01
5.40	0	-0.01		0	-0.01
5.41	0	0		0.01	0
5.42	0.01	0		0.02	0
5.43	0.01	0		0.01	0
5.44	0.01	-0.01		-0.01	-0.01
5.45	0.01	-0.02		-0.01	-0.02
5.46	0.01	0		0.01	0
5.47	0.03	0.02		-0.01	0.02
5.48	0	0.01		-0.01	0.01
5.49	0	-0.02		-0.01	-0.02
5.50	0.01	0		0	0
5.51	0	0		0	0
5.52	0	-0.01		-0.01	-0.01
5.53	0.01	-0.01		0	-0.01
5.54	-0.01	0		0	0
5.55	-0.03	0.02		0.01	0.02
5.56	-0.01	0.01		0.01	0.01
5.57	0	-0.01		0.01	-0.01
5.58	0	-0.01		-0.01	-0.01
5.59	0	0		0.01	0
5.60	0	0		0.01	0
5.61	0	0		0.01	0
5.62	0.01	0		0.01	0
5.63	0.01	0		0	0
5.64	0	0.01		0	0.01
5.65	-0.01	0.02		0.01	0.02
5.66	0	0.02		0	0.02
5.67	0.01	0.02		0.01	0.02
5.68	0.01	0.01		0.02	0.01
5.69	0	0		0.01	0
5.70	-0.01	-0.01		0	-0.01
5.71	-0.01	-0.02		0.01	-0.02
5.72	-0.01	0		0.02	0
5.73	0	0.02		0	0.02
5.74	0	0.03		0.01	0.03
5.75	0.01	0.01		0.02	0.01
5.76	0.02	-0.01		0.01	-0.01
5.77	0.02	-0.02		0.01	-0.02
5.78	-0.01	0.01		0.02	0.01
5.79	0	0		0.02	0
5.80	0	0		0.01	0
5.81	0	0		0.01	0
5.82	0.02	0.02		-0.01	0.02
5.83	0.01	0.01		-0.01	0.01
5.84	0	-0.01		-0.01	-0.01
5.85	0	0		-0.01	0
5.86	0.01	0.01		0.02	0.01
5.87	0	0.02		0.03	0.02
5.88	-0.02	0		0.04	0
5.89	0	0.01		0.02	0.01
5.90	0.02	0.03		0	0.03
5.91	0.01	0.01		-0.01	0.01
5.92	0	0		0	0
5.93	0.01	-0.01		0.01	-0.01
5.94	0.03	-0.03		0.03	-0.03
5.95	0.01	0		0.02	0
5.96	-0.01	0.01		0.01	0.01
5.97	0	0		0.01	0
5.98	0.01	0		0	0
5.99	0.01	-0.01		0	-0.01
6.00	0.02	-0.01		0.01	-0.01
6.01	0	0.01		0	0.01
6.02	0	-0.01		-0.01	-0.01
6.03	0.01	-0.01		-0.01	-0.01
6.04	0.02	0.02		0	0.02
6.05	0.01	0.01		0	0.01
6.06	-0.01	0		0	0
6.07	-0.01	0.01		0	0.01
6.08	0.02	0.02		0	0.02
6.09	0.02	-0.01		-0.01	-0.01
6.10	0.01	-0.01		0.01	-0.01
6.11	0	0.01		0.01	0.01
6.12	-0.01	0.02		0	0.02
6.13	0.01	0.01		0.01	0.01
6.14	0.01	0		0.01	0
6.15	0.01	-0.02		0.01	-0.02
6.16	0.01	-0.01		0.01	-0.01
6.17	-0.01	0.01		-0.01	0.01
6.18	-0.02	0		-0.02	0
6.19	-0.01	0.02		-0.01	0.02
6.20	0.01	0.02		0	0.02
6.21	0.01	0		0	0
6.22	0	0.01		-0.01	0.01
6.23	-0.01	0.02		0	0.02
6.24	-0.01	0.03		0	0.03
6.25	0	0.02		0	0.02
6.26	0	0.01		0.01	0.01
6.27	-0.01	0		0.01	0
6.28	-0.01	-0.02		0	-0.02
6.29	-0.01	-0.01		0	-0.01
6.30	0	0		0	0
6.31	0.01	0.01		0	0.01
6.32	0.01	0.02		0	0.02
6.33	0	0.03		0.01	0.03
6.34	0.01	0.03		0.01	0.03
6.35	0.02	0.03		-0.01	0.03
6.36	0	-0.01		0	-0.01
6.37	-0.01	-0.02		0.02	-0.02
6.38	0	0.01		0.02	0.01
6.39	0	0.03		0.01	0.03
6.40	-0.01	0.03		0	0.03
6.41	-0.01	0.01		-0.02	0.01
6.42	0.01	-0.01		-0.02	-0.01
6.43	0.01	-0.04		-0.01	-0.04
6.44	0.01	-0.01		0	-0.01
6.45	0.01	0.01		0.01	0.01
6.46	0.02	-0.01		0	-0.01
6.47	0.01	-0.01		-0.02	-0.01
6.48	0.01	0		-0.03	0
6.49	-0.01	0.02		-0.01	0.02
6.50	-0.02	0.03		0.01	0.03
6.51	-0.02	0.03		0	0.03
6.52	-0.01	0.02		0	0.02
6.53	0.01	0.01		0	0.01
6.54	0.01	-0.01		-0.01	-0.01
6.55	0	-0.02		0	-0.02
6.56	-0.01	-0.01		0.02	-0.01
6.57	-0.02	0.02		0.02	0.02
6.58	0	0.03		0	0.03
6.59	0.01	0		-0.02	0
6.60	0	-0.03		0	-0.03
6.61	0	-0.02		0.01	-0.02
6.62	0.01	0.01		0	0.01
6.63	0	0.05		0	0.05
6.64	-0.01	0.04		0	0.04
6.65	-0.02	0.01		0.01	0.01
6.66	-0.03	0.03		-0.01	0.03
6.67	-0.02	0.05		-0.01	0.05
6.68	-0.02	0.06		0	0.06
6.69	-0.02	0.09		0.01	0.09
6.70	-0.01	0.12		0.01	0.12
6.71	-0.01	0.09		0.01	0.09
6.72	0	0.02		0.01	0.02
6.73	0	-0.01		0	-0.01
6.74	0	0.01		0.01	0.01
6.75	0	0.01		0.01	0.01
6.76	0	0		0	0
6.77	0	-0.01		-0.01	-0.01
6.78	0.01	-0.02		-0.02	-0.02
6.79	0.02	-0.01		-0.01	-0.01
6.80	0.02	0.01		0	0.01
6.81	0.01	0.02		0	0.02
6.82	0	0.01		0	0.01
6.83	0	0		0	0
6.84	0	0		0	0
6.85	0	-0.01		0	-0.01
6.86	0	-0.01		0.01	-0.01
6.87	0.01	-0.01		0.04	-0.01
6.88	0.03	-0.01		0.21	-0.01
6.89	0.08	0		0.57	0
6.90	0.37	0.03		0.61	0.03
6.91	0.69	0.05		0.25	0.05
6.92	0.5	0.06		0.05	0.06
6.93	0.15	0.04		0.02	0.04
6.94	0.03	0.02		0.01	0.02
6.95	0.01	0.02		0.01	0.02
6.96	0.01	0.03		-0.01	0.03
6.97	0.02	0.03		-0.02	0.03
6.98	0.01	0		-0.01	0
6.99	0	-0.01		0	-0.01
7.00	0.01	-0.01		0.01	-0.01
7.01	0.01	-0.01		0.01	-0.01
7.02	0	0.01		0.01	0.01
7.03	0	0		0.02	0
7.04	0	-0.01		0.02	-0.01
7.05	0	0		0.02	0
7.06	0	0.01		0.01	0.01
7.07	0	0.01		0.01	0.01
7.08	0.01	0.01		0.02	0.01
7.09	0.01	0		0.01	0
7.10	0.01	0		0.01	0
7.11	0	0.01		0.01	0.01
7.12	0	0.01		0.02	0.01
7.13	0.01	0		0.01	0
7.14	0.01	0		0.01	0
7.15	0.01	0		0	0
7.16	0	0.01		0	0.01
7.17	0	0.02		0	0.02
7.18	0.01	0.01		0.01	0.01
7.19	0.01	0		0	0
7.20	0	-0.01		-0.01	-0.01
7.21	0	-0.01		-0.01	-0.01
7.22	-0.01	0.01		-0.01	0.01
7.23	0	0.01		-0.01	0.01
7.24	0	0.01		-0.01	0.01
7.25	0	0.02		-0.01	0.02
7.26	0	0.01		0	0.01
7.27	0.01	0		-0.01	0
7.28	0.01	-0.01		-0.01	-0.01
7.29	0.01	0		-0.01	0
7.30	0	0.01		-0.01	0.01
7.31	0	0.01		-0.01	0.01
7.32	-0.01	0		0	0
7.33	-0.02	0		0	0
7.34	-0.02	0		0	0
7.35	-0.01	-0.01		-0.01	-0.01
7.36	0	-0.02		0	-0.02
7.37	0.01	-0.02		0	-0.02
7.38	0.01	-0.01		0	-0.01
7.39	0.02	0.01		-0.01	0.01
7.40	0.02	0.01		-0.01	0.01
7.41	0.02	0.01		-0.01	0.01
7.42	0.01	0.01		-0.01	0.01
7.43	0.01	0.01		-0.01	0.01
7.44	0.01	0.01		0	0.01
7.45	0.01	0.01		0.01	0.01
7.46	0	0.01		0.01	0.01
7.47	0	0		0	0
7.48	0	0		-0.01	0
7.49	0.01	0		-0.02	0
7.50	0.01	0		-0.01	0
7.51	0.02	0		0	0
7.52	0.02	0		0	0
7.53	0.01	0		0.01	0
7.54	0.01	0.01		0.01	0.01
7.55	0.01	0.01		0.01	0.01
7.56	0.01	0.01		0	0.01
7.57	0.01	0.01		0	0.01
7.58	0	0		0	0
7.59	0	0		0	0
7.60	0	0		0	0
7.61	0	0.01		0.01	0.01
7.62	-0.01	0.01		0.01	0.01
7.63	-0.01	0.02		0.02	0.02
7.64	-0.01	0.02		0.02	0.02
7.65	0	0.02		0.02	0.02
7.66	0	0.01		0.02	0.01
7.67	0	0.01		0.01	0.01
7.68	0	0.01		0.01	0.01
7.69	0.01	0		0.01	0
7.70	0.01	0		0.01	0
7.71	0.01	0		0.01	0
7.72	0.01	0.01		0.01	0.01
7.73	0.01	0.01		0.01	0.01
7.74	0.01	0.01		0	0.01
7.75	0.01	0		0	0
7.76	0	0		0	0
7.77	0	0		0	0
7.78	0	0.01		0.01	0.01
7.79	0	0.01		0.01	0.01
7.80	0	0.01		0.01	0.01
7.81	0	0.01		0.01	0.01
7.82	0	0		0	0
7.83	0	0		0.01	0
7.84	0	0		0.01	0
7.85	0.01	0		0.01	0
7.86	0.01	0		0.01	0
7.87	0	-0.01		0.01	-0.01
7.88	0	-0.01		0.01	-0.01
7.89	0.01	-0.01		0.01	-0.01
7.90	0.01	-0.01		0.02	-0.01
7.91	0.02	-0.01		0.02	-0.01
7.92	0.02	-0.01		0.01	-0.01
7.93	0.02	-0.01		0.01	-0.01
7.94	0.01	-0.01		0	-0.01
7.95	0.01	-0.01		0	-0.01
7.96	0.01	0		0.01	0
7.97	0.01	0		0.01	0
7.98	0.01	0.01		0.01	0.01
7.99	0	0.01		0.01	0.01
8.00	-0.01	0.01		0	0.01
8.01	-0.01	0.01		0	0.01
8.02	0	0		0	0
8.03	0	-0.01		0	-0.01
8.04	0	-0.01		0	-0.01
8.05	0	0		0	0
8.06	0.01	0		0	0
8.07	0.01	0		0.01	0
8.08	0.01	0		0.01	0
8.09	0	-0.01		0.01	-0.01
8.10	0	-0.01		0.01	-0.01
8.11	0	0		0.01	0
8.12	0	0		0.01	0
8.13	0	0		0	0
8.14	0.01	0		-0.01	0
8.15	0.01	0.01		-0.01	0.01
8.16	0.01	0.01		-0.01	0.01
8.17	0.01	0.01		0	0.01
8.18	0.01	0		0	0
8.19	0.01	0		-0.01	0
8.20	0.01	0		-0.01	0
8.21	0	0.01		0	0.01
8.22	-0.01	0.01		0	0.01
8.23	-0.01	0		-0.01	0
8.24	-0.01	-0.01		-0.01	-0.01
8.25	-0.01	0		-0.01	0
8.26	-0.01	0		-0.01	0
8.27	-0.01	0.01		0	0.01
8.28	-0.01	0.01		0	0.01
8.29	-0.01	0.01		0.01	0.01
8.30	0	0.01		0.01	0.01
8.31	0	0.01		0.01	0.01
8.32	0	0.01		0.02	0.01
8.33	-0.01	0		0.02	0
8.34	-0.01	0		0.01	0
8.35	-0.01	0		0	0
8.36	0	0.01		-0.01	0.01
8.37	0	0.01		-0.01	0.01
8.38	0.01	0.02		-0.01	0.02
8.39	0.01	0.02		0	0.02
8.40	0.01	0.01		0.01	0.01
8.41	0.01	0.01		0.01	0.01
8.42	0	0		0.01	0
8.43	-0.01	-0.01		0	-0.01
8.44	-0.01	-0.01		-0.01	-0.01
8.45	-0.01	0		-0.01	0
8.46	0	0		-0.01	0
8.47	0.01	0		0	0
8.48	0.01	0		0	0
8.49	0.01	0		0.01	0
8.50	0	0		0	0
8.51	0	0		0	0
8.52	0	0		0	0
8.53	-0.01	0.01		0	0.01
8.54	-0.01	0.01		0	0.01
8.55	-0.02	0		0.01	0
8.56	-0.02	0		0.01	0
8.57	-0.01	0		0	0
8.58	-0.01	0		0	0
8.59	0	0.01		-0.01	0.01
8.60	0.01	0.01		0	0.01
8.61	0.01	0.02		0	0.02
8.62	0	0.01		0.01	0.01
8.63	-0.01	0		0.01	0
8.64	-0.01	0		0.01	0
8.65	0	0		0.01	0
8.66	0	0		0.01	0
8.67	0	0		0.01	0
8.68	-0.01	0		0	0
8.69	-0.01	0		0	0
8.70	-0.01	0.01		0	0.01
8.71	0	0.01		0.01	0.01
8.72	0.01	0.01		0	0.01
8.73	0.01	0		0	0
8.74	0	0		0	0
8.75	0	0		0.01	0
8.76	0	0		0.01	0
8.77	-0.01	0		0.02	0
8.78	-0.01	0		0.01	0
8.79	-0.01	0.01		0.01	0.01
8.80	0	0.01		0.01	0.01
8.81	0.01	0.01		0.01	0.01
8.82	0.01	0.01		0.01	0.01
8.83	0.01	0.01		0.01	0.01
8.84	0.01	0.01		0	0.01
8.85	0.01	0		0	0
8.86	0.01	0		-0.01	0
8.87	0.01	0		-0.01	0
8.88	0.01	0		-0.01	0
8.89	0.01	0.01		-0.01	0.01
8.90	0.01	0.01		-0.01	0.01
8.91	0.01	0.01		0	0.01
8.92	0.01	0.01		0	0.01
8.93	0.01	0.01		0.01	0.01
8.94	0.02	0		0.02	0
8.95	0.02	0		0.03	0
8.96	0.03	0.01		0.04	0.01
8.97	0.04	0.01		0.05	0.01
8.98	0.04	0.01		0.05	0.01
8.99	0.05	0.01		0.04	0.01
9.00	0.05	0		0.02	0
9.01	0.04	0		0.01	0
9.02	0.03	0		0	0
9.03	0.02	-0.01		0.01	-0.01
9.04	0.02	-0.01		0.02	-0.01
9.05	0.02	0		0.02	0
9.06	0.02	0		0.01	0
9.07	0.02	0.01		0.01	0.01
9.08	0.01	0.01		0.01	0.01
9.09	0.01	0		0.02	0
9.10	0.02	0		0.02	0
9.11	0.03	0		0.02	0
9.12	0.02	0		0.01	0
9.13	0.01	0.01		0	0.01
9.14	0.01	0.01		0	0.01
9.15	0	0.01		-0.01	0.01
9.16	-0.01	0.02		-0.01	0.02
9.17	-0.01	0.01		0	0.01
9.18	-0.01	0.01		0.01	0.01
9.19	-0.01	0.01		0.02	0.01
9.20	-0.01	0		0.03	0
9.21	0	-0.01		0.03	-0.01
9.22	-0.01	-0.01		0.03	-0.01
9.23	-0.01	-0.01		0.03	-0.01
9.24	-0.01	0		0.02	0
9.25	-0.01	0.01		0.01	0.01
9.26	-0.01	0.01		0.01	0.01
9.27	0	0.01		0.01	0.01
9.28	0	0.01		0.01	0.01
9.29	0	0.01		0	0.01
9.30	0	0.01		0	0.01
9.31	0	0.01		-0.01	0.01
9.32	0	0.01		-0.01	0.01
9.33	0	0		-0.01	0
9.34	0.01	0		-0.01	0
9.35	0	0		-0.01	0
9.36	-0.01	0.01		-0.01	0.01
9.37	-0.02	0.01		-0.01	0.01
9.38	-0.02	0.01		-0.01	0.01
9.39	-0.02	0.01		-0.01	0.01
9.40	-0.01	0.01		-0.01	0.01
9.41	0	0.01		0	0.01
9.42	0	0.01		0.01	0.01
9.43	0.01	0.01		0.01	0.01
9.44	0.01	0		0.01	0
9.45	0.01	0		0.01	0
9.46	0.02	-0.01		0.01	-0.01
9.47	0.02	-0.01		0	-0.01
9.48	0.02	-0.01		0	-0.01
9.49	0.01	-0.01		0.01	-0.01
9.50	0	0		0.01	0
9.51	-0.01	0		0.01	0
9.52	-0.01	0		0.01	0
9.53	-0.01	0		0	0
9.54	0	0		-0.01	0
9.55	0.01	0		-0.02	0
9.56	0.01	0		-0.03	0
9.57	0.02	0		-0.03	0
9.58	0.02	0		-0.03	0
9.59	0.03	0		-0.03	0
9.60	0.02	0		-0.02	0
9.61	0.02	0.01		-0.02	0.01
9.62	0.01	0.01		-0.02	0.01
9.63	0.01	0.01		-0.01	0.01
9.64	0.01	0.01		-0.01	0.01
9.65	0.01	0.01		-0.01	0.01
9.66	0.01	0.01		-0.01	0.01
9.67	0.01	0.02		-0.01	0.02
9.68	0.01	0.03		0	0.03
9.69	0	0.03		0	0.03
9.70	0	0.03		0	0.03
9.71	0	0.03		0	0.03
9.72	0	0.02		0	0.02
9.73	0	0.02		0	0.02
9.74	0	0.02		0	0.02
9.75	0	0.02		0	0.02
9.76	0	0.02		0	0.02
9.77	-0.01	0.01		0	0.01
9.78	-0.01	0.01		0	0.01
9.79	-0.01	0.01		0.01	0.01
9.80	-0.01	0.01		0.01	0.01
9.81	0	0.02		0.02	0.02
9.82	0	0.02		0.01	0.02
9.83	0	0.02		0.01	0.02
9.84	0	0.01		0.01	0.01
9.85	0	0.01		0	0.01
9.86	0	0.01		-0.01	0.01
9.87	0.01	0.01		-0.01	0.01
9.88	0.01	0.01		-0.01	0.01
9.89	0.02	0.01		0	0.01
9.90	0.02	0.01		0.01	0.01
9.91	0.01	0.01		0.01	0.01
9.92	0	0.02		0.02	0.02
9.93	-0.01	0.02		0.02	0.02
9.94	-0.01	0.01		0.01	0.01
9.95	-0.01	0.01		0.01	0.01
9.96	-0.01	0.01		0	0.01
9.97	0	0.01		0	0.01
9.98	0	0.01		0	0.01
9.99	0.01	0.01		0.01	0.01
10.00	0.01	0.01		0.02	0.01
10.01	0	0.02		0.03	0.02
10.02	-0.01	0.03		0.03	0.03
10.03	-0.01	0.03		0.03	0.03
10.04	-0.01	0.03		0.03	0.03
10.05	-0.01	0.03		0.02	0.03
10.06	-0.01	0.02		0.02	0.02
10.07	-0.01	0.01		0.02	0.01
10.08	-0.01	0		0.02	0
10.09	0	0		0.03	0
10.10	0.01	-0.01		0.03	-0.01
10.11	0.01	0		0.03	0
10.12	0.01	0		0.03	0
10.13	0	0		0.03	0
10.14	0	0		0.02	0
10.15	-0.01	0		0.02	0
10.16	-0.01	0		0.02	0
10.17	0	0		0.02	0
10.18	0	0		0.02	0
10.19	0.01	0		0.01	0
10.20	0.01	0		0	0
10.21	0.02	0		0	0
10.22	0.02	0.01		0	0.01
10.23	0.02	0.01		0	0.01
10.24	0.01	0.01		0	0.01
10.25	0.01	0.01		0	0.01
10.26	0	0.01		0.01	0.01
10.27	-0.01	0.01		0	0.01
10.28	-0.01	0		0	0
10.29	0	0		-0.01	0
10.30	0.01	-0.01		-0.02	-0.01
10.31	0.01	-0.01		-0.02	-0.01
10.32	0.02	-0.01		-0.02	-0.01
10.33	0.02	-0.01		-0.01	-0.01
10.34	0.02	-0.01		-0.01	-0.01
10.35	0.02	-0.01		0	-0.01
10.36	0.01	0		0.01	0
10.37	0.01	0		0.01	0
10.38	0.01	0		0.01	0
10.39	0.01	0		0	0
10.40	0.01	0		0	0
10.41	0.01	0		-0.01	0
10.42	0.01	0		-0.01	0
10.43	0.01	0		-0.02	0
10.44	0.01	0		-0.03	0
10.45	0.01	0		-0.03	0
10.46	0.01	0		-0.03	0
10.47	0.01	0		-0.02	0
10.48	0	0.01		-0.01	0.01
10.49	0	0.01		0	0.01
10.50	0	0.02		0	0.02
10.51	-0.01	0.02		0.01	0.02
10.52	-0.01	0.02		0.01	0.02
10.53	-0.01	0.02		0.02	0.02
10.54	-0.02	0.02		0.02	0.02
10.55	-0.02	0.01		0.02	0.01
10.56	-0.01	0.01		0.02	0.01
10.57	-0.01	0.01		0.02	0.01
10.58	-0.01	0.01		0.02	0.01
10.59	0	0.01		0.02	0.01
10.60	0	0.01		0.01	0.01
10.61	0.01	0.01		0.01	0.01
10.62	0.01	0		0.01	0
10.63	0.01	0		0	0
10.64	0.01	-0.01		-0.01	-0.01
10.65	0	-0.01		-0.02	-0.01
10.66	-0.01	-0.01		-0.02	-0.01
10.67	-0.02	-0.01		-0.02	-0.01
10.68	-0.02	-0.02		-0.02	-0.02
10.69	-0.03	-0.02		-0.01	-0.02
10.70	-0.03	-0.02		0	-0.02
10.71	-0.03	-0.02		0.01	-0.02
10.72	-0.03	-0.02		0.02	-0.02
10.73	-0.03	-0.02		0.02	-0.02
10.74	-0.02	-0.02		0.02	-0.02
10.75	-0.01	-0.02		0.01	-0.02
10.76	0	-0.02		0.01	-0.02
10.77	0.01	-0.01		0	-0.01
10.78	0.01	-0.01		-0.01	-0.01
10.79	0.02	-0.02		-0.02	-0.02
10.80	0.01	-0.02		-0.02	-0.02
10.81	0.01	-0.01		-0.02	-0.01
10.82	0.01	-0.01		-0.02	-0.01
10.83	0	0		-0.01	0
10.84	0	0.01		0	0.01
10.85	0	0.02		0.01	0.02
10.86	0	0.03		0.01	0.03
10.87	0	0.03		0.01	0.03
10.88	0	0.03		0.01	0.03
10.89	0	0.02		0.01	0.02
10.90	0	0.01		0.01	0.01
10.91	0.01	0.01		0.01	0.01
10.92	0.01	0.01		0.01	0.01
10.93	0.01	0.01		0.01	0.01
10.94	0.01	0.01		0.01	0.01
10.95	0.01	0		0.01	0
10.96	0.01	0		0.01	0
10.97	0	-0.01		0.01	-0.01
10.98	0	-0.01		0	-0.01
10.99	0	-0.01		-0.01	-0.01
11.00	0.01	-0.01		-0.01	-0.01
11.01	0.01	0		-0.02	0
11.02	0.02	0		-0.02	0
11.03	0.02	0		-0.02	0
11.04	0.02	0		-0.02	0
11.05	0.01	0.01		-0.02	0.01
11.06	0	0.01		-0.02	0.01
11.07	-0.01	0.01		-0.02	0.01
11.08	-0.02	0.02		-0.02	0.02
11.09	-0.02	0.02		-0.02	0.02
11.10	-0.02	0.02		-0.01	0.02
11.11	-0.02	0.02		-0.01	0.02
11.12	-0.02	0.02		0	0.02
11.13	-0.02	0.02		0	0.02
11.14	-0.02	0.01		0.01	0.01
11.15	-0.01	0.01		0.01	0.01
11.16	-0.01	0		0.01	0
11.17	-0.01	0		0.01	0
11.18	-0.01	0		0.01	0
11.19	-0.01	0		0	0
11.20	0	0		0	0
11.21	0	0		-0.01	0
11.22	0.01	0		-0.01	0
11.23	0.02	-0.01		-0.01	-0.01
11.24	0.03	-0.01		-0.02	-0.01
11.25	0.03	-0.01		-0.01	-0.01
11.26	0.03	-0.01		-0.01	-0.01
11.27	0.04	-0.02		0	-0.02
11.28	0.04	-0.02		0	-0.02
11.29	0.04	-0.02		0.01	-0.02
11.30	0.04	-0.01		0.01	-0.01
11.31	0.05	-0.01		0.01	-0.01
11.32	0.05	0		0.02	0
11.33	0.06	0		0.02	0
11.34	0.06	0		0.03	0
11.35	0.06	0		0.04	0
11.36	0.07	0		0.06	0
11.37	0.08	0		0.06	0
11.38	0.08	0		0.07	0
11.39	0.09	-0.01		0.07	-0.01
11.40	0.09	-0.01		0.07	-0.01
11.41	0.09	0		0.07	0
11.42	0.07	0		0.07	0
11.43	0.06	0		0.07	0
11.44	0.04	0		0.06	0
11.45	0.03	0.01		0.06	0.01
11.46	0.03	0.01		0.06	0.01
11.47	0.03	0.01		0.06	0.01
11.48	0.03	0.02		0.06	0.02
11.49	0.04	0.02		0.05	0.02
11.50	0.04	0.02		0.05	0.02
11.51	0.05	0.02		0.04	0.02
11.52	0.05	0.02		0.03	0.02
11.53	0.05	0.01		0.03	0.01
11.54	0.05	0.01		0.02	0.01
11.55	0.05	0.01		0.02	0.01
11.56	0.04	0		0.01	0
11.57	0.03	0		0.01	0
11.58	0.03	0		0.02	0
11.59	0.02	0.01		0.02	0.01
11.60	0.02	0.01		0.02	0.01
11.61	0.02	0.02		0.02	0.02
11.62	0.03	0.02		0.02	0.02
11.63	0.03	0.02		0.01	0.02
11.64	0.03	0.02		0.01	0.02
11.65	0.04	0.02		0	0.02
11.66	0.04	0.02		0	0.02
11.67	0.04	0.01		0	0.01
11.68	0.03	0.01		0	0.01
11.69	0.03	0		0.01	0
11.70	0.02	0		0.01	0
11.71	0	-0.01		0.02	-0.01
11.72	-0.01	-0.01		0.02	-0.01
11.73	-0.01	0		0.02	0
11.74	-0.02	0.01		0.02	0.01
11.75	-0.02	0.02		0.02	0.02
11.76	-0.01	0.02		0.02	0.02
11.77	0	0.03		0.02	0.03
11.78	0.01	0.03		0.03	0.03
11.79	0.01	0.03		0.03	0.03
11.80	0.02	0.03		0.03	0.03
11.81	0.01	0.03		0.03	0.03
11.82	0.01	0.03		0.03	0.03
11.83	0.01	0.02		0.04	0.02
11.84	0.01	0.02		0.04	0.02
11.85	0.01	0.02		0.04	0.02
11.86	0.01	0.02		0.05	0.02
11.87	0.01	0.01		0.04	0.01
11.88	0.01	0.01		0.04	0.01
11.89	0.02	0.01		0.04	0.01
11.90	0.02	0		0.03	0
11.91	0.02	0		0.02	0
11.92	0.02	0		0.01	0
11.93	0.02	-0.01		0	-0.01
11.94	0.02	-0.01		-0.01	-0.01
11.95	0.02	-0.01		-0.02	-0.01
11.96	0.01	0		-0.02	0
11.97	0.01	0.01		-0.02	0.01
11.98	0	0.01		-0.02	0.01
11.99	-0.01	0.02		-0.02	0.02
12.00	-0.01	0.02		-0.02	0.02
12.01	-0.02	0.02		-0.03	0.02
12.02	-0.02	0.03		-0.03	0.03
12.03	-0.02	0.03		-0.04	0.03
12.04	-0.02	0.04		-0.04	0.04
12.05	-0.01	0.04		-0.03	0.04
12.06	-0.01	0.05		-0.02	0.05
12.07	-0.01	0.06		-0.01	0.06
12.08	-0.01	0.07		0	0.07
12.09	-0.02	0.07		0.01	0.07
12.10	-0.03	0.07		0.01	0.07
12.11	-0.03	0.06		0.01	0.06
12.12	-0.03	0.05		0.02	0.05
12.13	-0.02	0.03		0.02	0.03
12.14	-0.02	0.02		0.03	0.02
12.15	-0.01	0.01		0.03	0.01
12.16	0	0		0.03	0
12.17	0.01	0		0.03	0
12.18	0.01	-0.01		0.02	-0.01
12.19	0.01	-0.02		0.01	-0.02
12.20	0.01	-0.03		0	-0.03
12.21	0	-0.04		-0.02	-0.04
12.22	0	-0.04		-0.02	-0.04
12.23	-0.01	-0.04		-0.03	-0.04
12.24	-0.01	-0.04		-0.03	-0.04
12.25	-0.01	-0.03		-0.02	-0.03
12.26	-0.01	-0.02		-0.02	-0.02
12.27	-0.01	-0.01		-0.02	-0.01
12.28	-0.01	-0.01		-0.02	-0.01
12.29	0	-0.01		-0.02	-0.01
12.30	0	-0.01		-0.02	-0.01
12.31	0	-0.01		-0.02	-0.01
12.32	0	-0.01		-0.02	-0.01
12.33	-0.01	0		-0.02	0
12.34	-0.01	0		-0.02	0
12.35	-0.01	0		-0.02	0
12.36	-0.01	0		-0.02	0
12.37	-0.01	0		-0.01	0
12.38	-0.01	-0.01		-0.01	-0.01
12.39	-0.02	-0.02		0	-0.02
12.40	-0.02	-0.02		0	-0.02
12.41	-0.02	-0.03		0.01	-0.03
12.42	-0.02	-0.03		0.02	-0.03
12.43	-0.02	-0.02		0.02	-0.02
12.44	-0.01	-0.01		0.03	-0.01
12.45	-0.01	-0.01		0.03	-0.01
12.46	0	0		0.03	0
12.47	0	0.01		0.03	0.01
12.48	0	0.01		0.02	0.01
12.49	0	0.01		0.02	0.01
12.50	-0.01	0		0.01	0
12.51	-0.01	-0.01		0.01	-0.01
12.52	-0.01	-0.02		0	-0.02
12.53	-0.01	-0.03		0	-0.03
12.54	0	-0.05		0	-0.05
12.55	0.01	-0.06		0.01	-0.06
12.56	0.02	-0.06		0.01	-0.06
12.57	0.03	-0.06		0.01	-0.06
12.58	0.03	-0.05		0.01	-0.05
12.59	0.03	-0.04		0.01	-0.04
12.60	0.03	-0.02		0.02	-0.02
12.61	0.02	-0.01		0.02	-0.01
12.62	0.01	0		0.02	0
12.63	0	0		0.03	0
12.64	0	0		0.03	0
12.65	-0.01	0		0.03	0
12.66	-0.01	0		0.02	0
12.67	-0.01	-0.01		0.02	-0.01
12.68	-0.01	-0.01		0.01	-0.01
12.69	0	-0.02		-0.01	-0.02
12.70	0	-0.02		-0.02	-0.02
12.71	0.01	-0.02		-0.02	-0.02
12.72	0.01	-0.02		-0.03	-0.02
12.73	0.02	-0.02		-0.02	-0.02
12.74	0.02	-0.01		-0.02	-0.01
12.75	0.02	0		-0.01	0
12.76	0.02	0.01		-0.01	0.01
12.77	0.02	0.02		0	0.02
12.78	0.02	0.03		0	0.03
12.79	0.02	0.03		0.01	0.03
12.80	0.02	0.03		0.01	0.03
12.81	0.02	0.02		0.02	0.02
12.82	0.02	0.02		0.03	0.02
12.83	0.02	0.01		0.03	0.01
12.84	0.02	0.01		0.04	0.01
12.85	0.02	0.01		0.04	0.01
12.86	0.02	0.01		0.04	0.01
12.87	0.02	0.01		0.03	0.01
12.88	0.03	0.02		0.02	0.02
12.89	0.04	0.03		0.01	0.03
12.90	0.04	0.03		0	0.03
12.91	0.05	0.03		0	0.03
12.92	0.05	0.04		0	0.04
12.93	0.06	0.03		0	0.03
12.94	0.06	0.03		0.01	0.03
12.95	0.06	0.02		0.01	0.02
12.96	0.06	0		0.02	0
12.97	0.06	-0.01		0.02	-0.01
12.98	0.06	-0.03		0.03	-0.03
12.99	0.06	-0.05		0.03	-0.05
13.00	0.06	-0.06		0.03	-0.06
13.01	0.05	-0.08		0.03	-0.08
13.02	0.05	-0.08		0.03	-0.08
13.03	0.04	-0.08		0.03	-0.08
13.04	0.04	-0.07		0.03	-0.07
13.05	0.04	-0.06		0.03	-0.06
13.06	0.04	-0.05		0.03	-0.05
13.07	0.04	-0.04		0.02	-0.04
13.08	0.04	-0.03		0.02	-0.03
13.09	0.04	-0.02		0.02	-0.02
13.10	0.04	-0.02		0.01	-0.02
13.11	0.04	-0.02		0.01	-0.02
13.12	0.05	-0.02		0.01	-0.02
13.13	0.05	-0.02		0.01	-0.02
13.14	0.05	-0.01		0.02	-0.01
13.15	0.05	0.01		0.02	0.01
13.16	0.04	0.03		0.03	0.03
13.17	0.04	0.06		0.04	0.06
13.18	0.04	0.09		0.04	0.09
13.19	0.04	0.12		0.04	0.12
13.20	0.03	0.14		0.04	0.14
13.21	0.03	0.16		0.04	0.16
13.22	0.04	0.16		0.04	0.16
13.23	0.04	0.16		0.04	0.16
13.24	0.04	0.14		0.04	0.14
13.25	0.04	0.12		0.03	0.12
13.26	0.04	0.1		0.03	0.1
13.27	0.05	0.08		0.03	0.08
13.28	0.05	0.07		0.02	0.07
13.29	0.05	0.06		0.02	0.06
13.30	0.05	0.05		0.02	0.05
13.31	0.05	0.05		0.02	0.05
13.32	0.05	0.06		0.02	0.06
13.33	0.05	0.08		0.02	0.08
13.34	0.05	0.1		0.02	0.1
13.35	0.05	0.12		0.02	0.12
13.36	0.05	0.14		0.02	0.14
13.37	0.05	0.16		0.02	0.16
13.38	0.06	0.17		0.02	0.17
13.39	0.06	0.17		0.03	0.17
13.40	0.06	0.17		0.03	0.17
13.41	0.06	0.16		0.04	0.16
13.42	0.06	0.14		0.05	0.14
13.43	0.06	0.13		0.05	0.13
13.44	0.05	0.11		0.06	0.11
13.45	0.05	0.1		0.06	0.1
13.46	0.05	0.09		0.06	0.09
13.47	0.05	0.08		0.06	0.08
13.48	0.05	0.08		0.06	0.08
13.49	0.05	0.07		0.05	0.07
13.50	0.05	0.06		0.04	0.06
13.51	0.06	0.04		0.04	0.04
13.52	0.06	0.02		0.03	0.02
13.53	0.05	-0.01		0.03	-0.01
13.54	0.05	-0.04		0.03	-0.04
13.55	0.05	-0.07		0.03	-0.07
13.56	0.04	-0.09		0.03	-0.09
13.57	0.04	-0.12		0.03	-0.12
13.58	0.04	-0.13		0.03	-0.13
13.59	0.04	-0.13		0.03	-0.13
13.60	0.04	-0.12		0.02	-0.12
13.61	0.05	-0.11		0.02	-0.11
13.62	0.06	-0.09		0.01	-0.09
13.63	0.06	-0.06		0.01	-0.06
13.64	0.07	-0.04		0.01	-0.04
13.65	0.08	-0.02		0.01	-0.02
13.66	0.08	-0.01		0.01	-0.01
13.67	0.09	0		0.01	0
13.68	0.09	0.01		0.02	0.01
13.69	0.09	0.01		0.02	0.01
13.70	0.08	0.01		0.02	0.01
13.71	0.08	0		0.03	0
13.72	0.07	0		0.03	0
13.73	0.06	0		0.03	0
13.74	0.06	0		0.04	0
13.75	0.05	-0.01		0.04	-0.01
13.76	0.05	-0.01		0.03	-0.01
13.77	0.04	0		0.03	0
13.78	0.04	0		0.03	0
13.79	0.05	0		0.02	0
13.80	0.05	0.01		0.02	0.01
13.81	0.05	0.01		0.02	0.01
13.82	0.06	0.01		0.01	0.01
13.83	0.06	0.01		0.01	0.01
13.84	0.06	0.01		0.01	0.01
13.85	0.05	0.01		0.01	0.01
13.86	0.04	0		0.01	0
13.87	0.03	-0.01		0.01	-0.01
13.88	0.02	-0.01		0.01	-0.01
13.89	0.01	-0.02		0.01	-0.02
13.90	0	-0.03		0.01	-0.03
13.91	-0.01	-0.03		0.01	-0.03
13.92	-0.01	-0.03		0.01	-0.03
13.93	-0.02	-0.03		0.01	-0.03
13.94	-0.02	-0.03		0.01	-0.03
13.95	-0.02	-0.02		0.01	-0.02
13.96	-0.02	-0.02		0.01	-0.02
13.97	-0.01	-0.01		0.01	-0.01
13.98	-0.01	-0.01		0.01	-0.01
13.99	-0.01	0		0.01	0
14.00	0	0		0.02	0
14.01	0	0.01		0.02	0.01
14.02	0.01	0.01		0.03	0.01
14.03	0.01	0.02		0.03	0.02
14.04	0.02	0.02		0.03	0.02
14.05	0.02	0.03		0.04	0.03
14.06	0.02	0.03		0.04	0.03
14.07	0.02	0.03		0.03	0.03
14.08	0.02	0.03		0.03	0.03
14.09	0.02	0.03		0.02	0.03
14.10	0.02	0.03		0.01	0.03
14.11	0.02	0.03		0	0.03
14.12	0.01	0.03		-0.01	0.03
14.13	0.01	0.03		-0.01	0.03
14.14	0.01	0.03		-0.01	0.03
14.15	0.01	0.04		-0.02	0.04
14.16	0.01	0.04		-0.02	0.04
14.17	0.01	0.04		-0.01	0.04
14.18	0.01	0.04		-0.01	0.04
14.19	0.01	0.04		-0.01	0.04
14.20	0	0.04		0	0.04
14.21	0	0.03		0	0.03
14.22	-0.01	0.03		0	0.03
14.23	-0.01	0.03		0.01	0.03
14.24	-0.02	0.03		0.02	0.03
14.25	-0.03	0.02		0.02	0.02
14.26	-0.03	0.02		0.03	0.02
14.27	-0.04	0.02		0.04	0.02
14.28	-0.04	0.02		0.05	0.02
14.29	-0.05	0.01		0.05	0.01
14.30	-0.04	0.01		0.05	0.01
14.31	-0.04	0		0.05	0
14.32	-0.04	0		0.05	0
14.33	-0.03	0		0.04	0
14.34	-0.02	0		0.04	0
14.35	-0.02	0		0.03	0
14.36	-0.01	0.01		0.02	0.01
14.37	0	0.01		0.01	0.01
14.38	0	0.02		0.01	0.02
14.39	0.01	0.02		0	0.02
14.40	0.01	0.03		-0.01	0.03
14.41	0.02	0.03		-0.01	0.03
14.42	0.02	0.03		-0.02	0.03
14.43	0.02	0.04		-0.03	0.04
14.44	0.03	0.04		-0.03	0.04
14.45	0.04	0.04		-0.03	0.04
14.46	0.04	0.04		-0.04	0.04
14.47	0.05	0.04		-0.04	0.04
14.48	0.06	0.04		-0.04	0.04
14.49	0.07	0.04		-0.04	0.04
14.50	0.07	0.03		-0.04	0.03
14.51	0.08	0.03		-0.03	0.03
14.52	0.07	0.02		-0.03	0.02
14.53	0.07	0.02		-0.03	0.02
14.54	0.06	0.01		-0.02	0.01
14.55	0.05	0		-0.02	0
14.56	0.04	-0.01		-0.02	-0.01
14.57	0.03	-0.02		-0.01	-0.02
14.58	0.03	-0.02		-0.01	-0.02
14.59	0.02	-0.03		-0.01	-0.03
14.60	0.01	-0.03		-0.01	-0.03
14.61	0.01	-0.03		-0.02	-0.03
14.62	0	-0.03		-0.02	-0.03
14.63	0	-0.03		-0.02	-0.03
14.64	0	-0.02		-0.03	-0.02
14.65	0	-0.02		-0.03	-0.02
14.66	0	-0.01		-0.03	-0.01
14.67	-0.01	-0.01		-0.03	-0.01
14.68	-0.01	-0.01		-0.03	-0.01
14.69	-0.01	0		-0.03	0
14.70	0	0.01		-0.03	0.01
14.71	0	0.01		-0.02	0.01
14.72	0	0.02		-0.02	0.02
14.73	0	0.02		-0.01	0.02
14.74	0.01	0.02		0	0.02
14.75	0.01	0.02		0.01	0.02
14.76	0.02	0.02		0.01	0.02
14.77	0.02	0.02		0.02	0.02
14.78	0.02	0.01		0.03	0.01
14.79	0.03	0.01		0.03	0.01
14.80	0.03	0		0.03	0
14.81	0.03	0		0.04	0
14.82	0.02	-0.01		0.04	-0.01
14.83	0.02	-0.01		0.04	-0.01
14.84	0.01	-0.01		0.04	-0.01
14.85	0.01	-0.01		0.04	-0.01
14.86	0.01	-0.01		0.04	-0.01
14.87	0	-0.01		0.03	-0.01
14.88	0	0		0.03	0
14.89	0	0		0.03	0
14.90	0.01	0		0.03	0
14.91	0.01	0		0.02	0
14.92	0.02	0.01		0.02	0.01
14.93	0.02	0.01		0.01	0.01
14.94	0.02	0.01		0.01	0.01
14.95	0.02	0.01		0	0.01
14.96	0.02	0.01		-0.01	0.01
14.97	0.02	0.01		-0.02	0.01
14.98	0.01	0.01		-0.02	0.01
14.99	0.01	0.01		-0.03	0.01
15.00	0.01	0.01		-0.04	0.01
15.01	0	0		-0.04	0
15.02	0	0		-0.04	0
15.03	0	0		-0.04	0
15.04	0.01	0		-0.04	0
15.05	0.01	0		-0.05	0
15.06	0.01	0		-0.04	0
15.07	0.02	0		-0.04	0
15.08	0.02	0.01		-0.04	0.01
15.09	0.03	0.01		-0.04	0.01
15.10	0.03	0.01		-0.03	0.01
15.11	0.04	0.01		-0.03	0.01
15.12	0.04	0.02		-0.02	0.02
15.13	0.04	0.02		-0.02	0.02
15.14	0.04	0.02		-0.01	0.02
15.15	0.04	0.03		-0.01	0.03
15.16	0.03	0.03		0	0.03
15.17	0.03	0.03		0	0.03
15.18	0.03	0.03		0	0.03
15.19	0.02	0.03		0	0.03
15.20	0.02	0.03		0	0.03
15.21	0.02	0.02		0	0.02
15.22	0.02	0.02		-0.01	0.02
15.23	0.02	0.02		-0.01	0.02
15.24	0.02	0.01		-0.01	0.01
15.25	0.02	0.01		-0.02	0.01
15.26	0.02	0.01		-0.02	0.01
15.27	0.02	0.01		-0.03	0.01
15.28	0.02	0.01		-0.03	0.01
15.29	0.02	0.02		-0.03	0.02
15.30	0.02	0.02		-0.04	0.02
15.31	0.01	0.02		-0.04	0.02
15.32	0.01	0.02		-0.05	0.02
15.33	0.02	0.02		-0.05	0.02
15.34	0.02	0.02		-0.05	0.02
15.35	0.02	0.02		-0.06	0.02
15.36	0.02	0.01		-0.06	0.01
15.37	0.02	0.01		-0.06	0.01
15.38	0.02	0.01		-0.06	0.01
15.39	0.02	0.01		-0.05	0.01
15.40	0.01	0.01		-0.05	0.01
15.41	0.01	0.01		-0.04	0.01
15.42	0	0.01		-0.03	0.01
15.43	0	0.01		-0.02	0.01
15.44	-0.01	0.01		-0.02	0.01
15.45	-0.01	0.02		-0.01	0.02
15.46	-0.01	0.02		0	0.02
15.47	-0.02	0.02		0	0.02
15.48	-0.02	0.02		0.01	0.02
15.49	-0.02	0.01		0.01	0.01
15.50	-0.02	0.01		0.01	0.01
15.51	-0.02	0.01		0.01	0.01
15.52	-0.02	0		0.01	0
15.53	-0.01	0		0.01	0
15.54	-0.01	0		0.01	0
15.55	-0.01	-0.01		0.01	-0.01
15.56	0	-0.01		0.01	-0.01
15.57	0	-0.01		0.01	-0.01
15.58	0.01	-0.01		0.01	-0.01
15.59	0.01	-0.01		0	-0.01
15.60	0.02	-0.01		0	-0.01
15.61	0.02	-0.01		-0.01	-0.01
15.62	0.03	-0.01		-0.01	-0.01
15.63	0.03	-0.01		-0.01	-0.01
15.64	0.03	-0.01		-0.02	-0.01
15.65	0.03	-0.01		-0.02	-0.01
15.66	0.03	-0.02		-0.02	-0.02
15.67	0.02	-0.02		-0.03	-0.02
15.68	0.02	-0.02		-0.03	-0.02
15.69	0.02	-0.02		-0.03	-0.02
15.70	0.02	-0.01		-0.02	-0.01
15.71	0.01	-0.01		-0.02	-0.01
15.72	0.01	0		-0.02	0
15.73	0.01	0		-0.02	0
15.74	0.01	0.01		-0.02	0.01
15.75	0.01	0.02		-0.01	0.02
15.76	0.01	0.02		-0.01	0.02
15.77	0.01	0.03		-0.01	0.03
15.78	0.01	0.03		0	0.03
15.79	0.01	0.03		0	0.03
15.80	0.02	0.03		0	0.03
15.81	0.02	0.03		0.01	0.03
15.82	0.02	0.03		0.01	0.03
15.83	0.02	0.02		0.01	0.02
15.84	0.02	0.02		0.01	0.02
15.85	0.02	0.01		0.01	0.01
15.86	0.02	0		0.01	0
15.87	0.02	0		0.01	0
15.88	0.01	-0.01		0.01	-0.01
15.89	0.01	-0.01		0.01	-0.01
15.90	0	-0.02		0.01	-0.02
15.91	-0.01	-0.03		0.01	-0.03
15.92	-0.02	-0.03		0	-0.03
15.93	-0.03	-0.04		0	-0.04
15.94	-0.04	-0.04		0	-0.04
15.95	-0.05	-0.04		0	-0.04
15.96	-0.05	-0.05		0	-0.05
15.97	-0.05	-0.05		0	-0.05
15.98	-0.05	-0.05		0	-0.05
15.99	-0.05	-0.06		0	-0.06
16.00	-0.05	-0.06		0	-0.06
16.01	-0.05	-0.06		0	-0.06
16.02	-0.04	-0.06		0.01	-0.06
16.03	-0.04	-0.06		0.01	-0.06
16.04	-0.03	-0.06		0.01	-0.06
16.05	-0.03	-0.06		0.01	-0.06
16.06	-0.03	-0.06		0	-0.06
16.07	-0.02	-0.05		0	-0.05
16.08	-0.02	-0.05		-0.01	-0.05
16.09	-0.02	-0.05		-0.01	-0.05
16.10	-0.01	-0.04		-0.02	-0.04
16.11	-0.01	-0.04		-0.02	-0.04
16.12	-0.01	-0.03		-0.03	-0.03
16.13	-0.01	-0.03		-0.03	-0.03
16.14	0	-0.02		-0.04	-0.02
16.15	0	-0.01		-0.04	-0.01
16.16	0	0		-0.04	0
16.17	0	0.01		-0.04	0.01
16.18	0	0.02		-0.04	0.02
16.19	0	0.03		-0.03	0.03
16.20	0	0.03		-0.03	0.03
16.21	0	0.04		-0.04	0.04
16.22	0	0.04		-0.04	0.04
16.23	0.01	0.05		-0.04	0.05
16.24	0.01	0.04		-0.04	0.04
16.25	0.01	0.04		-0.04	0.04
16.26	0.01	0.04		-0.04	0.04
16.27	0.02	0.03		-0.04	0.03
16.28	0.02	0.02		-0.04	0.02
16.29	0.03	0.02		-0.04	0.02
16.30	0.03	0.01		-0.03	0.01
16.31	0.03	0		-0.02	0
16.32	0.04	0		-0.02	0
16.33	0.04	-0.01		-0.01	-0.01
16.34	0.04	-0.01		0	-0.01
16.35	0.04	-0.02		0.01	-0.02
16.36	0.04	-0.02		0.02	-0.02
16.37	0.03	-0.02		0.02	-0.02
16.38	0.03	-0.02		0.02	-0.02
16.39	0.03	-0.02		0.02	-0.02
16.40	0.02	-0.03		0.02	-0.03
16.41	0.02	-0.03		0.02	-0.03
16.42	0.01	-0.03		0.01	-0.03
16.43	0.01	-0.03		0.01	-0.03
16.44	0.01	-0.03		0	-0.03
16.45	0.01	-0.03		0	-0.03
16.46	0.01	-0.03		0	-0.03
16.47	0.01	-0.02		0	-0.02
16.48	0.01	-0.02		0	-0.02
16.49	0.01	-0.01		0.01	-0.01
16.50	0.01	0		0.01	0
16.51	0.01	0.01		0.01	0.01
16.52	0.02	0.01		0.02	0.01
16.53	0.02	0.02		0.02	0.02
16.54	0.02	0.02		0.03	0.02
16.55	0.02	0.03		0.03	0.03
16.56	0.02	0.03		0.03	0.03
16.57	0.02	0.03		0.03	0.03
16.58	0.01	0.02		0.03	0.02
16.59	0.01	0.02		0.03	0.02
16.60	0.01	0.01		0.02	0.01
16.61	0.01	0		0.02	0
16.62	0.01	0		0.02	0
16.63	0.01	-0.01		0.02	-0.01
16.64	0	-0.02		0.02	-0.02
16.65	0	-0.02		0.02	-0.02
16.66	0	-0.03		0.02	-0.03
16.67	0	-0.03		0.02	-0.03
16.68	0	-0.03		0.02	-0.03
16.69	0	-0.03		0.02	-0.03
16.70	0	-0.03		0.02	-0.03
16.71	0	-0.03		0.02	-0.03
16.72	0	-0.02		0.02	-0.02
16.73	0	-0.02		0.02	-0.02
16.74	0	-0.01		0.02	-0.01
16.75	0	0		0.02	0
16.76	0	0.01		0.02	0.01
16.77	-0.01	0.01		0.02	0.01
16.78	-0.01	0.02		0.02	0.02
16.79	-0.01	0.02		0.02	0.02
16.80	-0.01	0.03		0.02	0.03
16.81	-0.02	0.03		0.02	0.03
16.82	-0.02	0.03		0.02	0.03
16.83	-0.03	0.03		0.02	0.03
16.84	-0.03	0.02		0.02	0.02
16.85	-0.04	0.02		0.03	0.02
16.86	-0.04	0.01		0.03	0.01
16.87	-0.04	0.01		0.03	0.01
16.88	-0.04	0.01		0.03	0.01
16.89	-0.04	0		0.04	0
16.90	-0.04	0		0.04	0
16.91	-0.04	0		0.04	0
16.92	-0.04	0		0.04	0
16.93	-0.04	0.01		0.04	0.01
16.94	-0.04	0.01		0.04	0.01
16.95	-0.03	0.02		0.04	0.02
16.96	-0.03	0.03		0.04	0.03
16.97	-0.02	0.04		0.03	0.04
16.98	-0.02	0.04		0.03	0.04
16.99	-0.01	0.05		0.03	0.05
17.00	-0.01	0.05		0.03	0.05
17.01	0	0.05		0.02	0.05
17.02	0.01	0.05		0.02	0.05
17.03	0.02	0.05		0.02	0.05
17.04	0.02	0.05		0.01	0.05
17.05	0.03	0.04		0.01	0.04
17.06	0.04	0.04		0	0.04
17.07	0.04	0.03		0	0.03
17.08	0.05	0.02		0	0.02
17.09	0.05	0.01		-0.01	0.01
17.10	0.05	0		-0.01	0
17.11	0.05	-0.01		-0.01	-0.01
17.12	0.05	-0.01		-0.01	-0.01
17.13	0.05	-0.02		-0.01	-0.02
17.14	0.04	-0.02		-0.01	-0.02
17.15	0.03	-0.02		-0.01	-0.02
17.16	0.02	-0.03		0	-0.03
17.17	0.01	-0.03		0	-0.03
17.18	0	-0.03		0.01	-0.03
17.19	-0.01	-0.03		0.01	-0.03
17.20	-0.02	-0.03		0.02	-0.03
17.21	-0.03	-0.03		0.02	-0.03
17.22	-0.03	-0.02		0.03	-0.02
17.23	-0.04	-0.02		0.03	-0.02
17.24	-0.05	-0.02		0.03	-0.02
17.25	-0.05	-0.01		0.04	-0.01
17.26	-0.05	-0.01		0.04	-0.01
17.27	-0.06	0		0.04	0
17.28	-0.06	0		0.04	0
17.29	-0.06	0.01		0.04	0.01
17.30	-0.06	0.02		0.04	0.02
17.31	-0.06	0.02		0.03	0.02
17.32	-0.06	0.03		0.03	0.03
17.33	-0.06	0.03		0.03	0.03
17.34	-0.06	0.04		0.02	0.04
17.35	-0.05	0.04		0.01	0.04
17.36	-0.05	0.04		0.01	0.04
17.37	-0.04	0.04		0	0.04
17.38	-0.04	0.03		-0.01	0.03
17.39	-0.04	0.03		-0.01	0.03
17.40	-0.03	0.02		-0.02	0.02
17.41	-0.03	0.01		-0.02	0.01
17.42	-0.03	0.01		-0.02	0.01
17.43	-0.02	0		-0.02	0
17.44	-0.02	0		-0.02	0
17.45	-0.03	-0.01		-0.02	-0.01
17.46	-0.03	-0.01		-0.01	-0.01
17.47	-0.03	-0.01		-0.01	-0.01
17.48	-0.03	-0.01		0	-0.01
17.49	-0.04	-0.01		0.01	-0.01
17.50	-0.04	0		0.02	0
17.51	-0.04	0.01		0.03	0.01
17.52	-0.04	0.01		0.04	0.01
17.53	-0.05	0.02		0.05	0.02
17.54	-0.04	0.03		0.05	0.03
17.55	-0.04	0.04		0.05	0.04
17.56	-0.04	0.06		0.06	0.06
17.57	-0.03	0.07		0.06	0.07
17.58	-0.03	0.07		0.05	0.07
17.59	-0.02	0.08		0.05	0.08
17.60	-0.01	0.09		0.05	0.09
17.61	-0.01	0.09		0.04	0.09
17.62	0	0.09		0.04	0.09
17.63	0.01	0.09		0.03	0.09
17.64	0.01	0.09		0.03	0.09
17.65	0.01	0.09		0.03	0.09
17.66	0.01	0.08		0.02	0.08
17.67	0.01	0.08		0.02	0.08
17.68	0.01	0.07		0.02	0.07
17.69	0.01	0.06		0.02	0.06
17.70	0	0.05		0.02	0.05
17.71	0	0.04		0.02	0.04
17.72	-0.01	0.03		0.02	0.03
17.73	-0.02	0.02		0.02	0.02
17.74	-0.02	0.01		0.03	0.01
17.75	-0.02	0		0.03	0
17.76	-0.03	-0.01		0.03	-0.01
17.77	-0.03	-0.02		0.03	-0.02
17.78	-0.03	-0.03		0.04	-0.03
17.79	-0.03	-0.04		0.04	-0.04
17.80	-0.03	-0.04		0.05	-0.04
17.81	-0.03	-0.05		0.05	-0.05
17.82	-0.02	-0.05		0.05	-0.05
17.83	-0.02	-0.06		0.06	-0.06
17.84	-0.02	-0.06		0.06	-0.06
17.85	-0.01	-0.07		0.06	-0.07
17.86	-0.01	-0.07		0.06	-0.07
17.87	-0.01	-0.07		0.05	-0.07
17.88	0	-0.07		0.05	-0.07
17.89	0	-0.07		0.04	-0.07
17.90	0	-0.07		0.04	-0.07
17.91	0.01	-0.07		0.03	-0.07
17.92	0.01	-0.07		0.01	-0.07
17.93	0.01	-0.07		0	-0.07
17.94	0.01	-0.06		-0.01	-0.06
17.95	0.01	-0.06		-0.02	-0.06
17.96	0.01	-0.06		-0.03	-0.06
17.97	0.01	-0.05		-0.05	-0.05
17.98	0.01	-0.04		-0.06	-0.04
17.99	0	-0.04		-0.07	-0.04
18.00	0	-0.03		-0.07	-0.03
18.01	0	-0.02		-0.08	-0.02
18.02	-0.01	-0.02		-0.08	-0.02
18.03	-0.01	-0.01		-0.09	-0.01
18.04	-0.01	0		-0.09	0
18.05	-0.01	0		-0.09	0
18.06	-0.01	0.01		-0.08	0.01
18.07	-0.01	0.01		-0.08	0.01
18.08	-0.02	0.02		-0.07	0.02
18.09	-0.02	0.02		-0.07	0.02
18.10	-0.02	0.02		-0.06	0.02
18.11	-0.01	0.02		-0.05	0.02
18.12	-0.01	0.02		-0.05	0.02
18.13	-0.01	0.01		-0.04	0.01
18.14	-0.01	0.01		-0.03	0.01
18.15	-0.02	0.01		-0.02	0.01
18.16	-0.02	0		-0.02	0
18.17	-0.02	-0.01		-0.01	-0.01
18.18	-0.02	-0.01		0	-0.01
18.19	-0.02	-0.02		0	-0.02
18.20	-0.02	-0.03		0.01	-0.03
18.21	-0.03	-0.03		0.01	-0.03
18.22	-0.03	-0.03		0.01	-0.03
18.23	-0.03	-0.04		0.01	-0.04
18.24	-0.03	-0.04		0.01	-0.04
18.25	-0.04	-0.04		0.01	-0.04
18.26	-0.04	-0.03		0	-0.03
18.27	-0.04	-0.03		0	-0.03
18.28	-0.04	-0.02		-0.01	-0.02
18.29	-0.05	-0.01		-0.01	-0.01
18.30	-0.05	0		-0.02	0
18.31	-0.05	0.01		-0.03	0.01
18.32	-0.06	0.02		-0.03	0.02
18.33	-0.06	0.03		-0.04	0.03
18.34	-0.07	0.04		-0.04	0.04
18.35	-0.07	0.05		-0.05	0.05
18.36	-0.07	0.06		-0.05	0.06
18.37	-0.08	0.07		-0.05	0.07
18.38	-0.08	0.08		-0.06	0.08
18.39	-0.08	0.08		-0.06	0.08
18.40	-0.08	0.08		-0.06	0.08
18.41	-0.08	0.08		-0.06	0.08
18.42	-0.08	0.08		-0.06	0.08
18.43	-0.07	0.08		-0.06	0.08
18.44	-0.06	0.08		-0.05	0.08
18.45	-0.06	0.08		-0.06	0.08
18.46	-0.05	0.07		-0.06	0.07
18.47	-0.04	0.06		-0.06	0.06
18.48	-0.03	0.06		-0.06	0.06
18.49	-0.02	0.05		-0.06	0.05
18.50	-0.01	0.04		-0.06	0.04
18.51	-0.01	0.04		-0.07	0.04
18.52	0	0.03		-0.07	0.03
18.53	0	0.02		-0.07	0.02
18.54	0	0.02		-0.07	0.02
18.55	0	0.01		-0.07	0.01
18.56	0	0.01		-0.07	0.01
18.57	-0.01	0.01		-0.07	0.01
18.58	-0.01	0.01		-0.07	0.01
18.59	-0.01	0.01		-0.07	0.01
18.60	-0.02	0.01		-0.07	0.01
18.61	-0.03	0.02		-0.06	0.02
18.62	-0.03	0.03		-0.06	0.03
18.63	-0.03	0.03		-0.06	0.03
18.64	-0.04	0.04		-0.05	0.04
18.65	-0.04	0.05		-0.05	0.05
18.66	-0.04	0.06		-0.05	0.06
18.67	-0.04	0.07		-0.04	0.07
18.68	-0.04	0.08		-0.04	0.08
18.69	-0.04	0.08		-0.03	0.08
18.70	-0.04	0.09		-0.03	0.09
18.71	-0.03	0.09		-0.02	0.09
18.72	-0.03	0.09		-0.01	0.09
18.73	-0.03	0.09		-0.01	0.09
18.74	-0.02	0.09		0	0.09
18.75	-0.02	0.09		0.01	0.09
18.76	-0.02	0.09		0.02	0.09
18.77	-0.01	0.09		0.03	0.09
18.78	-0.01	0.08		0.04	0.08
18.79	-0.01	0.08		0.04	0.08
18.80	-0.01	0.07		0.05	0.07
18.81	-0.01	0.07		0.05	0.07
18.82	-0.01	0.07		0.05	0.07
18.83	-0.01	0.07		0.06	0.07
18.84	-0.01	0.07		0.06	0.07
18.85	-0.01	0.07		0.05	0.07
18.86	-0.01	0.07		0.05	0.07
18.87	-0.01	0.07		0.05	0.07
18.88	-0.01	0.08		0.04	0.08
18.89	-0.02	0.09		0.04	0.09
18.90	-0.02	0.1		0.04	0.1
18.91	-0.02	0.1		0.03	0.1
18.92	-0.02	0.11		0.03	0.11
18.93	-0.02	0.12		0.03	0.12
18.94	-0.02	0.13		0.03	0.13
18.95	-0.03	0.14		0.03	0.14
18.96	-0.03	0.14		0.03	0.14
18.97	-0.03	0.15		0.03	0.15
18.98	-0.03	0.15		0.04	0.15
18.99	-0.03	0.15		0.04	0.15
19.00	-0.03	0.15		0.05	0.15
19.01	-0.03	0.15		0.05	0.15
19.02	-0.02	0.14		0.05	0.14
19.03	-0.02	0.13		0.06	0.13
19.04	-0.02	0.12		0.06	0.12
19.05	-0.02	0.12		0.06	0.12
19.06	-0.02	0.1		0.06	0.1
19.07	-0.02	0.09		0.06	0.09
19.08	-0.02	0.08		0.06	0.08
19.09	-0.02	0.07		0.06	0.07
19.10	-0.02	0.06		0.05	0.06
19.11	-0.02	0.05		0.05	0.05
19.12	-0.01	0.04		0.05	0.04
19.13	-0.01	0.03		0.04	0.03
19.14	-0.01	0.02		0.04	0.02
19.15	-0.01	0.01		0.04	0.01
19.16	-0.01	0		0.03	0
19.17	-0.01	-0.01		0.03	-0.01
19.18	-0.01	-0.02		0.03	-0.02
19.19	0	-0.04		0.02	-0.04
19.20	0	-0.05		0.02	-0.05
19.21	0	-0.06		0.02	-0.06
19.22	0	-0.08		0.02	-0.08
19.23	0	-0.09		0.01	-0.09
19.24	0	-0.1		0.01	-0.1
19.25	0	-0.11		0.01	-0.11
19.26	0	-0.13		0.01	-0.13
19.27	0	-0.13		0.01	-0.13
19.28	0	-0.14		0	-0.14
19.29	0.01	-0.15		0	-0.15
19.30	0.01	-0.15		0	-0.15
19.31	0.01	-0.15		0	-0.15
19.32	0.01	-0.15		0	-0.15
19.33	0.01	-0.14		0	-0.14
19.34	0.01	-0.14		0	-0.14
19.35	0.01	-0.13		-0.01	-0.13
19.36	0.02	-0.11		0	-0.11
19.37	0.02	-0.1		0	-0.1
19.38	0.02	-0.09		0	-0.09
19.39	0.02	-0.07		0	-0.07
19.40	0.02	-0.05		0	-0.05
19.41	0.02	-0.04		0	-0.04
19.42	0.02	-0.02		0.01	-0.02
19.43	0.02	-0.01		0.01	-0.01
19.44	0.02	0		0.01	0
19.45	0.02	0.02		0.02	0.02
19.46	0.02	0.03		0.02	0.03
19.47	0.02	0.04		0.03	0.04
19.48	0.03	0.05		0.03	0.05
19.49	0.03	0.05		0.03	0.05
19.50	0.03	0.06		0.04	0.06
19.51	0.04	0.06		0.04	0.06
19.52	0.05	0.07		0.05	0.07
19.53	0.05	0.07		0.05	0.07
19.54	0.06	0.07		0.05	0.07
19.55	0.07	0.07		0.06	0.07
19.56	0.08	0.07		0.06	0.07
19.57	0.09	0.07		0.06	0.07
19.58	0.09	0.06		0.06	0.06
19.59	0.1	0.06		0.06	0.06
19.60	0.11	0.05		0.06	0.05
19.61	0.12	0.04		0.07	0.04
19.62	0.12	0.03		0.07	0.03
19.63	0.13	0.02		0.06	0.02
19.64	0.13	0.01		0.06	0.01
19.65	0.13	0		0.06	0
19.66	0.14	-0.01		0.06	-0.01
19.67	0.14	-0.02		0.06	-0.02
19.68	0.14	-0.03		0.06	-0.03
19.69	0.13	-0.05		0.06	-0.05
19.70	0.13	-0.06		0.06	-0.06
19.71	0.13	-0.07		0.05	-0.07
19.72	0.12	-0.08		0.05	-0.08
19.73	0.12	-0.08		0.05	-0.08
19.74	0.11	-0.09		0.05	-0.09
19.75	0.11	-0.09		0.05	-0.09
19.76	0.1	-0.09		0.05	-0.09
19.77	0.1	-0.09		0.05	-0.09
19.78	0.09	-0.09		0.05	-0.09
19.79	0.08	-0.09		0.05	-0.09
19.80	0.08	-0.08		0.05	-0.08
19.81	0.07	-0.08		0.06	-0.08
19.82	0.07	-0.07		0.06	-0.07
19.83	0.06	-0.06		0.06	-0.06
19.84	0.06	-0.05		0.06	-0.05
19.85	0.05	-0.05		0.06	-0.05
19.86	0.05	-0.05		0.06	-0.05
19.87	0.04	-0.04		0.06	-0.04
19.88	0.04	-0.04		0.06	-0.04
19.89	0.04	-0.03		0.06	-0.03
19.90	0.03	-0.03		0.06	-0.03
19.91	0.03	-0.03		0.06	-0.03
19.92	0.03	-0.02		0.05	-0.02
19.93	0.02	0		0.05	0
19.94	0.02	0.01		0.05	0.01
19.95	0.02	0.04		0.05	0.04
19.96	0.01	0.07		0.05	0.07
19.97	0.01	0.11		0.04	0.11
19.98	0	0.16		0.04	0.16
19.99	0	0.22		0.04	0.22
20.00	0	0.28		0.04	0.28
20.01	-0.01	0.35		0.04	0.35
20.02	-0.01	0.43		0.04	0.43
20.03	-0.01	0.51		0.04	0.51
20.04	-0.01	0.59		0.03	0.59
20.05	-0.01	0.66		0.03	0.66
20.06	-0.01	0.74		0.03	0.74
20.07	-0.01	0.81		0.03	0.81
20.08	-0.01	0.86		0.03	0.86
20.09	-0.01	0.9		0.03	0.9
20.10	0	0.93		0.02	0.93
20.11	0	0.95		0.02	0.95
20.12	0.01	0.95		0.01	0.95
20.13	0.01	0.94		0.01	0.94
20.14	0.02	0.9		0	0.9
20.15	0.03	0.86		0	0.86
20.16	0.03	0.81		-0.01	0.81
20.17	0.04	0.74		-0.01	0.74
20.18	0.05	0.67		-0.02	0.67
20.19	0.05	0.58		-0.03	0.58
20.20	0.06	0.5		-0.03	0.5
20.21	0.07	0.43		-0.04	0.43
20.22	0.07	0.35		-0.04	0.35
20.23	0.07	0.27		-0.04	0.27
20.24	0.08	0.2		-0.04	0.2
20.25	0.08	0.14		-0.04	0.14
20.26	0.08	0.09		-0.04	0.09
20.27	0.09	0.05		-0.04	0.05
20.28	0.09	0.01		-0.04	0.01
20.29	0.09	-0.02		-0.04	-0.02
20.30	0.09	-0.04		-0.03	-0.04
20.31	0.08	-0.05		-0.03	-0.05
20.32	0.08	-0.06		-0.03	-0.06
20.33	0.08	-0.07		-0.02	-0.07
20.34	0.08	-0.07		-0.02	-0.07
20.35	0.07	-0.07		-0.01	-0.07
20.36	0.07	-0.07		-0.01	-0.07
20.37	0.06	-0.07		0	-0.07
20.38	0.06	-0.06		0	-0.06
20.39	0.05	-0.06		0	-0.06
20.40	0.05	-0.06		0.01	-0.06
20.41	0.05	-0.06		0.01	-0.06
20.42	0.04	-0.06		0.01	-0.06
20.43	0.04	-0.06		0.01	-0.06
20.44	0.03	-0.06		0.01	-0.06
20.45	0.03	-0.06		0.01	-0.06
20.46	0.03	-0.06		0.01	-0.06
20.47	0.02	-0.06		0.01	-0.06
20.48	0.02	-0.06		0.01	-0.06
20.49	0.02	-0.05		0.01	-0.05
20.50	0.02	-0.05		0.01	-0.05
20.51	0.02	-0.05		0.01	-0.05
20.52	0.02	-0.05		0.01	-0.05
20.53	0.02	-0.05		0.01	-0.05
20.54	0.02	-0.04		0.01	-0.04
20.55	0.02	-0.04		0.01	-0.04
20.56	0.02	-0.04		0.01	-0.04
20.57	0.02	-0.04		0.01	-0.04
20.58	0.03	-0.03		0.01	-0.03
20.59	0.03	-0.03		0.02	-0.03
20.60	0.03	-0.03		0.02	-0.03
20.61	0.03	-0.03		0.02	-0.03
20.62	0.03	-0.02		0.02	-0.02
20.63	0.03	-0.02		0.02	-0.02
20.64	0.03	-0.02		0.02	-0.02
20.65	0.03	-0.02		0.02	-0.02
20.66	0.03	-0.02		0.02	-0.02
20.67	0.04	-0.02		0.02	-0.02
20.68	0.03	-0.01		0.02	-0.01
20.69	0.03	-0.01		0.02	-0.01
20.70	0.03	-0.01		0.02	-0.01
20.71	0.03	-0.01		0.02	-0.01
20.72	0.03	-0.01		0.02	-0.01
20.73	0.04	-0.01		0.02	-0.01
20.74	0.04	-0.02		0.02	-0.02
20.75	0.04	-0.02		0.02	-0.02
20.76	0.04	-0.03		0.02	-0.03
20.77	0.04	-0.03		0.02	-0.03
20.78	0.04	-0.04		0.02	-0.04
20.79	0.04	-0.05		0.02	-0.05
20.80	0.05	-0.06		0.02	-0.06
20.81	0.05	-0.08		0.01	-0.08
20.82	0.05	-0.09		0.01	-0.09
20.83	0.05	-0.11		0.01	-0.11
20.84	0.06	-0.13		0.01	-0.13
20.85	0.06	-0.15		0.01	-0.15
20.86	0.06	-0.17		0.01	-0.17
20.87	0.06	-0.19		0.01	-0.19
20.88	0.06	-0.21		0.01	-0.21
20.89	0.06	-0.23		0.01	-0.23
20.90	0.06	-0.25		0.01	-0.25
20.91	0.06	-0.27		0.01	-0.27
20.92	0.06	-0.28		0.01	-0.28
20.93	0.06	-0.29		0.01	-0.29
20.94	0.05	-0.3		0.02	-0.3
20.95	0.05	-0.3		0.02	-0.3
20.96	0.05	-0.3		0.02	-0.3
20.97	0.05	-0.3		0.03	-0.3
20.98	0.05	-0.29		0.03	-0.29
20.99	0.05	-0.28		0.04	-0.28
21.00	0.05	-0.27		0.04	-0.27
21.01	0.05	-0.26		0.04	-0.26
21.02	0.05	-0.24		0.05	-0.24
21.03	0.05	-0.22		0.05	-0.22
21.04	0.06	-0.19		0.06	-0.19
21.05	0.06	-0.17		0.06	-0.17
21.06	0.06	-0.15		0.06	-0.15
21.07	0.06	-0.13		0.07	-0.13
21.08	0.07	-0.1		0.07	-0.1
21.09	0.07	-0.08		0.07	-0.08
21.10	0.07	-0.06		0.07	-0.06
21.11	0.08	-0.04		0.07	-0.04
21.12	0.08	-0.02		0.07	-0.02
21.13	0.08	0		0.07	0
21.14	0.08	0.01		0.07	0.01
21.15	0.08	0.03		0.07	0.03
21.16	0.08	0.04		0.07	0.04
21.17	0.08	0.06		0.07	0.06
21.18	0.08	0.07		0.07	0.07
21.19	0.07	0.09		0.06	0.09
21.20	0.07	0.11		0.06	0.11
21.21	0.07	0.12		0.06	0.12
21.22	0.07	0.14		0.06	0.14
21.23	0.06	0.15		0.06	0.15
21.24	0.06	0.17		0.06	0.17
21.25	0.06	0.19		0.06	0.19
21.26	0.06	0.21		0.06	0.21
21.27	0.06	0.23		0.06	0.23
21.28	0.06	0.25		0.06	0.25
21.29	0.06	0.27		0.06	0.27
21.30	0.06	0.28		0.06	0.28
21.31	0.06	0.3		0.07	0.3
21.32	0.06	0.32		0.07	0.32
21.33	0.06	0.33		0.08	0.33
21.34	0.06	0.34		0.08	0.34
21.35	0.07	0.35		0.09	0.35
21.36	0.07	0.35		0.09	0.35
21.37	0.07	0.35		0.1	0.35
21.38	0.08	0.35		0.11	0.35
21.39	0.08	0.35		0.11	0.35
21.40	0.08	0.34		0.12	0.34
21.41	0.09	0.33		0.13	0.33
21.42	0.09	0.31		0.14	0.31
21.43	0.1	0.3		0.15	0.3
21.44	0.1	0.28		0.16	0.28
21.45	0.11	0.26		0.17	0.26
21.46	0.11	0.24		0.17	0.24
21.47	0.12	0.22		0.18	0.22
21.48	0.12	0.19		0.19	0.19
21.49	0.13	0.17		0.2	0.17
21.50	0.14	0.15		0.21	0.15
21.51	0.14	0.13		0.22	0.13
21.52	0.15	0.11		0.23	0.11
21.53	0.16	0.1		0.24	0.1
21.54	0.16	0.08		0.25	0.08
21.55	0.17	0.07		0.26	0.07
21.56	0.18	0.05		0.27	0.05
21.57	0.18	0.04		0.28	0.04
21.58	0.19	0.03		0.29	0.03
21.59	0.2	0.03		0.31	0.03
21.60	0.2	0.02		0.32	0.02
21.61	0.21	0.02		0.33	0.02
21.62	0.22	0.01		0.34	0.01
21.63	0.22	0.01		0.35	0.01
21.64	0.23	0.01		0.36	0.01
21.65	0.24	0		0.37	0
21.66	0.25	0		0.38	0
21.67	0.26	0		0.39	0
21.68	0.27	0		0.4	0
21.69	0.28	0		0.41	0
21.70	0.29	0		0.42	0
21.71	0.3	0		0.43	0
21.72	0.32	0		0.44	0
21.73	0.33	0.01		0.45	0.01
21.74	0.35	0.01		0.46	0.01
21.75	0.36	0.02		0.47	0.02
21.76	0.38	0.03		0.48	0.03
21.77	0.4	0.04		0.5	0.04
21.78	0.42	0.06		0.51	0.06
21.79	0.44	0.07		0.53	0.07
21.80	0.46	0.09		0.55	0.09
21.81	0.48	0.11		0.57	0.11
21.82	0.51	0.13		0.59	0.13
21.83	0.53	0.15		0.61	0.15
21.84	0.55	0.17		0.63	0.17
21.85	0.58	0.19		0.65	0.19
21.86	0.6	0.21		0.68	0.21
21.87	0.62	0.24		0.7	0.24
21.88	0.65	0.26		0.73	0.26
21.89	0.67	0.27		0.75	0.27
21.90	0.69	0.29		0.78	0.29
21.91	0.71	0.31		0.81	0.31
21.92	0.73	0.32		0.84	0.32
21.93	0.75	0.33		0.87	0.33
21.94	0.78	0.34		0.9	0.34
21.95	0.8	0.34		0.93	0.34
21.96	0.82	0.35		0.97	0.35
21.97	0.85	0.35		1	0.35
21.98	0.87	0.35		1.04	0.35
21.99	0.9	0.35		1.09	0.35
22.00	0.93	0.35		1.13	0.35
22.01	0.96	0.34		1.17	0.34
22.02	0.99	0.34		1.22	0.34
22.03	1.02	0.33		1.28	0.33
22.04	1.06	0.33		1.34	0.33
22.05	1.1	0.32		1.4	0.32
22.06	1.14	0.32		1.46	0.32
22.07	1.18	0.31		1.53	0.31
22.08	1.23	0.31		1.6	0.31
22.09	1.28	0.31		1.68	0.31
22.10	1.33	0.31		1.76	0.31
22.11	1.38	0.31		1.84	0.31
22.12	1.44	0.31		1.92	0.31
22.13	1.5	0.32		2.01	0.32
22.14	1.56	0.33		2.1	0.33
22.15	1.63	0.34		2.2	0.34
22.16	1.7	0.35		2.3	0.35
22.17	1.78	0.36		2.4	0.36
22.18	1.85	0.37		2.5	0.37
22.19	1.93	0.39		2.61	0.39
22.20	2.02	0.4		2.72	0.4
22.21	2.11	0.42		2.84	0.42
22.22	2.2	0.43		2.96	0.43
22.23	2.3	0.45		3.09	0.45
22.24	2.4	0.46		3.22	0.46
22.25	2.51	0.48		3.36	0.48
22.26	2.62	0.49		3.5	0.49
22.27	2.74	0.5		3.66	0.5
22.28	2.87	0.51		3.82	0.51
22.29	2.99	0.52		3.99	0.52
22.30	3.13	0.53		4.17	0.53
22.31	3.27	0.54		4.36	0.54
22.32	3.42	0.55		4.56	0.55
22.33	3.57	0.56		4.78	0.56
22.34	3.74	0.57		5	0.57
22.35	3.9	0.58		5.24	0.58
22.36	4.08	0.58		5.49	0.58
22.37	4.26	0.59		5.75	0.59
22.38	4.46	0.6		6.03	0.6
22.39	4.66	0.61		6.32	0.61
22.40	4.87	0.62		6.63	0.62
22.41	5.08	0.63		6.95	0.63
22.42	5.32	0.65		7.28	0.65
22.43	5.56	0.66		7.64	0.66
22.44	5.81	0.68		8.01	0.68
22.45	6.08	0.7		8.4	0.7
22.46	6.36	0.73		8.81	0.73
22.47	6.65	0.75		9.24	0.75
22.48	6.96	0.78		9.69	0.78
22.49	7.29	0.81		10.17	0.81
22.50	7.63	0.85		10.67	0.85
22.51	7.99	0.89		11.19	0.89
22.52	8.38	0.94		11.75	0.94
22.53	8.78	0.98		12.33	0.98
22.54	9.21	1.04		12.94	1.04
22.55	9.65	1.09		13.58	1.09
22.56	10.12	1.15		14.25	1.15
22.57	10.61	1.22		14.95	1.22
22.58	11.13	1.29		15.67	1.29
22.59	11.66	1.37		16.44	1.37
22.60	12.23	1.45		17.23	1.45
22.61	12.81	1.53		18.04	1.53
22.62	13.42	1.62		18.89	1.62
22.63	14.06	1.72		19.76	1.72
22.64	14.71	1.81		20.66	1.81
22.65	15.39	1.92		21.59	1.92
22.66	16.1	2.02		22.55	2.02
22.67	16.83	2.13		23.52	2.13
22.68	17.58	2.24		24.52	2.24
22.69	18.35	2.36		25.54	2.36
22.70	19.15	2.48		26.58	2.48
22.71	19.97	2.6		27.64	2.6
22.72	20.82	2.72		28.73	2.72
22.73	21.69	2.85		29.83	2.85
22.74	22.59	2.98		30.95	2.98
22.75	23.52	3.11		32.1	3.11
22.76	24.47	3.24		33.26	3.24
22.77	25.45	3.38		34.45	3.38
22.78	26.47	3.52		35.65	3.52
22.79	27.52	3.67		36.87	3.67
22.80	28.59	3.82		38.12	3.82
22.81	29.7	3.98		39.39	3.98
22.82	30.83	4.14		40.67	4.14
22.83	32	4.31		41.96	4.31
22.84	33.19	4.49		43.27	4.49
22.85	34.42	4.67		44.6	4.67
22.86	35.68	4.87		45.94	4.87
22.87	36.95	5.07		47.28	5.07
22.88	38.24	5.29		48.62	5.29
22.89	39.55	5.52		49.94	5.52
22.90	40.88	5.76		51.28	5.76
22.91	42.23	6.01		52.61	6.01
22.92	43.58	6.28		53.93	6.28
22.93	44.93	6.56		55.23	6.56
22.94	46.27	6.85		56.48	6.85
22.95	47.61	7.16		57.72	7.16
22.96	48.96	7.49		58.94	7.49
22.97	50.29	7.83		60.13	7.83
22.98	51.61	8.18		61.28	8.18
22.99	52.9	8.56		62.38	8.56
23.00	54.17	8.95		63.44	8.95
23.01	55.42	9.35		64.47	9.35
23.02	56.65	9.78		65.45	9.78
23.03	57.85	10.22		66.39	10.22
23.04	59.01	10.67		67.29	10.67
23.05	60.14	11.15		68.14	11.15
23.06	61.25	11.64		68.95	11.64
23.07	62.32	12.15		69.71	12.15
23.08	63.35	12.68		70.43	12.68
23.09	64.35	13.22		71.11	13.22
23.10	65.31	13.79		71.75	13.79
23.11	66.23	14.37		72.35	14.37
23.12	67.11	14.97		72.91	14.97
23.13	67.96	15.6		73.43	15.6
23.14	68.77	16.24		73.92	16.24
23.15	69.54	16.9		74.38	16.9
23.16	70.27	17.58		74.8	17.58
23.17	70.95	18.28		75.18	18.28
23.18	71.6	19		75.53	19
23.19	72.22	19.74		75.86	19.74
23.20	72.79	20.5		76.15	20.5
23.21	73.33	21.27		76.42	21.27
23.22	73.83	22.07		76.66	22.07
23.23	74.29	22.89		76.87	22.89
23.24	74.71	23.72		77.06	23.72
23.25	75.11	24.57		77.23	24.57
23.26	75.47	25.43		77.38	25.43
23.27	75.8	26.31		77.51	26.31
23.28	76.1	27.21		77.61	27.21
23.29	76.37	28.12		77.7	28.12
23.30	76.61	29.04		77.77	29.04
23.31	76.83	29.96		77.83	29.96
23.32	77.03	30.9		77.88	30.9
23.33	77.21	31.85		77.91	31.85
23.34	77.36	32.81		77.93	32.81
23.35	77.49	33.77		77.94	33.77
23.36	77.61	34.74		77.95	34.74
23.37	77.72	35.71		77.95	35.71
23.38	77.81	36.68		77.95	36.68
23.39	77.88	37.66		77.94	37.66
23.40	77.94	38.64		77.93	38.64
23.41	78	39.62		77.91	39.62
23.42	78.04	40.59		77.9	40.59
23.43	78.07	41.57		77.88	41.57
23.44	78.1	42.54		77.86	42.54
23.45	78.11	43.51		77.84	43.51
23.46	78.11	44.47		77.83	44.47
23.47	78.12	45.42		77.81	45.42
23.48	78.11	46.36		77.79	46.36
23.49	78.1	47.29		77.78	47.29
23.50	78.09	48.21		77.77	48.21
23.51	78.07	49.13		77.76	49.13
23.52	78.04	50.02		77.75	50.02
23.53	78.02	50.9		77.74	50.9
23.54	77.99	51.76		77.73	51.76
23.55	77.96	52.6		77.73	52.6
23.56	77.93	53.43		77.72	53.43
23.57	77.89	54.24		77.72	54.24
23.58	77.86	55.03		77.72	55.03
23.59	77.83	55.79		77.73	55.79
23.60	77.8	56.53		77.73	56.53
23.61	77.77	57.24		77.74	57.24
23.62	77.75	57.94		77.75	57.94
23.63	77.72	58.61		77.77	58.61
23.64	77.7	59.25		77.78	59.25
23.65	77.68	59.87		77.8	59.87
23.66	77.67	60.47		77.82	60.47
23.67	77.65	61.04		77.85	61.04
23.68	77.64	61.6		77.88	61.6
23.69	77.64	62.13		77.91	62.13
23.70	77.63	62.64		77.94	62.64
23.71	77.64	63.14		77.98	63.14
23.72	77.64	63.61		78.02	63.61
23.73	77.65	64.07		78.07	64.07
23.74	77.67	64.51		78.11	64.51
23.75	77.68	64.93		78.16	64.93
23.76	77.7	65.34		78.22	65.34
23.77	77.73	65.74		78.27	65.74
23.78	77.75	66.13		78.33	66.13
23.79	77.78	66.49		78.39	66.49
23.80	77.82	66.85		78.46	66.85
23.81	77.85	67.19		78.52	67.19
23.82	77.88	67.52		78.58	67.52
23.83	77.92	67.83		78.64	67.83
23.84	77.96	68.13		78.7	68.13
23.85	78	68.42		78.76	68.42
23.86	78.04	68.69		78.81	68.69
23.87	78.08	68.94		78.86	68.94
23.88	78.12	69.18		78.91	69.18
23.89	78.16	69.4		78.95	69.4
23.90	78.2	69.6		79	69.6
23.91	78.24	69.8		79.03	69.8
23.92	78.28	69.97		79.07	69.97
23.93	78.31	70.14		79.1	70.14
23.94	78.35	70.28		79.13	70.28
23.95	78.38	70.41		79.15	70.41
23.96	78.42	70.53		79.17	70.53
23.97	78.45	70.64		79.19	70.64
23.98	78.48	70.74		79.21	70.74
23.99	78.51	70.83		79.23	70.83
24.00	78.53	70.91		79.24	70.91
24.01	78.56	70.98		79.26	70.98
24.02	78.59	71.04		79.27	71.04
24.03	78.61	71.1		79.29	71.1
24.04	78.64	71.16		79.3	71.16
24.05	78.67	71.22		79.32	71.22
24.06	78.69	71.27		79.34	71.27
24.07	78.72	71.31		79.36	71.31
24.08	78.74	71.36		79.38	71.36
24.09	78.77	71.41		79.4	71.41
24.10	78.79	71.46		79.43	71.46
24.11	78.82	71.5		79.45	71.5
24.12	78.84	71.55		79.47	71.55
24.13	78.87	71.6		79.5	71.6
24.14	78.89	71.65		79.52	71.65
24.15	78.92	71.7		79.55	71.7
24.16	78.94	71.75		79.57	71.75
24.17	78.96	71.8		79.59	71.8
24.18	78.98	71.85		79.62	71.85
24.19	79.01	71.9		79.64	71.9
24.20	79.03	71.95		79.66	71.95
24.21	79.04	72		79.68	72
24.22	79.06	72.05		79.7	72.05
24.23	79.08	72.1		79.72	72.1
24.24	79.09	72.15		79.73	72.15
24.25	79.11	72.2		79.75	72.2
24.26	79.12	72.26		79.76	72.26
24.27	79.13	72.31		79.77	72.31
24.28	79.14	72.36		79.78	72.36
24.29	79.15	72.41		79.78	72.41
24.30	79.15	72.46		79.79	72.46
24.31	79.16	72.5		79.79	72.5
24.32	79.16	72.55		79.79	72.55
24.33	79.17	72.6		79.79	72.6
24.34	79.17	72.65		79.78	72.65
24.35	79.17	72.7		79.77	72.7
24.36	79.17	72.74		79.76	72.74
24.37	79.17	72.79		79.75	72.79
24.38	79.16	72.84		79.74	72.84
24.39	79.16	72.88		79.72	72.88
24.40	79.16	72.93		79.7	72.93
24.41	79.15	72.97		79.67	72.97
24.42	79.15	73.02		79.65	73.02
24.43	79.14	73.06		79.62	73.06
24.44	79.14	73.1		79.59	73.1
24.45	79.13	73.14		79.56	73.14
24.46	79.12	73.18		79.52	73.18
24.47	79.11	73.22		79.48	73.22
24.48	79.1	73.26		79.44	73.26
24.49	79.08	73.3		79.4	73.3
24.50	79.07	73.33		79.35	73.33
24.51	79.05	73.37		79.3	73.37
24.52	79.03	73.4		79.25	73.4
24.53	79.01	73.43		79.2	73.43
24.54	78.98	73.46		79.15	73.46
24.55	78.95	73.49		79.09	73.49
24.56	78.92	73.52		79.03	73.52
24.57	78.89	73.55		78.98	73.55
24.58	78.85	73.57		78.92	73.57
24.59	78.81	73.6		78.86	73.6
24.60	78.77	73.63		78.79	73.63
24.61	78.72	73.65		78.73	73.65
24.62	78.67	73.68		78.67	73.68
24.63	78.62	73.7		78.6	73.7
24.64	78.56	73.72		78.54	73.72
24.65	78.5	73.75		78.48	73.75
24.66	78.44	73.77		78.41	73.77
24.67	78.38	73.79		78.35	73.79
24.68	78.31	73.81		78.28	73.81
24.69	78.25	73.84		78.22	73.84
24.70	78.18	73.86		78.16	73.86
24.71	78.11	73.88		78.09	73.88
24.72	78.04	73.91		78.03	73.91
24.73	77.97	73.93		77.97	73.93
24.74	77.9	73.95		77.91	73.95
24.75	77.83	73.97		77.85	73.97
24.76	77.76	74		77.79	74
24.77	77.69	74.02		77.73	74.02
24.78	77.62	74.04		77.67	74.04
24.79	77.55	74.06		77.61	74.06
24.80	77.49	74.08		77.55	74.08
24.81	77.43	74.1		77.5	74.1
24.82	77.37	74.12		77.44	74.12
24.83	77.31	74.14		77.38	74.14
24.84	77.25	74.15		77.33	74.15
24.85	77.2	74.17		77.28	74.17
24.86	77.14	74.18		77.22	74.18
24.87	77.09	74.2		77.17	74.2
24.88	77.04	74.2		77.12	74.2
24.89	76.99	74.21		77.07	74.21
24.90	76.95	74.21		77.01	74.21
24.91	76.9	74.22		76.96	74.22
24.92	76.86	74.22		76.91	74.22
24.93	76.82	74.22		76.86	74.22
24.94	76.77	74.21		76.81	74.21
24.95	76.73	74.21		76.76	74.21
24.96	76.69	74.2		76.71	74.2
24.97	76.64	74.19		76.66	74.19
24.98	76.6	74.18		76.6	74.18
24.99	76.55	74.17		76.55	74.17
25.00	76.51	74.16		76.5	74.16
25.01	76.45	74.15		76.44	74.15
25.02	76.4	74.14		76.39	74.14
25.03	76.35	74.13		76.33	74.13
25.04	76.29	74.11		76.27	74.11
25.05	76.24	74.1		76.22	74.1
25.06	76.18	74.09		76.16	74.09
25.07	76.12	74.09		76.1	74.09
25.08	76.05	74.08		76.03	74.08
25.09	75.99	74.08		75.97	74.08
25.10	75.92	74.08		75.91	74.08
25.11	75.85	74.08		75.84	74.08
25.12	75.78	74.08		75.78	74.08
25.13	75.72	74.08		75.71	74.08
25.14	75.65	74.09		75.64	74.09
25.15	75.58	74.1		75.57	74.1
25.16	75.5	74.12		75.5	74.12
25.17	75.43	74.13		75.43	74.13
25.18	75.36	74.15		75.36	74.15
25.19	75.29	74.16		75.29	74.16
25.20	75.22	74.18		75.21	74.18
25.21	75.16	74.21		75.14	74.21
25.22	75.09	74.23		75.06	74.23
25.23	75.02	74.26		74.99	74.26
25.24	74.95	74.28		74.92	74.28
25.25	74.89	74.31		74.84	74.31
25.26	74.82	74.33		74.77	74.33
25.27	74.76	74.35		74.69	74.35
25.28	74.69	74.38		74.62	74.38
25.29	74.63	74.4		74.54	74.4
25.30	74.56	74.43		74.47	74.43
25.31	74.49	74.45		74.39	74.45
25.32	74.43	74.47		74.32	74.47
25.33	74.36	74.49		74.24	74.49
25.34	74.29	74.51		74.17	74.51
25.35	74.23	74.52		74.1	74.52
25.36	74.16	74.54		74.02	74.54
25.37	74.09	74.55		73.95	74.55
25.38	74.02	74.56		73.88	74.56
25.39	73.95	74.57		73.81	74.57
25.40	73.87	74.57		73.74	74.57
25.41	73.8	74.57		73.68	74.57
25.42	73.73	74.58		73.61	74.58
25.43	73.65	74.57		73.55	74.57
25.44	73.58	74.57		73.48	74.57
25.45	73.5	74.56		73.42	74.56
25.46	73.43	74.56		73.36	74.56
25.47	73.35	74.55		73.3	74.55
25.48	73.27	74.53		73.24	74.53
25.49	73.2	74.52		73.18	74.52
25.50	73.12	74.5		73.12	74.5
25.51	73.04	74.48		73.07	74.48
25.52	72.97	74.46		73.01	74.46
25.53	72.9	74.44		72.96	74.44
25.54	72.82	74.41		72.91	74.41
25.55	72.75	74.39		72.85	74.39
25.56	72.68	74.36		72.8	74.36
25.57	72.61	74.33		72.75	74.33
25.58	72.54	74.3		72.7	74.3
25.59	72.47	74.27		72.65	74.27
25.60	72.4	74.23		72.6	74.23
25.61	72.34	74.2		72.55	74.2
25.62	72.27	74.16		72.5	74.16
25.63	72.21	74.13		72.45	74.13
25.64	72.15	74.09		72.4	74.09
25.65	72.09	74.05		72.35	74.05
25.66	72.03	74.01		72.3	74.01
25.67	71.97	73.97		72.25	73.97
25.68	71.91	73.93		72.19	73.93
25.69	71.86	73.89		72.14	73.89
25.70	71.8	73.85		72.09	73.85
25.71	71.75	73.8		72.03	73.8
25.72	71.69	73.76		71.98	73.76
25.73	71.64	73.72		71.92	73.72
25.74	71.59	73.67		71.87	73.67
25.75	71.54	73.63		71.81	73.63
25.76	71.49	73.58		71.75	73.58
25.77	71.44	73.53		71.69	73.53
25.78	71.39	73.48		71.63	73.48
25.79	71.34	73.43		71.56	73.43
25.80	71.29	73.38		71.5	73.38
25.81	71.24	73.33		71.43	73.33
25.82	71.18	73.27		71.37	73.27
25.83	71.13	73.22		71.3	73.22
25.84	71.07	73.16		71.23	73.16
25.85	71.02	73.09		71.15	73.09
25.86	70.96	73.03		71.08	73.03
25.87	70.9	72.96		71	72.96
25.88	70.84	72.89		70.92	72.89
25.89	70.78	72.82		70.84	72.82
25.90	70.71	72.74		70.76	72.74
25.91	70.64	72.66		70.68	72.66
25.92	70.57	72.58		70.59	72.58
25.93	70.5	72.49		70.5	72.49
25.94	70.43	72.4		70.41	72.4
25.95	70.35	72.31		70.32	72.31
25.96	70.27	72.22		70.23	72.22
25.97	70.19	72.13		70.14	72.13
25.98	70.11	72.04		70.05	72.04
25.99	70.03	71.94		69.96	71.94
26.00	69.95	71.84		69.86	71.84
26.01	69.86	71.74		69.77	71.74
26.02	69.77	71.64		69.68	71.64
26.03	69.69	71.54		69.59	71.54
26.04	69.6	71.45		69.5	71.45
26.05	69.51	71.35		69.41	71.35
26.06	69.42	71.26		69.32	71.26
26.07	69.33	71.16		69.23	71.16
26.08	69.24	71.07		69.14	71.07
26.09	69.14	70.98		69.05	70.98
26.10	69.05	70.89		68.97	70.89
26.11	68.96	70.81		68.88	70.81
26.12	68.86	70.73		68.8	70.73
26.13	68.77	70.65		68.72	70.65
26.14	68.68	70.57		68.64	70.57
26.15	68.58	70.5		68.56	70.5
26.16	68.49	70.43		68.48	70.43
26.17	68.39	70.36		68.4	70.36
26.18	68.29	70.3		68.31	70.3
26.19	68.2	70.24		68.23	70.24
26.20	68.1	70.18		68.16	70.18
26.21	68	70.13		68.08	70.13
26.22	67.9	70.08		68	70.08
26.23	67.8	70.03		67.92	70.03
26.24	67.7	69.98		67.84	69.98
26.25	67.6	69.94		67.76	69.94
26.26	67.5	69.89		67.68	69.89
26.27	67.4	69.86		67.6	69.86
26.28	67.29	69.82		67.51	69.82
26.29	67.19	69.78		67.43	69.78
26.30	67.09	69.75		67.35	69.75
26.31	66.98	69.72		67.27	69.72
26.32	66.88	69.68		67.19	69.68
26.33	66.78	69.65		67.11	69.65
26.34	66.68	69.62		67.03	69.62
26.35	66.58	69.59		66.95	69.59
26.36	66.47	69.55		66.86	69.55
26.37	66.37	69.52		66.78	69.52
26.38	66.27	69.49		66.7	69.49
26.39	66.17	69.45		66.62	69.45
26.40	66.07	69.42		66.53	69.42
26.41	65.98	69.38		66.45	69.38
26.42	65.88	69.34		66.37	69.34
26.43	65.78	69.3		66.29	69.3
26.44	65.69	69.26		66.2	69.26
26.45	65.59	69.22		66.12	69.22
26.46	65.49	69.17		66.03	69.17
26.47	65.4	69.12		65.95	69.12
26.48	65.3	69.07		65.86	69.07
26.49	65.21	69.01		65.77	69.01
26.50	65.12	68.96		65.68	68.96
26.51	65.02	68.9		65.59	68.9
26.52	64.93	68.84		65.49	68.84
26.53	64.84	68.79		65.4	68.79
26.54	64.74	68.73		65.3	68.73
26.55	64.65	68.66		65.2	68.66
26.56	64.55	68.6		65.1	68.6
26.57	64.46	68.53		65	68.53
26.58	64.36	68.47		64.89	68.47
26.59	64.27	68.41		64.79	68.41
26.60	64.18	68.35		64.69	68.35
26.61	64.09	68.3		64.58	68.3
26.62	64	68.24		64.48	68.24
26.63	63.91	68.18		64.37	68.18
26.64	63.82	68.13		64.27	68.13
26.65	63.73	68.08		64.16	68.08
26.66	63.64	68.03		64.06	68.03
26.67	63.56	67.99		63.96	67.99
26.68	63.48	67.95		63.87	67.95
26.69	63.4	67.92		63.77	67.92
26.70	63.32	67.89		63.68	67.89
26.71	63.25	67.86		63.59	67.86
26.72	63.18	67.84		63.5	67.84
26.73	63.11	67.83		63.42	67.83
26.74	63.04	67.81		63.34	67.81
26.75	62.98	67.81		63.27	67.81
26.76	62.92	67.81		63.2	67.81
26.77	62.87	67.81		63.13	67.81
26.78	62.82	67.82		63.06	67.82
26.79	62.77	67.83		63	67.83
26.80	62.72	67.84		62.94	67.84
26.81	62.68	67.86		62.88	67.86
26.82	62.63	67.87		62.83	67.87
26.83	62.59	67.9		62.78	67.9
26.84	62.56	67.92		62.73	67.92
26.85	62.52	67.95		62.68	67.95
26.86	62.49	67.98		62.63	67.98
26.87	62.46	68.01		62.59	68.01
26.88	62.42	68.04		62.54	68.04
26.89	62.39	68.08		62.5	68.08
26.90	62.36	68.11		62.46	68.11
26.91	62.33	68.14		62.41	68.14
26.92	62.3	68.18		62.37	68.18
26.93	62.27	68.21		62.33	68.21
26.94	62.24	68.24		62.29	68.24
26.95	62.21	68.27		62.26	68.27
26.96	62.19	68.3		62.22	68.3
26.97	62.16	68.33		62.18	68.33
26.98	62.13	68.36		62.15	68.36
26.99	62.1	68.39		62.11	68.39
27.00	62.07	68.42		62.08	68.42
27.01	62.04	68.44		62.05	68.44
27.02	62.01	68.46		62.02	68.46
27.03	61.98	68.48		61.99	68.48
27.04	61.95	68.5		61.96	68.5
27.05	61.92	68.51		61.94	68.51
27.06	61.9	68.53		61.92	68.53
27.07	61.87	68.54		61.89	68.54
27.08	61.84	68.55		61.87	68.55
27.09	61.81	68.55		61.86	68.55
27.10	61.79	68.55		61.84	68.55
27.11	61.76	68.55		61.83	68.55
27.12	61.73	68.55		61.81	68.55
27.13	61.71	68.54		61.8	68.54
27.14	61.68	68.54		61.8	68.54
27.15	61.66	68.52		61.79	68.52
27.16	61.63	68.51		61.78	68.51
27.17	61.61	68.5		61.77	68.5
27.18	61.59	68.48		61.76	68.48
27.19	61.57	68.46		61.76	68.46
27.20	61.54	68.44		61.75	68.44
27.21	61.52	68.41		61.75	68.41
27.22	61.5	68.38		61.74	68.38
27.23	61.48	68.36		61.74	68.36
27.24	61.46	68.33		61.73	68.33
27.25	61.44	68.3		61.72	68.3
27.26	61.42	68.27		61.71	68.27
27.27	61.4	68.24		61.71	68.24
27.28	61.38	68.21		61.69	68.21
27.29	61.36	68.18		61.68	68.18
27.30	61.34	68.15		61.67	68.15
27.31	61.32	68.12		61.66	68.12
27.32	61.3	68.1		61.64	68.1
27.33	61.28	68.07		61.62	68.07
27.34	61.25	68.05		61.6	68.05
27.35	61.23	68.03		61.58	68.03
27.36	61.21	68		61.56	68
27.37	61.19	67.98		61.54	67.98
27.38	61.16	67.97		61.51	67.97
27.39	61.14	67.95		61.49	67.95
27.40	61.11	67.94		61.46	67.94
27.41	61.09	67.93		61.43	67.93
27.42	61.06	67.93		61.4	67.93
27.43	61.03	67.92		61.36	67.92
27.44	61.01	67.92		61.33	67.92
27.45	60.98	67.92		61.3	67.92
27.46	60.95	67.92		61.26	67.92
27.47	60.92	67.93		61.22	67.93
27.48	60.89	67.94		61.19	67.94
27.49	60.86	67.95		61.15	67.95
27.50	60.82	67.96		61.11	67.96
27.51	60.79	67.98		61.07	67.98
27.52	60.76	68		61.03	68
27.53	60.72	68.02		60.99	68.02
27.54	60.69	68.04		60.95	68.04
27.55	60.65	68.06		60.91	68.06
27.56	60.62	68.08		60.87	68.08
27.57	60.58	68.11		60.83	68.11
27.58	60.55	68.13		60.78	68.13
27.59	60.51	68.16		60.74	68.16
27.60	60.47	68.19		60.7	68.19
27.61	60.43	68.22		60.66	68.22
27.62	60.39	68.25		60.62	68.25
27.63	60.35	68.28		60.58	68.28
27.64	60.31	68.31		60.54	68.31
27.65	60.27	68.34		60.5	68.34
27.66	60.23	68.37		60.46	68.37
27.67	60.19	68.4		60.42	68.4
27.68	60.14	68.43		60.38	68.43
27.69	60.1	68.46		60.34	68.46
27.70	60.05	68.48		60.3	68.48
27.71	60	68.51		60.26	68.51
27.72	59.95	68.54		60.22	68.54
27.73	59.9	68.56		60.18	68.56
27.74	59.85	68.59		60.14	68.59
27.75	59.8	68.62		60.1	68.62
27.76	59.74	68.64		60.06	68.64
27.77	59.69	68.66		60.02	68.66
27.78	59.63	68.69		59.98	68.69
27.79	59.57	68.71		59.93	68.71
27.80	59.51	68.73		59.89	68.73
27.81	59.45	68.76		59.85	68.76
27.82	59.39	68.78		59.81	68.78
27.83	59.32	68.8		59.76	68.8
27.84	59.26	68.82		59.72	68.82
27.85	59.19	68.84		59.68	68.84
27.86	59.13	68.87		59.63	68.87
27.87	59.06	68.89		59.58	68.89
27.88	59	68.92		59.54	68.92
27.89	58.93	68.94		59.49	68.94
27.90	58.86	68.97		59.44	68.97
27.91	58.79	69		59.39	69
27.92	58.72	69.03		59.34	69.03
27.93	58.66	69.06		59.29	69.06
27.94	58.59	69.09		59.23	69.09
27.95	58.52	69.13		59.18	69.13
27.96	58.46	69.17		59.13	69.17
27.97	58.39	69.2		59.07	69.2
27.98	58.33	69.24		59.01	69.24
27.99	58.26	69.29		58.96	69.29
28.00	58.2	69.33		58.9	69.33
28.01	58.14	69.37		58.84	69.37
28.02	58.08	69.42		58.79	69.42
28.03	58.02	69.47		58.73	69.47
28.04	57.97	69.52		58.67	69.52
28.05	57.91	69.57		58.61	69.57
28.06	57.86	69.63		58.55	69.63
28.07	57.81	69.68		58.49	69.68
28.08	57.75	69.73		58.43	69.73
28.09	57.7	69.78		58.36	69.78
28.10	57.65	69.83		58.3	69.83
28.11	57.6	69.88		58.24	69.88
28.12	57.55	69.93		58.18	69.93
28.13	57.51	69.98		58.11	69.98
28.14	57.46	70.03		58.05	70.03
28.15	57.41	70.08		57.98	70.08
28.16	57.36	70.13		57.91	70.13
28.17	57.31	70.17		57.85	70.17
28.18	57.26	70.22		57.78	70.22
28.19	57.21	70.26		57.71	70.26
28.20	57.16	70.3		57.64	70.3
28.21	57.12	70.34		57.57	70.34
28.22	57.06	70.37		57.49	70.37
28.23	57.01	70.41		57.42	70.41
28.24	56.96	70.45		57.34	70.45
28.25	56.9	70.49		57.26	70.49
28.26	56.85	70.52		57.18	70.52
28.27	56.79	70.56		57.09	70.56
28.28	56.73	70.59		57.01	70.59
28.29	56.67	70.63		56.92	70.63
28.30	56.6	70.66		56.83	70.66
28.31	56.54	70.7		56.73	70.7
28.32	56.47	70.74		56.64	70.74
28.33	56.39	70.79		56.54	70.79
28.34	56.32	70.83		56.44	70.83
28.35	56.24	70.88		56.33	70.88
28.36	56.16	70.93		56.22	70.93
28.37	56.08	70.99		56.11	70.99
28.38	56	71.04		56	71.04
28.39	55.91	71.1		55.89	71.1
28.40	55.82	71.17		55.77	71.17
28.41	55.72	71.23		55.65	71.23
28.42	55.62	71.3		55.53	71.3
28.43	55.52	71.38		55.41	71.38
28.44	55.41	71.46		55.28	71.46
28.45	55.3	71.54		55.16	71.54
28.46	55.19	71.62		55.03	71.62
28.47	55.07	71.71		54.9	71.71
28.48	54.95	71.79		54.77	71.79
28.49	54.83	71.88		54.64	71.88
28.50	54.71	71.96		54.51	71.96
28.51	54.58	72.05		54.38	72.05
28.52	54.45	72.14		54.26	72.14
28.53	54.31	72.23		54.13	72.23
28.54	54.18	72.32		54	72.32
28.55	54.04	72.41		53.87	72.41
28.56	53.9	72.49		53.74	72.49
28.57	53.77	72.56		53.61	72.56
28.58	53.63	72.63		53.49	72.63
28.59	53.49	72.7		53.37	72.7
28.60	53.35	72.76		53.25	72.76
28.61	53.2	72.82		53.12	72.82
28.62	53.06	72.87		53	72.87
28.63	52.92	72.92		52.89	72.92
28.64	52.78	72.96		52.77	72.96
28.65	52.64	73		52.65	73
28.66	52.5	73.02		52.54	73.02
28.67	52.36	73.04		52.42	73.04
28.68	52.22	73.05		52.31	73.05
28.69	52.09	73.05		52.2	73.05
28.70	51.95	73.05		52.09	73.05
28.71	51.81	73.04		51.98	73.04
28.72	51.68	73.03		51.88	73.03
28.73	51.55	73.01		51.77	73.01
28.74	51.41	72.98		51.65	72.98
28.75	51.28	72.95		51.54	72.95
28.76	51.15	72.91		51.43	72.91
28.77	51.02	72.86		51.32	72.86
28.78	50.89	72.81		51.21	72.81
28.79	50.76	72.75		51.1	72.75
28.80	50.63	72.7		50.99	72.7
28.81	50.5	72.64		50.87	72.64
28.82	50.37	72.58		50.75	72.58
28.83	50.23	72.51		50.63	72.51
28.84	50.1	72.45		50.51	72.45
28.85	49.97	72.38		50.39	72.38
28.86	49.83	72.3		50.26	72.3
28.87	49.7	72.23		50.13	72.23
28.88	49.56	72.15		50	72.15
28.89	49.42	72.08		49.87	72.08
28.90	49.28	72		49.73	72
28.91	49.14	71.93		49.59	71.93
28.92	48.99	71.85		49.45	71.85
28.93	48.85	71.77		49.3	71.77
28.94	48.7	71.7		49.15	71.7
28.95	48.55	71.62		49	71.62
28.96	48.39	71.54		48.85	71.54
28.97	48.24	71.46		48.69	71.46
28.98	48.08	71.38		48.53	71.38
28.99	47.92	71.3		48.37	71.3
29.00	47.76	71.21		48.21	71.21
29.01	47.6	71.13		48.04	71.13
29.02	47.43	71.05		47.87	71.05
29.03	47.26	70.97		47.7	70.97
29.04	47.09	70.88		47.52	70.88
29.05	46.92	70.79		47.35	70.79
29.06	46.75	70.71		47.17	70.71
29.07	46.57	70.62		46.99	70.62
29.08	46.39	70.52		46.81	70.52
29.09	46.21	70.43		46.62	70.43
29.10	46.03	70.33		46.44	70.33
29.11	45.85	70.24		46.25	70.24
29.12	45.66	70.14		46.06	70.14
29.13	45.47	70.04		45.87	70.04
29.14	45.29	69.93		45.67	69.93
29.15	45.1	69.82		45.48	69.82
29.16	44.91	69.71		45.28	69.71
29.17	44.72	69.6		45.09	69.6
29.18	44.52	69.48		44.89	69.48
29.19	44.33	69.36		44.69	69.36
29.20	44.13	69.24		44.49	69.24
29.21	43.94	69.12		44.29	69.12
29.22	43.74	68.99		44.09	68.99
29.23	43.54	68.86		43.88	68.86
29.24	43.35	68.73		43.68	68.73
29.25	43.15	68.6		43.47	68.6
29.26	42.95	68.46		43.27	68.46
29.27	42.75	68.32		43.06	68.32
29.28	42.55	68.17		42.85	68.17
29.29	42.35	68.03		42.65	68.03
29.30	42.15	67.88		42.44	67.88
29.31	41.96	67.73		42.23	67.73
29.32	41.76	67.58		42.02	67.58
29.33	41.56	67.43		41.82	67.43
29.34	41.37	67.28		41.61	67.28
29.35	41.17	67.12		41.41	67.12
29.36	40.98	66.96		41.2	66.96
29.37	40.78	66.81		41	66.81
29.38	40.59	66.65		40.79	66.65
29.39	40.4	66.49		40.59	66.49
29.40	40.21	66.33		40.39	66.33
29.41	40.02	66.18		40.19	66.18
29.42	39.83	66.02		39.99	66.02
29.43	39.65	65.86		39.8	65.86
29.44	39.47	65.71		39.61	65.71
29.45	39.29	65.55		39.42	65.55
29.46	39.11	65.4		39.23	65.4
29.47	38.93	65.24		39.04	65.24
29.48	38.75	65.09		38.85	65.09
29.49	38.57	64.93		38.66	64.93
29.50	38.4	64.78		38.48	64.78
29.51	38.22	64.63		38.3	64.63
29.52	38.05	64.47		38.12	64.47
29.53	37.88	64.32		37.94	64.32
29.54	37.71	64.17		37.76	64.17
29.55	37.54	64.02		37.58	64.02
29.56	37.37	63.87		37.41	63.87
29.57	37.2	63.72		37.23	63.72
29.58	37.03	63.57		37.05	63.57
29.59	36.85	63.41		36.87	63.41
29.60	36.67	63.26		36.69	63.26
29.61	36.5	63.11		36.51	63.11
29.62	36.32	62.96		36.33	62.96
29.63	36.14	62.8		36.15	62.8
29.64	35.96	62.65		35.96	62.65
29.65	35.78	62.49		35.78	62.49
29.66	35.59	62.34		35.59	62.34
29.67	35.4	62.18		35.4	62.18
29.68	35.21	62.03		35.2	62.03
29.69	35.01	61.87		35	61.87
29.70	34.81	61.71		34.8	61.71
29.71	34.6	61.55		34.6	61.55
29.72	34.39	61.39		34.39	61.39
29.73	34.18	61.23		34.18	61.23
29.74	33.96	61.07		33.97	61.07
29.75	33.75	60.91		33.75	60.91
29.76	33.52	60.75		33.53	60.75
29.77	33.3	60.59		33.31	60.59
29.78	33.07	60.43		33.08	60.43
29.79	32.83	60.28		32.85	60.28
29.80	32.59	60.12		32.61	60.12
29.81	32.35	59.96		32.37	59.96
29.82	32.11	59.81		32.14	59.81
29.83	31.87	59.66		31.9	59.66
29.84	31.63	59.51		31.66	59.51
29.85	31.39	59.36		31.42	59.36
29.86	31.14	59.21		31.18	59.21
29.87	30.9	59.07		30.94	59.07
29.88	30.65	58.93		30.7	58.93
29.89	30.41	58.79		30.46	58.79
29.90	30.16	58.65		30.22	58.65
29.91	29.92	58.51		29.98	58.51
29.92	29.68	58.38		29.74	58.38
29.93	29.44	58.25		29.51	58.25
29.94	29.21	58.13		29.28	58.13
29.95	28.99	58		29.06	58
29.96	28.77	57.89		28.84	57.89
29.97	28.55	57.77		28.62	57.77
29.98	28.33	57.66		28.41	57.66
29.99	28.12	57.55		28.2	57.55
30.00	27.9070	57.4380		27.99	57.4380
30.01	27.7020	57.3310		27.79	57.3310
30.02	27.5030	57.2250		27.59	57.2250
30.03	27.3100	57.1200		27.4	57.1200
30.04	27.1230	57.0170		27.21	57.0170
30.05	26.9420	56.9180		27.03	56.9180
30.06	26.7660	56.8210		26.85	56.8210
30.07	26.5950	56.7260		26.68	56.7260
30.08	26.4270	56.6310		26.52	56.6310
30.09	26.2640	56.5360		26.35	56.5360
30.10	26.1030	56.4400		26.19	56.4400
30.11	25.9450	56.3420		26.03	56.3420
30.12	25.7890	56.2410		25.88	56.2410
30.13	25.6360	56.1380		25.72	56.1380
30.14	25.4880	56.0370		25.57	56.0370
30.15	25.3440	55.9350		25.43	55.9350
30.16	25.2030	55.8320		25.29	55.8320
30.17	25.0650	55.7270		25.15	55.7270
30.18	24.9270	55.6180		25.01	55.6180
30.19	24.7890	55.5060		24.87	55.5060
30.20	24.6510	55.3890		24.74	55.3890
30.21	24.5110	55.2660		24.6	55.2660
30.22	24.3690	55.1370		24.45	55.1370
30.23	24.2290	55.0040		24.31	55.0040
30.24	24.0890	54.8660		24.17	54.8660
30.25	23.9500	54.7250		24.03	54.7250
30.26	23.8100	54.5790		23.89	54.5790
30.27	23.6690	54.4300		23.75	54.4300
30.28	23.5260	54.2780		23.61	54.2780
30.29	23.3810	54.1220		23.46	54.1220
30.30	23.2330	53.9630		23.31	53.9630
30.31	23.0820	53.8010		23.16	53.8010
30.32	22.9290	53.6320		23	53.6320
30.33	22.7730	53.4580		22.85	53.4580
30.34	22.6160	53.2800		22.69	53.2800
30.35	22.4570	53.1000		22.52	53.1000
30.36	22.2970	52.9190		22.36	52.9190
30.37	22.1340	52.7380		22.19	52.7380
30.38	21.9710	52.5580		22.02	52.5580
30.39	21.8060	52.3820		21.85	52.3820
30.40	21.6390	52.2100		21.68	52.2100
30.41	21.4700	52.0360		21.5	52.0360
30.42	21.2980	51.8600		21.32	51.8600
30.43	21.1240	51.6850		21.13	51.6850
30.44	20.9500	51.5110		20.95	51.5110
30.45	20.7740	51.3400		20.76	51.3400
30.46	20.5980	51.1730		20.57	51.1730
30.47	20.4230	51.0120		20.38	51.0120
30.48	20.2490	50.8580		20.2	50.8580
30.49	20.0770	50.7120		20.01	50.7120
30.50	19.9050	50.5720		19.82	50.5720
30.51	19.7310	50.4370		19.63	50.4370
30.52	19.5580	50.3080		19.44	50.3080
30.53	19.3850	50.1830		19.25	50.1830
30.54	19.2130	50.0640		19.06	50.0640
30.55	19.0420	49.9500		18.87	49.9500
30.56	18.8740	49.8400		18.68	49.8400
30.57	18.7080	49.7360		18.5	49.7360
30.58	18.5450	49.6370		18.32	49.6370
30.59	18.3850	49.5440		18.14	49.5440
30.60	18.2280	49.4590		17.96	49.4590
30.61	18.0720	49.3790		17.79	49.3790
30.62	17.9180	49.3050		17.61	49.3050
30.63	17.7670	49.2350		17.44	49.2350
30.64	17.6170	49.1690		17.28	49.1690
30.65	17.4690	49.1040		17.11	49.1040
30.66	17.3230	49.0410		16.95	49.0410
30.67	17.1780	48.9780		16.79	48.9780
30.68	17.0350	48.9150		16.63	48.9150
30.69	16.8960	48.8550		16.47	48.8550
30.70	16.7580	48.7990		16.32	48.7990
30.71	16.6230	48.7460		16.18	48.7460
30.72	16.4890	48.6940		16.03	48.6940
30.73	16.3560	48.6420		15.89	48.6420
30.74	16.2240	48.5900		15.74	48.5900
30.75	16.0920	48.5370		15.6	48.5370
30.76	15.9600	48.4810		15.46	48.4810
30.77	15.8270	48.4220		15.32	48.4220
30.78	15.6940	48.3610		15.18	48.3610
30.79	15.5620	48.3000		15.04	48.3000
30.80	15.4300	48.2390		14.91	48.2390
30.81	15.2990	48.1760		14.77	48.1760
30.82	15.1670	48.1120		14.64	48.1120
30.83	15.0360	48.0460		14.5	48.0460
30.84	14.9040	47.9760		14.37	47.9760
30.85	14.7710	47.9040		14.24	47.9040
30.86	14.6380	47.8270		14.1	47.8270
30.87	14.5040	47.7460		13.97	47.7460
30.88	14.3690	47.6640		13.83	47.6640
30.89	14.2320	47.5800		13.7	47.5800
30.90	14.0950	47.4940		13.57	47.4940
30.91	13.9570	47.4040		13.43	47.4040
30.92	13.8200	47.3110		13.3	47.3110
30.93	13.6840	47.2130		13.17	47.2130
30.94	13.5480	47.1090		13.03	47.1090
30.95	13.4130	47.0000		12.9	47.0000
30.96	13.2810	46.8840		12.78	46.8840
30.97	13.1490	46.7640		12.65	46.7640
30.98	13.0170	46.6410		12.53	46.6410
30.99	12.8860	46.5150		12.4	46.5150
31.00	12.7550	46.3840		12.28	46.3840
31.01	12.6250	46.2470		12.16	46.2470
31.02	12.4970	46.1030		12.04	46.1030
31.03	12.3710	45.9500		11.92	45.9500
31.04	12.2470	45.7870		11.8	45.7870
31.05	12.1260	45.6130		11.69	45.6130
31.06	12.0070	45.4280		11.58	45.4280
31.07	11.8900	45.2350		11.48	45.2350
31.08	11.7760	45.0360		11.37	45.0360
31.09	11.6630	44.8290		11.27	44.8290
31.10	11.5530	44.6130		11.17	44.6130
31.11	11.4440	44.3870		11.08	44.3870
31.12	11.3370	44.1480		10.98	44.1480
31.13	11.2310	43.8980		10.89	43.8980
31.14	11.1270	43.6330		10.8	43.6330
31.15	11.0240	43.3540		10.71	43.3540
31.16	10.9230	43.0590		10.62	43.0590
31.17	10.8240	42.7520		10.53	42.7520
31.18	10.7280	42.4330		10.45	42.4330
31.19	10.6320	42.1020		10.37	42.1020
31.20	10.5390	41.7580		10.29	41.7580
31.21	10.4460	41.4010		10.21	41.4010
31.22	10.3540	41.0310		10.13	41.0310
31.23	10.2620	40.6480		10.06	40.6480
31.24	10.1710	40.2520		9.98	40.2520
31.25	10.0790	39.8420		9.9	39.8420
31.26	9.9870	39.4170		9.83	39.4170
31.27	9.8970	38.9770		9.75	38.9770
31.28	9.8060	38.5220		9.67	38.5220
31.29	9.7170	38.0540		9.6	38.0540
31.30	9.6270	37.5740		9.52	37.5740
31.31	9.5380	37.0840		9.45	37.0840
31.32	9.4490	36.5840		9.37	36.5840
31.33	9.3600	36.0760		9.3	36.0760
31.34	9.2710	35.5610		9.22	35.5610
31.35	9.1820	35.0410		9.14	35.0410
31.36	9.0930	34.5100		9.07	34.5100
31.37	9.0040	33.9660		8.99	33.9660
31.38	8.9150	33.4110		8.91	33.4110
31.39	8.8270	32.8480		8.83	32.8480
31.40	8.7380	32.2780		8.76	32.2780
31.41	8.6490	31.7030		8.68	31.7030
31.42	8.5600	31.1260		8.6	31.1260
31.43	8.4710	30.5470		8.52	30.5470
31.44	8.3800	29.9690		8.43	29.9690
31.45	8.2900	29.3940		8.35	29.3940
31.46	8.1990	28.8140		8.27	28.8140
31.47	8.1080	28.2290		8.18	28.2290
31.48	8.0170	27.6400		8.09	27.6400
31.49	7.9260	27.0490		8.01	27.0490
31.50	7.8340	26.4570		7.92	26.4570
31.51	7.7410	25.8670		7.83	25.8670
31.52	7.6470	25.2800		7.74	25.2800
31.53	7.5530	24.6970		7.64	24.6970
31.54	7.4570	24.1210		7.55	24.1210
31.55	7.3600	23.5520		7.45	23.5520
31.56	7.2620	22.9840		7.35	22.9840
31.57	7.1620	22.4180		7.25	22.4180
31.58	7.0620	21.8550		7.14	21.8550
31.59	6.9610	21.2950		7.04	21.2950
31.60	6.8590	20.7390		6.93	20.7390
31.61	6.7560	20.1890		6.82	20.1890
31.62	6.6530	19.6460		6.71	19.6460
31.63	6.5480	19.1100		6.6	19.1100
31.64	6.4420	18.5820		6.49	18.5820
31.65	6.3350	18.0640		6.38	18.0640
31.66	6.2260	17.5510		6.26	17.5510
31.67	6.1160	17.0440		6.14	17.0440
31.68	6.0040	16.5430		6.02	16.5430
31.69	5.8920	16.0490		5.9	16.0490
31.70	5.7790	15.5620		5.77	15.5620
31.71	5.6650	15.0820		5.65	15.0820
31.72	5.5520	14.6120		5.53	14.6120
31.73	5.4390	14.1500		5.4	14.1500
31.74	5.3270	13.6980		5.28	13.6980
31.75	5.2160	13.2560		5.16	13.2560
31.76	5.1040	12.8220		5.04	12.8220
31.77	4.9920	12.3970		4.91	12.3970
31.78	4.8790	11.9790		4.79	11.9790
31.79	4.7670	11.5700		4.67	11.5700
31.80	4.6550	11.1700		4.54	11.1700
31.81	4.5440	10.7790		4.42	10.7790
31.82	4.4350	10.3970		4.3	10.3970
31.83	4.3270	10.0240		4.18	10.0240
31.84	4.2210	9.6620		4.07	9.6620
31.85	4.1180	9.3090		3.95	9.3090
31.86	4.0150	8.9670		3.84	8.9670
31.87	3.9140	8.6330		3.73	8.6330
31.88	3.8150	8.3090		3.62	8.3090
31.89	3.7170	7.9950		3.52	7.9950
31.90	3.6200	7.6900		3.41	7.6900
31.91	3.5250	7.3930		3.31	7.3930
31.92	3.4310	7.1060		3.21	7.1060
31.93	3.3400	6.8270		3.11	6.8270
31.94	3.2500	6.5570		3.01	6.5570
31.95	3.1630	6.2960		2.92	6.2960
31.96	3.0780	6.0440		2.83	6.0440
31.97	2.9950	5.8020		2.74	5.8020
31.98	2.9140	5.5700		2.65	5.5700
31.99	2.8340	5.3460		2.57	5.3460
32.00	2.7570	5.1310		2.48	5.1310
32.01	2.6810	4.9240		2.4	4.9240
32.02	2.6060	4.7240		2.33	4.7240
32.03	2.5340	4.5310		2.25	4.5310
32.04	2.4620	4.3450		2.18	4.3450
32.05	2.3920	4.1640		2.1	4.1640
32.06	2.3230	3.9910		2.03	3.9910
32.07	2.2550	3.8260		1.96	3.8260
32.08	2.1900	3.6700		1.9	3.6700
32.09	2.1260	3.5200		1.83	3.5200
32.10	2.0630	3.3780		1.77	3.3780
32.11	2.0020	3.2410		1.71	3.2410
32.12	1.9410	3.1100		1.65	3.1100
32.13	1.8820	2.9830		1.59	2.9830
32.14	1.8240	2.8610		1.54	2.8610
32.15	1.7670	2.7420		1.49	2.7420
32.16	1.7100	2.6270		1.43	2.6270
32.17	1.6550	2.5180		1.38	2.5180
32.18	1.6000	2.4140		1.33	2.4140
32.19	1.5470	2.3160		1.28	2.3160
32.20	1.4940	2.2220		1.24	2.2220
32.21	1.4430	2.1330		1.19	2.1330
32.22	1.3930	2.0470		1.15	2.0470
32.23	1.3430	1.9640		1.11	1.9640
32.24	1.2950	1.8830		1.07	1.8830
32.25	1.2470	1.8050		1.03	1.8050
32.26	1.2010	1.7280		1	1.7280
32.27	1.1550	1.6540		0.96	1.6540
32.28	1.1100	1.5830		0.93	1.5830
32.29	1.0660	1.5160		0.89	1.5160
32.30	1.0230	1.4510		0.86	1.4510
32.31	0.9810	1.3900		0.83	1.3900
32.32	0.9400	1.3300		0.81	1.3300
32.33	0.9000	1.2720		0.78	1.2720
32.34	0.8610	1.2160		0.75	1.2160
32.35	0.8230	1.1600		0.73	1.1600
32.36	0.7870	1.1060		0.71	1.1060
32.37	0.7520	1.0520		0.68	1.0520
32.38	0.7170	1.0010		0.66	1.0010
32.39	0.6840	0.9510		0.64	0.9510
32.40	0.6520	0.9030		0.63	0.9030
32.41	0.6210	0.8560		0.61	0.8560
32.42	0.5920	0.8110		0.59	0.8110
32.43	0.5630	0.7670		0.58	0.7670
32.44	0.5360	0.7240		0.56	0.7240
32.45	0.5090	0.6810		0.55	0.6810
32.46	0.4840	0.6390		0.54	0.6390
32.47	0.4600	0.5960		0.53	0.5960
32.48	0.4380	0.5550		0.51	0.5550
32.49	0.4160	0.5150		0.5	0.5150
32.50	0.3960	0.4760		0.49	0.4760
32.51	0.3780	0.4380		0.48	0.4380
32.52	0.3600	0.4000		0.48	0.4000
32.53	0.3430	0.3630		0.47	0.3630
32.54	0.3270	0.3260		0.46	0.3260
32.55	0.3120	0.2900		0.45	0.2900
32.56	0.2980	0.2530		0.44	0.2530
32.57	0.2840	0.2170		0.44	0.2170
32.58	0.2710	0.1810		0.43	0.1810
32.59	0.2590	0.1450		0.42	0.1450
32.60	0.2480	0.1090		0.41	0.1090
32.61	0.2380	0.0730		0.4	0.0730
32.62	0.2290	0.0380		0.39	0.0380
32.63	0.2200	0.0030		0.39	0.0030
32.64	0.2120	-0.0320		0.38	-0.0320
32.65	0.2040	-0.0660		0.37	-0.0660
32.66	0.1960	-0.0990		0.36	-0.0990
32.67	0.1890	-0.1320		0.36	-0.1320
32.68	0.1810	-0.1650		0.35	-0.1650
32.69	0.1740	-0.1970		0.34	-0.1970
32.70	0.1670	-0.2290		0.33	-0.2290
32.71	0.1600	-0.2620		0.32	-0.2620
32.72	0.1540	-0.2940		0.32	-0.2940
32.73	0.1480	-0.3250		0.31	-0.3250
32.74	0.1430	-0.3550		0.3	-0.3550
32.75	0.1370	-0.3850		0.29	-0.3850
32.76	0.1310	-0.4130		0.28	-0.4130
32.77	0.1250	-0.4390		0.28	-0.4390
32.78	0.1180	-0.4640		0.27	-0.4640
32.79	0.1110	-0.4870		0.26	-0.4870
32.80	0.1040	-0.5080		0.26	-0.5080
32.81	0.0970	-0.5300		0.25	-0.5300
32.82	0.0900	-0.5500		0.24	-0.5500
32.83	0.0820	-0.5690		0.24	-0.5690
32.84	0.0750	-0.5870		0.23	-0.5870
32.85	0.0670	-0.6020		0.23	-0.6020
32.86	0.0590	-0.6160		0.22	-0.6160
32.87	0.0510	-0.6260		0.22	-0.6260
32.88	0.0430	-0.6340		0.22	-0.6340
32.89	0.0350	-0.6390		0.21	-0.6390
32.90	0.0260	-0.6410		0.21	-0.6410
32.91	0.0170	-0.6390		0.21	-0.6390
32.92	0.0080	-0.6340		0.21	-0.6340
32.93	-0.0010	-0.6270		0.21	-0.6270
32.94	-0.0110	-0.6170		0.2	-0.6170
32.95	-0.0200	-0.6050		0.21	-0.6050
32.96	-0.0300	-0.5910		0.21	-0.5910
32.97	-0.0400	-0.5750		0.21	-0.5750
32.98	-0.0490	-0.5570		0.21	-0.5570
32.99	-0.0590	-0.5380		0.21	-0.5380
33.00	-0.0680	-0.5160		0.21	-0.5160
33.01	-0.0770	-0.4940		0.21	-0.4940
33.02	-0.0870	-0.4670		0.21	-0.4670
33.03	-0.0960	-0.4380		0.21	-0.4380
33.04	-0.1060	-0.4070		0.22	-0.4070
33.05	-0.1150	-0.3740		0.22	-0.3740
33.06	-0.1250	-0.3400		0.22	-0.3400
33.07	-0.1340	-0.3040		0.23	-0.3040
33.08	-0.1430	-0.2690		0.23	-0.2690
33.09	-0.1510	-0.2330		0.23	-0.2330
33.10	-0.1590	-0.1980		0.23	-0.1980
33.11	-0.1670	-0.1650		0.24	-0.1650
33.12	-0.1730	-0.1320		0.24	-0.1320
33.13	-0.1800	-0.0970		0.24	-0.0970
33.14	-0.1860	-0.0610		0.24	-0.0610
33.15	-0.1920	-0.0250		0.24	-0.0250
33.16	-0.1970	0.0120		0.25	0.0120
33.17	-0.2020	0.0480		0.25	0.0480
33.18	-0.2070	0.0820		0.25	0.0820
33.19	-0.2110	0.1150		0.25	0.1150
33.20	-0.2140	0.1460		0.25	0.1460
33.21	-0.2170	0.1730		0.25	0.1730
33.22	-0.2200	0.1980		0.25	0.1980
33.23	-0.2220	0.2180		0.25	0.2180
33.24	-0.2240	0.2370		0.25	0.2370
33.25	-0.2250	0.2530		0.25	0.2530
33.26	-0.2250	0.2680		0.24	0.2680
33.27	-0.2250	0.2800		0.24	0.2800
33.28	-0.2250	0.2910		0.24	0.2910
33.29	-0.2240	0.2990		0.24	0.2990
33.30	-0.2230	0.3050		0.23	0.3050
33.31	-0.2220	0.3090		0.23	0.3090
33.32	-0.2200	0.3120		0.23	0.3120
33.33	-0.2190	0.3120		0.22	0.3120
33.34	-0.2170	0.3100		0.22	0.3100
33.35	-0.2140	0.3040		0.22	0.3040
33.36	-0.2110	0.2960		0.21	0.2960
33.37	-0.2080	0.2860		0.21	0.2860
33.38	-0.2050	0.2730		0.21	0.2730
33.39	-0.2010	0.2590		0.2	0.2590
33.40	-0.1970	0.2440		0.2	0.2440
33.41	-0.1930	0.2270		0.19	0.2270
33.42	-0.1890	0.2110		0.19	0.2110
33.43	-0.1850	0.1940		0.19	0.1940
33.44	-0.1810	0.1780		0.18	0.1780
33.45	-0.1770	0.1620		0.18	0.1620
33.46	-0.1740	0.1440		0.18	0.1440
33.47	-0.1700	0.1250		0.18	0.1250
33.48	-0.1660	0.1040		0.17	0.1040
33.49	-0.1620	0.0830		0.17	0.0830
33.50	-0.1580	0.0610		0.17	0.0610
33.51	-0.1550	0.0400		0.17	0.0400
33.52	-0.1510	0.0200		0.16	0.0200
33.53	-0.1470	0.0020		0.16	0.0020
33.54	-0.1430	-0.0140		0.16	-0.0140
33.55	-0.1390	-0.0270		0.16	-0.0270
33.56	-0.1350	-0.0370		0.16	-0.0370
33.57	-0.1310	-0.0460		0.16	-0.0460
33.58	-0.1270	-0.0530		0.16	-0.0530
33.59	-0.1230	-0.0590		0.16	-0.0590
33.60	-0.1190	-0.0630		0.16	-0.0630
33.61	-0.1150	-0.0650		0.16	-0.0650
33.62	-0.1110	-0.0660		0.16	-0.0660
33.63	-0.1070	-0.0650		0.16	-0.0650
33.64	-0.1030	-0.0620		0.16	-0.0620
33.65	-0.0990	-0.0560		0.17	-0.0560
33.66	-0.0950	-0.0490		0.17	-0.0490
33.67	-0.0910	-0.0380		0.17	-0.0380
33.68	-0.0870	-0.0260		0.17	-0.0260
33.69	-0.0830	-0.0100		0.17	-0.0100
33.70	-0.0790	0.0070		0.17	0.0070
33.71	-0.0750	0.0270		0.17	0.0270
33.72	-0.0700	0.0490		0.17	0.0490
33.73	-0.0660	0.0730		0.18	0.0730
33.74	-0.0620	0.0990		0.18	0.0990
33.75	-0.0580	0.1250		0.18	0.1250
33.76	-0.0530	0.1540		0.18	0.1540
33.77	-0.0490	0.1830		0.18	0.1830
33.78	-0.0450	0.2130		0.18	0.2130
33.79	-0.0400	0.2440		0.18	0.2440
33.80	-0.0360	0.2780		0.18	0.2780
33.81	-0.0310	0.3130		0.18	0.3130
33.82	-0.0270	0.3510		0.18	0.3510
33.83	-0.0220	0.3890		0.18	0.3890
33.84	-0.0180	0.4290		0.18	0.4290
33.85	-0.0130	0.4700		0.18	0.4700
33.86	-0.0080	0.5100		0.18	0.5100
33.87	-0.0040	0.5510		0.18	0.5510
33.88	0.0010	0.5920		0.18	0.5920
33.89	0.0060	0.6320		0.18	0.6320
33.90	0.0100	0.6710		0.18	0.6710
33.91	0.0150	0.7100		0.18	0.7100
33.92	0.0200	0.7510		0.18	0.7510
33.93	0.0250	0.7930		0.17	0.7930
33.94	0.0300	0.8360		0.17	0.8360
33.95	0.0350	0.8780		0.17	0.8780
33.96	0.0400	0.9190		0.17	0.9190
33.97	0.0440	0.9600		0.17	0.9600
33.98	0.0490	0.9980		0.16	0.9980
33.99	0.0540	1.0350		0.16	1.0350
34.00	0.0590	1.0680		0.16	1.0680
