microns throughput
0.5505499877929687 2.592958491759842e-09
0.5515499877929687 2.3224457947304834e-09
0.5525499877929687 4.745715262581622e-09
0.5535499877929687 5.664988359873766e-09
0.5545499877929687 2.597493440118131e-09
0.5555499877929687 5.976422767788898e-09
0.5565499877929687 6.259349310774374e-09
0.5575499877929687 8.89897359936417e-09
0.5585499877929687 5.25346054381515e-09
0.5595499877929687 3.7454171523377295e-09
0.5605499877929687 1.6885908121460764e-09
0.5615499877929687 9.640367251002665e-09
0.5625499877929687 1.110843236750822e-08
0.5635499877929687 8.772042427563638e-09
0.5645499877929687 8.978555524441079e-09
0.5655499877929687 4.467835160663895e-09
0.5665499877929687 6.498014581761738e-09
0.5675499877929687 7.3621784328378666e-09
0.5685499877929687 8.150280392356279e-09
0.5695499877929687 7.239047917368718e-09
0.5705499877929687 3.0617013252362125e-09
0.5715499877929687 6.201909019125224e-09
0.5725499877929687 8.459095854662585e-09
0.5735499877929687 1.5911380619673642e-08
0.5745499877929687 9.8096901682578e-09
0.5755499877929687 6.41257950688244e-09
0.5765499877929687 9.333965290456523e-09
0.5775499877929687 3.1748387060875482e-09
0.5785499877929687 6.857806484010254e-09
0.5795499877929687 8.161207551492892e-09
0.5805499877929687 2.0316719805475713e-08
0.5815499877929687 8.556734961179858e-09
0.5825499877929687 2.5107049489384886e-08
0.5835499877929687 2.1186723789283846e-08
0.5845499877929687 1.8073658283063436e-08
0.5855499877929687 1.334260323289883e-08
0.5865499877929687 3.4955883356924005e-08
0.5875499877929687 2.8162348102614e-08
0.5885499877929687 2.304392909106064e-08
0.5895499877929687 6.4314677668055556e-09
0.5905499877929687 7.016083699912093e-09
0.5915499877929687 3.487526561731875e-08
0.5925499877929687 2.5790387551039748e-08
0.5935499877929687 1.9932403352682892e-08
0.5945499877929687 2.5924543980837123e-08
0.5955499877929687 5.019490394384221e-08
0.5965499877929688 2.9024930545732407e-08
0.5975499877929688 7.096076358319641e-09
0.5985499877929688 2.0469150471250775e-08
0.5995499877929688 2.8340476808842042e-08
0.6005499877929688 5.428832138685829e-08
0.6015499877929688 3.498860519355101e-08
0.6025499877929688 4.468401103329605e-08
0.6035499877929688 4.0643558336150956e-08
0.6045499877929688 2.7910789726094013e-08
0.6055499877929688 3.0689218738464765e-08
0.6065499877929688 9.335402933880932e-09
0.6075499877929688 4.071969605348075e-08
0.6085499877929688 4.795384663436004e-08
0.6095499877929688 6.333927968084778e-08
0.6105499877929688 3.905877430860873e-08
0.6115499877929688 6.801836802601371e-08
0.6125499877929688 3.927429901020195e-08
0.6135499877929688 7.241624553446133e-08
0.6145499877929688 4.507392187721064e-08
0.6155499877929688 3.209280592268171e-08
0.6165499877929688 2.895501741129693e-08
0.6175499877929688 3.400657024809726e-08
0.6185499877929688 2.6741372990410635e-08
0.6195499877929688 7.261036691643837e-08
0.6205499877929688 4.768982730776498e-08
0.6215499877929688 6.562282056371611e-08
0.6225499877929688 3.649058545278126e-08
0.6235499877929688 3.325303192872578e-08
0.6245499877929688 6.366804314255839e-08
0.6255499877929688 7.347438568354588e-08
0.6265499877929688 4.1976076655776404e-08
0.6275499877929688 2.8899542256970976e-08
0.6285499877929688 5.602742172490591e-08
0.6295499877929688 1.0724078443910114e-07
0.6305499877929688 9.907828683306184e-08
0.6315499877929688 7.274874951798554e-08
0.6325499877929688 1.20962676158988e-07
0.6335499877929688 1.1470733707179315e-07
0.6345499877929688 5.853055981097193e-08
0.6355499877929688 1.1376662473964304e-07
0.6365499877929688 1.0196857496210004e-07
0.6375499877929688 1.448463141483512e-07
0.6385499877929688 4.9949037570022066e-08
0.6395499877929688 8.337333336578007e-08
0.6405499877929688 1.3065664249282645e-07
0.6415499877929688 8.192439282461163e-08
0.6425499877929688 9.304207441241568e-08
0.6435499877929688 7.390449245998115e-08
0.6445499877929688 6.902912898459078e-08
0.6455499877929688 1.0539953827199239e-07
0.6465499877929688 1.093150355300415e-07
0.6475499877929688 1.1984357885565289e-07
0.6485499877929688 1.1226414669434094e-07
0.6495499877929688 1.5331513567040422e-07
0.6505499877929688 1.0553891255154238e-07
0.6515499877929688 1.3201363120493363e-07
0.6525499877929688 1.2329041782421088e-07
0.6535499877929688 9.92412283394369e-08
0.6545499877929688 1.4559235584809284e-07
0.6555499877929688 1.3681017340244982e-07
0.6565499877929688 1.6444300065509468e-07
0.6575499877929688 1.4707820342548822e-07
0.6585499877929688 1.387304879601548e-07
0.6595499877929687 1.3309262468526808e-07
0.6605499877929687 1.4892845943136653e-07
0.6615499877929687 1.3797418421934773e-07
0.6625499877929687 1.6168014548592978e-07
0.6635499877929687 1.7900309101100935e-07
0.6645499877929687 1.867859353944261e-07
0.6655499877929687 2.0151605221952076e-07
0.6665499877929687 1.811187716067809e-07
0.6675499877929687 2.1106825696111756e-07
0.6685499877929687 1.9605294103933575e-07
0.6695499877929687 1.9467663464421484e-07
0.6705499877929687 2.42562785214515e-07
0.6715499877929687 2.4385866795062994e-07
0.6725499877929687 1.9376406826813929e-07
0.6735499877929687 2.6192595756265314e-07
0.6745499877929687 2.6826830428520324e-07
0.6755499877929687 2.397553313829481e-07
0.6765499877929687 2.2133687799460183e-07
0.6775499877929687 1.95766149517251e-07
0.6785499877929687 2.689776825071069e-07
0.6795499877929687 2.4236094108402713e-07
0.6805499877929687 2.0872751459652107e-07
0.6815499877929687 2.4514220923550947e-07
0.6825499877929687 2.6492830455065873e-07
0.6835499877929687 2.858942871223034e-07
0.6845499877929687 2.7387764878947484e-07
0.6855499877929687 2.9789790084121674e-07
0.6865499877929687 2.940345311360754e-07
0.6875499877929687 3.197647509249661e-07
0.6885499877929687 3.053030528086644e-07
0.6895499877929687 2.9811506343608523e-07
0.6905499877929687 3.102973386647386e-07
0.6915499877929687 3.094959682872933e-07
0.6925499877929687 3.175120179662958e-07
0.6935499877929687 3.123962595773722e-07
0.6945499877929687 3.5321440858930054e-07
0.6955499877929687 3.385523756950147e-07
0.6965499877929687 3.4159795958512596e-07
0.6975499877929687 3.744056578615828e-07
0.6985499877929687 3.7086937047118196e-07
0.6995499877929687 3.4436750929348603e-07
0.7005499877929687 3.411169592624011e-07
0.7015499877929687 3.324658527234297e-07
0.7025499877929687 3.731723139168776e-07
0.7035499877929687 3.498154203940815e-07
0.7045499877929687 3.672073433148884e-07
0.7055499877929687 3.213210813528588e-07
0.7065499877929687 3.8535327412321223e-07
0.7075499877929687 3.6676372719453155e-07
0.7085499877929687 3.9712158199264407e-07
0.7095499877929687 4.300725135894078e-07
0.7105499877929687 4.335998014696176e-07
0.7115499877929687 4.161764207324416e-07
0.7125499877929687 4.0708189177434767e-07
0.7135499877929687 4.460274158779042e-07
0.7145499877929687 4.773523405095209e-07
0.7155499877929687 4.597283467553979e-07
0.7165499877929687 4.650727434041112e-07
0.7175499877929687 5.415191499444272e-07
0.7185499877929687 4.794873408096403e-07
0.7195499877929687 5.151579212393267e-07
0.7205499877929687 4.848284427327858e-07
0.7215499877929688 4.962451152232713e-07
0.7225499877929688 5.361511328763548e-07
0.7235499877929688 5.002217377953035e-07
0.7245499877929688 5.092249422991341e-07
0.7255499877929688 5.637729285973222e-07
0.7265499877929688 4.861779931920997e-07
0.7275499877929688 4.912956585984873e-07
0.7285499877929688 4.801577779046021e-07
0.7295499877929688 4.507814357839363e-07
0.7305499877929688 4.116449470853159e-07
0.7315499877929688 4.1602047349245475e-07
0.7325499877929688 4.9756533881921e-07
0.7335499877929688 4.173901558281054e-07
0.7345499877929688 3.6917585620437585e-07
0.7355499877929688 4.0495298000896843e-07
0.7365499877929688 3.954977033918386e-07
0.7375499877929688 4.178730864368273e-07
0.7385499877929688 3.973378451684378e-07
0.7395499877929688 4.8435515365825e-07
0.7405499877929688 4.76112196581088e-07
0.7415499877929688 4.582119990610954e-07
0.7425499877929688 4.3512914422522497e-07
0.7435499877929688 5.152144666373141e-07
0.7445499877929688 4.847026465691872e-07
0.7455499877929688 4.7267732925543366e-07
0.7465499877929688 4.888749820096888e-07
0.7475499877929688 4.854163800629162e-07
0.7485499877929688 5.490560565017601e-07
0.7495499877929688 5.111762467844689e-07
0.7505499877929688 5.424610335619984e-07
0.7515499877929688 5.787834334029143e-07
0.7525499877929688 5.486277926340056e-07
0.7535499877929688 5.881109922198664e-07
0.7545499877929688 5.741173869855688e-07
0.7555499877929688 5.648847351385351e-07
0.7565499877929688 5.24162174080403e-07
0.7575499877929688 5.722873918661157e-07
0.7585499877929688 6.338011662261781e-07
0.7595499877929688 6.430737670892443e-07
0.7605499877929688 6.64950998904251e-07
0.7615499877929688 6.506833240614777e-07
0.7625499877929688 7.238218734373791e-07
0.7635499877929688 7.252808355507924e-07
0.7645499877929688 7.4684827005677e-07
0.7655499877929688 7.782554920018998e-07
0.7665499877929688 7.864900113871903e-07
0.7675499877929688 8.568983021835728e-07
0.7685499877929688 9.206935489999447e-07
0.7695499877929688 1.2157918053782117e-06
0.7705499877929688 1.4095987935278004e-06
0.7715499877929688 1.929023266007857e-06
0.7725499877929688 2.5790767700610374e-06
0.7735499877929688 3.836940379321003e-06
0.7745499877929688 5.825978133961419e-06
0.7755499877929688 8.62010338132852e-06
0.7765499877929688 1.2529519798378653e-05
0.7775499877929688 1.7760914529176454e-05
0.7785499877929688 2.496666452209947e-05
0.7795499877929688 3.385304760925629e-05
0.7805499877929688 4.7430347998515175e-05
0.7815499877929688 6.746342563601745e-05
0.7825499877929688 0.00010130816469660125
0.7835499877929688 0.00016743591503136577
0.7845499877929687 0.0002889139555771542
0.7855499877929687 0.0005600415437028023
0.7865499877929687 0.0012118718306645333
0.7875499877929687 0.002738321375797347
0.7885499877929687 0.006420542325433155
0.7895499877929687 0.015005632783798729
0.7905499877929687 0.03140318031283923
0.7915499877929687 0.058416158916048185
0.7925499877929687 0.09532332497629942
0.7935499877929687 0.1401697080109114
0.7945499877929687 0.1845735898974012
0.7955499877929687 0.22437283365834018
0.7965499877929687 0.2576320564630781
0.7975499877929687 0.2820836139030992
0.7985499877929687 0.2993658961293796
0.7995499877929687 0.3102389227069939
0.8005499877929687 0.31777596878347647
0.8015499877929687 0.3213696781405605
0.8025499877929687 0.32272462365279636
0.8035499877929687 0.32390167102503875
0.8045499877929687 0.32535865401360287
0.8055499877929687 0.3257204362411149
0.8065499877929687 0.32338459646675044
0.8075499877929687 0.3180857309571864
0.8085499877929687 0.31186934684716405
0.8095499877929687 0.30761953320387037
0.8105499877929687 0.30671722394490236
0.8115499877929687 0.30870214732413404
0.8125499877929687 0.31232332840615046
0.8135499877929687 0.3147022601973335
0.8145499877929687 0.3173391093396427
0.8155499877929687 0.316403894175047
0.8165499877929687 0.31599805483535837
0.8175499877929687 0.3178949674706837
0.8185499877929687 0.32298711151319814
0.8195499877929687 0.3281985944458836
0.8205499877929687 0.33515209631507453
0.8215499877929687 0.34020623723054993
0.8225499877929687 0.34247976998027285
0.8235499877929687 0.3430737962686473
0.8245499877929687 0.3419051482819889
0.8255499877929687 0.3378588148813424
0.8265499877929687 0.33394791835006266
0.8275499877929687 0.3318608290786862
0.8285499877929687 0.33140734424357543
0.8295499877929687 0.3322146980389529
0.8305499877929687 0.3330017458972057
0.8315499877929687 0.3337636294369124
0.8325499877929687 0.33296709547775083
0.8335499877929687 0.33075685704163643
0.8345499877929687 0.32826128794639664
0.8355499877929687 0.3283931512202286
0.8365499877929687 0.3293441647992328
0.8375499877929687 0.33155100841757046
0.8385499877929687 0.3343722295784626
0.8395499877929687 0.33652314249786774
0.8405499877929687 0.3385286227291995
0.8415499877929687 0.3404792366359274
0.8425499877929687 0.3423039036611038
0.8435499877929687 0.3434331498798898
0.8445499877929687 0.3444756446895558
0.8455499877929687 0.3445856600394952
0.8465499877929688 0.3448271628941847
0.8475499877929688 0.3430236957901722
0.8485499877929688 0.3423445227768621
0.8495499877929688 0.3437549149752078
0.8505499877929688 0.34498751788535875
0.8515499877929688 0.34686250692485143
0.8525499877929688 0.34610498604839846
0.8535499877929688 0.34538149808737345
0.8545499877929688 0.3446715666344342
0.8555499877929688 0.3423684753770705
0.8565499877929688 0.342183767152893
0.8575499877929688 0.3422117523695778
0.8585499877929688 0.3429522085690536
0.8595499877929688 0.342138668715938
0.8605499877929688 0.34356824168878153
0.8615499877929688 0.3436479066505892
0.8625499877929688 0.34195304809741556
0.8635499877929688 0.34123342801324275
0.8645499877929688 0.3429238094330864
0.8655499877929688 0.3440752757360047
0.8665499877929688 0.34861959593591707
0.8675499877929688 0.3495328934024649
0.8685499877929688 0.3498965449769957
0.8695499877929688 0.3517869283731825
0.8705499877929688 0.3545747668955722
0.8715499877929688 0.3532483154946503
0.8725499877929688 0.3561263170415885
0.8735499877929688 0.35625053225963177
0.8745499877929688 0.35639601232351836
0.8755499877929688 0.3525809829801496
0.8765499877929688 0.3518532590946502
0.8775499877929688 0.35443632634617206
0.8785499877929688 0.35274122696067733
0.8795499877929688 0.34865335792901475
0.8805499877929688 0.35175987349971277
0.8815499877929688 0.3490569934032062
0.8825499877929688 0.3492303539332954
0.8835499877929688 0.3480193336228075
0.8845499877929688 0.3487859220471156
0.8855499877929688 0.341733940760216
0.8865499877929688 0.33744930416468444
0.8875499877929688 0.3427631168835067
0.8885499877929688 0.34961744142970363
0.8895499877929688 0.3467817593843747
0.8905499877929688 0.34774917397863375
0.8915499877929688 0.35551355048401745
0.8925499877929688 0.35818567927328837
0.8935499877929688 0.35927861284048124
0.8945499877929688 0.3604870440469426
0.8955499877929688 0.3608029211477036
0.8965499877929688 0.3590548777987226
0.8975499877929688 0.35803699823570245
0.8985499877929688 0.3567285524881957
0.8995499877929688 0.3552355974153444
0.9005499877929688 0.3536312612890326
0.9015499877929688 0.3511127959101696
0.9025499877929688 0.3498808450415165
0.9035499877929688 0.3469552227327787
0.9045499877929688 0.3448967668134628
0.9055499877929688 0.3455760656225746
0.9065499877929688 0.34385164037533156
0.9075499877929688 0.34230304119707017
0.9085499877929688 0.3441520903047708
0.9095499877929687 0.34528205648499455
0.9105499877929687 0.3479350633835105
0.9115499877929687 0.35002644743331224
0.9125499877929687 0.3528201090172524
0.9135499877929687 0.35698515311915807
0.9145499877929687 0.3595011843905441
0.9155499877929687 0.36276738185436885
0.9165499877929687 0.3677573570564451
0.9175499877929687 0.36904358583632463
0.9185499877929687 0.37215221901564793
0.9195499877929687 0.37285163576206626
0.9205499877929687 0.37242124647031055
0.9215499877929687 0.37309952807800933
0.9225499877929687 0.37186023629731135
0.9235499877929687 0.3705060407294992
0.9245499877929687 0.3668842282260103
0.9255499877929687 0.36555355807188994
0.9265499877929687 0.3634287743217913
0.9275499877929687 0.36127150825109977
0.9285499877929687 0.35989475950331895
0.9295499877929687 0.3599478296986285
0.9305499877929687 0.35937583220612257
0.9315499877929687 0.35972201142938476
0.9325499877929687 0.3595860302609182
0.9335499877929687 0.35887406777639763
0.9345499877929687 0.35887940008902797
0.9355499877929687 0.35840875027862806
0.9365499877929687 0.3579523375671806
0.9375499877929687 0.3578814893753898
0.9385499877929687 0.3572096978127931
0.9395499877929687 0.3581732640939381
0.9405499877929687 0.3602657402149601
0.9415499877929687 0.36151766473596547
0.9425499877929687 0.36372170214017174
0.9435499877929687 0.36498620181545394
0.9445499877929687 0.36717638907102446
0.9455499877929687 0.367913602917443
0.9465499877929687 0.3687070995711268
0.9475499877929687 0.36758750798171685
0.9485499877929687 0.36679248205949333
0.9495499877929687 0.3665837224636108
0.9505499877929687 0.36558464471583674
0.9515499877929687 0.3663020926910222
0.9525499877929687 0.36327469828928627
0.9535499877929687 0.36250025760900384
0.9545499877929687 0.3606358008189625
0.9555499877929687 0.36008332473589166
0.9565499877929687 0.3591117802597651
0.9575499877929687 0.35816904165795077
0.9585499877929687 0.35937221410771625
0.9595499877929687 0.3593397701724368
0.9605499877929687 0.35952011195098205
0.9615499877929687 0.36069335390670854
0.9625499877929687 0.3628048702613005
0.9635499877929687 0.3650078194574971
0.9645499877929687 0.3675217935614712
0.9655499877929687 0.36884870557939464
0.9665499877929687 0.3697402287588648
0.9675499877929687 0.3708960209087475
0.9685499877929687 0.3718760696290695
0.9695499877929687 0.37324086232416953
0.9705499877929687 0.37222208966597714
0.9715499877929688 0.3721013620789338
0.9725499877929688 0.3716880994092818
0.9735499877929688 0.37111549802353616
0.9745499877929688 0.3686618666383076
0.9755499877929688 0.36958859475484507
0.9765499877929688 0.3666831045754232
0.9775499877929688 0.3650824527251785
0.9785499877929688 0.36308712324485914
0.9795499877929688 0.3611337165154207
0.9805499877929688 0.3587052342591176
0.9815499877929688 0.35980167198613117
0.9825499877929688 0.36031146435323175
0.9835499877929688 0.3619100738941838
0.9845499877929688 0.3641673952803145
0.9855499877929688 0.36781381644650574
0.9865499877929688 0.3694396907936827
0.9875499877929688 0.37207233339728196
0.9885499877929688 0.3734302352219122
0.9895499877929688 0.3744107352542437
0.9905499877929688 0.3744534519160903
0.9915499877929688 0.37345331576061624
0.9925499877929688 0.37317521439736573
0.9935499877929688 0.37130809074801946
0.9945499877929688 0.369532273434356
0.9955499877929688 0.36996234757730506
0.9965499877929688 0.3686959334804904
0.9975499877929688 0.3675604663606826
0.9985499877929688 0.36419189156483495
0.9995499877929688 0.3584050642960919
1.0005499877929687 0.34549925648671453
1.0015499877929688 0.3241527069981448
1.0025499877929687 0.2914111589184137
1.0035499877929688 0.24908655749758823
1.0045499877929687 0.20685913205361506
1.0055499877929688 0.16760173221151348
1.0065499877929687 0.13796535785754915
1.0075499877929688 0.11116097939892465
1.0085499877929687 0.09219539610602911
1.0095499877929688 0.07502587739691927
1.0105499877929687 0.06391883460495279
1.0115499877929688 0.053576851393323244
1.0125499877929687 0.04668609311503365
1.0135499877929688 0.03960920656890191
1.0145499877929687 0.03493080326423051
1.0155499877929688 0.029810471087505782
1.0165499877929687 0.026302252752259545
1.0175499877929688 0.022284335016740823
1.0185499877929687 0.01872691812732424
1.0195499877929688 0.015058282023902168
1.0205499877929687 0.011647404630735502
1.0215499877929688 0.008702790216157193
1.0225499877929687 0.006275187701352781
1.0235499877929688 0.004657482907937167
1.024550048828125 0.003273137546309664
1.025550048828125 0.0023262354338511714
1.026550048828125 0.0016306085406524596
1.027550048828125 0.0011721114820475015
1.028550048828125 0.0008521874692106616
1.029550048828125 0.000608757257197607
1.030550048828125 0.00046828046196081396
1.031550048828125 0.00034630421665883646
1.032550048828125 0.00026260344042053027
1.033550048828125 0.0001989171602127842
1.034550048828125 0.00015426558769587374
1.035550048828125 0.00011821085901704141
1.036550048828125 9.387153775459427e-05
1.037550048828125 7.536483560482758e-05
1.038550048828125 5.894185924811253e-05
1.039550048828125 4.860051007798078e-05
1.040550048828125 3.9351642219560196e-05
1.041550048828125 3.21404403588147e-05
1.042550048828125 2.6359943673021855e-05
1.043550048828125 2.1924064593857832e-05
1.044550048828125 1.88266511324319e-05
1.045550048828125 1.560276489982688e-05
1.046550048828125 1.3540755832204163e-05
1.047550048828125 1.20910128628888e-05
1.048550048828125 9.990901205118829e-06
1.049550048828125 9.467945106564872e-06
1.050550048828125 8.32922615588677e-06
1.051550048828125 7.442347455015028e-06
1.052550048828125 6.668102859953268e-06
1.053550048828125 6.084759001972027e-06
1.054550048828125 4.709295199073382e-06
1.055550048828125 5.475951285256476e-06
1.056550048828125 5.579544214237035e-06
1.057550048828125 4.680105879813393e-06
1.058550048828125 4.755018235455864e-06
1.059550048828125 4.2431735078711505e-06
1.060550048828125 3.993499201863504e-06
1.061550048828125 3.9820279495233315e-06
1.062550048828125 3.9113178549005204e-06
1.063550048828125 3.120873312886401e-06
1.064550048828125 3.520015654515647e-06
1.065550048828125 3.0552624986046137e-06
1.066550048828125 4.200569243209282e-06
1.067550048828125 3.175147206755755e-06
1.068550048828125 3.828442454452439e-06
1.069550048828125 3.270336373997104e-06
1.070550048828125 3.4640458854271245e-06
1.071550048828125 2.8832148053912725e-06
1.072550048828125 3.3174983928390464e-06
1.073550048828125 3.3780419689607796e-06
1.074550048828125 3.4711259893968216e-06
1.075550048828125 2.2569655775753286e-06
1.076550048828125 4.059091407430349e-06
1.077550048828125 2.6153427578727207e-06
1.078550048828125 3.0287816992251535e-06
1.079550048828125 3.211079376942903e-06
1.080550048828125 3.7955311252612644e-06
1.081550048828125 2.971507124082874e-06
1.082550048828125 2.6090143596433868e-06
1.083550048828125 2.4999201998867292e-06
1.084550048828125 3.0331862373931486e-06
1.085550048828125 2.512376725831704e-06
1.086550048828125 2.7949029939471843e-06
1.087550048828125 3.1347378640769275e-06
1.088550048828125 2.3554564197628024e-06
1.089550048828125 3.648288697090554e-06
1.090550048828125 2.7869048221380243e-06
1.091550048828125 2.363770365226314e-06
1.092550048828125 2.319208662421365e-06
1.093550048828125 3.2198374161769997e-06
1.094550048828125 2.984086816249874e-06
1.095550048828125 2.369615278065623e-06
1.096550048828125 2.495887672072174e-06
1.097550048828125 3.507699689011446e-06
1.098550048828125 2.590959540759235e-06
1.099550048828125 2.255414451679562e-06
1.100550048828125 2.514149220727234e-06
1.101550048828125 3.1023843913582818e-06
1.102550048828125 2.9516806322757064e-06
1.103550048828125 1.896500881110155e-06
1.104550048828125 2.6551699553043016e-06
1.105550048828125 2.450411771625236e-06
1.106550048828125 2.189486152073241e-06
1.107550048828125 2.376150189989843e-06
1.108550048828125 2.66855811861432e-06
1.109550048828125 2.4184159923602e-06
1.110550048828125 3.379122702805405e-06
1.111550048828125 2.082700563291848e-06
1.112550048828125 3.3882307313483523e-06
1.113550048828125 2.623683400813984e-06
1.114550048828125 2.6889994087280286e-06
1.115550048828125 2.670637736878668e-06
1.116550048828125 3.0301313838797666e-06
1.117550048828125 3.313549713822049e-06
1.118550048828125 2.79075402444369e-06
1.119550048828125 2.9475644668588457e-06
1.120550048828125 2.8931414021317343e-06
1.121550048828125 3.419762672195699e-06
1.122550048828125 3.197788150727972e-06
1.123550048828125 2.145404116867192e-06
1.124550048828125 2.6064500014840494e-06
1.125550048828125 2.5467193209699377e-06
1.126550048828125 2.6104702057115526e-06
1.127550048828125 2.7692902000013653e-06
1.128550048828125 2.556474225678106e-06
1.129550048828125 4.036755855007716e-06
1.130550048828125 2.9571644427961735e-06
1.131550048828125 2.57439947713476e-06
1.132550048828125 2.5608311263180695e-06
1.133550048828125 2.5543854278230156e-06
1.134550048828125 2.8474796084496915e-06
1.135550048828125 3.4135604375599237e-06
1.136550048828125 2.4529745505588425e-06
1.137550048828125 2.8799867177842025e-06
1.138550048828125 3.276632501413105e-06
1.139550048828125 2.5736945935437556e-06
1.140550048828125 3.2994573815107437e-06
1.141550048828125 2.4096679276158753e-06
1.142550048828125 3.397099449504852e-06
1.143550048828125 2.992435547069766e-06
1.144550048828125 2.8386157788431096e-06
1.145550048828125 2.5680143580827585e-06
1.146550048828125 2.70896674719954e-06
1.147550048828125 2.5051996194743246e-06
1.148550048828125 3.0827579195867946e-06
1.149550048828125 2.7808792641639365e-06
1.150550048828125 2.889270604836848e-06
1.151550048828125 2.683385507419062e-06
1.152550048828125 3.2218345420220613e-06
1.153550048828125 2.983890044891846e-06
1.154550048828125 2.7801818194476017e-06
1.155550048828125 3.283241232181664e-06
1.156550048828125 2.2388295699143696e-06
1.157550048828125 3.357714463257071e-06
1.158550048828125 2.8301904826914533e-06
1.159550048828125 3.091790319251255e-06
1.160550048828125 2.7484677098631195e-06
1.161550048828125 2.749487906225507e-06
1.162550048828125 2.658198345631099e-06
1.163550048828125 2.9607119930189838e-06
1.164550048828125 2.8627394283016276e-06
1.165550048828125 2.8954333621411923e-06
1.166550048828125 3.13154018490772e-06
1.167550048828125 2.7806655452365786e-06
1.168550048828125 2.8128459188431357e-06
1.169550048828125 2.441991021354619e-06
1.170550048828125 3.1119845611223702e-06
1.171550048828125 2.199409496817128e-06
1.172550048828125 3.537765386752136e-06
1.173550048828125 3.6349537222011292e-06
1.174550048828125 2.4841525238990574e-06
1.175550048828125 2.703728823459689e-06
1.176550048828125 2.9356543219950514e-06
1.177550048828125 2.9511727268285763e-06
1.178550048828125 2.516116448560806e-06
1.179550048828125 2.7561619365447904e-06
1.180550048828125 2.4448579824848945e-06
1.181550048828125 2.4578172242834797e-06
1.182550048828125 2.7758205342776577e-06
1.183550048828125 3.020826810108626e-06
1.184550048828125 2.3452189504034125e-06
1.185550048828125 2.6024457972630785e-06
1.186550048828125 2.5309562370587955e-06
1.187550048828125 2.8547320482519086e-06
1.188550048828125 3.0500779087706726e-06
1.189550048828125 2.7248726475593686e-06
1.190550048828125 3.198651092780685e-06
1.191550048828125 2.742388991075898e-06
1.192550048828125 3.4251276962425273e-06
1.193550048828125 2.5307506929449545e-06
1.194550048828125 2.446633345861062e-06
1.195550048828125 2.922832902900522e-06
1.196550048828125 2.4378085200628102e-06
1.197550048828125 3.0396557041326955e-06
1.198550048828125 2.371567874340438e-06
1.199550048828125 2.954492379360644e-06
1.200550048828125 2.659032269951469e-06
1.201550048828125 2.8099672103358486e-06
1.202550048828125 2.9551736660740435e-06
1.203550048828125 2.7119779612727336e-06
1.204550048828125 2.520908039178342e-06
1.205550048828125 2.2718641309892666e-06
1.206550048828125 2.3631413796720403e-06
1.207550048828125 3.076165395054942e-06
1.208550048828125 2.441482563063607e-06
1.209550048828125 2.9392713275315177e-06
1.210550048828125 2.5767155064540515e-06
1.211550048828125 2.8713187036543034e-06
1.212550048828125 2.5953448779997966e-06
1.213550048828125 2.9027875525289985e-06
1.214550048828125 2.4917206094735693e-06
1.215550048828125 2.543860266490278e-06
1.216550048828125 3.284975270580066e-06
1.217550048828125 2.5318621690444635e-06
1.218550048828125 2.30982212895289e-06
1.219550048828125 2.5680641931307565e-06
1.220550048828125 3.658518027764493e-06
1.221550048828125 2.7409970464474076e-06
1.222550048828125 2.9840752021841682e-06
1.223550048828125 2.8553918412159203e-06
1.224550048828125 2.6026571908918355e-06
1.225550048828125 2.6550436592546135e-06
1.226550048828125 2.60335497462448e-06
1.227550048828125 2.5198452572270126e-06
1.228550048828125 2.7934888258212446e-06
1.229550048828125 2.528756867664923e-06
1.230550048828125 3.0432493559882286e-06
1.231550048828125 2.06160521769343e-06
1.232550048828125 3.0270740534781188e-06
1.233550048828125 2.4137970420353244e-06
1.234550048828125 2.9938392084429453e-06
1.235550048828125 2.976759703992542e-06
1.236550048828125 2.5620297644986853e-06
1.237550048828125 2.203421356647589e-06
1.238550048828125 2.452853576324981e-06
1.239550048828125 3.3411450782408283e-06
1.240550048828125 3.2376339806618243e-06
1.241550048828125 3.319057502736891e-06
1.242550048828125 3.5834247694350495e-06
1.243550048828125 2.326647610978911e-06
1.244550048828125 2.8276218575164214e-06
1.245550048828125 3.4756154192618293e-06
1.246550048828125 2.8700475159378155e-06
1.247550048828125 2.3714105429964294e-06
1.248550048828125 3.6152964904363275e-06
1.249550048828125 3.2154815599868032e-06
1.250550048828125 3.3515949619230407e-06
1.251550048828125 2.655401842945863e-06
1.252550048828125 3.1236205096791262e-06
1.253550048828125 2.2185135637873482e-06
1.254550048828125 2.6000499728980897e-06
1.255550048828125 2.7505194548658615e-06
1.256550048828125 2.782369400229572e-06
1.257550048828125 3.257014255775609e-06
1.258550048828125 2.8884872668759715e-06
1.259550048828125 2.6895259224308374e-06
1.260550048828125 2.9273820640928266e-06
1.261550048828125 3.2588426057378507e-06
1.262550048828125 2.840361557282678e-06
1.263550048828125 2.3958926729182497e-06
1.264550048828125 2.0428053746838253e-06
1.265550048828125 3.453259198037631e-06
1.266550048828125 3.2275067971709194e-06
1.267550048828125 3.080637195490883e-06
1.268550048828125 2.5905133534045413e-06
1.269550048828125 3.067573546680794e-06
1.270550048828125 2.856751098395064e-06
1.271550048828125 3.397720479827442e-06
1.272550048828125 3.3167517017580303e-06
1.273550048828125 2.7164262848717816e-06
1.274550048828125 2.9201830154179675e-06
1.275550048828125 3.0715045536106917e-06
1.276550048828125 2.7537530295565082e-06
1.277550048828125 3.3848113891481434e-06
1.278550048828125 3.0145524613540303e-06
1.279550048828125 2.9831277835543136e-06
1.280550048828125 3.6044409979890784e-06
1.281550048828125 4.100650183349935e-06
1.282550048828125 3.057480606288836e-06
1.283550048828125 2.9463010374251643e-06
1.284550048828125 3.1693581703157643e-06
1.285550048828125 3.834603433887371e-06
1.286550048828125 3.264920734091958e-06
1.287550048828125 3.4732725019776704e-06
1.288550048828125 3.994733377321495e-06
1.289550048828125 4.18201041253241e-06
1.290550048828125 3.916499311302447e-06
1.291550048828125 3.9735221621444385e-06
1.292550048828125 3.7599818010282053e-06
1.293550048828125 3.787679227792605e-06
1.294550048828125 3.2209606659301177e-06
1.295550048828125 3.6887481201678828e-06
1.296550048828125 4.1616489715273195e-06
1.297550048828125 3.834021756912181e-06
1.298550048828125 3.716874633017189e-06
1.299550048828125 4.624898852051934e-06
1.300550048828125 4.504814328372501e-06
1.301550048828125 3.653566884883816e-06
1.302550048828125 4.148155645965192e-06
1.303550048828125 4.069618346222755e-06
1.304550048828125 4.001558070563353e-06
1.305550048828125 3.751835371564815e-06
1.306550048828125 3.6602048549287536e-06
1.307550048828125 4.144843682310543e-06
1.308550048828125 4.350647350312277e-06
1.309550048828125 3.882359076792941e-06
1.310550048828125 3.949649197340475e-06
1.311550048828125 3.7130419672572407e-06
1.312550048828125 4.035839392069452e-06
1.313550048828125 3.840071982418416e-06
1.314550048828125 4.201358194661929e-06
1.315550048828125 3.4319165269722195e-06
1.316550048828125 3.706762166266514e-06
1.317550048828125 3.877827965533709e-06
1.318550048828125 3.859797646640138e-06
1.319550048828125 4.1778709720694495e-06
1.320550048828125 4.2701092712091395e-06
1.321550048828125 4.201266209176859e-06
1.322550048828125 4.318239141020095e-06
1.323550048828125 3.2138732390657305e-06
1.324550048828125 3.7897003270424426e-06
1.325550048828125 4.4304765610181055e-06
1.326550048828125 3.6858927727740324e-06
1.327550048828125 3.6987320471328433e-06
1.328550048828125 3.5867702782737175e-06
1.329550048828125 4.241932502322919e-06
1.330550048828125 3.3636274448688486e-06
1.331550048828125 3.500070295901207e-06
1.332550048828125 3.3195107977663215e-06
1.333550048828125 4.350978181010041e-06
1.334550048828125 3.87704445222825e-06
1.335550048828125 3.3729047373825934e-06
1.336550048828125 3.844591465032919e-06
1.337550048828125 4.332301149875235e-06
1.338550048828125 4.3740313204098895e-06
1.339550048828125 4.154974669735501e-06
1.340550048828125 3.4027464364177303e-06
1.341550048828125 3.928786183192065e-06
1.342550048828125 3.7215315040910635e-06
1.343550048828125 4.2383054264587324e-06
1.344550048828125 4.35138567152584e-06
1.345550048828125 3.1911068263753874e-06
1.346550048828125 4.226094367150072e-06
1.347550048828125 4.3275291743220765e-06
1.348550048828125 3.750415044403418e-06
1.349550048828125 3.3549719262187497e-06
1.350550048828125 4.4265575494884095e-06
1.351550048828125 4.165472153283088e-06
1.352550048828125 4.292592753826931e-06
1.353550048828125 4.723803264796083e-06
1.354550048828125 2.907216546954054e-06
1.355550048828125 4.473317106077211e-06
1.356550048828125 4.087821785851348e-06
1.357550048828125 4.674698601133042e-06
1.358550048828125 3.971301248753444e-06
1.359550048828125 4.106333275552088e-06
1.360550048828125 3.24003642224982e-06
1.361550048828125 4.237345021825761e-06
1.362550048828125 4.233478654326782e-06
1.363550048828125 3.6598807243874844e-06
1.364550048828125 4.489752579756732e-06
1.365550048828125 3.4367293264860063e-06
1.366550048828125 4.17734149967193e-06
1.367550048828125 3.999401484274747e-06
1.368550048828125 3.859991066392445e-06
1.369550048828125 3.8430120796569e-06
1.370550048828125 4.28160983966319e-06
1.371550048828125 3.857737658913056e-06
1.372550048828125 3.946783669792905e-06
1.373550048828125 4.052934618957817e-06
1.374550048828125 3.597232172197424e-06
1.375550048828125 4.3382864650422525e-06
1.376550048828125 4.6433659330747094e-06
1.377550048828125 4.8117999619242514e-06
1.378550048828125 4.222503638927433e-06
1.379550048828125 3.775027831527882e-06
1.380550048828125 4.330645981666834e-06
1.381550048828125 4.801025579366915e-06
1.382550048828125 3.939719126054085e-06
1.383550048828125 4.405433374492584e-06
1.384550048828125 4.557420174464309e-06
1.385550048828125 3.7780319845959098e-06
1.386550048828125 4.739671056553573e-06
1.387550048828125 4.2218207713975134e-06
1.388550048828125 3.379949069963218e-06
1.389550048828125 4.298287038427444e-06
1.390550048828125 4.256820538621972e-06
1.391550048828125 4.3340182957946155e-06
1.392550048828125 4.337936045781636e-06
1.393550048828125 4.479112420058881e-06
1.394550048828125 4.40827529006923e-06
1.395550048828125 4.782140668108948e-06
1.396550048828125 4.277099555234282e-06
1.397550048828125 3.942022866080169e-06
1.398550048828125 4.647519017786053e-06
1.399550048828125 4.496967354700105e-06
1.400550048828125 4.446522082555138e-06
1.401550048828125 4.528123541792337e-06
1.402550048828125 3.6776172950160613e-06
1.403550048828125 3.4861563631033465e-06
1.404550048828125 3.582855160104572e-06
1.405550048828125 4.263980000911177e-06
1.406550048828125 5.071262501346255e-06
1.407550048828125 3.5219313063034377e-06
1.408550048828125 3.7715989966679704e-06
1.409550048828125 3.766960404252998e-06
1.410550048828125 3.881230999573345e-06
1.411550048828125 4.78325017067857e-06
1.412550048828125 2.9366642818316776e-06
1.413550048828125 4.106058994123411e-06
1.414550048828125 4.834214941654027e-06
1.415550048828125 4.489585534816957e-06
1.416550048828125 3.52707780289728e-06
1.417550048828125 4.2472576395253435e-06
1.418550048828125 4.2594261380999634e-06
1.419550048828125 4.543332489743166e-06
1.420550048828125 3.948664965444567e-06
1.421550048828125 3.5739546510839896e-06
1.422550048828125 4.435522220608174e-06
1.423550048828125 4.216533119047244e-06
1.424550048828125 4.788974175536824e-06
1.425550048828125 3.189649237766507e-06
1.426550048828125 5.0516158389972535e-06
1.427550048828125 3.483010242605118e-06
1.428550048828125 4.347143557900859e-06
1.429550048828125 4.137958191235804e-06
1.430550048828125 4.403744592249874e-06
1.431550048828125 3.6280641227058496e-06
1.432550048828125 4.354728539073154e-06
1.433550048828125 4.122297161669724e-06
1.434550048828125 3.2719827505782483e-06
1.435550048828125 4.887172850683005e-06
1.436550048828125 3.7801005274110997e-06
1.437550048828125 4.540203121765431e-06
1.438550048828125 3.2587178414792263e-06
1.439550048828125 4.051906383295747e-06
1.440550048828125 4.107833864606697e-06
1.441550048828125 4.820662713120937e-06
1.442550048828125 3.761837542317978e-06
1.443550048828125 4.016616794295147e-06
1.444550048828125 4.633075465225638e-06
1.445550048828125 3.2365671906620963e-06
1.446550048828125 4.691402242816063e-06
1.447550048828125 3.804871208282352e-06
1.448550048828125 4.186957806735662e-06
1.449550048828125 3.6672253664201014e-06
1.450550048828125 3.141072214800638e-06
1.451550048828125 4.140311758267722e-06
1.452550048828125 4.251380315186497e-06
1.453550048828125 4.41260010853074e-06
1.454550048828125 3.3734873278125285e-06
1.455550048828125 4.650401897067622e-06
1.456550048828125 5.025370887430563e-06
1.457550048828125 4.227626771030443e-06
1.458550048828125 4.16544652816744e-06
1.459550048828125 4.317367140653893e-06
1.460550048828125 4.387120406576538e-06
1.461550048828125 4.7703564544380235e-06
1.462550048828125 4.1195326740299975e-06
1.463550048828125 3.796411028543755e-06
1.464550048828125 5.540964924535704e-06
1.465550048828125 4.430330603006749e-06
1.466550048828125 3.771376220911294e-06
1.467550048828125 4.935576657380114e-06
1.468550048828125 4.607670757231878e-06
1.469550048828125 4.025816685623855e-06
1.470550048828125 4.242625345034515e-06
1.471550048828125 4.83821623861718e-06
1.472550048828125 4.855144544376734e-06
1.473550048828125 4.4067877762805166e-06
1.474550048828125 4.674217087476231e-06
1.475550048828125 5.0639411722710495e-06
1.476550048828125 3.966906104981947e-06
1.477550048828125 4.956838622905625e-06
1.478550048828125 5.318492086339936e-06
1.479550048828125 4.089389823392029e-06
1.480550048828125 6.008539110641107e-06
1.481550048828125 5.469221123200296e-06
1.482550048828125 4.589036908744807e-06
1.483550048828125 5.47476019817854e-06
1.484550048828125 5.60690959774895e-06
1.485550048828125 4.022994871336448e-06
1.486550048828125 5.109769944681316e-06
1.487550048828125 6.2904514612966235e-06
1.488550048828125 5.498976174547639e-06
1.489550048828125 6.248055932487776e-06
1.490550048828125 5.9818286373962e-06
1.491550048828125 5.71630000015141e-06
1.492550048828125 5.811684177592147e-06
1.493550048828125 5.029598166811111e-06
1.494550048828125 6.639900673691579e-06
1.495550048828125 4.9445266529366714e-06
1.496550048828125 5.731222514140695e-06
1.497550048828125 4.397645972964506e-06
1.498550048828125 5.2154123792480665e-06
1.499550048828125 4.703315378980538e-06
1.500550048828125 5.325435219224895e-06
1.501550048828125 4.439873574006205e-06
1.502550048828125 5.005885920874029e-06
1.503550048828125 5.1883351842188095e-06
1.504550048828125 5.132904301668249e-06
1.505550048828125 4.913442959227453e-06
1.506550048828125 4.5416501477218616e-06
1.507550048828125 5.282667907493674e-06
1.508550048828125 5.541346746236218e-06
1.509550048828125 5.442874180562068e-06
1.510550048828125 4.384136622297437e-06
1.511550048828125 5.244580168287385e-06
1.512550048828125 4.492720269371373e-06
1.513550048828125 4.9318447865032015e-06
1.514550048828125 4.550164119129765e-06
1.515550048828125 5.588384237775728e-06
1.516550048828125 4.95823130094483e-06
1.517550048828125 4.959865658616637e-06
1.518550048828125 5.228831399815254e-06
1.519550048828125 5.165656984660844e-06
1.520550048828125 4.568520328695885e-06
1.521550048828125 4.995854063396181e-06
1.522550048828125 5.531137749074608e-06
1.523550048828125 4.721390918822919e-06
1.524550048828125 4.750151677703062e-06
1.525550048828125 5.282195766799514e-06
1.526550048828125 5.09055100762947e-06
1.527550048828125 4.539992821473868e-06
1.528550048828125 6.335650719776368e-06
1.529550048828125 5.114958403898149e-06
1.530550048828125 5.1507562324436745e-06
1.531550048828125 4.678903269492771e-06
1.532550048828125 5.708182427559091e-06
1.533550048828125 5.0897564562980704e-06
1.534550048828125 4.831133903841589e-06
1.535550048828125 4.843114516094912e-06
1.536550048828125 5.765512258085151e-06
1.537550048828125 5.619551408645e-06
1.538550048828125 4.830072326415242e-06
1.539550048828125 4.9288294576889035e-06
1.540550048828125 4.898775828502541e-06
1.541550048828125 6.211774143872094e-06
1.542550048828125 4.331506392028099e-06
1.543550048828125 5.057390974406475e-06
1.544550048828125 5.40006840509737e-06
1.545550048828125 4.846889764068216e-06
1.546550048828125 5.740782716415395e-06
1.547550048828125 5.4860176002482475e-06
1.548550048828125 6.822346902823055e-06
1.549550048828125 4.905466992833372e-06
1.550550048828125 4.008870812354934e-06
1.551550048828125 5.7391891559235715e-06
1.552550048828125 4.708702226423171e-06
1.553550048828125 4.6349234008896316e-06
1.554550048828125 4.765664607295415e-06
1.555550048828125 5.608880010222371e-06
1.556550048828125 4.920449462807819e-06
1.557550048828125 6.565335387358064e-06
1.558550048828125 5.586945249760173e-06
1.559550048828125 5.095507350919167e-06
1.560550048828125 6.248220446437914e-06
1.561550048828125 5.59246028573654e-06
1.562550048828125 6.282361349827327e-06
1.563550048828125 6.322479592606451e-06
1.564550048828125 6.001620244927151e-06
1.565550048828125 6.317485561345704e-06
1.566550048828125 5.184191512705669e-06
1.567550048828125 5.893456340269615e-06
1.568550048828125 5.366242720744168e-06
1.569550048828125 5.525379833215589e-06
1.570550048828125 5.63932071767247e-06
1.571550048828125 4.751517726913714e-06
1.572550048828125 6.845115881337778e-06
1.573550048828125 5.1754235706736015e-06
1.574550048828125 6.096241627304955e-06
1.575550048828125 5.591842403469714e-06
1.576550048828125 7.012767362975019e-06
1.577550048828125 5.284007367878945e-06
1.578550048828125 6.164276369055451e-06
1.579550048828125 6.9865312854742044e-06
1.580550048828125 5.904117216735886e-06
1.581550048828125 5.6437376448653336e-06
1.582550048828125 6.687788681004697e-06
1.583550048828125 6.236603304774979e-06
1.584550048828125 5.934202959570572e-06
1.585550048828125 6.823288520448317e-06
1.586550048828125 6.31894175026184e-06
1.587550048828125 6.402870468790445e-06
1.588550048828125 5.1267013730456265e-06
1.589550048828125 6.714259817914449e-06
1.590550048828125 6.884082527345665e-06
1.591550048828125 5.070638707499947e-06
1.592550048828125 5.618235623889886e-06
1.593550048828125 4.39988566755303e-06
1.594550048828125 5.591231267612013e-06
1.595550048828125 6.068694557547775e-06
1.596550048828125 5.96784398027813e-06
1.597550048828125 6.05571325467848e-06
1.598550048828125 6.339014771803872e-06
1.599550048828125 6.321593501660203e-06
1.600550048828125 6.3369102865652925e-06
1.601550048828125 5.025831500969463e-06
1.602550048828125 6.353399740159065e-06
1.603550048828125 4.639863434752171e-06
1.604550048828125 6.949504867085775e-06
1.605550048828125 5.114268215548626e-06
1.606550048828125 7.015289879742011e-06
1.607550048828125 5.671496549239355e-06
1.608550048828125 5.858052994257857e-06
1.609550048828125 5.05275843652059e-06
1.610550048828125 7.426748635874176e-06
1.611550048828125 7.955326224452699e-06
1.612550048828125 5.358945520891103e-06
1.613550048828125 5.3382565587092245e-06
1.614550048828125 6.926247454012663e-06
1.615550048828125 7.434419074357932e-06
1.616550048828125 5.6642606962469235e-06
1.617550048828125 5.02361768831326e-06
1.618550048828125 6.862966511520204e-06
1.619550048828125 7.532050497591284e-06
1.620550048828125 5.9997679534131105e-06
1.621550048828125 5.688018197867074e-06
1.622550048828125 6.524329528488693e-06
1.623550048828125 6.0095848656611216e-06
1.624550048828125 6.176171977273928e-06
1.625550048828125 6.648309167121012e-06
1.626550048828125 6.6286610532141086e-06
1.627550048828125 6.8420710954553e-06
1.628550048828125 5.393458282704079e-06
1.629550048828125 6.412262590420603e-06
1.630550048828125 6.245426268911991e-06
1.631550048828125 6.6686285158098204e-06
1.632550048828125 7.005151042548247e-06
1.633550048828125 6.065503337725388e-06
1.634550048828125 7.377061465459325e-06
1.635550048828125 6.155198491495892e-06
1.636550048828125 7.784518511998705e-06
1.637550048828125 6.39235116936856e-06
1.638550048828125 6.142992792663931e-06
1.639550048828125 5.289900037910784e-06
1.640550048828125 6.306898967580749e-06
1.641550048828125 6.287867896238428e-06
1.642550048828125 6.255786017012418e-06
1.643550048828125 7.965550059385667e-06
1.644550048828125 6.077808433186621e-06
1.645550048828125 7.472897841333653e-06
1.646550048828125 7.456388200511688e-06
1.647550048828125 7.112343802739357e-06
1.648550048828125 7.451738591257009e-06
1.649550048828125 6.50813352537485e-06
1.650550048828125 8.494466528346937e-06
1.651550048828125 7.774825666516847e-06
1.652550048828125 7.85474426889107e-06
1.653550048828125 6.302491662062066e-06
1.654550048828125 9.430261560568953e-06
1.655550048828125 7.722490650578441e-06
1.656550048828125 5.962489709295866e-06
1.657550048828125 6.19276449718343e-06
1.658550048828125 6.7925756032851e-06
1.659550048828125 6.885219853481769e-06
1.660550048828125 7.740415159729708e-06
1.661550048828125 6.856573262135617e-06
1.662550048828125 6.592045322085243e-06
1.663550048828125 5.975633131672738e-06
1.664550048828125 8.12878337643949e-06
1.665550048828125 5.597688316287701e-06
1.666550048828125 6.453002686617736e-06
1.667550048828125 6.058974273413036e-06
1.668550048828125 6.167577137650601e-06
1.669550048828125 5.450301710126525e-06
1.670550048828125 5.878620021324476e-06
1.671550048828125 6.944303719221773e-06
1.672550048828125 8.305072425634098e-06
1.673550048828125 6.3783099519903126e-06
1.674550048828125 6.628675441005289e-06
1.675550048828125 5.689185173569405e-06
1.676550048828125 7.688063261521184e-06
1.677550048828125 7.1603276337647645e-06
1.678550048828125 7.762852032039375e-06
1.679550048828125 8.926318310039004e-06
1.680550048828125 4.772055924668221e-06
1.681550048828125 6.38620641543202e-06
1.682550048828125 7.5423244926396845e-06
1.683550048828125 7.332221711458205e-06
1.684550048828125 7.391522706279672e-06
1.685550048828125 5.864730533344321e-06
1.686550048828125 7.852136923564414e-06
1.687550048828125 5.8487895967907076e-06
1.688550048828125 5.721202623830775e-06
1.689550048828125 8.24308451619158e-06
1.690550048828125 7.516886680768759e-06
1.691550048828125 5.304546957028349e-06
1.692550048828125 8.139540409150351e-06
1.693550048828125 5.66139097582108e-06
1.694550048828125 8.147758132096803e-06
1.695550048828125 7.3896195703901705e-06
1.696550048828125 8.044025964289312e-06
1.697550048828125 6.797188227292019e-06
1.698550048828125 5.67988615098778e-06
1.699550048828125 8.249359553494972e-06
1.700550048828125 6.661139177399363e-06
1.701550048828125 6.719035757287251e-06
1.702550048828125 6.154491657514081e-06
1.703550048828125 7.240482001316955e-06
1.704550048828125 6.080505001733164e-06
1.705550048828125 7.3405525425546445e-06
1.706550048828125 7.315042342918251e-06
1.707550048828125 6.814660127697108e-06
1.708550048828125 5.909470409452212e-06
1.709550048828125 8.884827122550755e-06
1.710550048828125 7.306505580483291e-06
1.711550048828125 6.09313548372484e-06
1.712550048828125 7.3083684569097135e-06
1.713550048828125 6.819807478037612e-06
1.714550048828125 7.6048930607389774e-06
1.715550048828125 8.0166114374247e-06
1.716550048828125 5.642219241923408e-06
1.717550048828125 6.859541529491989e-06
1.718550048828125 5.3762324183843284e-06
1.719550048828125 6.203652932294377e-06
1.720550048828125 7.95729264785787e-06
1.721550048828125 7.340747310308016e-06
1.722550048828125 7.479370463293488e-06
1.723550048828125 7.902706471208387e-06
1.724550048828125 6.842900248618414e-06
1.725550048828125 8.26320684107113e-06
1.726550048828125 8.55153433190914e-06
1.727550048828125 6.621015629124795e-06
1.728550048828125 1.0044827385575028e-05
1.729550048828125 8.780765982863173e-06
1.730550048828125 7.048020543018735e-06
1.731550048828125 8.043675544265456e-06
1.732550048828125 8.536851162980602e-06
1.733550048828125 7.383710706331689e-06
1.734550048828125 8.816074869344777e-06
1.735550048828125 9.385269577030922e-06
1.736550048828125 8.585173185473483e-06
1.737550048828125 9.795790398414533e-06
1.738550048828125 9.364453791515309e-06
1.739550048828125 7.843227262136787e-06
1.740550048828125 1.1019043055480238e-05
1.741550048828125 8.748783802897062e-06
1.742550048828125 8.85326212562148e-06
1.743550048828125 7.624664575359396e-06
1.744550048828125 8.94144431070119e-06
1.745550048828125 9.298714667151389e-06
1.746550048828125 8.698273242119147e-06
1.747550048828125 9.002504475999321e-06
1.748550048828125 1.1143890168379975e-05
1.749550048828125 8.897806034403935e-06
1.750550048828125 8.320398572762355e-06
1.751550048828125 8.048522418299528e-06
1.752550048828125 7.4100362173293406e-06
1.753550048828125 1.0034191488820095e-05
1.754550048828125 7.697629960499555e-06
1.755550048828125 1.0407208287019414e-05
1.756550048828125 7.661829413819697e-06
1.757550048828125 1.014704582195735e-05
1.758550048828125 8.038572161962184e-06
1.759550048828125 1.0548477157884032e-05
1.760550048828125 7.369533914644879e-06
1.761550048828125 7.80323360745702e-06
1.762550048828125 6.908203210507249e-06
1.763550048828125 9.16108961922395e-06
1.764550048828125 8.219599761645032e-06
1.765550048828125 8.793849599158792e-06
1.766550048828125 8.96362428509171e-06
1.767550048828125 8.663126349539662e-06
1.768550048828125 7.842481656434159e-06
1.769550048828125 7.309823049233553e-06
1.770550048828125 9.852877484790026e-06
1.771550048828125 8.138356431401064e-06
1.772550048828125 8.860006924569906e-06
1.773550048828125 8.922388479973439e-06
1.774550048828125 7.459341417096881e-06
1.775550048828125 1.0289445573194676e-05
1.776550048828125 8.853124196349648e-06
1.777550048828125 9.00061624452381e-06
1.778550048828125 1.0996933659438682e-05
1.779550048828125 9.23471641896241e-06
1.780550048828125 9.03858085615368e-06
1.781550048828125 8.472590116915856e-06
1.782550048828125 1.0729835711603725e-05
1.783550048828125 9.582908332363167e-06
1.784550048828125 8.17733024552479e-06
1.785550048828125 9.649929999662782e-06
1.786550048828125 1.010062914191036e-05
1.787550048828125 9.524886563012904e-06
1.788550048828125 8.210349080963315e-06
1.789550048828125 7.873945551186413e-06
1.790550048828125 8.299359671064292e-06
1.791550048828125 1.002568868648285e-05
1.792550048828125 8.141051750069222e-06
1.793550048828125 9.371028506467619e-06
1.794550048828125 7.556573086232167e-06
1.795550048828125 9.248520924218018e-06
1.796550048828125 1.0041845205461867e-05
1.797550048828125 8.201753639529687e-06
1.798550048828125 9.870507288370158e-06
1.799550048828125 1.1148574775870713e-05
1.800550048828125 7.427807822648057e-06
1.801550048828125 9.468225838378122e-06
1.802550048828125 9.391478854468395e-06
1.803550048828125 1.053296828902105e-05
1.804550048828125 8.536378202816203e-06
1.805550048828125 1.0305969491168524e-05
1.806550048828125 9.417885420786621e-06
1.807550048828125 1.0440208347056077e-05
1.808550048828125 1.0838626290290642e-05
1.809550048828125 1.0345377607104947e-05
1.810550048828125 1.2692691293641769e-05
1.811550048828125 1.0083209541523191e-05
1.812550048828125 1.1676201629131798e-05
1.813550048828125 1.0738741130466711e-05
1.814550048828125 1.2830075749407853e-05
1.815550048828125 1.256743678559039e-05
1.816550048828125 1.0240214478569979e-05
1.817550048828125 1.049270138734835e-05
1.818550048828125 1.1290749647310543e-05
1.819550048828125 1.283183253525295e-05
1.820550048828125 9.696394696758578e-06
1.821550048828125 1.103032294240143e-05
1.822550048828125 1.1149268353069197e-05
1.823550048828125 1.5341876835978365e-05
1.824550048828125 9.8569278140411e-06
1.825550048828125 1.2529767570842452e-05
1.826550048828125 9.123536421551205e-06
1.827550048828125 1.2623749741796413e-05
1.828550048828125 1.2311415445088925e-05
1.829550048828125 9.921266388118255e-06
1.830550048828125 1.356614395429071e-05
1.831550048828125 1.3461989045949385e-05
1.832550048828125 1.5755720039005837e-05
1.833550048828125 1.1382099576649939e-05
1.834550048828125 1.0730932151268719e-05
1.835550048828125 1.4819905415050546e-05
1.836550048828125 1.3297080423550294e-05
1.837550048828125 1.2026878599090039e-05
1.838550048828125 1.1210421690259876e-05
1.839550048828125 1.4246752086393894e-05
1.840550048828125 1.4934920021012319e-05
1.841550048828125 1.030709970373402e-05
1.842550048828125 1.0601699394426007e-05
1.843550048828125 1.3213342221443641e-05
1.844550048828125 1.3476428225310039e-05
1.845550048828125 1.4554873538834598e-05
1.846550048828125 1.5174378466792266e-05
1.847550048828125 1.4028515724177202e-05
1.848550048828125 1.1543873649808467e-05
1.849550048828125 1.6335230459197473e-05
1.850550048828125 1.0267858690027593e-05
1.851550048828125 1.388152139464216e-05
1.852550048828125 1.4097752724086987e-05
1.853550048828125 1.4045186864597531e-05
1.854550048828125 1.2073937791680899e-05
1.855550048828125 1.2355445897113011e-05
1.856550048828125 1.4866224158849451e-05
1.857550048828125 1.1671186875897954e-05
1.858550048828125 1.3298274344665851e-05
1.859550048828125 1.5139508761647391e-05
1.860550048828125 1.2652279057161534e-05
1.861550048828125 1.047131176436598e-05
1.862550048828125 1.5642215172204836e-05
1.863550048828125 1.4813638813740894e-05
1.864550048828125 1.2452987279114184e-05
1.865550048828125 1.0791842228757543e-05
1.866550048828125 1.3376972375541077e-05
1.867550048828125 1.3530370248374526e-05
1.868550048828125 1.3503506384158358e-05
1.869550048828125 1.2926553565158596e-05
1.870550048828125 1.1534507417288674e-05
1.871550048828125 1.4080889332966223e-05
1.872550048828125 1.4621329459508899e-05
1.873550048828125 1.2405560132594718e-05
1.874550048828125 1.3729558054159009e-05
1.875550048828125 1.6261098764722355e-05
1.876550048828125 1.6310543845071602e-05
1.877550048828125 1.1888056562460325e-05
1.878550048828125 1.5836930999317026e-05
1.879550048828125 1.3331310836070325e-05
1.880550048828125 1.3081236874941497e-05
1.881550048828125 1.1944551367612989e-05
1.882550048828125 1.1891125298087025e-05
1.883550048828125 1.2104743402927006e-05
1.884550048828125 1.2804341155819091e-05
1.885550048828125 1.4001590432808561e-05
1.886550048828125 1.3621070346465944e-05
1.887550048828125 1.344168582953077e-05
1.888550048828125 1.318489926560983e-05
1.889550048828125 1.400993879862819e-05
1.890550048828125 1.562053882378503e-05
1.891550048828125 1.3496931592617077e-05
1.892550048828125 1.3725270424067686e-05
1.893550048828125 1.4755236304362527e-05
1.894550048828125 1.3327233664695187e-05
1.895550048828125 1.3546940714617198e-05
1.896550048828125 1.2842904455705702e-05
1.897550048828125 1.2935266027391909e-05
1.898550048828125 1.4354290428545239e-05
1.899550048828125 1.6445027427837842e-05
1.900550048828125 1.314544643574759e-05
1.901550048828125 1.1509849522992497e-05
1.902550048828125 1.294445358062199e-05
1.903550048828125 1.3681959293841945e-05
1.904550048828125 1.3303604301543841e-05
1.905550048828125 1.277323726426238e-05
1.906550048828125 1.494496010782725e-05
1.907550048828125 1.3748413503218717e-05
1.908550048828125 1.4033964397652583e-05
1.909550048828125 1.4638911257855057e-05
1.910550048828125 1.7307986015451906e-05
1.911550048828125 1.3658571510946966e-05
1.912550048828125 1.6239328131906993e-05
1.913550048828125 1.4791702111197182e-05
1.914550048828125 1.5621758191338243e-05
1.915550048828125 1.5550390928276257e-05
1.916550048828125 1.388215219836179e-05
1.917550048828125 1.5790834320790308e-05
1.918550048828125 1.4141986316516007e-05
1.919550048828125 1.372262021605632e-05
1.920550048828125 1.861031031340007e-05
1.921550048828125 1.4595769449422358e-05
1.922550048828125 1.7003728986625066e-05
1.923550048828125 1.426431067887976e-05
1.924550048828125 1.4087980188925552e-05
1.925550048828125 1.4978310720976975e-05
1.926550048828125 1.7095499393126436e-05
1.927550048828125 1.5282383660312433e-05
1.928550048828125 1.3974613500061268e-05
1.929550048828125 1.818945463781032e-05
1.930550048828125 1.86448445173945e-05
1.931550048828125 1.7207649091712975e-05
1.932550048828125 1.1657268182293454e-05
1.933550048828125 1.5953472513352597e-05
1.934550048828125 1.6238852538477168e-05
1.935550048828125 1.4125447049785507e-05
1.936550048828125 1.3764871939221453e-05
1.937550048828125 1.4294240875696876e-05
1.938550048828125 1.2353315781411152e-05
1.939550048828125 1.7633139948825547e-05
1.940550048828125 1.4784823162033514e-05
1.941550048828125 1.5179929065180022e-05
1.942550048828125 1.2850420502884165e-05
1.943550048828125 1.4762138769800188e-05
1.944550048828125 1.6449106483962975e-05
1.945550048828125 1.2525679758642717e-05
1.946550048828125 1.2265614099267352e-05
1.947550048828125 1.594573203683814e-05
1.948550048828125 1.3828655256147971e-05
1.949550048828125 1.545185312364072e-05
1.950550048828125 1.4836453327734909e-05
1.951550048828125 1.3587631644532343e-05
1.952550048828125 1.485460380770272e-05
1.953550048828125 1.3199834219535236e-05
1.954550048828125 1.6380029199907163e-05
1.955550048828125 1.581144981746978e-05
1.956550048828125 1.8670263495328993e-05
1.957550048828125 1.474759625443899e-05
1.958550048828125 1.5656182282204485e-05
1.959550048828125 1.4519040183082865e-05
1.960550048828125 1.5693282230900983e-05
1.961550048828125 1.3862498506351152e-05
1.962550048828125 1.3889950477508218e-05
1.963550048828125 1.312577384177943e-05
1.964550048828125 1.527055599223862e-05
1.965550048828125 1.2586349170293969e-05
1.966550048828125 1.5891842960126974e-05
1.967550048828125 1.4826447907974763e-05
1.968550048828125 1.2780082263661252e-05
1.969550048828125 1.8722758102342232e-05
1.970550048828125 1.3587216282758488e-05
1.971550048828125 1.6255171625534327e-05
1.972550048828125 1.4966097409739673e-05
1.973550048828125 1.6166801149187976e-05
1.974550048828125 1.2020624642234662e-05
1.975550048828125 1.4835673229169284e-05
1.976550048828125 1.408024706725038e-05
1.977550048828125 1.607006335370057e-05
1.978550048828125 1.1693075385745282e-05
1.979550048828125 1.6554254998386923e-05
1.980550048828125 1.842829894263108e-05
1.981550048828125 1.1427641806104445e-05
1.982550048828125 1.4727522854752962e-05
1.983550048828125 1.3190706139223358e-05
1.984550048828125 1.6783783316139517e-05
1.985550048828125 1.101605623921836e-05
1.986550048828125 1.4383197891762782e-05
1.987550048828125 1.4694885898582012e-05
1.988550048828125 1.651858215979588e-05
1.989550048828125 1.0055485618381793e-05
1.990550048828125 1.373803163485622e-05
1.991550048828125 1.4196355321758566e-05
1.992550048828125 1.874808949601088e-05
1.993550048828125 1.3725306756920765e-05
1.994550048828125 1.3583408146929958e-05
1.995550048828125 1.5772882124486288e-05
1.996550048828125 1.2596951182207321e-05
1.997550048828125 1.635972500716395e-05
1.998550048828125 1.4062899258641071e-05
1.999550048828125 1.5972465261061654e-05
2.000550048828125 1.5824895968866058e-05
2.001550048828125 1.3859053033468632e-05
2.002550048828125 1.3944586816207601e-05
2.003550048828125 1.558722127041609e-05
2.004550048828125 1.82185765443278e-05
2.005550048828125 1.6289393021748158e-05
2.006550048828125 1.4010230719544376e-05
2.007550048828125 1.3300654253480082e-05
2.008550048828125 1.5328326313071134e-05
2.009550048828125 1.725468916396616e-05
2.010550048828125 1.7353107004505854e-05
2.011550048828125 1.4580475549445308e-05
2.012550048828125 1.4266613483589858e-05
2.013550048828125 1.681071793840996e-05
2.014550048828125 1.303960951811158e-05
2.015550048828125 1.616707927943866e-05
2.016550048828125 1.672419594638989e-05
2.017550048828125 1.3766430930490373e-05
2.018550048828125 1.9090865714343733e-05
2.019550048828125 1.3430344796237838e-05
2.020550048828125 2.232799099006936e-05
2.021550048828125 9.929403956901527e-06
2.022550048828125 1.8396598670729925e-05
2.023550048828125 1.1964665883116105e-05
2.024550048828125 1.5729042813351186e-05
2.025550048828125 1.4999289807555022e-05
2.026550048828125 1.6994955304224137e-05
2.027550048828125 1.8616952831968023e-05
2.028550048828125 1.643468151584477e-05
2.029550048828125 1.726303367450196e-05
2.030550048828125 1.3475574668489321e-05
2.031550048828125 1.6796997110898738e-05
2.032550048828125 1.5209098884622598e-05
2.033550048828125 1.747970401684321e-05
2.034550048828125 1.2746638214422313e-05
2.035550048828125 1.6165129562280353e-05
2.036550048828125 1.330915834795143e-05
2.037550048828125 1.5040412873876613e-05
2.038550048828125 1.8843423459518745e-05
2.039550048828125 1.8692441404315642e-05
2.040550048828125 1.5681262475699356e-05
2.041550048828125 1.6029194790052718e-05
2.042550048828125 1.5505830039504294e-05
2.043550048828125 1.7272254307220186e-05
2.044550048828125 1.4656672143011645e-05
2.045550048828125 1.5522079185200645e-05
2.046550048828125 1.7916828995351057e-05
2.047550048828125 1.7941650299754272e-05
2.048550048828125 1.9783420638698044e-05
2.049550048828125 1.6107671636995104e-05
2.050550048828125 1.8429464567930128e-05
2.051550048828125 1.6966884005706994e-05
2.052550048828125 1.6202388308655197e-05
2.053550048828125 1.952336417325015e-05
2.054550048828125 2.261619994300441e-05
2.055550048828125 1.57810693592951e-05
2.056550048828125 1.357888277968357e-05
2.057550048828125 1.6136683447737633e-05
2.058550048828125 1.619071993011283e-05
2.059550048828125 1.4222660991585638e-05
2.060550048828125 1.4971571065085862e-05
2.061550048828125 1.670295100269259e-05
2.062550048828125 1.679957684866884e-05
2.063550048828125 2.158918376552638e-05
2.064550048828125 1.742461475254309e-05
2.065550048828125 1.4409047871891154e-05
2.066550048828125 1.961678157603074e-05
2.067550048828125 2.0749815324041765e-05
2.068550048828125 1.6146755396271974e-05
2.069550048828125 1.9464911952440882e-05
2.070550048828125 1.781453253489985e-05
2.071550048828125 1.8476083883642248e-05
2.072550048828125 1.5239580329562528e-05
2.073550048828125 1.572401686549179e-05
2.074550048828125 1.796646758258393e-05
2.075550048828125 1.3193538054216098e-05
2.076550048828125 1.7970379515312703e-05
2.077550048828125 1.5333800746238204e-05
2.078550048828125 2.3938067107679758e-05
2.079550048828125 1.395291798805866e-05
2.080550048828125 2.1341615521205604e-05
2.081550048828125 2.329070705266449e-05
2.082550048828125 1.5746033487624154e-05
2.083550048828125 1.518128332482874e-05
2.084550048828125 1.772271364123212e-05
2.085550048828125 1.8960900017854272e-05
2.086550048828125 1.543118355036802e-05
2.087550048828125 1.379750856469713e-05
2.088550048828125 2.1209766020098054e-05
2.089550048828125 1.4121846283033583e-05
2.090550048828125 1.6116765431458138e-05
2.091550048828125 1.9255271900594238e-05
2.092550048828125 2.056944568931928e-05
2.093550048828125 1.877119567824561e-05
2.094550048828125 2.190863042463532e-05
2.095550048828125 1.769085210696136e-05
2.096550048828125 2.5667771493953788e-05
2.097550048828125 1.6456598313121682e-05
2.098550048828125 1.6925738667405472e-05
2.099550048828125 2.3159098220267456e-05
2.100550048828125 1.8272511302056186e-05
2.101550048828125 1.9767039659568695e-05
2.102550048828125 2.0368522912294464e-05
2.103550048828125 2.2938687271691214e-05
2.104550048828125 1.6461054919039826e-05
2.105550048828125 2.066524979537252e-05
2.106550048828125 2.604846642961632e-05
2.107550048828125 1.8664319235964597e-05
2.108550048828125 2.0006719023397555e-05
2.109550048828125 2.0914876200602314e-05
2.110550048828125 2.324044160846453e-05
2.111550048828125 1.715084136226643e-05
2.112550048828125 2.1554140448479917e-05
2.113550048828125 1.7204348837542433e-05
2.114550048828125 2.017916271194072e-05
2.115550048828125 2.2828271247643892e-05
2.116550048828125 2.4011188744002697e-05
2.117550048828125 1.833946662947406e-05
2.118550048828125 1.9471125401365897e-05
2.119550048828125 1.9678710115282417e-05
2.120550048828125 1.8778303524802913e-05
2.121550048828125 1.9125028524970672e-05
2.122550048828125 2.6521658915811937e-05
2.123550048828125 2.4702279423473314e-05
2.124550048828125 2.406691395830733e-05
2.125550048828125 2.2400204157476426e-05
2.126550048828125 2.0743000800002064e-05
2.127550048828125 1.9675302929416707e-05
2.128550048828125 1.728738939861303e-05
2.129550048828125 2.3377287348598542e-05
2.130550048828125 1.696646185006272e-05
2.131550048828125 1.803406331392006e-05
2.132550048828125 2.14354279353181e-05
2.133550048828125 2.034794630263565e-05
2.134550048828125 2.1222731985179366e-05
2.135550048828125 2.5648897323158007e-05
2.136550048828125 2.5056779003764143e-05
2.137550048828125 2.5970411419938926e-05
2.138550048828125 2.4840227820443936e-05
2.139550048828125 1.6290655073876882e-05
2.140550048828125 2.4906382500517183e-05
2.141550048828125 2.0264187075932078e-05
2.142550048828125 2.581931581781844e-05
2.143550048828125 2.0541733657480872e-05
2.144550048828125 1.941751410772e-05
2.145550048828125 2.1542637731555076e-05
2.146550048828125 2.6986748041544332e-05
2.147550048828125 1.7805086342337715e-05
2.148550048828125 2.097583929268126e-05
2.149550048828125 2.4459743957097205e-05
2.150550048828125 1.9535121430739015e-05
2.151550048828125 2.2067713733958007e-05
2.152550048828125 2.7280181728775433e-05
2.153550048828125 2.0075369885885535e-05
2.154550048828125 2.8010003809448248e-05
2.155550048828125 2.4610730768605716e-05
2.156550048828125 2.222320756738018e-05
2.157550048828125 2.2546359257953617e-05
2.158550048828125 2.3666923980439774e-05
2.159550048828125 2.1674914768452606e-05
2.160550048828125 2.1015781884553174e-05
2.161550048828125 2.5423793547771477e-05
2.162550048828125 2.0521552825170656e-05
2.163550048828125 2.366957945201535e-05
2.164550048828125 1.836607885751727e-05
2.165550048828125 2.8036376232437383e-05
2.166550048828125 2.474829985914763e-05
2.167550048828125 2.2211389870392285e-05
2.168550048828125 2.4138960579832106e-05
2.169550048828125 2.1112969526421237e-05
2.170550048828125 2.2973824153310974e-05
2.171550048828125 3.187319033116683e-05
2.172550048828125 1.6312220969166815e-05
2.173550048828125 2.627817029840565e-05
2.174550048828125 2.4807944710546446e-05
2.175550048828125 2.0727046623826687e-05
2.176550048828125 1.7618439589285792e-05
2.177550048828125 2.3835053767765988e-05
2.178550048828125 2.3082469135377007e-05
2.179550048828125 2.488725113490232e-05
2.180550048828125 2.1663534707632937e-05
2.181550048828125 2.2804240041630128e-05
2.182550048828125 2.012665003541055e-05
2.183550048828125 2.219737764471187e-05
2.184550048828125 2.5915842766072632e-05
2.185550048828125 2.6980109594126904e-05
2.186550048828125 1.588854210554271e-05
2.187550048828125 1.9016660546118165e-05
2.188550048828125 2.4475877092263322e-05
2.189550048828125 2.5561314651215397e-05
2.190550048828125 1.9658970274986238e-05
2.191550048828125 2.241686543247763e-05
2.192550048828125 2.5159674059920467e-05
2.193550048828125 2.6219445454228206e-05
2.194550048828125 2.1637520943406766e-05
2.195550048828125 1.907897408076602e-05
2.196550048828125 2.2068746416497027e-05
2.197550048828125 2.0976959438472823e-05
2.198550048828125 2.409461964345559e-05
2.199550048828125 2.1568540537557982e-05
2.200550048828125 3.377985423377095e-05
2.201550048828125 2.5517986134366663e-05
2.202550048828125 3.681959365776845e-05
2.203550048828125 1.9696870956099287e-05
2.204550048828125 2.8196791034345908e-05
2.205550048828125 3.1805581326042186e-05
2.206550048828125 2.7973415080548205e-05
2.207550048828125 2.9008539876737354e-05
2.208550048828125 3.180963885851105e-05
2.209550048828125 2.1605018752991382e-05
2.210550048828125 2.8950474853805113e-05
2.211550048828125 3.676391188462138e-05
2.212550048828125 3.254634090692015e-05
2.213550048828125 3.074950094764059e-05
2.214550048828125 3.225826755858458e-05
2.215550048828125 2.916258670585621e-05
2.216550048828125 3.101589190502818e-05
2.217550048828125 2.392826913779022e-05
2.218550048828125 3.5452342144450404e-05
2.219550048828125 3.189540941910915e-05
2.220550048828125 2.522664854737461e-05
2.221550048828125 3.023631820530714e-05
2.222550048828125 3.039567666099848e-05
2.223550048828125 3.7792929228796394e-05
2.224550048828125 2.7654244354785517e-05
2.225550048828125 3.421066544902971e-05
2.226550048828125 2.889158653084274e-05
2.227550048828125 3.135181922503975e-05
2.228550048828125 2.8023222404893492e-05
2.229550048828125 2.724100105955346e-05
2.230550048828125 4.014423685616504e-05
2.231550048828125 3.3292177871369244e-05
2.232550048828125 2.9978951140435313e-05
2.233550048828125 3.636445436456963e-05
2.234550048828125 2.5925834524450913e-05
2.235550048828125 3.6685623477774575e-05
2.236550048828125 4.2417601395016466e-05
2.237550048828125 3.173395771651325e-05
2.238550048828125 3.2920306759186415e-05
2.239550048828125 4.493545972030296e-05
2.240550048828125 3.39196709309544e-05
2.241550048828125 3.6649477520069555e-05
2.242550048828125 4.350915336152402e-05
2.243550048828125 3.740009249307459e-05
2.244550048828125 4.3088561589456265e-05
2.245550048828125 4.6334491994374014e-05
2.246550048828125 3.8691401244409646e-05
2.247550048828125 3.497934415006547e-05
2.248550048828125 4.290404621406764e-05
2.249550048828125 3.455808907120639e-05
2.250550048828125 4.450845158942234e-05
2.251550048828125 3.527278861758134e-05
2.252550048828125 3.806649118999831e-05
2.253550048828125 4.559756738668915e-05
2.254550048828125 3.4715477910422935e-05
2.255550048828125 4.4883881772200257e-05
2.256550048828125 5.1331100698351635e-05
2.257550048828125 5.262082002781384e-05
2.258550048828125 3.2692375658224476e-05
2.259550048828125 3.835392108589166e-05
2.260550048828125 4.5872344281358946e-05
2.261550048828125 4.6994465838245404e-05
2.262550048828125 3.2712387162142665e-05
2.263550048828125 4.1882823749927736e-05
2.264550048828125 4.544183358888042e-05
2.265550048828125 3.940166022051625e-05
2.266550048828125 4.089164304170053e-05
2.267550048828125 4.465469699195068e-05
2.268550048828125 3.9336786340702206e-05
2.269550048828125 3.482444914301787e-05
2.270550048828125 3.148210390768387e-05
2.271550048828125 4.412807345483016e-05
2.272550048828125 4.589769199758213e-05
2.273550048828125 3.32117461002251e-05
2.274550048828125 3.785254398507505e-05
2.275550048828125 3.35547005665935e-05
2.276550048828125 3.0054716063437207e-05
2.277550048828125 4.4094861116466736e-05
2.278550048828125 2.7261634345810918e-05
2.279550048828125 3.299043609104747e-05
2.280550048828125 3.093411213271766e-05
2.281550048828125 3.110946925358097e-05
2.282550048828125 2.755031689861171e-05
2.283550048828125 2.9801337037738764e-05
2.284550048828125 2.3723228617799242e-05
2.285550048828125 2.6233950579849895e-05
2.286550048828125 2.1328811276933758e-05
2.287550048828125 2.943101421197598e-05
2.288550048828125 2.8008140978088663e-05
2.289550048828125 2.3679755067288677e-05
2.290550048828125 2.341623873230442e-05
2.291550048828125 2.11838545844617e-05
2.292550048828125 2.3887377442304096e-05
2.293550048828125 2.454793459723148e-05
2.294550048828125 2.1772060774131744e-05
2.295550048828125 2.1165639148100346e-05
2.296550048828125 2.261814877393985e-05
2.297550048828125 1.9233185234947844e-05
2.298550048828125 2.034745199429887e-05
2.299550048828125 1.8316615331710182e-05
2.300550048828125 2.129550854484239e-05
2.301550048828125 1.7096159657853653e-05
2.302550048828125 1.8550489146075922e-05
2.303550048828125 1.8132188656188316e-05
2.304550048828125 1.7762567409288703e-05
2.305550048828125 1.409148450049335e-05
2.306550048828125 1.830244542682437e-05
2.307550048828125 1.6817313096646095e-05
2.308550048828125 1.687818382932061e-05
2.309550048828125 1.5452130069496105e-05
2.310550048828125 1.707772734991758e-05
2.311550048828125 1.5303028768140674e-05
2.312550048828125 1.0842635081546268e-05
2.313550048828125 1.4757139401583157e-05
2.314550048828125 1.5401688392028663e-05
2.315550048828125 1.1777242717876763e-05
2.316550048828125 1.2313060075895727e-05
2.317550048828125 1.444677511937951e-05
2.318550048828125 1.1918182690128665e-05
2.319550048828125 1.2014880341651138e-05
2.320550048828125 1.2081479530518257e-05
2.321550048828125 1.4839786690023005e-05
2.322550048828125 9.86233901854715e-06
2.323550048828125 1.1222470367645875e-05
2.324550048828125 1.1263904299816712e-05
2.325550048828125 1.0988542567022672e-05
2.326550048828125 1.0031068266722358e-05
2.327550048828125 8.95107792840913e-06
2.328550048828125 9.257976649990234e-06
2.329550048828125 8.95394020094912e-06
2.330550048828125 1.0059918017975551e-05
2.331550048828125 8.107106847642744e-06
2.332550048828125 8.313412425838501e-06
2.333550048828125 7.620526751734741e-06
2.334550048828125 7.2518631850652806e-06
2.335550048828125 6.410311111845942e-06
2.336550048828125 7.609726360093336e-06
2.337550048828125 7.101034772462191e-06
2.338550048828125 6.582372938196724e-06
2.339550048828125 5.25481398483721e-06
2.340550048828125 5.638917701405091e-06
2.341550048828125 6.369925216887673e-06
2.342550048828125 5.742414109933439e-06
2.343550048828125 4.893850494917555e-06
2.344550048828125 6.196602049334368e-06
2.345550048828125 6.106649628178061e-06
2.346550048828125 5.946763949502828e-06
2.347550048828125 5.832354649681928e-06
2.348550048828125 6.903143435196183e-06
2.349550048828125 5.503515777848565e-06
2.350550048828125 4.7145934096013585e-06
2.351550048828125 6.810404069532849e-06
2.352550048828125 6.291626166966513e-06
2.353550048828125 7.0055882582754906e-06
2.354550048828125 4.832967047402227e-06
2.355550048828125 5.971735419362935e-06
2.356550048828125 5.55675176777672e-06
2.357550048828125 5.390404045084902e-06
2.358550048828125 6.181290001798631e-06
2.359550048828125 5.7872810019748295e-06
2.360550048828125 5.246422417381034e-06
2.361550048828125 5.308605135783878e-06
2.362550048828125 4.835406696097856e-06
2.363550048828125 4.794345463802669e-06
2.364550048828125 4.589060779217659e-06
2.365550048828125 3.909140547845439e-06
2.366550048828125 3.721007068552762e-06
2.367550048828125 3.5463657179422882e-06
2.368550048828125 3.3816985370976327e-06
2.369550048828125 3.0339262939693825e-06
2.370550048828125 2.645126106601316e-06
2.371550048828125 2.3058193721230243e-06
2.372550048828125 2.1023533901718864e-06
2.373550048828125 1.7747279846881357e-06
2.374550048828125 1.485974584890998e-06
2.375550048828125 1.8541837507860014e-06
2.376550048828125 1.754253528220885e-06
2.377550048828125 1.6914251766422361e-06
2.378550048828125 1.6952263189381424e-06
2.379550048828125 1.7328623130400131e-06
2.380550048828125 1.7569246633017553e-06
2.381550048828125 1.581443155452735e-06
2.382550048828125 1.5415365069128394e-06
2.383550048828125 1.4237096231108634e-06
2.384550048828125 1.3929634128648157e-06
2.385550048828125 1.3452817408800165e-06
2.386550048828125 1.2818482951113e-06
2.387550048828125 1.2815823492039464e-06
2.388550048828125 1.2245642837456967e-06
2.389550048828125 1.1533244108341026e-06
2.390550048828125 1.1216761623200107e-06
2.391550048828125 1.068917059205889e-06
2.392550048828125 1.0616922908834987e-06
2.393550048828125 1.0008888735493104e-06
2.394550048828125 9.748224651826773e-07
2.395550048828125 8.675541610975462e-07
2.396550048828125 8.380809254290627e-07
2.397550048828125 8.481141881948978e-07
2.398550048828125 7.936272002942911e-07
2.399550048828125 7.143552365917066e-07
2.400550048828125 7.106421066667171e-07
2.401550048828125 6.397628002388334e-07
2.402550048828125 6.250835397503781e-07
2.403550048828125 5.594369730777901e-07
2.404550048828125 5.166528738879284e-07
2.405550048828125 4.907531405990989e-07
2.406550048828125 4.660945971792946e-07
2.407550048828125 3.981932430242481e-07
2.408550048828125 3.834116768774461e-07
2.409550048828125 3.507316787689214e-07
2.410550048828125 3.1098021765364393e-07
2.411550048828125 2.883967648992273e-07
2.412550048828125 2.6043552920138854e-07
2.413550048828125 2.274232544914756e-07
2.414550048828125 2.0707282131347837e-07
2.415550048828125 1.862671413355304e-07
2.416550048828125 1.667400776300936e-07
2.417550048828125 1.4970421178933232e-07
2.418550048828125 1.3668553501635858e-07
2.419550048828125 1.2201127495294865e-07
2.420550048828125 1.0856406736380033e-07
2.421550048828125 9.835882889444194e-08
2.422550048828125 8.799474756247236e-08
2.423550048828125 7.897473013128672e-08
2.424550048828125 7.094297399267297e-08
2.425550048828125 6.430872267699211e-08
2.426550048828125 5.896304370989181e-08
2.427550048828125 5.3990141424688275e-08
2.428550048828125 4.922257910292024e-08
2.429550048828125 4.338479106781398e-08
2.430550048828125 4.1829521179603504e-08
2.431550048828125 3.7162035939881437e-08
2.432550048828125 3.40262481888644e-08
2.433550048828125 3.178275574483762e-08
2.434550048828125 2.889172872034511e-08
2.435550048828125 2.6692732661272766e-08
2.436550048828125 2.404459899361848e-08
2.437550048828125 2.2581717456601457e-08
2.438550048828125 2.057003241490254e-08
2.439550048828125 1.861333289627292e-08
2.440550048828125 1.7308916758249792e-08
2.441550048828125 1.5547067928801278e-08
2.442550048828125 1.4442436967068279e-08
2.443550048828125 1.2715238843915712e-08
2.444550048828125 1.187925487862794e-08
2.445550048828125 1.0509395681079976e-08
2.446550048828125 9.63310128779484e-09
2.447550048828125 8.748660252861153e-09
2.448550048828125 7.677492523106393e-09
2.449550048828125 6.98758295087067e-09
2.450550048828125 6.539484772601703e-09
2.451550048828125 6.159936009992757e-09
2.452550048828125 5.629657962883831e-09
2.453550048828125 5.0768434798174245e-09
2.454550048828125 4.6461133537430945e-09
2.455550048828125 4.384160320621965e-09
2.456550048828125 3.894015816799896e-09
2.457550048828125 3.656621821741431e-09
2.458550048828125 3.4072318462222668e-09
2.459550048828125 3.0745680156328833e-09
2.460550048828125 2.8841852817751985e-09
2.461550048828125 2.6368161992412144e-09
2.462550048828125 2.444819614919941e-09
2.463550048828125 2.2484599783156752e-09
2.464550048828125 2.0895608744147232e-09
2.465550048828125 1.975540151905923e-09
2.466550048828125 1.8218071117460932e-09
2.467550048828125 1.7088080346158774e-09
2.468550048828125 1.5985504891114818e-09
2.469550048828125 1.4666220141947161e-09
2.470550048828125 1.3655433060884046e-09
2.471550048828125 1.3005694332344076e-09
2.472550048828125 1.2034905987841114e-09
2.473550048828125 1.1316440071034735e-09
2.474550048828125 1.0693028214757516e-09
2.475550048828125 9.958802527277101e-10
2.476550048828125 9.529030322515978e-10
2.477550048828125 8.989115657874882e-10
2.478550048828125 8.539165875573426e-10
2.479550048828125 8.111939660946176e-10
2.480550048828125 7.717365885516165e-10
2.481550048828125 7.429931555565799e-10
2.482550048828125 7.048910560721275e-10
2.483550048828125 6.667192574913899e-10
2.484550048828125 6.426539486437938e-10
2.485550048828125 6.260388800092583e-10
2.486550048828125 5.96662789126458e-10
2.487550048828125 5.7308024344527e-10
2.488550048828125 5.585928321886171e-10
2.489550048828125 5.449343808543934e-10
2.490550048828125 5.242726916864956e-10
2.491550048828125 5.056006960441247e-10
2.492550048828125 4.924809765140094e-10
2.493550048828125 4.772768200866196e-10
2.494550048828125 4.5819205680033575e-10
2.495550048828125 4.479615920873379e-10
2.496550048828125 4.334352937183587e-10
2.497550048828125 4.211797045835637e-10
2.498550048828125 4.095240218657725e-10
2.499550048828125 3.9890990741763915e-10
2.500550048828125 3.9043324028431213e-10
2.501550048828125 3.768586124073288e-10
2.502550048828125 3.691520109177497e-10
2.503550048828125 3.5967147684512967e-10
2.504550048828125 3.511037162876631e-10
2.505550048828125 3.422078799828336e-10
2.506550048828125 3.317302658330359e-10
2.507550048828125 3.246105876171211e-10
2.508550048828125 3.158700571424527e-10
2.509550048828125 3.069250763667295e-10
2.510550048828125 2.9798086554488544e-10
2.511550048828125 2.8943943605968945e-10
2.512550048828125 2.817603969178716e-10
2.513550048828125 2.7143238004075815e-10
2.514550048828125 2.623882041170902e-10
2.515550048828125 2.5326277610212187e-10
2.516550048828125 2.4415363364550663e-10
2.517550048828125 2.3558148123034726e-10
2.518550048828125 2.264834528739606e-10
2.519550048828125 2.170581252732288e-10
2.520550048828125 2.0793818237978778e-10
2.521550048828125 1.9964946914059822e-10
2.522550048828125 1.9115290024930523e-10
2.523550048828125 1.815781969759607e-10
2.524550048828125 1.730946180802689e-10
2.525550048828125 1.6489755192669102e-10
2.526550048828125 1.5681382751047703e-10
2.527550048828125 1.4875776100446642e-10
2.528550048828125 1.4085583969071396e-10
2.529550048828125 1.3346487437526143e-10
2.530550048828125 1.2607314464691727e-10
2.531550048828125 1.20110250536139e-10
2.532550048828125 1.1352298026021365e-10
2.533550048828125 1.0738375973407701e-10
2.534550048828125 1.0188469503888724e-10
2.535550048828125 9.670632854577049e-11
2.536550048828125 9.201645613308061e-11
2.537550048828125 8.761402672128858e-11
2.538550048828125 8.367788647829762e-11
2.539550048828125 8.029938188477719e-11
2.540550048828125 7.632052251594216e-11
2.541550048828125 7.305726115875528e-11
2.542550048828125 6.889850082494919e-11
2.543550048828125 6.58802216600472e-11
2.544550048828125 6.282858154855239e-11
2.545550048828125 6.018102606816676e-11
2.546550048828125 5.762540951154379e-11
2.547550048828125 5.5685214479727965e-11
2.548550048828125 5.387847296330542e-11
2.549550048828125 5.1357574704224e-11
2.550550048828125 4.968536194402682e-11
2.551550048828125 4.826954674281498e-11
2.552550048828125 4.668519583753603e-11
2.553550048828125 4.5288734049796433e-11
2.554550048828125 4.406051388801901e-11
2.555550048828125 4.2429759272835843e-11
2.556550048828125 4.117783368738731e-11
2.557550048828125 3.986179480110317e-11
2.558550048828125 3.8751342884293254e-11
2.559550048828125 3.7637569720813074e-11
2.560550048828125 3.670709281044633e-11
2.561550048828125 3.492856940197996e-11
2.562550048828125 3.3712313578698435e-11
2.563550048828125 3.204796648217734e-11
2.564550048828125 3.0838103314362124e-11
2.565550048828125 2.918336330794044e-11
2.566550048828125 2.7797735968092602e-11
2.567550048828125 2.6214085058583023e-11
2.568550048828125 2.4441911080655783e-11
2.569550048828125 2.296572268948432e-11
2.570550048828125 2.1135835852991475e-11
2.571550048828125 1.9687244285032995e-11
2.572550048828125 1.8151930921263705e-11
2.573550048828125 1.6577605657392986e-11
2.574550048828125 1.5140177178902204e-11
2.575550048828125 1.3711317440605876e-11
2.576550048828125 1.2399529492402207e-11
2.577550048828125 1.1113180013158115e-11
2.578550048828125 9.923499997873458e-12
2.579550048828125 8.797811988893195e-12
2.580550048828125 7.88527454353966e-12
2.581550048828125 6.921404738451819e-12
2.582550048828125 6.087223544853177e-12
2.583550048828125 5.319902056189141e-12
2.584550048828125 4.6612206544883775e-12
2.585550048828125 4.0369166170661806e-12
2.586550048828125 3.483955416056511e-12
2.587550048828125 3.0381847069193482e-12
2.588550048828125 2.614178093008882e-12
2.589550048828125 2.271043425955161e-12
2.590550048828125 1.951586802361097e-12
2.591550048828125 1.6687834687662292e-12
2.592550048828125 1.4441182579413542e-12
2.593550048828125 1.240953179198366e-12
2.594550048828125 1.0594242958615657e-12
2.595550048828125 9.178050493019747e-13
2.596550048828125 7.876651790148672e-13
2.597550048828125 6.821025333276669e-13
2.598550048828125 5.959040676576299e-13
