microns throughput
0.5503499755859375 1.5483513423791314e-09
0.5513499755859375 2.725660833594732e-09
0.5523499755859375 3.826647645220645e-09
0.5533499755859375 3.4614535552430994e-09
0.5543499755859375 2.825140827105838e-09
0.5553499755859375 4.468727776860501e-09
0.5563499755859375 6.08440040091225e-09
0.5573499755859375 3.5104637335162403e-09
0.5583499755859375 2.5288614262238256e-09
0.5593499755859375 2.657389377639757e-09
0.5603499755859375 1.8447339393743612e-09
0.5613499755859375 3.5851440369398727e-09
0.5623499755859375 5.3136211936584484e-09
0.5633499755859375 5.4183134157969774e-09
0.5643499755859375 6.968762390104584e-09
0.5653499755859375 9.394814599392708e-09
0.5663499755859375 1.2591795221058331e-08
0.5673499755859375 1.7092508094071305e-08
0.5683499755859375 2.453550314978321e-08
0.5693499755859375 6.936846527236642e-09
0.5703499755859375 7.65193907812357e-09
0.5713499755859375 1.390857405968997e-08
0.5723499755859375 8.7501405948209e-09
0.5733499755859375 1.2797926297648347e-09
0.5743499755859375 5.67146564669465e-10
0.5753499755859375 4.630676739301674e-09
0.5763499755859375 5.418887834970614e-09
0.5773499755859375 6.998900719016472e-09
0.5783499755859375 7.677843624789732e-09
0.5793499755859375 2.9049240761353216e-10
0.5803499755859375 2.90667825137309e-09
0.5813499755859375 1.1391871234822668e-08
0.5823499755859375 9.192908536776318e-09
0.5833499755859375 1.1449492095090543e-08
0.5843499755859375 9.14840213809853e-09
0.5853499755859375 1.3342475546079792e-08
0.5863499755859375 1.5786689539571615e-08
0.5873499755859375 1.3527230141597169e-08
0.5883499755859375 2.0157769274787775e-08
0.5893499755859375 2.1627647635575307e-09
0.5903499755859375 5.8856278053915775e-09
0.5913499755859375 1.5087187452826584e-08
0.5923499755859375 2.3771732201628834e-08
0.5933499755859375 4.5804976626837823e-08
0.5943499755859375 2.0630303063018915e-08
0.5953499755859375 2.7668547862041315e-08
0.5963499755859375 1.4539653814088774e-08
0.5973499755859375 2.6548497394357355e-08
0.5983499755859375 4.3237569799720815e-08
0.5993499755859375 4.205060530127487e-08
0.6003499755859375 1.9132676249614766e-08
0.6013499755859375 1.9670206125254894e-08
0.6023499755859375 2.0482582047320394e-08
0.6033499755859375 1.1330358880924272e-08
0.6043499755859375 1.94285203283917e-08
0.6053499755859375 1.601217950599686e-08
0.6063499755859375 2.407347778366674e-08
0.6073499755859375 3.735573241423792e-08
0.6083499755859375 3.5226570217328005e-08
0.6093499755859375 2.283779002929315e-08
0.6103499755859375 3.743655539163257e-08
0.6113499755859375 1.51514785384227e-08
0.6123499755859375 3.426611482955829e-08
0.6133499755859375 3.1409733462060336e-08
0.6143499755859375 1.3564357543787886e-08
0.6153499755859375 3.3775122776358645e-08
0.6163499755859375 1.1311842706672358e-08
0.6173499755859375 3.939861619999392e-08
0.6183499755859375 1.3589000585760592e-08
0.6193499755859375 1.8020238447339863e-08
0.6203499755859375 3.894058380846869e-08
0.6213499755859375 2.928530097902362e-08
0.6223499755859375 1.50704464612181e-08
0.6233499755859375 2.7887644930237785e-08
0.6243499755859375 3.0722194880803176e-08
0.6253499755859375 1.9475775492121808e-08
0.6263499755859375 1.3869092240892553e-08
0.6273499755859375 1.4958270502051073e-08
0.6283499755859375 2.529255240652178e-08
0.6293499755859375 3.745274183858253e-08
0.6303499755859375 2.3541143101090075e-08
0.6313499755859375 3.513809191663076e-08
0.6323499755859375 1.7380804910180966e-08
0.6333499755859375 6.155616415705641e-08
0.6343499755859375 3.185743614685403e-08
0.6353499755859375 1.2521253706286847e-08
0.6363499755859375 2.09471852018401e-08
0.6373499755859375 2.4579156136369675e-08
0.6383499755859375 8.184295993065965e-08
0.6393499755859375 4.4655894909696854e-08
0.6403499755859375 7.949894846137047e-08
0.6413499755859375 4.4901603457631893e-08
0.6423499755859375 6.277174275614551e-08
0.6433499755859375 3.643834356101142e-08
0.6443499755859375 6.722108329308113e-08
0.6453499755859375 4.058480616764374e-08
0.6463499755859375 3.884504928898223e-08
0.6473499755859375 4.708001643598495e-08
0.6483499755859375 4.371316571919508e-08
0.6493499755859375 4.3591246432873913e-08
0.6503499755859375 3.72643839388193e-08
0.6513499755859375 3.7355488805884844e-08
0.6523499755859375 2.910634216315657e-08
0.6533499755859375 7.088530104417898e-08
0.6543499755859375 1.0187416412545706e-07
0.6553499755859375 6.563225406917941e-08
0.6563499755859376 6.864678321669509e-08
0.6573499755859376 8.756354535364238e-08
0.6583499755859376 8.316864722226815e-08
0.6593499755859376 4.14132232117866e-08
0.6603499755859376 7.426825530860076e-08
0.6613499755859376 1.1279699357055351e-07
0.6623499755859374 7.920289438924381e-08
0.6633499755859374 8.794228372801107e-08
0.6643499755859374 1.1433882521570083e-07
0.6653499755859374 1.4531320360647937e-07
0.6663499755859374 1.5178828182960193e-07
0.6673499755859374 9.511422556840888e-08
0.6683499755859375 8.311734351347989e-08
0.6693499755859375 1.0482614872926694e-07
0.6703499755859375 1.2341282691500618e-07
0.6713499755859375 9.624971634401312e-08
0.6723499755859375 6.108282867610107e-08
0.6733499755859375 6.471745949653268e-08
0.6743499755859375 6.727460265579808e-08
0.6753499755859375 6.257416007539743e-08
0.6763499755859375 7.416786313431424e-08
0.6773499755859375 8.438842436812261e-08
0.6783499755859375 5.69537392244159e-08
0.6793499755859375 7.442971233876516e-08
0.6803499755859375 4.2932040849905146e-08
0.6813499755859375 5.133623385976941e-08
0.6823499755859375 3.039337728152106e-08
0.6833499755859375 5.6971282427062026e-08
0.6843499755859375 4.761155422395019e-08
0.6853499755859375 5.6239967668163596e-08
0.6863499755859375 5.996095693619246e-08
0.6873499755859375 2.6159068449444494e-08
0.6883499755859375 5.4348344279017505e-08
0.6893499755859375 7.212075878285888e-08
0.6903499755859375 9.18987271469097e-08
0.6913499755859375 9.666025674644268e-08
0.6923499755859375 8.30184049797972e-08
0.6933499755859375 6.688144733437656e-08
0.6943499755859375 1.0594161337148331e-07
0.6953499755859375 4.8450634503649315e-08
0.6963499755859375 1.931544253830428e-08
0.6973499755859375 1.0709849100854371e-07
0.6983499755859375 9.680326685193366e-09
0.6993499755859375 3.1728729183185475e-08
0.7003499755859375 6.576676775311528e-08
0.7013499755859375 4.200738520920995e-08
0.7023499755859375 3.297106617887622e-08
0.7033499755859375 5.278138306432714e-08
0.7043499755859375 7.395718745320799e-08
0.7053499755859375 9.268264202811899e-08
0.7063499755859375 7.527088469804466e-08
0.7073499755859375 6.362263154411885e-08
0.7083499755859375 1.1985730691270062e-08
0.7093499755859375 2.7512603275052498e-08
0.7103499755859375 6.298801393629685e-08
0.7113499755859375 1.1679577998093063e-07
0.7123499755859375 8.431431791437451e-08
0.7133499755859375 1.157639115640908e-07
0.7143499755859375 8.741514657942855e-08
0.7153499755859375 8.160242641442767e-08
0.7163499755859375 8.433407168707772e-08
0.7173499755859375 6.637755925064425e-08
0.7183499755859375 9.294230833077624e-08
0.7193499755859375 8.207243177047946e-08
0.7203499755859375 7.763102114562508e-08
0.7213499755859375 8.041435371566476e-08
0.7223499755859375 1.5289442275482673e-07
0.7233499755859375 1.0605193931929473e-07
0.7243499755859375 8.517165897466491e-08
0.7253499755859375 9.08462289288088e-08
0.7263499755859375 1.0115388597215333e-07
0.7273499755859375 1.4042222006490087e-07
0.7283499755859375 1.0470344286975009e-07
0.7293499755859375 9.818530358019378e-08
0.7303499755859375 1.2364551002454804e-07
0.7313499755859375 7.331407943343114e-08
0.7323499755859375 1.0774699151769739e-07
0.7333499755859375 1.242393220181286e-07
0.7343499755859375 1.1140683993525946e-07
0.7353499755859375 1.596830363439521e-07
0.7363499755859375 7.266989277635937e-08
0.7373499755859375 1.3131627098438512e-07
0.7383499755859375 1.2835332281429797e-07
0.7393499755859375 1.6238575399715489e-07
0.7403499755859375 9.929811157921586e-08
0.7413499755859375 1.346132043490917e-07
0.7423499755859375 1.6172698231776549e-07
0.7433499755859375 1.2215922588592494e-07
0.7443499755859375 6.841366299952486e-08
0.7453499755859375 1.8547120922361722e-07
0.7463499755859375 1.1680361139731738e-07
0.7473499755859375 1.4308131910155256e-07
0.7483499755859375 1.2604884092981149e-07
0.7493499755859375 1.2677186215640952e-07
0.7503499755859375 1.8373739118630616e-07
0.7513499755859375 2.76607391298183e-08
0.7523499755859375 1.1973972206272902e-07
0.7533499755859375 1.893355124327204e-07
0.7543499755859375 1.349528068639559e-07
0.7553499755859375 1.8992832759888348e-07
0.7563499755859375 1.7081184580206937e-07
0.7573499755859375 9.22166970999716e-08
0.7583499755859375 2.717148639655788e-07
0.7593499755859375 1.1443055901239248e-07
0.7603499755859375 1.6410274836238905e-07
0.7613499755859375 1.6140423317387424e-07
0.7623499755859375 1.3437471906643734e-07
0.7633499755859375 1.2023456605776887e-07
0.7643499755859375 2.4106744512518683e-07
0.7653499755859375 1.6382934118314438e-07
0.7663499755859375 1.6844992775526222e-07
0.7673499755859375 8.224993545692773e-08
0.7683499755859375 1.849453082483157e-07
0.7693499755859375 2.1352427590863516e-07
0.7703499755859375 2.597998157918191e-07
0.7713499755859375 1.762891430458188e-07
0.7723499755859375 2.600408388920937e-07
0.7733499755859375 1.3665842514368327e-07
0.7743499755859375 2.604819332106061e-07
0.7753499755859375 1.7121565349569858e-07
0.7763499755859375 2.2842927515828802e-07
0.7773499755859375 1.0231353500728368e-07
0.7783499755859375 1.595824300138381e-07
0.7793499755859375 8.561220673760863e-08
0.7803499755859375 1.1187388562686237e-07
0.7813499755859376 8.72799627028363e-08
0.7823499755859376 1.592264124843707e-07
0.7833499755859376 1.5618071826947673e-07
0.7843499755859376 1.5331783852765543e-07
0.7853499755859376 1.3452788630201678e-07
0.7863499755859376 1.924675684457843e-07
0.7873499755859374 1.5234810545922703e-07
0.7883499755859374 1.6328564218098113e-07
0.7893499755859374 1.312375545476641e-07
0.7903499755859374 8.799374463275933e-08
0.7913499755859374 1.8436958700343047e-07
0.7923499755859374 1.576761125853834e-07
0.7933499755859375 1.2140085263472116e-07
0.7943499755859375 2.2036152943245228e-07
0.7953499755859375 6.783377158408789e-08
0.7963499755859375 1.2500781476555893e-07
0.7973499755859375 1.3947837621611372e-07
0.7983499755859375 9.695080310463587e-08
0.7993499755859375 2.282976405392674e-07
0.8003499755859375 5.158669098062067e-07
0.8013499755859375 5.308084249196544e-07
0.8023499755859375 5.635900834198665e-07
0.8033499755859375 4.4295007500339977e-07
0.8043499755859375 4.631533948050729e-07
0.8053499755859375 3.865370170072425e-07
0.8063499755859375 4.572598832741008e-07
0.8073499755859375 6.277096761086349e-07
0.8083499755859375 2.640226989498886e-07
0.8093499755859375 2.8828526056491545e-07
0.8103499755859375 4.450217147595848e-07
0.8113499755859375 3.5399052613840345e-07
0.8123499755859375 2.4473016958080247e-07
0.8133499755859375 2.0046249969420983e-07
0.8143499755859375 3.21319002403493e-07
0.8153499755859375 1.8147075288926847e-07
0.8163499755859375 2.759674958502124e-07
0.8173499755859375 3.0625153695466044e-07
0.8183499755859375 2.383826898289274e-07
0.8193499755859375 3.1019152622182626e-07
0.8203499755859375 2.4610476126355644e-07
0.8213499755859375 4.7431514498483874e-07
0.8223499755859375 1.9520348807741688e-07
0.8233499755859375 2.5509634940477274e-07
0.8243499755859375 2.6731691168650306e-07
0.8253499755859375 2.8323036245203906e-07
0.8263499755859375 2.0316982058529897e-07
0.8273499755859375 4.3332059662860476e-07
0.8283499755859375 3.972107431913656e-07
0.8293499755859375 3.2186037724573664e-07
0.8303499755859375 2.0678873466343355e-07
0.8313499755859375 2.818231061943418e-07
0.8323499755859375 4.1086393036905536e-07
0.8333499755859375 2.4377576192639766e-07
0.8343499755859375 3.098549065236622e-07
0.8353499755859375 3.2576080779514227e-07
0.8363499755859375 2.667444937421322e-07
0.8373499755859375 3.412775904382854e-07
0.8383499755859375 2.8001230277967627e-07
0.8393499755859375 4.067765353800177e-07
0.8403499755859375 4.2300014765190103e-07
0.8413499755859375 3.9746086942296383e-07
0.8423499755859375 4.7617105268836585e-07
0.8433499755859375 4.633688615434812e-07
0.8443499755859375 4.930751940594624e-07
0.8453499755859375 5.316084332862249e-07
0.8463499755859375 5.26711855364213e-07
0.8473499755859375 5.621261752226245e-07
0.8483499755859375 5.528235721665303e-07
0.8493499755859375 6.194462483390457e-07
0.8503499755859375 6.385137274535899e-07
0.8513499755859375 7.063972023969249e-07
0.8523499755859375 6.699181749544937e-07
0.8533499755859375 6.726251602276007e-07
0.8543499755859375 6.813559240749253e-07
0.8553499755859375 6.762105664173276e-07
0.8563499755859375 7.411968258846767e-07
0.8573499755859375 6.829694720605089e-07
0.8583499755859375 7.157138186914825e-07
0.8593499755859375 7.223937316115805e-07
0.8603499755859375 6.245323414823254e-07
0.8613499755859375 5.735235238643093e-07
0.8623499755859375 7.188572107099697e-07
0.8633499755859375 6.924528514270297e-07
0.8643499755859375 6.93065813945059e-07
0.8653499755859375 7.359871347695192e-07
0.8663499755859375 7.004390669535663e-07
0.8673499755859375 7.854725096667624e-07
0.8683499755859375 8.608141450850462e-07
0.8693499755859375 8.483341043824305e-07
0.8703499755859375 8.450501292448135e-07
0.8713499755859375 7.783615564061423e-07
0.8723499755859375 7.794673587291444e-07
0.8733499755859375 7.959614456019483e-07
0.8743499755859375 8.51851716332969e-07
0.8753499755859375 7.823953988406693e-07
0.8763499755859375 7.703045061407628e-07
0.8773499755859375 7.521642337135678e-07
0.8783499755859375 8.635975924136712e-07
0.8793499755859375 9.363293628602956e-07
0.8803499755859375 8.770677268615365e-07
0.8813499755859375 8.872470602545939e-07
0.8823499755859375 1.0071828977345806e-06
0.8833499755859375 1.0131054904229959e-06
0.8843499755859375 1.0664400749610253e-06
0.8853499755859375 1.1582816068302102e-06
0.8863499755859375 1.1213174567155675e-06
0.8873499755859375 1.138484290327477e-06
0.8883499755859375 1.1393888617836285e-06
0.8893499755859375 1.1791973705988905e-06
0.8903499755859375 1.1377473958994806e-06
0.8913499755859375 1.1312188105336944e-06
0.8923499755859375 1.0691931316072668e-06
0.8933499755859375 1.0516785558948478e-06
0.8943499755859375 1.0527529807041478e-06
0.8953499755859375 9.981419164484159e-07
0.8963499755859375 1.0002580215044596e-06
0.8973499755859375 9.359577211034392e-07
0.8983499755859375 1.0108145401367075e-06
0.8993499755859375 9.212699465237413e-07
0.9003499755859375 8.442343109465431e-07
0.9013499755859375 9.373258609646444e-07
0.9023499755859375 8.06001196589898e-07
0.9033499755859375 7.85271763457996e-07
0.9043499755859375 8.160879257073822e-07
0.9053499755859375 7.887238789154052e-07
0.9063499755859376 7.717403463195424e-07
0.9073499755859376 8.471083756157458e-07
0.9083499755859376 7.818580604076094e-07
0.9093499755859376 7.476577547598592e-07
0.9103499755859376 8.485177957681476e-07
0.9113499755859376 7.006492647909745e-07
0.9123499755859374 7.210146709657869e-07
0.9133499755859374 6.326102333019836e-07
0.9143499755859374 6.946138996460149e-07
0.9153499755859374 6.851986656572569e-07
0.9163499755859374 6.8669827143039e-07
0.9173499755859374 7.678091227805954e-07
0.9183499755859375 8.231515384760651e-07
0.9193499755859375 8.892572995410926e-07
0.9203499755859375 8.5815254167642e-07
0.9213499755859375 9.21935398164554e-07
0.9223499755859375 8.910870337351297e-07
0.9233499755859375 8.587574649511524e-07
0.9243499755859375 8.378648410854464e-07
0.9253499755859375 7.527922791228381e-07
0.9263499755859375 7.391645529346137e-07
0.9273499755859375 6.956631821282228e-07
0.9283499755859375 6.584153640016797e-07
0.9293499755859375 5.495315069125905e-07
0.9303499755859375 5.426672888069617e-07
0.9313499755859375 4.901629009512477e-07
0.9323499755859375 3.95381909041232e-07
0.9333499755859375 4.3790049293104724e-07
0.9343499755859375 4.935522456147931e-07
0.9353499755859375 4.692455403861253e-07
0.9363499755859375 4.372078231833632e-07
0.9373499755859375 4.54326381562513e-07
0.9383499755859375 3.875653926038872e-07
0.9393499755859375 3.2439204234676513e-07
0.9403499755859375 3.950033917308206e-07
0.9413499755859375 4.1925328973021844e-07
0.9423499755859375 3.947563211038958e-07
0.9433499755859375 4.407329685515116e-07
0.9443499755859375 3.84758492334711e-07
0.9453499755859375 3.962796490612844e-07
0.9463499755859375 4.6323739219251383e-07
0.9473499755859375 4.503340158472074e-07
0.9483499755859375 4.097240818388631e-07
0.9493499755859375 3.318840104332655e-07
0.9503499755859375 3.242351404400962e-07
0.9513499755859375 4.6741572631184174e-07
0.9523499755859375 4.573131624130223e-07
0.9533499755859375 5.092391500610525e-07
0.9543499755859375 6.840361557450869e-07
0.9553499755859375 7.23838364390868e-07
0.9563499755859375 8.516611942771044e-07
0.9573499755859375 8.533919104755226e-07
0.9583499755859375 9.75353812348836e-07
0.9593499755859375 8.089397578937999e-07
0.9603499755859375 8.384649637562346e-07
0.9613499755859375 9.032168734062762e-07
0.9623499755859375 8.768762888934025e-07
0.9633499755859375 9.171489290796444e-07
0.9643499755859375 8.483890422629565e-07
0.9653499755859375 8.047198937580263e-07
0.9663499755859375 7.216537660398203e-07
0.9673499755859375 6.161831097642198e-07
0.9683499755859375 4.906967996968002e-07
0.9693499755859375 3.286864111166453e-07
0.9703499755859375 2.985648072024163e-07
0.9713499755859375 3.2364292047861883e-07
0.9723499755859375 3.1241641326719644e-07
0.9733499755859375 3.661496764989341e-07
0.9743499755859375 3.318140175938961e-07
0.9753499755859375 3.870686589258123e-07
0.9763499755859375 4.559679320406171e-07
0.9773499755859375 5.394546197022958e-07
0.9783499755859375 7.63238427798837e-07
0.9793499755859375 1.0135806104414506e-06
0.9803499755859375 1.2052037239416922e-06
0.9813499755859375 1.3299047413116504e-06
0.9823499755859375 1.4135561872440407e-06
0.9833499755859375 1.3998092498985551e-06
0.9843499755859375 1.3305388925617267e-06
0.9853499755859375 1.3021585072529066e-06
0.9863499755859375 1.318311777793636e-06
0.9873499755859375 1.3148568906230654e-06
0.9883499755859375 1.3465108761731786e-06
0.9893499755859375 1.3820361911047781e-06
0.9903499755859375 1.384969632342659e-06
0.9913499755859375 1.3258164180808081e-06
0.9923499755859375 1.1647375472176394e-06
0.9933499755859375 9.658818363780496e-07
0.9943499755859375 6.571207910705805e-07
0.9953499755859375 4.542970444910997e-07
0.9963499755859375 3.1607786755967384e-07
0.9973499755859375 3.593968318763361e-07
0.9983499755859375 4.964227681769185e-07
0.9993499755859375 4.2624864762760293e-07
1.0003499755859375 5.160088447988997e-07
1.0013499755859374 2.1872033692985324e-06
1.0023499755859375 9.721272347270769e-07
1.0033499755859374 2.9488831515553227e-06
1.0043499755859375 1.39772367104317e-06
1.0053499755859374 9.684052607647123e-07
1.0063499755859375 1.6951236321208863e-06
1.0073499755859374 1.6421294471432753e-06
1.0083499755859375 1.0604886044888903e-06
1.0093499755859374 8.496833504466713e-07
1.0103499755859375 1.292431238670226e-06
1.0113499755859374 1.480418058659159e-06
1.0123499755859375 1.50685742540759e-06
1.0133499755859374 8.188874345313886e-07
1.0143499755859375 1.2701126334020415e-06
1.0153499755859374 5.996764010845337e-07
1.0163499755859375 1.0045486681811092e-06
1.0173499755859374 1.3761403797588148e-06
1.0183499755859375 1.4244464819692406e-06
1.0193499755859374 1.5778951776849095e-06
1.0203499755859375 1.7465506411490568e-06
1.0213499755859374 1.1514296013675647e-06
1.0223499755859375 2.041888046378425e-06
1.0233499755859374 1.2648739783580023e-06
1.0243499755859375 1.6305899196867733e-06
1.0253499755859374 1.737634404489115e-06
1.0263499755859375 9.223621555865916e-07
1.0273499755859374 1.1987612585910297e-06
1.0283499755859375 9.098981940287085e-07
1.0293499755859374 1.0118826495690794e-06
1.0303499755859375 1.126900291964227e-06
1.0313499755859374 8.267121629167171e-07
1.0323499755859376 1.9424804251567698e-06
1.0333499755859374 4.720850396981101e-07
1.0343499755859376 1.4493449848495153e-06
1.0353499755859374 1.517704747429143e-06
1.0363499755859376 2.2257082091200366e-06
1.0373499755859374 2.5207399366089405e-07
1.0383499755859376 1.4854264281469652e-06
1.0393499755859374 2.062273501854261e-06
1.0403499755859376 5.604437622771732e-07
1.0413499755859374 1.0877665481515297e-06
1.0423499755859376 1.392344310429809e-06
1.0433499755859375 8.03946512973241e-07
1.0443499755859376 1.8093957353832425e-06
1.0453499755859375 9.26584623239078e-07
1.0463499755859376 1.123239061462069e-06
1.0473499755859375 6.1291254282408e-07
1.0483499755859376 1.1262144489602323e-06
1.0493499755859375 7.330004864098833e-07
1.0503499755859376 2.583271722816956e-07
1.0513499755859375 1.2073402889930838e-06
1.0523499755859376 1.3098829312727516e-06
1.0533499755859375 1.6228145275601164e-06
1.0543499755859376 1.9831530748974883e-07
1.0553499755859375 1.302534762396638e-06
1.0563499755859376 1.3111472246266966e-06
1.0573499755859375 1.0320208297671013e-06
1.0583499755859376 8.304142445322577e-07
1.0593499755859375 6.854655819250083e-07
1.0603499755859376 1.51563709116731e-06
1.0613499755859375 9.596670346616826e-07
1.0623499755859376 1.8233528275874642e-06
1.0633499755859375 3.637602531004878e-07
1.0643499755859376 7.892769097634069e-07
1.0653499755859375 4.599202405157361e-07
1.0663499755859376 1.0583932987957057e-06
1.0673499755859375 8.350465668258141e-07
1.0683499755859376 1.3439181937755071e-06
1.0693499755859375 1.477672878384367e-06
1.0703499755859376 1.2618391383538669e-06
1.0713499755859375 7.421249038791111e-07
1.0723499755859376 7.213874827233147e-07
1.0733499755859375 9.816812469344398e-08
1.0743499755859376 1.3526934326294625e-06
1.0753499755859375 2.4141099849844786e-06
1.0763499755859376 3.9489716550719206e-07
1.0773499755859375 1.8826669519083944e-06
1.0783499755859376 6.542415009367216e-07
1.0793499755859375 4.665893417445787e-07
1.0803499755859376 9.105277676973444e-07
1.0813499755859375 8.710356014954715e-07
1.0823499755859376 9.982949473301322e-07
1.0833499755859375 4.875532000585642e-07
1.0843499755859376 9.605832283357114e-07
1.0853499755859375 1.3623439180112299e-06
1.0863499755859376 4.5780359875004965e-07
1.0873499755859375 7.13054556132769e-07
1.0883499755859376 8.977278255723536e-07
1.0893499755859375 1.162161252131488e-06
1.0903499755859376 6.665872955738516e-07
1.0913499755859375 6.689130856555337e-07
1.0923499755859376 1.9839327757689655e-06
1.0933499755859375 7.41154281637999e-07
1.0943499755859376 4.414480638654661e-07
1.0953499755859375 8.12498405747871e-07
1.0963499755859376 9.57972989990774e-07
1.0973499755859375 4.620001694885275e-07
1.0983499755859376 3.622371425047241e-07
1.0993499755859375 1.4274536734410846e-06
1.1003499755859374 9.192448110949482e-07
1.1013499755859375 6.076938433313363e-07
1.1023499755859374 7.424067184560097e-07
1.1033499755859375 1.143847814983346e-06
1.1043499755859374 6.071024522234555e-07
1.1053499755859375 8.529636104130494e-07
1.1063499755859374 8.714441388700072e-07
1.1073499755859375 5.447398271039323e-07
1.1083499755859374 5.1133869061293906e-08
1.1093499755859375 1.2040855860998161e-06
1.1103499755859374 7.749904329083604e-07
1.1113499755859375 1.608482155665956e-06
1.1123499755859374 1.3957196772424718e-06
1.1133499755859375 7.942211662013265e-07
1.1143499755859374 1.5785226575849992e-06
1.1153499755859375 1.408350829092414e-06
1.1163499755859374 6.779555398800126e-07
1.1173499755859375 6.354113788502977e-07
1.1183499755859374 5.161562257673727e-07
1.1193499755859375 6.451997941458683e-08
1.1203499755859374 1.185555070299915e-06
1.1213499755859375 1.0054499789563002e-06
1.1223499755859374 1.2939346652302147e-06
1.1233499755859375 1.4895297211857607e-06
1.1243499755859374 5.960649582286977e-07
1.1253499755859375 1.5340469863302398e-06
1.1263499755859374 6.452711201911921e-07
1.1273499755859375 1.4073988404913808e-06
1.1283499755859374 7.970340725296114e-07
1.1293499755859375 1.5112709767143634e-06
1.1303499755859374 9.809194922881547e-07
1.1313499755859375 2.541464509777475e-07
1.1323499755859374 1.7404163719835894e-06
1.1333499755859375 6.895111843678292e-07
1.1343499755859374 8.307181119185023e-07
1.1353499755859375 7.07583314710909e-07
1.1363499755859374 1.440666301403813e-06
1.1373499755859375 1.1083904653918509e-06
1.1383499755859374 1.1932763817374847e-06
1.1393499755859375 5.928943083869079e-07
1.1403499755859374 4.7510947332248547e-07
1.1413499755859375 8.289260020201163e-07
1.1423499755859374 1.1309421014412599e-06
1.1433499755859375 1.4698944983884674e-06
1.1443499755859374 1.2627541254846267e-06
1.1453499755859375 2.3657149464192027e-07
1.1463499755859374 1.475532764359371e-06
1.1473499755859375 4.78726397640292e-07
1.1483499755859374 1.1650051832074245e-06
1.1493499755859375 9.909488478158903e-07
1.1503499755859374 1.5507773204734162e-06
1.1513499755859375 7.512654848695088e-07
1.1523499755859374 5.920888421323765e-07
1.1533499755859375 1.5222245929994147e-06
1.1543499755859374 6.656373771994815e-07
1.1553499755859375 1.2937108529460595e-06
1.1563499755859374 1.3008283763164324e-06
1.1573499755859376 1.4683605834171028e-06
1.1583499755859374 3.350530185729225e-07
1.1593499755859376 5.554527891088226e-07
1.1603499755859374 1.3113378396264537e-06
1.1613499755859376 1.4839643700385288e-06
1.1623499755859374 1.1344265602454243e-06
1.1633499755859376 5.091629837141185e-07
1.1643499755859374 9.325528966458717e-07
1.1653499755859376 1.3483633896752673e-06
1.1663499755859374 1.1807259705079082e-06
1.1673499755859376 5.087008962916542e-07
1.1683499755859375 1.2565159909185036e-06
1.1693499755859376 1.390194508846503e-06
1.1703499755859375 1.3971667918679365e-06
1.1713499755859376 9.67262108066698e-07
1.1723499755859375 2.0377798852814224e-06
1.1733499755859376 1.6299322150273305e-06
1.1743499755859375 4.0111441547150883e-07
1.1753499755859376 5.091729482518477e-07
1.1763499755859375 1.2156674956982251e-06
1.1773499755859376 8.194878537303483e-07
1.1783499755859375 1.808435526445158e-06
1.1793499755859376 5.943403899128166e-07
1.1803499755859375 1.2196876972637738e-06
1.1813499755859376 1.5416877136482034e-06
1.1823499755859375 4.897961980765634e-07
1.1833499755859376 8.284902142811673e-07
1.1843499755859375 1.6029197549702225e-06
1.1853499755859376 1.1235328521166842e-06
1.1863499755859375 5.861652791569428e-07
1.1873499755859376 1.469096171364393e-06
1.1883499755859375 1.2773672046799573e-06
1.1893499755859376 6.245415824429398e-07
1.1903499755859375 8.875875197253207e-07
1.1913499755859376 1.622176627276772e-06
1.1923499755859375 1.359126489533547e-06
1.1933499755859376 1.3766221927257305e-06
1.1943499755859375 8.14115957026136e-07
1.1953499755859376 2.3135298451596205e-06
1.1963499755859375 1.5457184256496994e-06
1.1973499755859376 8.022121702415393e-07
1.1983499755859375 1.0045419953783868e-06
1.1993499755859376 1.1654511285419205e-06
1.2003499755859375 1.5107678566477793e-06
1.2013499755859376 1.1114222900820563e-06
1.2023499755859375 1.2247785781491067e-06
1.2033499755859376 1.41091468681148e-06
1.2043499755859375 2.0510054080810247e-06
1.2053499755859376 1.4522550669044284e-06
1.2063499755859375 1.0504750483156945e-06
1.2073499755859376 1.8073002660650724e-06
1.2083499755859375 1.5590914018383628e-06
1.2093499755859376 1.264951424350053e-06
1.2103499755859375 1.4624033669633199e-06
1.2113499755859376 2.310007387319172e-06
1.2123499755859375 1.6285394123813008e-06
1.2133499755859376 1.495110964133095e-06
1.2143499755859375 1.1935824205498083e-06
1.2153499755859376 1.6908220187786094e-06
1.2163499755859375 2.0053744371517284e-06
1.2173499755859376 1.8183397770992678e-06
1.2183499755859375 1.1776165785943348e-06
1.2193499755859376 1.3428291182057463e-06
1.2203499755859375 1.434236708441355e-06
1.2213499755859376 1.614677197346415e-06
1.2223499755859375 1.9542532199593867e-06
1.2233499755859376 1.4151928703545733e-06
1.2243499755859375 1.8214465383065455e-06
1.2253499755859374 1.615587385795209e-06
1.2263499755859375 1.5407395271204539e-06
1.2273499755859374 1.4310741726677602e-06
1.2283499755859375 7.248494952063192e-07
1.2293499755859374 1.765782829364698e-06
1.2303499755859375 1.7529281421367988e-06
1.2313499755859374 9.864626516531365e-07
1.2323499755859375 1.9289344899554154e-06
1.2333499755859374 2.025079197587359e-06
1.2343499755859375 2.1247839315727313e-06
1.2353499755859374 1.0322537811454152e-06
1.2363499755859375 2.1226278056881962e-06
1.2373499755859374 2.156701927565484e-06
1.2383499755859375 1.4971541801987765e-06
1.2393499755859374 2.9456165837469796e-06
1.2403499755859375 1.971831029189767e-06
1.2413499755859374 2.286905165588949e-06
1.2423499755859375 3.0197387957673478e-06
1.2433499755859374 2.7275982428962143e-06
1.2443499755859375 2.3796022657828657e-06
1.2453499755859374 2.7766282852915244e-06
1.2463499755859375 3.4206915858939717e-06
1.2473499755859374 3.6812833220711856e-06
1.2483499755859375 2.9577828013443355e-06
1.2493499755859374 4.30446560182198e-06
1.2503499755859375 3.4498557448702884e-06
1.2513499755859374 3.854527944531444e-06
1.2523499755859375 4.697716965147869e-06
1.2533499755859374 5.567453896025413e-06
1.2543499755859375 4.711453219032585e-06
1.2553499755859374 5.390125297467288e-06
1.2563499755859375 5.949669204882798e-06
1.2573499755859374 5.85601848391951e-06
1.2583499755859375 6.373749862451358e-06
1.2593499755859374 7.085620280704972e-06
1.2603499755859375 8.611304502244438e-06
1.2613499755859374 7.775487271377725e-06
1.2623499755859375 9.343269513537371e-06
1.2633499755859374 1.1013085521278935e-05
1.2643499755859375 1.3195103998981063e-05
1.2653499755859374 1.3859531046336388e-05
1.2663499755859375 1.6461782708673666e-05
1.2673499755859374 1.721121726977699e-05
1.2683499755859375 2.1898428056814562e-05
1.2693499755859374 2.3599941387746607e-05
1.2703499755859375 2.7878325332561285e-05
1.2713499755859374 3.304181727519253e-05
1.2723499755859375 3.651709794817481e-05
1.2733499755859374 4.258882920547953e-05
1.2743499755859375 4.547918986139585e-05
1.2753499755859374 5.261935359535359e-05
1.2763499755859375 6.022821161005002e-05
1.2773499755859374 7.011576993267435e-05
1.2783499755859375 7.656864631897531e-05
1.2793499755859374 8.985621977278507e-05
1.2803499755859375 9.985861218649267e-05
1.2813499755859374 0.00011304384017184802
1.2823499755859376 0.0001272475332139363
1.2833499755859374 0.00015185638896837933
1.2843499755859376 0.0001670960574240552
1.2853499755859374 0.0001897793812487796
1.2863499755859376 0.0002133786279357839
1.2873499755859374 0.00025499135917578865
1.2883499755859376 0.0002918650497359054
1.2893499755859374 0.0003373769469659676
1.2903499755859376 0.00040987894727940305
1.2913499755859374 0.0004674128500380348
1.2923499755859376 0.0005632534671560978
1.2933499755859375 0.0006427638646584923
1.2943499755859376 0.0007787882651500851
1.2953499755859375 0.0009534416178813175
1.2963499755859376 0.001157740631294063
1.2973499755859375 0.0014061677364222652
1.2983499755859376 0.0016997620532997453
1.2993499755859375 0.002085394330030671
1.3003499755859376 0.0025281565746656373
1.3013499755859375 0.003123926264361554
1.3023499755859376 0.0037768280102504284
1.3033499755859375 0.0046360796452263354
1.3043499755859376 0.005686001874170385
1.3053499755859375 0.006537580498519274
1.3063499755859376 0.008153707133818754
1.3073499755859375 0.009528565531916212
1.3083499755859376 0.010768510902954831
1.3093499755859375 0.012234397167729467
1.3103499755859376 0.013606139670397165
1.3113499755859375 0.01548135819114936
1.3123499755859376 0.016144909262816965
1.3133499755859375 0.01883718404617398
1.3143499755859376 0.020836984574167463
1.3153499755859375 0.02405967327503366
1.3163499755859376 0.026939524867890228
1.3173499755859375 0.03099993953012258
1.3183499755859376 0.0355363107475604
1.3193499755859375 0.041844611476839044
1.3203499755859376 0.04733875812574197
1.3213499755859375 0.05579253321605292
1.3223499755859376 0.06401722642604604
1.3233499755859375 0.07738501836971035
1.3243499755859376 0.08633167736090386
1.3253499755859375 0.1031315065018178
1.3263499755859376 0.11916047262132415
1.3273499755859375 0.14014066590096746
1.3283499755859376 0.16574394350492677
1.3293499755859375 0.1905318841216183
1.3303499755859376 0.22069859607325099
1.3313499755859375 0.24806320134997983
1.3323499755859376 0.2874299571593358
1.3333499755859375 0.32048725115006294
1.3343499755859376 0.354269561206271
1.3353499755859375 0.3776969274523295
1.3363499755859376 0.3987351601853709
1.3373499755859375 0.42595611786880916
1.3383499755859376 0.42776448897781016
1.3393499755859375 0.44722873632948223
1.3403499755859376 0.4475876869771672
1.3413499755859375 0.44976338994559273
1.3423499755859376 0.4576708532028465
1.3433499755859375 0.4503668547748104
1.3443499755859376 0.4540431375853117
1.3453499755859375 0.4569303926343709
1.3463499755859376 0.45684068034393865
1.3473499755859375 0.45337368506392905
1.3483499755859376 0.46391182586994595
1.3493499755859375 0.45581906288958884
1.3503499755859374 0.46538718373341803
1.3513499755859375 0.4562813505392034
1.3523499755859374 0.46250582015764224
1.3533499755859375 0.4593167241772191
1.3543499755859374 0.45430575862927225
1.3553499755859375 0.4631018702594656
1.3563499755859374 0.4601362397512996
1.3573499755859375 0.45770018150500613
1.3583499755859374 0.458849419020556
1.3593499755859375 0.45212723605629335
1.3603499755859374 0.4632899600971563
1.3613499755859375 0.4620034730818597
1.3623499755859374 0.45683849319316205
1.3633499755859375 0.456793704517395
1.3643499755859374 0.46057044862435426
1.3653499755859375 0.461147310728812
1.3663499755859374 0.4581846326611285
1.3673499755859375 0.4642047905944491
1.3683499755859374 0.4565194696208899
1.3693499755859375 0.4602075928046241
1.3703499755859374 0.4609836062562309
1.3713499755859375 0.4570702913610325
1.3723499755859374 0.4580602442999278
1.3733499755859375 0.460892551563218
1.3743499755859374 0.45336520620352094
1.3753499755859375 0.45695272363555073
1.3763499755859374 0.4514610050473673
1.3773499755859375 0.4479092476640279
1.3783499755859374 0.4502119009742219
1.3793499755859375 0.44631718307280344
1.3803499755859374 0.445289339096171
1.3813499755859375 0.445215037831791
1.3823499755859374 0.44017317718637805
1.3833499755859375 0.441318977748522
1.3843499755859374 0.4438739625152318
1.3853499755859375 0.43554777446654086
1.3863499755859374 0.44694833265192135
1.3873499755859375 0.43875938849568547
1.3883499755859374 0.4392439183963006
1.3893499755859375 0.43821558493172014
1.3903499755859374 0.44352632608710796
1.3913499755859375 0.4365299148453704
1.3923499755859374 0.4439086506276646
1.3933499755859375 0.44021184674996094
1.3943499755859374 0.4411586798479175
1.3953499755859375 0.43989474530354244
1.3963499755859374 0.43806286295698305
1.3973499755859375 0.43991271883263716
1.3983499755859374 0.45110243707345804
1.3993499755859375 0.4442248245817235
1.4003499755859374 0.444209077760189
1.4013499755859375 0.4455462968518387
1.4023499755859374 0.44727630644229194
1.4033499755859375 0.45046219170644175
1.4043499755859374 0.4557330177065422
1.4053499755859375 0.45537129151899014
1.4063499755859374 0.4513358931086221
1.4073499755859376 0.4585737433860334
1.4083499755859374 0.4596911820849624
1.4093499755859376 0.45948012428323076
1.4103499755859374 0.4649832927577733
1.4113499755859376 0.46313471684967433
1.4123499755859374 0.4646739545861689
1.4133499755859376 0.4688749139146632
1.4143499755859374 0.4610889253042679
1.4153499755859376 0.4716780921571091
1.4163499755859374 0.4713982042036007
1.4173499755859376 0.4727938711602461
1.4183499755859375 0.4752272178625923
1.4193499755859376 0.47418378133464356
1.4203499755859375 0.4695403479103335
1.4213499755859376 0.48026787588246844
1.4223499755859375 0.47413187598269
1.4233499755859376 0.4779037019620505
1.4243499755859375 0.4777743781252222
1.4253499755859376 0.4769341350131141
1.4263499755859375 0.48007663388870075
1.4273499755859376 0.47667607283727
1.4283499755859375 0.4752422468002575
1.4293499755859376 0.47772703988257575
1.4303499755859375 0.48280445248394854
1.4313499755859376 0.48044418542669143
1.4323499755859375 0.47684189257116005
1.4333499755859376 0.4769306940974637
1.4343499755859375 0.4766382748698311
1.4353499755859376 0.4760934654171448
1.4363499755859375 0.4753352576147406
1.4373499755859376 0.4755159685625182
1.4383499755859375 0.475794544543711
1.4393499755859376 0.4749193895601041
1.4403499755859375 0.47781221507792804
1.4413499755859376 0.4751350174894521
1.4423499755859375 0.47467155846904896
1.4433499755859376 0.47849801962886546
1.4443499755859375 0.47663897426025525
1.4453499755859376 0.47861763284888703
1.4463499755859375 0.47651562377490375
1.4473499755859376 0.47990802218275486
1.4483499755859375 0.48170635853290616
1.4493499755859376 0.48304253527905117
1.4503499755859375 0.47637001807290047
1.4513499755859376 0.48290321777411516
1.4523499755859375 0.4842902690453996
1.4533499755859376 0.4860317532120385
1.4543499755859375 0.48586906018380605
1.4553499755859376 0.4887686038007584
1.4563499755859375 0.4817406429164227
1.4573499755859376 0.48702637895226425
1.4583499755859375 0.49289860695991583
1.4593499755859376 0.4891948669711822
1.4603499755859375 0.48930612146010316
1.4613499755859376 0.4904800330887272
1.4623499755859375 0.49089136135597544
1.4633499755859376 0.49055903138466206
1.4643499755859375 0.4949027593797699
1.4653499755859376 0.4909090126187745
1.4663499755859375 0.4877854633019111
1.4673499755859376 0.49314316374007794
1.4683499755859375 0.4814097934744379
1.4693499755859376 0.4774992826505223
1.4703499755859375 0.4705834804686372
1.4713499755859376 0.45983326923073825
1.4723499755859375 0.44461242203522466
1.4733499755859376 0.42331462732775516
1.4743499755859375 0.4004394368999669
1.4753499755859374 0.3695951214769585
1.4763499755859375 0.3448362268785501
1.4773499755859374 0.3077203045957863
1.4783499755859375 0.27364861916473626
1.4793499755859374 0.23708406308872637
1.4803499755859375 0.2055573360023869
1.4813499755859374 0.17699214688805173
1.4823499755859375 0.14924827622147538
1.4833499755859374 0.1282846427940612
1.4843499755859375 0.11081182806952523
1.4853499755859374 0.09408009422578409
1.4863499755859375 0.08043073363643956
1.4873499755859374 0.06742017721977323
1.4883499755859375 0.061875568714018725
1.4893499755859374 0.05093672430061659
1.4903499755859375 0.04482373612011967
1.4913499755859374 0.038923194038884154
1.4923499755859375 0.03423811999465942
1.4933499755859374 0.030566345215248397
1.4943499755859375 0.02648979087384861
1.4953499755859374 0.02463905884309343
1.4963499755859375 0.02206035312024626
1.4973499755859374 0.019903845343423057
1.4983499755859375 0.01753395042571192
1.4993499755859374 0.015625123361957836
1.5003499755859375 0.013243933370765999
1.5013499755859374 0.010963950699684658
1.5023499755859375 0.009142438392468945
1.5033499755859374 0.007560460192963669
1.5043499755859375 0.006303285525478848
1.5053499755859374 0.005261274653937097
1.5063499755859375 0.004375091366968973
1.5073499755859374 0.0037564166579126396
1.5083499755859375 0.0031782813284150276
1.5093499755859374 0.0027298008957950728
1.5103499755859375 0.002321514611003295
1.5113499755859374 0.001988582244323983
1.5123499755859375 0.0017183846101440545
1.5133499755859374 0.001480124039794362
1.5143499755859375 0.0013232142702111912
1.5153499755859374 0.0011325892295047896
1.5163499755859375 0.0009983921801197065
1.5173499755859374 0.0008719774537881706
1.5183499755859375 0.0007772104835324418
1.5193499755859374 0.000684500693236281
1.5203499755859375 0.0006006466916901541
1.5213499755859374 0.0005439947347693191
1.5223499755859375 0.0004773238042954874
1.5233499755859374 0.0004371370808033937
1.5243499755859375 0.0003896541996193945
1.5253499755859374 0.000344692236536121
1.5263499755859375 0.00031358399189722097
1.5273499755859374 0.0002820553074792685
1.5283499755859375 0.0002576233053309255
1.5293499755859374 0.00022918464024152576
1.5303499755859375 0.0002079875006320769
1.5313499755859374 0.00019059007313980278
1.5323499755859376 0.0001712288778820213
1.5333499755859374 0.00015638818200731718
1.5343499755859376 0.00014244223389171893
1.5353499755859374 0.00012772883949826595
1.5363499755859376 0.00011840226185845873
1.5373499755859374 0.0001081373707556968
1.5383499755859376 9.902453527148693e-05
1.5393499755859374 8.962474453167585e-05
1.5403499755859376 8.259418566683831e-05
1.5413499755859374 7.402111676447674e-05
1.5423499755859376 6.776816479828119e-05
1.5433499755859375 6.351208136242119e-05
1.5443499755859376 5.819475473968803e-05
1.5453499755859375 5.1991750625337465e-05
1.5463499755859376 4.807439334511397e-05
1.5473499755859375 4.595874181906296e-05
1.5483499755859376 3.965846294223012e-05
1.5493499755859375 3.788253074496422e-05
1.5503499755859376 3.4759399247123436e-05
1.5513499755859375 3.096892874854768e-05
1.5523499755859376 2.9870003916886662e-05
1.5533499755859375 2.6611733423488774e-05
1.5543499755859376 2.4382445620950437e-05
1.5553499755859375 2.5320536084795792e-05
1.5563499755859376 2.1473403847335045e-05
1.5573499755859375 1.898667897792843e-05
1.5583499755859376 1.95215595582508e-05
1.5593499755859375 1.81929520388521e-05
1.5603499755859376 1.7143482203953184e-05
1.5613499755859375 1.5307582384875542e-05
1.5623499755859376 1.3935963874965297e-05
1.5633499755859375 1.292906819234979e-05
1.5643499755859376 1.2001128724674877e-05
1.5653499755859375 1.1426949135074092e-05
1.5663499755859376 1.18575902646284e-05
1.5673499755859375 1.1672121171494245e-05
1.5683499755859376 1.046503544297807e-05
1.5693499755859375 1.1185388122699252e-05
1.5703499755859376 8.981470229790335e-06
1.5713499755859375 8.622710847043695e-06
1.5723499755859376 9.07866957100453e-06
1.5733499755859375 9.134230457853607e-06
1.5743499755859376 8.634142844042935e-06
1.5753499755859375 6.701373664138137e-06
1.5763499755859376 5.797580397453187e-06
1.5773499755859375 8.753315703545062e-06
1.5783499755859376 7.781758241005264e-06
1.5793499755859375 7.051158155625278e-06
1.5803499755859376 6.3815526068089845e-06
1.5813499755859375 7.353214588172234e-06
1.5823499755859376 6.653132684211858e-06
1.5833499755859375 7.804605402448532e-06
1.5843499755859376 4.758163790504684e-06
1.5853499755859375 4.233935171412249e-06
1.5863499755859376 6.10400062804158e-06
1.5873499755859375 5.679350268338047e-06
1.5883499755859376 3.90918229829012e-06
1.5893499755859375 4.077882604523614e-06
1.5903499755859376 4.9661093072410094e-06
1.5913499755859375 6.56251322643442e-06
1.5923499755859376 4.407947700344571e-06
1.5933499755859375 4.354654279931548e-06
1.5943499755859376 5.243783893300867e-06
1.5953499755859375 4.490602380444119e-06
1.5963499755859376 5.006603562710848e-06
1.5973499755859375 4.504455181811526e-06
1.5983499755859376 3.2660400085560306e-06
1.5993499755859375 4.8079208484697285e-06
1.6003499755859374 3.838818980302329e-06
1.6013499755859375 3.7641311563604142e-06
1.6023499755859374 4.4030038898651316e-06
1.6033499755859375 4.784204135953777e-06
1.6043499755859374 2.9438915180134244e-06
1.6053499755859375 4.115718478571216e-06
1.6063499755859374 1.98907579077499e-06
1.6073499755859375 3.1910340852167726e-06
1.6083499755859374 2.4347107359428877e-06
1.6093499755859375 4.614198851263026e-06
1.6103499755859374 2.685027072830555e-06
1.6113499755859375 1.8042434207802664e-06
1.6123499755859374 2.9128779400823355e-06
1.6133499755859375 2.007463499063143e-06
1.6143499755859374 3.3897442656241268e-06
1.6153499755859375 3.044558394171477e-06
1.6163499755859374 2.1466419496494358e-06
1.6173499755859375 2.0120363178230923e-06
1.6183499755859374 2.4653621071823522e-06
1.6193499755859375 2.379595437804653e-06
1.6203499755859374 1.8246269693733338e-06
1.6213499755859375 7.810952933400648e-07
1.6223499755859374 2.5082156294323496e-06
1.6233499755859375 2.0688821855327904e-06
1.6243499755859374 2.8191743589001267e-06
1.6253499755859375 1.690336640072946e-06
1.6263499755859374 2.0998763770882017e-06
1.6273499755859375 7.126533103149428e-07
1.6283499755859374 1.0341426522131149e-06
1.6293499755859375 2.3776233695524364e-06
1.6303499755859374 1.7146921483970858e-06
1.6313499755859375 3.4775311125169903e-06
1.6323499755859374 9.03181433995263e-07
1.6333499755859375 4.1833421191962095e-06
1.6343499755859374 1.208263517295929e-06
1.6353499755859375 1.3796745154607875e-06
1.6363499755859374 2.744043762452295e-06
1.6373499755859375 2.6884072563979878e-06
1.6383499755859374 8.67010330005124e-07
1.6393499755859375 2.0836646260999006e-06
1.6403499755859374 2.8017004639154176e-06
1.6413499755859375 2.6295478624457635e-06
1.6423499755859374 2.953051135418942e-06
1.6433499755859375 2.506879280639262e-06
1.6443499755859374 1.4724637702780245e-06
1.6453499755859375 2.8427825864636024e-07
1.6463499755859374 3.2712187411040582e-06
1.6473499755859375 6.066586061632296e-07
1.6483499755859374 4.5158245279062225e-06
1.6493499755859375 1.4636155595195345e-06
1.6503499755859374 2.1247250174654685e-06
1.6513499755859375 1.8659218726886557e-06
1.6523499755859374 3.2511169529768007e-06
1.6533499755859375 1.8703340540834404e-06
1.6543499755859374 2.762935653843345e-06
1.6553499755859375 3.289225826524151e-06
1.6563499755859374 1.331952334487089e-06
1.6573499755859376 2.4002429217055357e-06
1.6583499755859374 2.724116757006623e-06
1.6593499755859376 3.384494253109768e-06
1.6603499755859374 2.168828926294547e-06
1.6613499755859376 1.5416269538814382e-06
1.6623499755859374 4.015042730121863e-06
1.6633499755859376 1.8553407158951769e-06
1.6643499755859374 4.508729601413527e-06
1.6653499755859376 2.331818798126731e-06
1.6663499755859374 3.4059397881470574e-06
1.6673499755859376 1.7528746440509483e-06
1.6683499755859375 4.011228328391305e-06
1.6693499755859376 1.9205089763048485e-06
1.6703499755859375 1.2239248085113517e-06
1.6713499755859376 2.9016944467208852e-06
1.6723499755859375 1.4681126678941285e-06
1.6733499755859376 2.883084458858372e-06
1.6743499755859375 1.8083257943280248e-06
1.6753499755859376 4.577580726373572e-06
1.6763499755859375 1.537170501987872e-06
1.6773499755859376 3.0206038800588654e-06
1.6783499755859375 1.9739290010623475e-06
1.6793499755859376 3.0276725416070648e-06
1.6803499755859375 5.184888426554671e-06
1.6813499755859376 5.100215928347918e-06
1.6823499755859375 1.6722493840980543e-06
1.6833499755859376 3.3918010903645696e-06
1.6843499755859375 1.2206023374955347e-06
1.6853499755859376 1.6125768289988304e-06
1.6863499755859375 1.2638960226454968e-06
1.6873499755859376 5.408640494356696e-06
1.6883499755859375 2.9019515065518957e-06
1.6893499755859376 2.1002574274258097e-06
1.6903499755859375 4.379482225602104e-06
1.6913499755859376 3.490622027105649e-06
1.6923499755859375 2.5951789383545534e-06
1.6933499755859376 3.7979194731989853e-06
1.6943499755859375 1.8039488407314192e-06
1.6953499755859376 1.8534485414414898e-06
1.6963499755859375 2.5042358064098515e-06
1.6973499755859376 2.9920144122436783e-06
1.6983499755859375 2.101843003424223e-06
1.6993499755859376 1.5338656254366103e-06
1.7003499755859375 6.7003672148196764e-06
1.7013499755859376 4.4617906483757226e-07
1.7023499755859375 1.934391258509619e-06
1.7033499755859376 4.394962059037194e-06
1.7043499755859375 1.8693241932335626e-06
1.7053499755859376 3.3645973450219677e-06
1.7063499755859375 2.7882894413004178e-06
1.7073499755859376 4.0908242923044985e-06
1.7083499755859375 2.5340192708978655e-06
1.7093499755859376 1.9610066258096468e-06
1.7103499755859375 1.1605024159494692e-06
1.7113499755859376 3.051761361680104e-06
1.7123499755859375 5.153940817613993e-06
1.7133499755859376 4.244797891620335e-06
1.7143499755859375 2.5473608694828247e-06
1.7153499755859376 2.3454925448479616e-06
1.7163499755859375 4.394428581872242e-06
1.7173499755859376 5.8359302593533085e-06
1.7183499755859375 3.952638673012585e-06
1.7193499755859376 1.4940248057603365e-06
1.7203499755859375 3.569303405011702e-06
1.7213499755859376 2.8085036619590174e-06
1.7223499755859375 3.543395367404956e-06
1.7233499755859376 2.3242331389267856e-06
1.7243499755859375 1.1681828316287777e-06
1.7253499755859374 2.899296695574128e-06
1.7263499755859375 5.434344401492367e-06
1.7273499755859374 3.970347978244848e-06
1.7283499755859375 2.0579321477391066e-06
1.7293499755859374 2.6591230256657747e-06
1.7303499755859375 3.0363734233784748e-06
1.7313499755859374 1.6912990951685477e-06
1.7323499755859375 2.084774728009872e-06
1.7333499755859374 3.0204334358675533e-06
1.7343499755859375 4.143108255797129e-06
1.7353499755859374 1.6818504183086112e-06
1.7363499755859375 2.725480637003109e-06
1.7373499755859374 6.011902962932106e-06
1.7383499755859375 1.6866344153884064e-06
1.7393499755859374 5.7451846110013525e-06
1.7403499755859375 6.693404226018093e-06
1.7413499755859374 1.1237142300027678e-06
1.7423499755859375 3.324608686691139e-06
1.7433499755859374 3.7990916280815645e-06
1.7443499755859375 9.178925676652683e-07
1.7453499755859374 1.839244266763818e-06
1.7463499755859375 2.3613914545824297e-06
1.7473499755859374 1.5013880264151102e-06
1.7483499755859375 2.0432748778336877e-06
1.7493499755859374 3.468103116462889e-06
1.7503499755859375 1.13153801034072e-06
1.7513499755859374 4.18680065542927e-06
1.7523499755859375 5.807287858172563e-06
1.7533499755859374 1.4605602212572327e-06
1.7543499755859375 2.26193860100043e-06
1.7553499755859374 5.5322246741333955e-06
1.7563499755859375 7.000131780276323e-06
1.7573499755859374 3.4997846255410588e-06
1.7583499755859375 6.100921883558528e-06
1.7593499755859374 1.9782504732517047e-06
1.7603499755859375 4.7561114165831415e-06
1.7613499755859374 3.7012009856602833e-06
1.7623499755859375 2.5900520010151655e-06
1.7633499755859374 3.752446843065239e-06
1.7643499755859375 3.804639547296307e-06
1.7653499755859374 2.9059868503326385e-06
1.7663499755859375 3.2696873325401813e-06
1.7673499755859374 1.7896769236223463e-06
1.7683499755859375 2.1603581921850175e-06
1.7693499755859374 1.3621601678002002e-06
1.7703499755859375 2.2009605298252075e-06
1.7713499755859374 3.4370553312892617e-06
1.7723499755859375 5.809371895533039e-06
1.7733499755859374 3.0713126907916012e-06
1.7743499755859375 4.624334102479572e-06
1.7753499755859374 9.156806981939583e-07
1.7763499755859375 3.39799137133252e-06
1.7773499755859374 2.1441516659846437e-06
1.7783499755859375 4.531888590249673e-06
1.7793499755859374 2.1188124649310864e-06
1.7803499755859375 3.1802758067622792e-06
1.7813499755859374 3.309030046737143e-06
1.7823499755859376 2.6559710385399024e-06
1.7833499755859374 5.0109326999238655e-06
1.7843499755859376 1.8667465475471486e-06
1.7853499755859374 4.572495141134518e-06
1.7863499755859376 3.11748594790232e-06
1.7873499755859374 4.037664587158704e-06
1.7883499755859376 1.294836707552367e-06
1.7893499755859374 4.099705968762679e-06
1.7903499755859376 3.0538766534273934e-06
1.7913499755859374 5.184312134370002e-06
1.7923499755859376 3.1045864163163737e-06
1.7933499755859375 3.1015427705962432e-06
1.7943499755859376 2.2027165280936064e-06
1.7953499755859375 6.348743156500017e-06
1.7963499755859376 3.991799661117817e-06
1.7973499755859375 3.279677635695829e-06
1.7983499755859376 3.948457298790928e-06
1.7993499755859375 4.256233074957461e-06
1.8003499755859376 2.251548535779979e-06
1.8013499755859375 2.599545604208852e-06
1.8023499755859376 2.2273283248501976e-06
1.8033499755859375 4.22799743219197e-06
1.8043499755859376 3.0784763327311626e-06
1.8053499755859375 2.7766204624551173e-06
1.8063499755859376 3.208202964308576e-06
1.8073499755859375 5.1486308273037835e-06
1.8083499755859376 4.160789857954105e-06
1.8093499755859375 4.0157756423246755e-06
1.8103499755859376 1.1715846507758582e-06
1.8113499755859375 4.057557270353515e-06
1.8123499755859376 1.3182148578199465e-06
1.8133499755859375 1.6911193316756423e-06
1.8143499755859376 2.3467274110236736e-06
1.8153499755859375 3.4506844393379893e-06
1.8163499755859376 9.89620670130596e-07
1.8173499755859375 1.0631526729410232e-06
1.8183499755859376 3.459010361738868e-06
1.8193499755859375 2.2940953436819483e-06
1.8203499755859376 2.8474396159093062e-06
1.8213499755859375 1.175887863258779e-06
1.8223499755859376 4.3070756415757536e-06
1.8233499755859375 3.2715712135147722e-06
1.8243499755859376 3.562613133326783e-06
1.8253499755859375 5.014227858505617e-06
1.8263499755859376 4.428369512237745e-06
1.8273499755859375 3.4410192114969437e-06
1.8283499755859376 3.922582198318766e-06
1.8293499755859375 5.81874442395399e-06
1.8303499755859376 5.363845307304588e-06
1.8313499755859375 7.719301895550129e-06
1.8323499755859376 4.0861881451544866e-06
1.8333499755859375 5.47907146085346e-11
1.8343499755859376 4.1643276923268075e-06
1.8353499755859375 2.9051643884711423e-06
1.8363499755859376 3.7175283789045276e-06
1.8373499755859375 5.616997514292053e-06
1.8383499755859376 3.4647568776613777e-06
1.8393499755859375 3.011781149473603e-06
1.8403499755859376 5.598508123246273e-06
1.8413499755859375 2.6652579512611455e-06
1.8423499755859376 3.699106292470368e-06
1.8433499755859375 4.894929307409978e-06
1.8443499755859376 4.910922513855721e-06
1.8453499755859375 4.7092290912995264e-06
1.8463499755859376 6.641484585893874e-06
1.8473499755859375 2.573068373784477e-06
1.8483499755859376 5.586191227125964e-06
1.8493499755859375 5.465705487214172e-06
1.8503499755859374 1.0329505316200191e-06
1.8513499755859375 7.238981217188608e-06
1.8523499755859374 4.622539444654574e-06
1.8533499755859375 2.5458881405905965e-06
1.8543499755859374 8.126060875965516e-06
1.8553499755859375 3.454080769343158e-06
1.8563499755859374 6.056497724640195e-06
1.8573499755859375 2.402495005130115e-06
1.8583499755859374 5.38578408825179e-06
1.8593499755859375 4.244292998852072e-06
1.8603499755859374 3.5684351475067266e-06
1.8613499755859375 3.0300295848805013e-06
1.8623499755859374 6.087558728902469e-06
1.8633499755859375 3.965354272859956e-06
1.8643499755859374 3.292100247052385e-06
1.8653499755859375 6.5175900504137275e-06
1.8663499755859374 4.722896601516835e-06
1.8673499755859375 2.361348948575602e-06
1.8683499755859374 3.7429847308823744e-06
1.8693499755859375 3.4835444479365793e-06
1.8703499755859374 5.4345871638940455e-06
1.8713499755859375 1.007089729364962e-06
1.8723499755859374 9.059591762360196e-06
1.8733499755859375 4.045597574612895e-06
1.8743499755859374 3.7221847317302766e-06
1.8753499755859375 6.962519689894403e-06
1.8763499755859374 2.7851059589521625e-06
1.8773499755859375 3.691820353467661e-06
1.8783499755859374 6.045763242096084e-06
1.8793499755859375 5.81121746868242e-06
1.8803499755859374 5.943785853721012e-06
1.8813499755859375 2.728247069336523e-06
1.8823499755859374 2.562885484180714e-06
1.8833499755859375 7.083616556996555e-06
1.8843499755859374 3.1605731766934387e-06
1.8853499755859375 6.009432581043131e-06
1.8863499755859374 4.528966137662983e-06
1.8873499755859375 3.7112664313119235e-06
1.8883499755859374 2.9228431005228678e-06
1.8893499755859375 7.63509342027902e-06
1.8903499755859374 7.330406186185728e-06
1.8913499755859375 7.1228299136374704e-06
1.8923499755859374 1.8237436950932088e-06
1.8933499755859375 1.6916789370834806e-06
1.8943499755859374 1.6126474031434672e-06
1.8953499755859375 3.3319502081034924e-06
1.8963499755859374 3.018407307897827e-06
1.8973499755859375 2.9239563448762873e-06
1.8983499755859374 9.210667542005324e-06
1.8993499755859375 6.497683020488066e-06
1.9003499755859374 2.095567888194098e-06
1.9013499755859375 1.1354002224707547e-05
1.9023499755859374 5.729219754540556e-06
1.9033499755859375 9.082699668437235e-06
1.9043499755859374 2.315844842174118e-06
1.9053499755859375 9.015509246731948e-06
1.9063499755859374 8.057676344725184e-06
1.9073499755859376 8.308970899434577e-06
1.9083499755859374 7.978457972000603e-06
1.9093499755859376 7.982854811597375e-06
1.9103499755859374 7.790981881367137e-06
1.9113499755859376 5.068555056693697e-06
1.9123499755859374 2.7382263567545316e-06
1.9133499755859376 4.676090891068506e-06
1.9143499755859374 6.2132410129581164e-06
1.9153499755859376 5.848881422155137e-06
1.9163499755859374 5.76672686238831e-06
1.9173499755859376 3.6448317084786486e-06
1.9183499755859375 4.431280105275946e-06
1.9193499755859376 4.839703413311793e-06
1.9203499755859375 2.5691921686849806e-06
1.9213499755859376 4.006329191814448e-06
1.9223499755859375 4.602670558732768e-06
1.9233499755859376 4.441883788687228e-06
1.9243499755859375 8.214064584260682e-06
1.9253499755859376 7.561024505082563e-06
1.9263499755859375 3.0083163920274543e-06
1.9273499755859376 2.673818100798876e-06
1.9283499755859375 1.2315094942644e-05
1.9293499755859376 3.2567464167941564e-06
1.9303499755859375 5.5949948683432764e-06
1.9313499755859376 9.006267916478955e-06
1.9323499755859375 5.75815378585696e-06
1.9333499755859376 6.1789131576037155e-06
1.9343499755859375 4.7329864773197035e-06
1.9353499755859376 7.038477730658185e-06
1.9363499755859375 4.596814229537851e-06
1.9373499755859376 9.728131447468418e-06
1.9383499755859375 6.754058141205243e-06
1.9393499755859376 8.280335080961098e-06
1.9403499755859375 1.931644084104824e-06
1.9413499755859376 1.1457265297814996e-06
1.9423499755859375 6.695718144404628e-06
1.9433499755859376 6.413084145331569e-06
1.9443499755859375 1.0333261586050351e-05
1.9453499755859376 4.092204769932077e-06
1.9463499755859375 4.362701884821016e-06
1.9473499755859376 2.364051917665234e-06
1.9483499755859375 6.4815444222790145e-06
1.9493499755859376 6.919895177163679e-06
1.9503499755859375 4.387946765320142e-06
1.9513499755859376 7.825097169699447e-06
1.9523499755859375 5.241438287127206e-06
1.9533499755859376 9.390002579862085e-06
1.9543499755859375 7.790940015829067e-06
1.9553499755859376 4.250297139702495e-06
1.9563499755859375 3.0037380324629273e-06
1.9573499755859376 2.5933063223628497e-07
1.9583499755859375 5.698214910569716e-06
1.9593499755859376 6.120078380458268e-06
1.9603499755859375 5.846742323450355e-06
1.9613499755859376 4.546558218543543e-06
1.9623499755859375 4.872508994736083e-06
1.9633499755859376 4.957201313139929e-06
1.9643499755859375 5.6412693401599374e-06
1.9653499755859376 2.813685354675884e-06
1.9663499755859375 5.273094188974382e-06
1.9673499755859376 4.730340115569415e-06
1.9683499755859375 6.77869177404141e-06
1.9693499755859376 6.967518289994035e-06
1.9703499755859375 7.622207288210847e-06
1.9713499755859376 8.136906430742081e-06
1.9723499755859375 3.688620667681306e-06
1.9733499755859376 9.009658104616055e-06
1.9743499755859375 3.7936531329011563e-06
1.9753499755859374 5.847188041823474e-06
1.9763499755859375 6.7505329790336555e-06
1.9773499755859374 7.5552579580589455e-06
1.9783499755859375 8.118625551516385e-06
1.9793499755859374 8.752483914585022e-06
1.9803499755859375 4.662015122713104e-06
1.9813499755859374 5.567207289974206e-06
1.9823499755859375 4.73839123096113e-06
1.9833499755859374 5.865223468303729e-06
1.9843499755859375 8.940247146361535e-06
1.9853499755859374 1.0129068624260887e-05
1.9863499755859375 8.67230595268031e-06
1.9873499755859374 2.413016885623066e-06
1.9883499755859375 7.008484866795417e-06
1.9893499755859374 5.202238508924372e-06
1.9903499755859375 4.857313819658451e-06
1.9913499755859374 9.010927402435547e-06
1.9923499755859375 5.303406463485447e-06
1.9933499755859374 1.1270565487313489e-05
1.9943499755859375 3.521899875570706e-06
1.9953499755859374 8.463556089173497e-06
1.9963499755859375 5.460781940112671e-06
1.9973499755859374 8.226627217376078e-06
1.9983499755859375 6.163565953498098e-06
1.9993499755859374 1.2533827489014566e-05
2.0003499755859373 6.8077911621756435e-06
2.0013499755859376 2.9080766121209686e-06
2.0023499755859375 8.246929880551305e-06
2.0033499755859374 6.492835716429639e-06
2.0043499755859373 6.66914562305802e-06
2.0053499755859376 9.785560914325177e-06
2.0063499755859375 8.733153465682725e-06
2.0073499755859374 7.69092206596568e-06
2.0083499755859373 2.819836302121452e-06
2.0093499755859376 2.325854507880028e-06
2.0103499755859375 7.994031532820587e-06
2.0113499755859374 1.0816671671767236e-05
2.0123499755859373 7.738351004393297e-06
2.0133499755859376 1.0109454931752979e-05
2.0143499755859375 4.752260981678853e-06
2.0153499755859374 6.1835658111535715e-06
2.0163499755859373 6.196076345446359e-06
2.0173499755859376 9.82648625036564e-06
2.0183499755859375 5.678488326931086e-06
2.0193499755859374 1.0114927465296747e-05
2.0203499755859373 9.306795160932262e-06
2.0213499755859377 9.09937173642948e-06
2.0223499755859375 9.46169412527793e-06
2.0233499755859374 7.521688352284403e-06
2.0243499755859373 6.878548678334491e-06
2.0253499755859377 4.674435115911004e-06
2.0263499755859375 1.6792411436412884e-05
2.0273499755859374 1.1660627437231321e-05
2.0283499755859373 1.4886415800253245e-05
2.0293499755859377 4.318873155601114e-06
2.0303499755859375 4.8656798530388444e-06
2.0313499755859374 7.5914196579238795e-06
2.0323499755859373 6.4775307015156556e-06
2.0333499755859377 4.048555796745938e-06
2.0343499755859376 3.253414682241985e-06
2.0353499755859374 4.478801085359784e-06
2.0363499755859373 1.2125004602579948e-06
2.0373499755859377 1.0690320774805333e-05
2.0383499755859376 7.013473895163754e-06
2.0393499755859374 7.212662581848778e-06
2.0403499755859373 6.063005529548561e-06
2.0413499755859377 5.7938408239591825e-06
2.0423499755859376 7.3209667662843056e-06
2.0433499755859375 7.062066965860821e-06
2.0443499755859373 1.5104344570379617e-05
2.0453499755859377 5.069003535273246e-06
2.0463499755859376 7.72145766592749e-06
2.0473499755859375 5.563744945406866e-06
2.04835009765625 1.2219259809810072e-05
2.04935009765625 3.9534788076217055e-06
2.05035009765625 6.006380421214347e-06
2.05135009765625 1.989819174438313e-06
2.05235009765625 4.6370680316470245e-06
2.05335009765625 2.9092259145220834e-06
2.05435009765625 4.28747148661346e-06
2.05535009765625 1.1576144666837363e-05
2.05635009765625 1.3907022573518241e-06
2.05735009765625 1.0458982938991987e-05
2.05835009765625 5.366799368300458e-06
2.05935009765625 9.289927398484185e-06
2.06035009765625 1.1286564653854586e-05
2.06135009765625 7.599789035951787e-06
2.06235009765625 7.117153684369666e-06
2.06335009765625 1.5482631581147934e-05
2.06435009765625 8.868049979077047e-06
2.06535009765625 5.450471713452749e-06
2.06635009765625 1.3110872029582446e-05
2.06735009765625 5.453864469526297e-06
2.06835009765625 9.397959146989759e-06
2.06935009765625 1.0128746859727392e-05
2.07035009765625 9.414858156999724e-06
2.07135009765625 5.385270172199757e-06
2.07235009765625 4.407233340845548e-06
2.07335009765625 4.132290218238202e-06
2.07435009765625 9.785571971110495e-06
2.07535009765625 1.1559304899157726e-05
2.07635009765625 1.0062686562570104e-05
2.07735009765625 9.51664850835414e-06
2.07835009765625 6.286333553957125e-06
2.07935009765625 8.897080588977899e-06
2.08035009765625 2.0051665901738633e-06
2.08135009765625 4.089947943781084e-06
2.08235009765625 5.401829508161863e-06
2.08335009765625 5.6458315888649325e-06
2.08435009765625 1.204566788856555e-05
2.08535009765625 1.4345887972980833e-05
2.08635009765625 9.968567625242469e-06
2.08735009765625 3.812326046629244e-06
2.08835009765625 7.473843323592045e-06
2.08935009765625 9.980453031511108e-06
2.09035009765625 9.738190889686095e-06
2.09135009765625 1.2508345115512817e-05
2.09235009765625 8.913160689702727e-06
2.09335009765625 6.328268429323847e-06
2.09435009765625 8.358160682848544e-06
2.09535009765625 3.7478389340315383e-06
2.09635009765625 9.28075687463623e-06
2.09735009765625 8.444515395713489e-06
2.09835009765625 8.845634416608876e-06
2.09935009765625 9.746327709199398e-06
2.10035009765625 1.1682321353461767e-05
2.10135009765625 5.599603074124451e-06
2.10235009765625 9.608603740516058e-06
2.10335009765625 6.79291874984774e-06
2.10435009765625 8.886661461113292e-06
2.10535009765625 1.231025370708703e-05
2.10635009765625 4.194332574589356e-06
2.10735009765625 1.279678007757286e-05
2.10835009765625 1.2437217985582865e-05
2.10935009765625 1.3407277934424665e-05
2.11035009765625 4.377448383629734e-06
2.11135009765625 1.284447662701216e-05
2.11235009765625 6.975036175067331e-06
2.11335009765625 7.2664791042258124e-06
2.11435009765625 9.641356873029371e-06
2.11535009765625 8.180918794678819e-06
2.11635009765625 8.276062459044621e-06
2.11735009765625 9.092686780669824e-06
2.11835009765625 8.015811481375933e-06
2.11935009765625 1.1097243890785987e-05
2.12035009765625 2.4166050018644896e-06
2.12135009765625 1.0273629953080998e-05
2.12235009765625 7.97130742125174e-06
2.12335009765625 2.0744139383885365e-06
2.12435009765625 7.72505533007012e-06
2.12535009765625 7.408126113399902e-06
2.12635009765625 8.784785039496975e-06
2.12735009765625 4.305567290632528e-06
2.12835009765625 1.649882128717526e-05
2.12935009765625 9.62909949620552e-06
2.13035009765625 6.214101277696476e-06
2.13135009765625 1.648658854889574e-05
2.13235009765625 8.446484690624916e-06
2.13335009765625 1.099383967120897e-05
2.13435009765625 9.348068360221949e-06
2.13535009765625 1.1964818857845377e-05
2.13635009765625 1.1634027318862508e-05
2.13735009765625 3.614092360439702e-06
2.13835009765625 8.47323763620753e-06
2.13935009765625 6.208395020006089e-06
2.14035009765625 6.4891333642584846e-06
2.14135009765625 1.0956337270622858e-05
2.14235009765625 1.1043673086864377e-05
2.14335009765625 7.845089454391045e-06
2.14435009765625 8.456347426040702e-06
2.14535009765625 1.526712433467189e-05
2.14635009765625 1.0634220878819951e-05
2.14735009765625 9.267087073848402e-06
2.14835009765625 9.25988174866779e-06
2.14935009765625 5.05283074023227e-06
2.15035009765625 8.757257923520887e-06
2.15135009765625 4.0719780623010884e-06
2.15235009765625 8.519370584415674e-06
2.15335009765625 1.7994231111689662e-05
2.15435009765625 1.9027676990680744e-06
2.15535009765625 6.701662200776021e-06
2.15635009765625 5.2208287495777655e-06
2.15735009765625 7.121071800213444e-06
2.15835009765625 4.747156807496009e-06
2.15935009765625 8.938685117799429e-06
2.16035009765625 5.143855021435306e-06
2.16135009765625 1.16914178209195e-05
2.16235009765625 6.973909504532699e-06
2.16335009765625 9.077233644500592e-06
2.16435009765625 3.5155870856858675e-06
2.16535009765625 8.410950857795124e-06
2.16635009765625 1.934079368258952e-06
2.16735009765625 9.215370834515541e-06
2.16835009765625 1.21891165796199e-05
2.16935009765625 1.0805008305253558e-05
2.17035009765625 1.5315746272053204e-06
2.17135009765625 2.692682992991774e-06
2.17235009765625 8.484592229467487e-06
2.17335009765625 1.1040772840419596e-05
2.17435009765625 1.0444021212466339e-05
2.17535009765625 4.15866227659487e-06
2.17635009765625 1.0705147128316363e-05
2.17735009765625 5.821040835284397e-06
2.17835009765625 5.176093244589536e-06
2.17935009765625 1.0816618595854505e-05
2.18035009765625 3.1676257365456452e-06
2.18135009765625 8.74008250231881e-06
2.18235009765625 1.2337307434699393e-05
2.18335009765625 8.727326517652893e-06
2.18435009765625 2.6707502180370636e-06
2.18535009765625 7.436050769724779e-06
2.18635009765625 5.647257834317713e-06
2.18735009765625 6.818893305168771e-06
2.18835009765625 7.365496465596946e-06
2.18935009765625 7.950741998006022e-06
2.19035009765625 9.47210839110337e-06
2.19135009765625 2.147059177163268e-06
2.19235009765625 5.8674997736506865e-06
2.19335009765625 1.0255774734349535e-05
2.19435009765625 1.1788761997289345e-05
2.19535009765625 5.125055229469916e-06
2.19635009765625 6.34737820472945e-06
2.19735009765625 2.5034404578536916e-06
2.19835009765625 7.64433452256489e-06
2.19935009765625 1.353252288239088e-05
2.20035009765625 6.252858337567221e-06
2.20135009765625 9.320866950878747e-06
2.20235009765625 1.2241679680336849e-05
2.20335009765625 1.0131316572824719e-05
2.20435009765625 9.205569072813785e-06
2.20535009765625 5.170101553382407e-06
2.20635009765625 9.403904164071011e-06
2.20735009765625 3.492580284518066e-06
2.20835009765625 1.3368187328255265e-05
2.20935009765625 4.716570870141361e-06
2.21035009765625 8.768501874797507e-06
2.21135009765625 1.3211292647439404e-05
2.21235009765625 7.558816768298194e-06
2.21335009765625 9.372227666256816e-06
2.21435009765625 1.519488090665908e-05
2.21535009765625 9.267853570516842e-06
2.21635009765625 8.501741496240062e-06
2.21735009765625 1.2565935701158912e-05
2.21835009765625 1.7358597044328546e-05
2.21935009765625 3.2718855159535343e-06
2.22035009765625 7.592198562157539e-06
2.22135009765625 7.976725738713415e-06
2.22235009765625 8.756106696953666e-06
2.22335009765625 1.1331915755094897e-05
2.22435009765625 1.4271940873498914e-05
2.22535009765625 3.8895553155023945e-06
2.22635009765625 1.031683272986621e-05
2.22735009765625 1.5837017676922593e-05
2.22835009765625 1.1497064106783497e-05
2.22935009765625 8.205020650792035e-06
2.23035009765625 1.1497163666555001e-05
2.23135009765625 1.7141325527659533e-05
2.23235009765625 1.1941581090944703e-05
2.23335009765625 1.195675497801745e-05
2.23435009765625 1.853053199173631e-06
2.23535009765625 1.4492095332129722e-05
2.23635009765625 1.1388845738934662e-05
2.23735009765625 3.6207820611203165e-06
2.23835009765625 6.428123278243177e-06
2.23935009765625 9.885873054717999e-06
2.24035009765625 7.662967068242349e-06
2.24135009765625 3.567700967739431e-06
2.24235009765625 1.0742805919923954e-05
2.24335009765625 1.4345732206977401e-05
2.24435009765625 1.1599164505327499e-05
2.24535009765625 1.5976361477883275e-05
2.24635009765625 3.3012728997294064e-06
2.24735009765625 8.449374096337868e-06
2.24835009765625 1.3513597867202906e-05
2.24935009765625 8.031829546585898e-06
2.25035009765625 1.4854420908277793e-05
2.25135009765625 1.3265181133127485e-05
2.25235009765625 2.333517661424181e-05
2.25335009765625 5.1337453424876886e-06
2.25435009765625 1.0169434567111637e-05
2.25535009765625 1.460040439176391e-06
2.25635009765625 1.09710648623913e-05
2.25735009765625 1.2583665629808762e-05
2.25835009765625 2.9517581588180207e-06
2.25935009765625 1.642144607059962e-05
2.26035009765625 8.516746156835535e-06
2.26135009765625 9.303431541966936e-06
2.26235009765625 4.2312849220587136e-06
2.26335009765625 1.745652475481277e-05
2.26435009765625 6.383281660239736e-06
2.26535009765625 7.034441173212965e-06
2.26635009765625 1.0360532180357536e-05
2.26735009765625 9.12555257744001e-06
2.26835009765625 1.2043209577888121e-05
2.26935009765625 1.053626939658303e-05
2.27035009765625 1.5074062418809523e-05
2.27135009765625 4.311117168452234e-06
2.27235009765625 1.2345004042415668e-05
2.27335009765625 1.24273635561894e-05
2.27435009765625 4.4024678922171926e-06
2.27535009765625 7.622235881864564e-06
2.27635009765625 8.794523547242652e-06
2.27735009765625 5.383653608958112e-06
2.27835009765625 6.590287219581487e-06
2.27935009765625 6.499390022034183e-06
2.28035009765625 1.0322274664249593e-05
2.28135009765625 5.952166389179114e-06
2.28235009765625 3.764758897415462e-06
2.28335009765625 6.690044701522559e-06
2.28435009765625 5.340370467537033e-06
2.28535009765625 1.5819050718710518e-06
2.28635009765625 5.304890595889298e-06
2.28735009765625 1.5604626961295725e-06
2.28835009765625 7.82203244473366e-06
2.28935009765625 4.933102884025047e-06
2.29035009765625 2.464441686362195e-06
2.29135009765625 9.34772217588586e-06
2.29235009765625 1.0646889285949305e-05
2.29335009765625 1.866523480326695e-06
2.29435009765625 4.271062487297307e-06
2.29535009765625 6.744723017874924e-06
2.29635009765625 5.225017972257642e-06
2.29735009765625 5.865980868675693e-06
2.29835009765625 4.1433223780676265e-06
2.29935009765625 5.3157913240814925e-06
2.30035009765625 3.724389110045873e-06
2.30135009765625 2.0069177135480197e-06
2.30235009765625 1.7792804198139073e-06
2.30335009765625 5.7848811273298746e-06
2.30435009765625 4.456591040760082e-06
2.30535009765625 3.2148171562464664e-06
2.30635009765625 3.2549537630526874e-06
2.30735009765625 4.465127428334171e-06
2.30835009765625 3.312737101243036e-06
2.30935009765625 2.214240610708798e-06
2.31035009765625 2.4626430979926873e-06
2.31135009765625 3.6933881305805293e-06
2.31235009765625 3.4484348883812565e-06
2.31335009765625 3.924779247702572e-06
2.31435009765625 4.00409372004173e-06
2.31535009765625 2.9492082574116507e-06
2.31635009765625 3.613156185616724e-06
2.31735009765625 5.39054329516867e-06
2.31835009765625 3.415509809476009e-06
2.31935009765625 2.0468931786417476e-06
2.32035009765625 9.191905305478483e-07
2.32135009765625 1.5634438659819847e-06
2.32235009765625 4.3440467248418685e-06
2.32335009765625 2.7561888031475698e-06
2.32435009765625 3.852600733727291e-06
2.32535009765625 4.438968970696689e-06
2.32635009765625 2.6197760428111446e-06
2.32735009765625 2.237940962181045e-06
2.32835009765625 7.085664796627238e-07
2.32935009765625 1.1719435128031615e-06
2.33035009765625 2.3990311853794443e-06
2.33135009765625 2.0170089915866703e-06
2.33235009765625 1.8380873361137684e-06
2.33335009765625 1.6207451174606337e-06
2.33435009765625 7.830864780023913e-07
2.33535009765625 2.376314473238532e-06
2.33635009765625 6.700191599061118e-07
2.33735009765625 1.4421336537903596e-06
2.33835009765625 1.7819993159254422e-06
2.33935009765625 1.8417305927342392e-06
2.34035009765625 1.4464943654994638e-06
2.34135009765625 1.0429669914634346e-06
2.34235009765625 1.604193578078339e-06
2.34335009765625 3.075099931903938e-07
2.34435009765625 9.142892609817951e-07
2.34535009765625 1.5780000243341175e-06
2.34635009765625 1.5143270222709146e-06
2.34735009765625 9.83258431680345e-07
2.34835009765625 1.3877900478420931e-06
2.34935009765625 1.417405827886217e-06
2.35035009765625 1.979627541028953e-06
2.35135009765625 1.3037610677528459e-06
2.35235009765625 5.31799198962071e-07
2.35335009765625 1.5126951028259348e-06
2.35435009765625 5.839308629009173e-07
2.35535009765625 5.303085041718454e-07
2.35635009765625 1.668231081081476e-06
2.35735009765625 7.459917198865499e-07
2.35835009765625 8.751865560793802e-07
2.35935009765625 5.352723926672314e-07
2.36035009765625 1.4247426673813003e-06
2.36135009765625 1.3482740859719896e-06
2.36235009765625 7.802885476610346e-07
2.36335009765625 7.595776930666903e-07
2.36435009765625 1.2143096913612304e-06
2.36535009765625 8.114937052517857e-07
2.36635009765625 6.262737706515408e-07
2.36735009765625 3.232926474658127e-07
2.36835009765625 2.4163236143882845e-08
2.36935009765625 5.835009662745994e-07
2.37035009765625 6.724181760849274e-07
2.37135009765625 4.4607483531840703e-07
2.37235009765625 4.6004085436764037e-07
2.37335009765625 3.453067044359532e-07
2.37435009765625 2.187287327221561e-07
2.37535009765625 4.563421449812769e-08
2.37635009765625 2.3224271855722087e-07
2.37735009765625 2.688481577944845e-07
2.37835009765625 2.987871608979514e-07
2.37935009765625 1.560662330173639e-07
2.38035009765625 2.0452023613888113e-07
2.38135009765625 1.9454168122757483e-07
2.38235009765625 2.974469737953311e-07
2.38335009765625 9.938184008787327e-08
2.38435009765625 9.753297281090405e-08
2.38535009765625 1.4909815963659727e-07
2.38635009765625 1.4630636609866736e-07
2.38735009765625 6.729754043606953e-08
2.38835009765625 1.682333937294958e-07
2.38935009765625 9.487474337186359e-08
2.39035009765625 1.0998745621156273e-07
2.39135009765625 9.868186282605573e-08
2.39235009765625 2.9284552016950694e-08
2.39335009765625 1.6240557761485046e-08
2.39435009765625 6.839561820821211e-08
2.39535009765625 1.1252535478040578e-07
2.39635009765625 2.3536110750705967e-08
2.39735009765625 2.0928113142964163e-08
2.39835009765625 5.27401089792308e-08
2.39935009765625 3.902090964759021e-08
2.40035009765625 2.3419466585498617e-08
2.40135009765625 5.397627793725046e-08
2.40235009765625 2.8797798927779542e-08
2.40335009765625 4.75713441385786e-08
2.40435009765625 1.5499533419918542e-08
2.40535009765625 2.172754831119913e-08
2.40635009765625 2.815064616645587e-08
2.40735009765625 2.583700972197843e-08
2.40835009765625 6.252415525999831e-09
2.40935009765625 1.556272336365054e-08
2.41035009765625 1.4801911253023055e-08
2.41135009765625 1.287848400435854e-08
2.41235009765625 7.0349234136870195e-09
2.41335009765625 6.017849181312419e-09
2.41435009765625 7.736969558887524e-09
2.41535009765625 8.81850620233155e-09
2.41635009765625 7.242299471487337e-09
2.41735009765625 7.406880690568784e-09
2.41835009765625 2.3567815640809217e-09
2.41935009765625 7.469717236662146e-09
2.42035009765625 1.9031130995690507e-09
2.42135009765625 3.659327317638652e-09
2.42235009765625 4.19464002882978e-09
2.42335009765625 3.1249932039771714e-09
2.42435009765625 2.2312024733066685e-09
2.42535009765625 2.2863478358258985e-09
2.42635009765625 9.950144622226898e-10
2.42735009765625 1.1063783867480655e-09
2.42835009765625 1.8059272639004384e-09
2.42935009765625 8.274588978665472e-10
2.43035009765625 2.0457200518934212e-09
2.43135009765625 1.0212671115507396e-09
2.43235009765625 7.364934872929236e-10
2.43335009765625 6.921172492224055e-10
2.43435009765625 7.749170903780578e-10
2.43535009765625 8.045724860939431e-10
2.43635009765625 7.369577043929751e-10
2.43735009765625 7.279095878294843e-10
2.43835009765625 7.944380531489074e-10
2.43935009765625 5.313672345026589e-10
2.44035009765625 2.2609055160279195e-10
2.44135009765625 5.442799832886894e-10
2.44235009765625 5.448161933112604e-10
2.44335009765625 3.4695763916831533e-10
2.44435009765625 3.2972057311778293e-10
2.44535009765625 2.917252792644266e-10
2.44635009765625 3.9884114586013965e-11
2.44735009765625 2.9181217003979173e-10
2.44835009765625 1.4113586995392586e-10
2.44935009765625 1.2486285273717482e-10
2.45035009765625 1.6258704557627592e-10
2.45135009765625 1.79098283552643e-10
2.45235009765625 5.96535522492552e-11
2.45335009765625 1.8517813938901101e-10
2.45435009765625 9.549980876616906e-11
2.45535009765625 1.4297243581908726e-10
2.45635009765625 1.3439966948180816e-10
2.45735009765625 3.99305379251784e-12
2.45835009765625 4.725204014538948e-11
2.45935009765625 9.068890349051287e-11
2.46035009765625 4.6696842913148e-11
2.46135009765625 8.492781164955417e-11
2.46235009765625 3.655354906677685e-11
2.46335009765625 7.47196010335428e-11
2.46435009765625 2.8917512206354848e-11
2.46535009765625 4.636106450582324e-11
2.46635009765625 1.680470636619003e-11
2.46735009765625 2.630604031295948e-11
2.46835009765625 3.862050660936995e-11
2.46935009765625 1.3559170631747598e-11
2.47035009765625 1.098457607728316e-11
2.47135009765625 2.692149193948883e-11
2.47235009765625 2.3029596879009342e-11
2.47335009765625 1.1046374695149698e-11
2.47435009765625 1.4086599468695209e-11
2.47535009765625 7.000273622306755e-12
2.47635009765625 4.7464822963036125e-12
2.47735009765625 1.3355604858294309e-11
2.47835009765625 3.6492923230872e-12
2.47935009765625 1.0650215312234088e-11
2.48035009765625 6.963716700078179e-12
2.48135009765625 1.260316627569362e-11
2.48235009765625 1.3906543092371017e-12
2.48335009765625 4.701342762065139e-12
2.48435009765625 3.416418446282353e-12
2.48535009765625 3.6156716122723414e-12
2.48635009765625 5.629610023100403e-12
2.48735009765625 4.556505069244289e-12
2.48835009765625 4.1742954124599386e-12
2.48935009765625 2.524706395480987e-12
2.49035009765625 1.2826145408856984e-12
2.49135009765625 2.7633878280427907e-12
2.49235009765625 6.152608224596454e-13
2.49335009765625 2.1418558403158007e-12
2.49435009765625 2.322084593836947e-12
2.49535009765625 1.2381090540501672e-12
2.49635009765625 1.3520027517035765e-12
2.49735009765625 2.028954641211703e-12
2.49835009765625 1.324565283008924e-12
2.49935009765625 9.90028131342907e-13
2.50035009765625 2.3157349050915054e-12
2.50135009765625 6.306074307617926e-13
2.50235009765625 8.439574488624228e-13
2.50335009765625 1.1606940681331265e-12
2.50435009765625 4.980297979954388e-13
2.50535009765625 1.3031754408283126e-12
2.50635009765625 5.510250508013524e-13
2.50735009765625 6.655976254110498e-13
2.50835009765625 8.241682317245657e-13
2.50935009765625 7.107612501821583e-13
2.51035009765625 4.292544382088674e-13
2.51135009765625 1.0541549672476116e-12
2.51235009765625 3.924921800355887e-13
2.51335009765625 4.985338586926863e-13
2.51435009765625 2.2044242372244108e-13
2.51535009765625 5.039141300112272e-13
2.51635009765625 2.561334476496706e-13
2.51735009765625 3.735153267510175e-13
2.51835009765625 3.060130776674852e-13
2.51935009765625 3.2846942013117633e-13
2.52035009765625 2.500551398148598e-13
2.52135009765625 1.3862132696988754e-13
2.52235009765625 6.838007045091221e-14
2.52335009765625 1.8468907835919957e-13
2.52435009765625 2.829397130910795e-13
2.52535009765625 1.1775403335836442e-13
2.52635009765625 1.4301926013278858e-13
2.52735009765625 1.711119254240583e-13
2.52835009765625 3.3211678731650506e-13
2.52935009765625 3.583941035786729e-14
2.53035009765625 1.6889598666267605e-13
2.53135009765625 1.30644816308008e-13
2.53235009765625 1.4805468413328268e-13
2.53335009765625 2.570710395028137e-14
2.53435009765625 1.549823384062847e-13
2.53535009765625 3.8133822154783816e-14
2.53635009765625 1.6748643107668298e-13
2.53735009765625 7.2988242152855e-14
2.53835009765625 6.159121327156094e-14
2.53935009765625 1.3438840929798033e-13
2.54035009765625 6.642637583746652e-14
2.54135009765625 8.019317251239312e-14
2.54235009765625 6.922706028623613e-14
2.54335009765625 4.060864512565227e-14
2.54435009765625 4.614939773271453e-14
2.54535009765625 5.469147541132861e-15
2.54635009765625 5.337069171954862e-14
2.54735009765625 2.8064676934179765e-14
2.54835009765625 1.976903222126677e-14
2.54935009765625 1.2443939078628838e-14
2.55035009765625 3.088801542286717e-14
2.55135009765625 2.7416686592719563e-14
2.55235009765625 2.6323699289660077e-14
2.55335009765625 3.804549043286059e-14
2.55435009765625 2.0675199145525216e-14
2.55535009765625 1.3205788892367998e-14
2.55635009765625 2.660610278175871e-14
2.55735009765625 1.4334498764130234e-14
2.55835009765625 2.018937838117456e-14
2.55935009765625 1.6357674681400526e-14
2.56035009765625 1.1875167483192908e-14
2.56135009765625 4.861190964928658e-15
2.56235009765625 5.9914268850036234e-15
2.56335009765625 4.2255502884828794e-15
2.56435009765625 1.7334692227694913e-14
2.56535009765625 1.0001606588711267e-14
2.56635009765625 9.20547265013586e-15
2.56735009765625 6.3520495776045336e-15
2.56835009765625 8.4606553566904e-15
2.56935009765625 2.1430542065804e-15
2.57035009765625 5.9914288794177266e-15
2.57135009765625 4.227448224567196e-15
2.57235009765625 4.131471982141166e-15
2.57335009765625 1.1873793996797888e-15
2.57435009765625 3.2604465363272516e-15
2.57535009765625 1.781708801761449e-15
2.57635009765625 3.785865914738075e-15
2.57735009765625 3.04710442915619e-15
2.57835009765625 3.4466327712738542e-15
2.57935009765625 1.4086377845603372e-15
2.58035009765625 3.818384230759833e-15
2.58135009765625 5.552340515024918e-16
2.58235009765625 9.270394866704268e-16
2.58335009765625 1.1216412677987799e-15
2.58435009765625 1.967696244365216e-15
2.58535009765625 8.98339985041906e-16
2.58635009765625 1.3885134221542678e-15
2.58735009765625 1.7172874143919594e-15
2.58835009765625 5.895625136458619e-16
2.58935009765625 8.971337150462503e-16
2.59035009765625 5.206113725538726e-16
2.59135009765625 1.7700891195096387e-16
2.59235009765625 8.350390987247346e-16
2.59335009765625 9.061683615539018e-16
2.59435009765625 6.541448623929236e-16
2.59535009765625 1.091343462763618e-15
2.59635009765625 1.0712287772545296e-16
2.59735009765625 4.639597701040068e-16
2.59835009765625 3.2279347914344865e-16
2.59935009765625 4.381141565141304e-16
2.60035009765625 3.4871138080549763e-16
