microns throughput
0.5507899780273438 2.9726020114618063e-09
0.5517899780273438 3.895089839100643e-09
0.5527899780273438 4.5099091482153656e-10
0.5537899780273438 2.4566172996665293e-09
0.5547899780273438 3.3963409549748468e-09
0.5557899780273438 2.4793172286944434e-09
0.5567899780273438 2.698516271356193e-09
0.5577899780273438 6.530962925511323e-10
0.5587899780273438 3.5658679272445033e-09
0.5597899780273438 3.6352715010324753e-09
0.5607899780273438 1.5791497591685501e-10
0.5617899780273438 1.2971734745383175e-09
0.5627899780273438 2.2795562639212656e-09
0.5637899780273438 3.5769384085547637e-09
0.5647899780273438 1.030848293416151e-09
0.5657899780273438 5.680808738238626e-09
0.5667899780273438 5.141473036195968e-10
0.5677899780273438 8.360528074121203e-09
0.5687899780273438 4.20063726210067e-09
0.5697899780273438 3.592615091046832e-09
0.5707899780273438 6.959580069559172e-09
0.5717899780273438 2.5204401241041945e-09
0.5727899780273438 2.482167432584886e-09
0.5737899780273438 5.644540653261735e-09
0.5747899780273438 3.313855652549101e-09
0.5757899780273438 3.883526519440612e-09
0.5767899780273438 1.4762545469025516e-09
0.5777899780273438 1.179012578324685e-08
0.5787899780273438 8.731949637997093e-09
0.5797899780273438 7.81957994313705e-09
0.5807899780273438 5.388242958238571e-09
0.5817899780273438 8.579477494599909e-10
0.5827899780273438 7.340180313405168e-09
0.5837899780273438 1.4785808583487228e-08
0.5847899780273438 1.1261704379431739e-08
0.5857899780273438 2.4521308819544194e-08
0.5867899780273438 1.0237816801283865e-08
0.5877899780273438 1.3709148282206913e-08
0.5887899780273438 7.013855712350955e-09
0.5897899780273438 2.0939096840573928e-08
0.5907899780273438 9.318419677809015e-10
0.5917899780273438 1.9182891655415515e-08
0.5927899780273438 2.3862022702230586e-08
0.5937899780273438 3.84897607641111e-08
0.5947899780273438 2.399401915168679e-08
0.5957899780273438 2.868850394831607e-08
0.5967899780273438 7.575837906032197e-08
0.5977899780273438 9.775014626341781e-09
0.5987899780273438 1.795045720042384e-08
0.5997899780273438 8.99562365505739e-09
0.6007899780273438 3.0884198013824826e-08
0.6017899780273438 3.1969026323605134e-08
0.6027899780273438 4.299712047904623e-08
0.6037899780273438 7.422450035842075e-08
0.6047899780273438 9.671649656604204e-09
0.6057899780273438 1.8505815593755426e-08
0.6067899780273438 3.538636697712746e-08
0.6077899780273438 1.5122820397119385e-08
0.6087899780273438 1.942667465252045e-08
0.6097899780273438 1.0986580738050887e-08
0.6107899780273438 1.664571618704522e-08
0.6117899780273437 1.2648550671061305e-08
0.6127899780273437 2.846941307901515e-08
0.6137899780273437 4.0011019733901754e-08
0.6147899780273437 1.2804922914962643e-08
0.6157899780273437 3.3553526527453615e-08
0.6167899780273437 4.6553800524226915e-08
0.6177899780273437 3.379897580418646e-08
0.6187899780273437 2.7671300886372056e-08
0.6197899780273437 3.839812211419578e-08
0.6207899780273437 3.8757402279034295e-08
0.6217899780273437 4.080528922939735e-08
0.6227899780273437 2.898180277166797e-08
0.6237899780273437 4.0037234954607314e-08
0.6247899780273437 2.729098484668302e-08
0.6257899780273437 1.823645788346596e-08
0.6267899780273437 6.393912752996114e-08
0.6277899780273437 2.424210950316063e-09
0.6287899780273437 2.5288902117261227e-08
0.6297899780273437 1.2980786389396534e-08
0.6307899780273437 4.3969467437623657e-08
0.6317899780273437 2.4073392982089283e-08
0.6327899780273437 9.590173897807218e-09
0.6337899780273437 2.1659087513369755e-08
0.6347899780273437 1.4909758516073896e-08
0.6357899780273437 9.941413661439665e-08
0.6367899780273437 3.947106826026554e-08
0.6377899780273437 2.714281253039546e-08
0.6387899780273437 3.717510433852892e-08
0.6397899780273437 7.839573575322873e-08
0.6407899780273437 3.434177491087561e-08
0.6417899780273437 3.144360164487812e-08
0.6427899780273437 4.4241955033212455e-08
0.6437899780273437 3.577208223301268e-08
0.6447899780273437 3.9034470014334995e-08
0.6457899780273437 4.927067184330942e-08
0.6467899780273437 2.0810523599993922e-08
0.6477899780273437 4.047341558446015e-08
0.6487899780273437 2.7719678374467766e-08
0.6497899780273437 5.6670315662363216e-08
0.6507899780273437 3.021961992952377e-08
0.6517899780273437 3.885144707683903e-08
0.6527899780273437 3.931286710220234e-08
0.6537899780273437 5.7021723961005585e-08
0.6547899780273437 4.995608610127958e-08
0.6557899780273437 4.4037643851750605e-08
0.6567899780273437 6.022904414299113e-08
0.6577899780273437 8.489320689616128e-08
0.6587899780273437 2.6674705234642242e-08
0.6597899780273437 6.124069040312442e-08
0.6607899780273437 6.64469535469479e-08
0.6617899780273437 8.678295615505126e-08
0.6627899780273437 5.4372849353579803e-08
0.6637899780273437 6.826528911503562e-08
0.6647899780273437 6.268292388846004e-08
0.6657899780273437 6.209990654270528e-08
0.6667899780273437 6.343052227505879e-08
0.6677899780273437 1.283445294045842e-07
0.6687899780273437 1.050607851859474e-07
0.6697899780273437 8.892658340455437e-08
0.6707899780273437 8.95151370450631e-08
0.6717899780273437 7.762563553047242e-08
0.6727899780273437 9.99519257182974e-08
0.6737899780273438 7.599631005774667e-08
0.6747899780273438 5.956946603997968e-08
0.6757899780273438 6.171275956116803e-08
0.6767899780273438 8.650669781770751e-08
0.6777899780273438 7.49521019979326e-08
0.6787899780273438 8.90833278894306e-08
0.6797899780273438 1.3082455520474513e-07
0.6807899780273438 1.107382243850626e-07
0.6817899780273438 9.679416380805246e-08
0.6827899780273438 8.156057858652e-08
0.6837899780273438 7.408790020833586e-08
0.6847899780273438 9.905624740855306e-08
0.6857899780273438 1.1667214894845503e-07
0.6867899780273438 8.186333184301826e-08
0.6877899780273438 8.783890366687456e-08
0.6887899780273438 7.488146947705722e-08
0.6897899780273438 1.0701905538229916e-07
0.6907899780273438 1.1068564076104762e-07
0.6917899780273438 1.0552269117201625e-07
0.6927899780273438 8.551428267505095e-08
0.6937899780273438 9.601147688370855e-08
0.6947899780273438 9.654633307814023e-08
0.6957899780273438 1.1054917618845542e-07
0.6967899780273438 1.1482639926928905e-07
0.6977899780273438 1.0910781990483784e-07
0.6987899780273438 9.073968666519922e-08
0.6997899780273438 5.3187894364516115e-08
0.7007899780273438 9.507047303948256e-08
0.7017899780273438 1.1233665703743766e-07
0.7027899780273438 8.525200661885889e-08
0.7037899780273438 9.759986437197184e-08
0.7047899780273438 1.0141573361922081e-07
0.7057899780273438 9.94389916424694e-08
0.7067899780273438 9.533483062893381e-08
0.7077899780273438 8.511122815053073e-08
0.7087899780273438 8.836359069609701e-08
0.7097899780273438 7.814559321533094e-08
0.7107899780273438 6.826151260100618e-08
0.7117899780273438 4.628547375003026e-08
0.7127899780273438 6.16785468242474e-08
0.7137899780273438 9.599359143316424e-08
0.7147899780273438 7.594395163214201e-08
0.7157899780273438 9.525283542670867e-08
0.7167899780273438 8.54981202520221e-08
0.7177899780273438 1.1836890375769375e-07
0.7187899780273438 9.842129233353377e-08
0.7197899780273438 1.092195165484005e-07
0.7207899780273438 1.1269958154550281e-07
0.7217899780273438 1.1033730353363212e-07
0.7227899780273438 1.2267763379303402e-07
0.7237899780273438 1.1383508499143695e-07
0.7247899780273438 1.2524792205596619e-07
0.7257899780273438 1.3480585441021427e-07
0.7267899780273438 7.528211372748704e-08
0.7277899780273438 8.939591405384512e-08
0.7287899780273438 9.524607233781471e-08
0.7297899780273438 6.63197626256582e-08
0.7307899780273438 8.07639413398394e-08
0.7317899780273438 5.0220923135036026e-08
0.7327899780273438 9.685581729169947e-08
0.7337899780273438 8.96936929470894e-08
0.7347899780273438 9.370569612994442e-08
0.7357899780273438 9.614477677888016e-08
0.7367899780273437 1.0321971454824986e-07
0.7377899780273437 1.339593452637404e-07
0.7387899780273437 1.2657277085161136e-07
0.7397899780273437 1.0870697205433211e-07
0.7407899780273437 1.1676330112506365e-07
0.7417899780273437 1.00151586989486e-07
0.7427899780273437 1.2224105696981835e-07
0.7437899780273437 7.499932244012889e-08
0.7447899780273437 8.763866803729086e-08
0.7457899780273437 5.45777921781321e-08
0.7467899780273437 6.553499530427143e-08
0.7477899780273437 7.708069037080589e-08
0.7487899780273437 1.1766256464685978e-07
0.7497899780273437 1.3851894324680462e-07
0.7507899780273437 1.3663569967597356e-07
0.7517899780273437 1.4323971518078862e-07
0.7527899780273437 1.1824439004396308e-07
0.7537899780273437 1.3414122408138446e-07
0.7547899780273437 1.1012458626718862e-07
0.7557899780273437 7.719801049608466e-08
0.7567899780273437 1.3205600479373042e-07
0.7577899780273437 1.1705965759287557e-07
0.7587899780273437 1.0691907098614333e-07
0.7597899780273437 8.803050274728944e-08
0.7607899780273437 1.0019270354887273e-07
0.7617899780273437 7.977043985451641e-08
0.7627899780273437 8.83108444541423e-08
0.7637899780273437 8.754979908022385e-08
0.7647899780273437 1.1000311669430868e-07
0.7657899780273437 1.1872673872717858e-07
0.7667899780273437 1.0749010960888168e-07
0.7677899780273437 9.481598722531959e-08
0.7687899780273437 8.917666489518867e-08
0.7697899780273437 9.875595203817282e-08
0.7707899780273437 1.2727298366101866e-07
0.7717899780273437 1.0409996660403565e-07
0.7727899780273437 7.840360323627117e-08
0.7737899780273437 9.598752254592212e-08
0.7747899780273437 9.986117836706224e-08
0.7757899780273437 8.330475008862295e-08
0.7767899780273437 5.745605991037072e-08
0.7777899780273437 6.365197133317421e-08
0.7787899780273437 8.519268980010389e-08
0.7797899780273437 8.989889605680867e-08
0.7807899780273437 5.136003887647905e-08
0.7817899780273437 1.1688098395161459e-07
0.7827899780273437 7.833685086574447e-08
0.7837899780273437 1.4367422059689885e-07
0.7847899780273437 7.904775047374619e-08
0.7857899780273437 6.093779045733088e-08
0.7867899780273437 5.331063838053723e-08
0.7877899780273437 1.0651434030179703e-07
0.7887899780273437 9.171933006851284e-08
0.7897899780273437 4.5030656437503116e-08
0.7907899780273437 8.418479709703607e-08
0.7917899780273437 5.6574401732996855e-08
0.7927899780273437 9.231304287597493e-08
0.7937899780273437 3.778269223333137e-08
0.7947899780273437 4.277619638682329e-08
0.7957899780273437 3.981312939694485e-08
0.7967899780273437 2.20538778448603e-08
0.7977899780273437 6.019655939493703e-08
0.7987899780273438 3.411713592865884e-08
0.7997899780273438 6.883743990743783e-08
0.8007899780273438 8.746099158541032e-08
0.8017899780273438 8.982329647215942e-08
0.8027899780273438 4.9832224346384003e-08
0.8037899780273438 8.185695833305147e-08
0.8047899780273438 2.5782043133446047e-08
0.8057899780273438 6.676906460882979e-08
0.8067899780273438 4.94576171458579e-08
0.8077899780273438 3.738566500564253e-08
0.8087899780273438 6.439155163978606e-08
0.8097899780273438 3.417931760145579e-08
0.8107899780273438 7.993927568696618e-08
0.8117899780273438 1.2988363699191416e-08
0.8127899780273438 9.055383464627472e-08
0.8137899780273438 6.126213044426045e-08
0.8147899780273438 8.700063536846335e-08
0.8157899780273438 1.2989659638902088e-07
0.8167899780273438 6.019147279410888e-08
0.8177899780273438 5.6744162784915006e-08
0.8187899780273438 7.111696768609626e-08
0.8197899780273438 1.0494536931404703e-07
0.8207899780273438 6.376042408600545e-08
0.8217899780273438 1.1916818915304816e-07
0.8227899780273438 1.2212929015431237e-07
0.8237899780273438 4.6566745789157764e-08
0.8247899780273438 6.463111553828786e-08
0.8257899780273438 8.203513859497352e-08
0.8267899780273438 1.1486873496704175e-08
0.8277899780273438 4.2881542831885834e-08
0.8287899780273438 9.225165056591104e-08
0.8297899780273438 9.212052781362781e-08
0.8307899780273438 7.769441652698452e-08
0.8317899780273438 7.213858787414846e-08
0.8327899780273438 8.282114976092163e-08
0.8337899780273438 1.3541670829515032e-07
0.8347899780273438 1.5477833631302697e-07
0.8357899780273438 1.8383171921144477e-07
0.8367899780273438 1.082473260129304e-07
0.8377899780273438 7.882242152728507e-08
0.8387899780273438 1.526503673153314e-07
0.8397899780273438 1.6942158329467804e-07
0.8407899780273438 1.2012829110692293e-07
0.8417899780273438 4.722146503820067e-08
0.8427899780273438 9.780781580818324e-08
0.8437899780273438 1.3358648996773802e-07
0.8447899780273438 1.2521027170889032e-07
0.8457899780273438 1.6440220147658593e-07
0.8467899780273438 9.022125210322686e-08
0.8477899780273438 1.4170167212971127e-07
0.8487899780273438 1.807170007244144e-07
0.8497899780273438 1.1759220856309601e-07
0.8507899780273438 1.3777524131850837e-07
0.8517899780273438 1.589367175894278e-07
0.8527899780273438 1.1683875454241054e-07
0.8537899780273438 6.320894133440278e-08
0.8547899780273438 2.153961702732987e-07
0.8557899780273438 1.832592355763608e-07
0.8567899780273438 1.7471097761931018e-07
0.8577899780273438 1.3574089223845537e-07
0.8587899780273438 7.428262033251381e-09
0.8597899780273438 1.3946205663733337e-07
0.8607899780273438 2.5517000171926123e-07
0.8617899780273437 2.210789547001132e-07
0.8627899780273437 1.833095543335707e-07
0.8637899780273437 1.1257761093868618e-07
0.8647899780273437 9.739285050786075e-08
0.8657899780273437 6.421769492133555e-08
0.8667899780273437 9.44955415293188e-08
0.8677899780273437 3.7050606397420307e-11
0.8687899780273437 8.83543298501444e-08
0.8697899780273437 3.7094329375572254e-11
0.8707899780273437 3.714921708586237e-11
0.8717899780273437 3.722546089071859e-11
0.8727899780273437 1.0225757142304816e-07
0.8737899780273437 3.729933541224817e-11
0.8747899780273437 1.258870613064181e-07
0.8757899780273437 3.4908043202089633e-07
0.8767899780273437 4.1882400992864476e-07
0.8777899780273437 3.7475533331691576e-11
0.8787899780273437 3.749275990495602e-11
0.8797899780273437 4.325176492627635e-07
0.8807899780273437 1.0196989278569758e-07
0.8817899780273437 9.280487789639924e-08
0.8827899780273437 3.511065167268486e-07
0.8837899780273437 3.661961297107158e-07
0.8847899780273437 2.913751256560786e-07
0.8857899780273437 7.885716109679229e-07
0.8867899780273437 5.26806638641964e-07
0.8877899780273437 9.915162212960231e-09
0.8887899780273437 7.625370513827911e-07
0.8897899780273437 3.7660250256300664e-11
0.8907899780273437 1.06472496874609e-06
0.8917899780273437 3.7794571566595315e-11
0.8927899780273437 3.7818951054261704e-11
0.8937899780273437 9.589235607520845e-07
0.8947899780273437 3.7878431380743954e-11
0.8957899780273437 1.7360463206951098e-06
0.8967899780273437 3.7845463769976926e-11
0.8977899780273437 1.5636150094828927e-07
0.8987899780273437 4.694899851209898e-08
0.8997899780273437 1.364801773216423e-07
0.9007899780273437 2.4086046655390025e-08
0.9017899780273437 8.811978963869013e-08
0.9027899780273437 3.6419740953002176e-08
0.9037899780273437 1.0183684936511762e-07
0.9047899780273437 1.6265387643252781e-07
0.9057899780273437 1.639768338378016e-07
0.9067899780273437 1.1446707605092996e-07
0.9077899780273437 7.113348842088077e-08
0.9087899780273437 1.1617450208273991e-07
0.9097899780273437 1.4218299633552059e-07
0.9107899780273437 2.1812368975747407e-08
0.9117899780273437 1.3446329276659164e-07
0.9127899780273437 2.249296870180513e-07
0.9137899780273437 9.754314149406767e-08
0.9147899780273437 1.563017843798215e-07
0.9157899780273437 9.898374667353295e-08
0.9167899780273437 1.5689680548180953e-07
0.9177899780273437 1.3949802410286014e-07
0.9187899780273437 8.477605090790639e-08
0.9197899780273437 1.887083902785553e-07
0.9207899780273437 1.3722709353049261e-07
0.9217899780273437 1.4496914476912124e-07
0.9227899780273437 2.0341652892682799e-07
0.9237899780273438 1.4087178528740652e-07
0.9247899780273438 1.900023395721166e-07
0.9257899780273438 1.7468582470775561e-07
0.9267899780273438 9.124621503049731e-08
0.9277899780273438 2.1385178383949608e-07
0.9287899780273438 2.869853546134873e-07
0.9297899780273438 2.896329124487205e-07
0.9307899780273438 1.4942185126693678e-07
0.9317899780273438 2.5426183591404695e-07
0.9327899780273438 2.940034139650498e-07
0.9337899780273438 1.7574543936880693e-07
0.9347899780273438 2.5625870883153104e-07
0.9357899780273438 2.7056439472301606e-07
0.9367899780273438 2.8948037218504604e-07
0.9377899780273438 2.3813365577549392e-07
0.9387899780273438 2.9588113414739565e-07
0.9397899780273438 1.9141898554409106e-07
0.9407899780273438 2.156050613623783e-07
0.9417899780273438 1.8017695373913988e-07
0.9427899780273438 2.564391893330624e-07
0.9437899780273438 2.4457169431793374e-07
0.9447899780273438 1.861745136827429e-07
0.9457899780273438 1.361868139932306e-07
0.9467899780273438 2.705492206984453e-07
0.9477899780273438 2.8130556857167046e-07
0.9487899780273438 2.745260390314907e-07
0.9497899780273438 1.7548336333307295e-07
0.9507899780273438 3.017525396331961e-07
0.9517899780273438 2.668489459237507e-07
0.9527899780273438 3.002170375630752e-07
0.9537899780273438 3.6533767613844383e-07
0.9547899780273438 2.771162321111726e-07
0.9557899780273438 2.750159443615566e-07
0.9567899780273438 3.0096541323471655e-07
0.9577899780273438 3.983501791394683e-07
0.9587899780273438 3.196716966819379e-07
0.9597899780273438 2.3720616233722475e-07
0.9607899780273438 2.6520287432241765e-07
0.9617899780273438 2.8469653634808674e-07
0.9627899780273438 1.6440711545098585e-07
0.9637899780273438 2.5523701173219784e-07
0.9647899780273438 2.421319929354747e-07
0.9657899780273438 3.1195240663435343e-07
0.9667899780273438 2.6778876858289104e-07
0.9677899780273438 2.1665018215444205e-07
0.9687899780273438 3.709884285324972e-07
0.9697899780273438 3.1957992498821534e-07
0.9707899780273438 2.905375706419983e-07
0.9717899780273438 3.2764429470560693e-07
0.9727899780273438 3.7144165570864996e-07
0.9737899780273438 2.5864991482536135e-07
0.9747899780273438 2.620779093531563e-07
0.9757899780273438 3.2440429087406115e-07
0.9767899780273438 2.689792209503772e-07
0.9777899780273438 2.0951575675947623e-07
0.9787899780273438 1.332634884085255e-07
0.9797899780273438 2.542835574718686e-07
0.9807899780273438 2.2674586706250635e-07
0.9817899780273438 2.641234156951183e-07
0.9827899780273438 1.6343535107834357e-07
0.9837899780273438 1.8752116761545464e-07
0.9847899780273438 2.2520662711368287e-07
0.9857899780273438 2.6314098259659196e-07
0.9867899780273437 3.4206613755389386e-07
0.9877899780273437 1.6773591307980256e-07
0.9887899780273437 2.833828362539029e-07
0.9897899780273437 3.478959965600574e-07
0.9907899780273437 2.9118395296474806e-07
0.9917899780273437 2.3160016361200544e-07
0.9927899780273437 2.5227499104266825e-07
0.9937899780273437 2.70010781401006e-07
0.9947899780273437 3.02899269626643e-07
0.9957899780273437 2.9948822109376686e-07
0.9967899780273437 2.750243273459929e-07
0.9977899780273437 2.8774991286724444e-07
0.9987899780273437 1.9797663142983526e-06
0.9997899780273437 1.7238548876498774e-06
1.0007899780273437 1.8858520997636519e-06
1.0017899780273438 2.014424135669393e-06
1.0027899780273437 1.7925446394692923e-06
1.0037899780273438 1.8666390575180138e-06
1.0047899780273437 1.9693545426443598e-06
1.0057899780273438 2.263781675783234e-06
1.0067899780273437 1.8069534967994971e-06
1.0077899780273438 1.351083346793971e-06
1.0087899780273437 1.4265419346927869e-06
1.0097899780273438 1.7932078625759053e-06
1.0107899780273437 1.8365356910945472e-06
1.0117899780273438 1.4593476376318002e-06
1.0127899780273437 1.520851470565251e-06
1.0137899780273438 1.6533624444033281e-06
1.0147899780273437 1.940261766671762e-06
1.0157899780273438 1.8230121444759385e-06
1.0167899780273437 1.7455784066388683e-06
1.0177899780273438 1.3022508140802188e-06
1.0187899780273437 1.5187889430789106e-06
1.0197899780273438 1.820146863259339e-06
1.0207899780273437 1.6209264615344473e-06
1.0217899780273438 2.016031439483971e-06
1.0227899780273437 1.4852724751125065e-06
1.0237899780273438 1.6497215812078916e-06
1.0247900390625 1.9743711736606125e-06
1.0257900390625 1.6419378004078673e-06
1.0267900390625 1.4048540607907574e-06
1.0277900390625 1.597708708539395e-06
1.0287900390625 1.3302265626020274e-06
1.0297900390625 1.1207412025049196e-06
1.0307900390625 1.2476316881155235e-06
1.0317900390625 1.4503391857363597e-06
1.0327900390625 1.1180805389467769e-06
1.0337900390625 1.4399956628397007e-06
1.0347900390625 1.3794292946369028e-06
1.0357900390625 1.2349897435123014e-06
1.0367900390625 1.6016658052267151e-06
1.0377900390625 1.3187566745979537e-06
1.0387900390625 1.2294769782625476e-06
1.0397900390625 1.5370201135596316e-06
1.0407900390625 1.3743221609349057e-06
1.0417900390625 1.144520228325235e-06
1.0427900390625 1.1582344909102641e-06
1.0437900390625 1.7492968867233065e-06
1.0447900390625 1.4365115187513e-06
1.0457900390625 1.6351748559419866e-06
1.0467900390625 1.5004350207662333e-06
1.0477900390625 1.4416496720841227e-06
1.0487900390625 1.3979120964997433e-06
1.0497900390625 8.865142294155769e-07
1.0507900390625 1.3086148071931122e-06
1.0517900390625 1.1353791034433898e-06
1.0527900390625 1.1872784860448594e-06
1.0537900390625 1.2406662990199943e-06
1.0547900390625 1.322097185750172e-06
1.0557900390625 1.0146284529712155e-06
1.0567900390625 1.0133074575178892e-06
1.0577900390625 1.2469786343681051e-06
1.0587900390625 1.0079552337934243e-06
1.0597900390625 1.4055011795402311e-06
1.0607900390625 1.3348211784366746e-06
1.0617900390625 1.3961419638065513e-06
1.0627900390625 1.094026490651746e-06
1.0637900390625 1.1633649203401606e-06
1.0647900390625 1.3170101925016264e-06
1.0657900390625 1.5294564591284234e-06
1.0667900390625 1.7338864356470464e-06
1.0677900390625 1.392081951025841e-06
1.0687900390625 9.423826398845084e-07
1.0697900390625 1.0698205635938422e-06
1.0707900390625 1.3311064600085444e-06
1.0717900390625 1.3810210358127406e-06
1.0727900390625 1.355224456670396e-06
1.0737900390625 1.2364086505298962e-06
1.0747900390625 1.4383351636126477e-06
1.0757900390625 1.048433068443797e-06
1.0767900390625 1.448905516905554e-06
1.0777900390625 1.0053815918054408e-06
1.0787900390625 1.0135517755115812e-06
1.0797900390625 1.271427626063667e-06
1.0807900390625 1.0100860056044237e-06
1.0817900390625 1.2146914596217036e-06
1.0827900390625 8.957330087087974e-07
1.0837900390625 1.0921008631514753e-06
1.0847900390625 1.5583957802413992e-06
1.0857900390625 8.183477279954377e-07
1.0867900390625 1.1244505667588098e-06
1.0877900390625 1.2568588799981582e-06
1.0887900390625 1.1976314637798726e-06
1.0897900390625 8.696982005589757e-07
1.0907900390625 1.1263766078327696e-06
1.0917900390625 1.0971245576834845e-06
1.0927900390625 1.3947469418752788e-06
1.0937900390625 1.0187321384723496e-06
1.0947900390625 8.355440915880278e-07
1.0957900390625 1.113768814999375e-06
1.0967900390625 1.064224500663739e-06
1.0977900390625 1.168945110497347e-06
1.0987900390625 1.1963714012164898e-06
1.0997900390625 1.024101041228453e-06
1.1007900390625 1.41658750746314e-06
1.1017900390625 1.3165298060770937e-06
1.1027900390625 8.872062058125416e-07
1.1037900390625 8.047553230433137e-07
1.1047900390625 1.451567814726151e-06
1.1057900390625 1.494415855570582e-06
1.1067900390625 1.2646436378663512e-06
1.1077900390625 9.519052648659491e-07
1.1087900390625 1.0944594447428417e-06
1.1097900390625 9.58858933761342e-07
1.1107900390625 8.462704419156395e-07
1.1117900390625 1.5370116984702445e-06
1.1127900390625 1.223501663502347e-06
1.1137900390625 1.244138465133113e-06
1.1147900390625 1.4392498500637468e-06
1.1157900390625 1.029027595433877e-06
1.1167900390625 1.3467228557697234e-06
1.1177900390625 1.0418946618338139e-06
1.1187900390625 1.2336932223372452e-06
1.1197900390625 1.0351299584706764e-06
1.1207900390625 9.292065529820949e-07
1.1217900390625 8.107626488231523e-07
1.1227900390625 9.144406645747963e-07
1.1237900390625 1.225628580283356e-06
1.1247900390625 9.585785267059188e-07
1.1257900390625 8.451637350766847e-07
1.1267900390625 1.1840304122792225e-06
1.1277900390625 1.142014809048517e-06
1.1287900390625 1.2755329561766299e-06
1.1297900390625 1.5684705681641392e-06
1.1307900390625 1.4162692736173478e-06
1.1317900390625 1.392892647141576e-06
1.1327900390625 1.0775465236344316e-06
1.1337900390625 1.1153415692084985e-06
1.1347900390625 1.283869978961218e-06
1.1357900390625 1.0353620400757692e-06
1.1367900390625 1.1615404483610563e-06
1.1377900390625 9.104875447919514e-07
1.1387900390625 1.1294673533379661e-06
1.1397900390625 1.1635375246754642e-06
1.1407900390625 1.255506410719123e-06
1.1417900390625 1.0864913003389812e-06
1.1427900390625 1.0620622507695627e-06
1.1437900390625 1.2305400618356233e-06
1.1447900390625 1.3074103241985455e-06
1.1457900390625 1.2303006585069013e-06
1.1467900390625 1.0665059989751338e-06
1.1477900390625 1.0818825914652759e-06
1.1487900390625 1.158253796120173e-06
1.1497900390625 1.0177542310994776e-06
1.1507900390625 1.0518352609922426e-06
1.1517900390625 1.1985321851521364e-06
1.1527900390625 1.42059922721769e-06
1.1537900390625 1.4198790721351838e-06
1.1547900390625 1.255276450570207e-06
1.1557900390625 1.5320135999925077e-06
1.1567900390625 1.380934495719024e-06
1.1577900390625 1.1847457577393178e-06
1.1587900390625 1.2049279993151269e-06
1.1597900390625 9.81343670757308e-07
1.1607900390625 1.2930952266611103e-06
1.1617900390625 1.028755399083245e-06
1.1627900390625 1.4904034985070711e-06
1.1637900390625 1.29179297228555e-06
1.1647900390625 1.3030749027490224e-06
1.1657900390625 9.741509331216135e-07
1.1667900390625 1.5242520316956081e-06
1.1677900390625 1.1790028776699014e-06
1.1687900390625 1.325402000640651e-06
1.1697900390625 1.6745453029634945e-06
1.1707900390625 1.3320545590299944e-06
1.1717900390625 1.2137802031168126e-06
1.1727900390625 1.3221707055894656e-06
1.1737900390625 1.3390013621191274e-06
1.1747900390625 1.5083513317959683e-06
1.1757900390625 1.4890632535008593e-06
1.1767900390625 1.730056760146638e-06
1.1777900390625 1.5308163053880785e-06
1.1787900390625 1.3860344020618218e-06
1.1797900390625 1.3256090223036822e-06
1.1807900390625 1.4809247820229357e-06
1.1817900390625 1.1572299853007305e-06
1.1827900390625 1.3168981827518282e-06
1.1837900390625 1.2967477920712028e-06
1.1847900390625 1.1018661876465028e-06
1.1857900390625 1.1240467281152336e-06
1.1867900390625 1.2666168628953488e-06
1.1877900390625 1.2851281049213263e-06
1.1887900390625 1.2616651355535131e-06
1.1897900390625 1.288318552677377e-06
1.1907900390625 1.2353516014140531e-06
1.1917900390625 1.1276266898262024e-06
1.1927900390625 9.490180771780458e-07
1.1937900390625 1.3480571838406483e-06
1.1947900390625 1.2803218067686192e-06
1.1957900390625 1.5746913828439017e-06
1.1967900390625 1.552683390678942e-06
1.1977900390625 1.2710041063770453e-06
1.1987900390625 1.1954129401973082e-06
1.1997900390625 1.5520357298825137e-06
1.2007900390625 1.4992882771263018e-06
1.2017900390625 1.6438607353782638e-06
1.2027900390625 1.8388554676266386e-06
1.2037900390625 1.2989783624180072e-06
1.2047900390625 1.9464220454292673e-06
1.2057900390625 1.66565905680008e-06
1.2067900390625 1.506507491236972e-06
1.2077900390625 1.5633695717225822e-06
1.2087900390625 1.4289865978429771e-06
1.2097900390625 1.6195895149342867e-06
1.2107900390625 1.3806199960655778e-06
1.2117900390625 1.6658606822164278e-06
1.2127900390625 1.7381896997028387e-06
1.2137900390625 1.43923254371504e-06
1.2147900390625 1.8515840334417842e-06
1.2157900390625 1.522190215138884e-06
1.2167900390625 1.4595828716236513e-06
1.2177900390625 1.7144187416575624e-06
1.2187900390625 1.8131445904383305e-06
1.2197900390625 2.173730317168689e-06
1.2207900390625 1.91515964090452e-06
1.2217900390625 1.9399376510991555e-06
1.2227900390625 2.071925844162113e-06
1.2237900390625 2.004023531920817e-06
1.2247900390625 2.0112355392928004e-06
1.2257900390625 2.2230822116340502e-06
1.2267900390625 2.284802806365203e-06
1.2277900390625 2.403973832952415e-06
1.2287900390625 2.203666188083561e-06
1.2297900390625 2.368735541551331e-06
1.2307900390625 2.575352984179452e-06
1.2317900390625 2.3940724546497047e-06
1.2327900390625 2.0608218400055386e-06
1.2337900390625 2.5695414918041354e-06
1.2347900390625 2.5187335595981886e-06
1.2357900390625 2.6043176894648253e-06
1.2367900390625 2.8066372245238084e-06
1.2377900390625 3.1095044438345775e-06
1.2387900390625 3.119654850281699e-06
1.2397900390625 3.5107876902289826e-06
1.2407900390625 3.3181468364299714e-06
1.2417900390625 3.7318239066291207e-06
1.2427900390625 4.221309683898926e-06
1.2437900390625 3.6489459231126716e-06
1.2447900390625 4.333229180494634e-06
1.2457900390625 4.527016265323058e-06
1.2467900390625 4.909803247589013e-06
1.2477900390625 5.30200132889837e-06
1.2487900390625 5.4938828520090735e-06
1.2497900390625 6.1321868226693205e-06
1.2507900390625 6.452769448036497e-06
1.2517900390625 7.3146479769610146e-06
1.2527900390625 7.782628540865183e-06
1.2537900390625 8.275049929173663e-06
1.2547900390625 9.308818604031464e-06
1.2557900390625 1.0075025527558157e-05
1.2567900390625 1.0871888645704316e-05
1.2577900390625 1.164425981004534e-05
1.2587900390625 1.2807722644041421e-05
1.2597900390625 1.3866567394370839e-05
1.2607900390625 1.5419188922356298e-05
1.2617900390625 1.6518332885408725e-05
1.2627900390625 1.865963461952757e-05
1.2637900390625 2.0432873808172104e-05
1.2647900390625 2.241126911382886e-05
1.2657900390625 2.494465654339071e-05
1.2667900390625 2.746654074654832e-05
1.2677900390625 3.054388069688663e-05
1.2687900390625 3.3706868892834356e-05
1.2697900390625 3.738002817861828e-05
1.2707900390625 4.2372303695872914e-05
1.2717900390625 4.716194242120685e-05
1.2727900390625 5.3418334447124816e-05
1.2737900390625 5.9915710633434135e-05
1.2747900390625 6.807754231979773e-05
1.2757900390625 7.744708059350194e-05
1.2767900390625 8.846490626698803e-05
1.2777900390625 0.00010068753835050588
1.2787900390625 0.00011521706212756774
1.2797900390625 0.00013201005641049325
1.2807900390625 0.00015155843736678825
1.2817900390625 0.00017430421074575973
1.2827900390625 0.0002000109930861994
1.2837900390625 0.00022953360918534662
1.2847900390625 0.00026318604998730336
1.2857900390625 0.00030274755960806607
1.2867900390625 0.0003503374800256739
1.2877900390625 0.0004008535508210452
1.2887900390625 0.0004652816377659024
1.2897900390625 0.00054023970389904
1.2907900390625 0.0006244404214985229
1.2917900390625 0.0007235770121155418
1.2927900390625 0.0008543369175815228
1.2937900390625 0.0009963271768281788
1.2947900390625 0.0011651545015514727
1.2957900390625 0.001390150218676292
1.2967900390625 0.00164510270527363
1.2977900390625 0.0019597002449746907
1.2987900390625 0.0023646581790097714
1.2997900390625 0.002847383423152882
1.3007900390625 0.0034383000137444657
1.3017900390625 0.004185184613508382
1.3027900390625 0.0051046393477574845
1.3037900390625 0.006197245486533601
1.3047900390625 0.0075119493364527706
1.3057900390625 0.009025875881430681
1.3067900390625 0.01044052310342845
1.3077900390625 0.011443959324082884
1.3087900390625 0.012705250182576303
1.3097900390625 0.013811856602248072
1.3107900390625 0.015126991695759085
1.3117900390625 0.016789838465577227
1.3127900390625 0.01882380645692794
1.3137900390625 0.020982166123303787
1.3147900390625 0.023952424743714736
1.3157900390625 0.026477620235491654
1.3167900390625 0.030338180018786996
1.3177900390625 0.03438320146715402
1.3187900390625 0.040130316564339394
1.3197900390625 0.04635735425843435
1.3207900390625 0.05500607162381284
1.3217900390625 0.06442757438802317
1.3227900390625 0.07630917682990156
1.3237900390625 0.08902707583573494
1.3247900390625 0.10559707956895578
1.3257900390625 0.12180902579005919
1.3267900390625 0.14188607405763637
1.3277900390625 0.16367342995440728
1.3287900390625 0.18880466598121257
1.3297900390625 0.21563221212404124
1.3307900390625 0.24466633547465363
1.3317900390625 0.27314852961697267
1.3327900390625 0.3016809604032363
1.3337900390625 0.32956208373286966
1.3347900390625 0.3541863915626782
1.3357900390625 0.37597922613409096
1.3367900390625 0.3942209531984217
1.3377900390625 0.40951306548681765
1.3387900390625 0.42083291482909674
1.3397900390625 0.42927562732157964
1.3407900390625 0.43520245469942653
1.3417900390625 0.4390725836761652
1.3427900390625 0.44181463189891185
1.3437900390625 0.4457771240609175
1.3447900390625 0.4449078548216525
1.3457900390625 0.44670818127958456
1.3467900390625 0.449216698134588
1.3477900390625 0.44971281440353084
1.3487900390625 0.4511575666812455
1.3497900390625 0.45206708711334925
1.3507900390625 0.4541294248039093
1.3517900390625 0.4546756282709777
1.3527900390625 0.4550180356237775
1.3537900390625 0.45662739079558384
1.3547900390625 0.45568096073485864
1.3557900390625 0.4564069413331009
1.3567900390625 0.45638541470454674
1.3577900390625 0.45584573950612806
1.3587900390625 0.45569547421929935
1.3597900390625 0.4551580855427089
1.3607900390625 0.4543727129818035
1.3617900390625 0.453679723268895
1.3627900390625 0.45234933019146495
1.3637900390625 0.45267164291525386
1.3647900390625 0.4536037837478158
1.3657900390625 0.45368404596205614
1.3667900390625 0.45223466516797417
1.3677900390625 0.4518839302579976
1.3687900390625 0.4530390401565838
1.3697900390625 0.45271802895248137
1.3707900390625 0.4539682053287041
1.3717900390625 0.45380840305249803
1.3727900390625 0.4526689077698497
1.3737900390625 0.45269345035042485
1.3747900390625 0.45252386445032405
1.3757900390625 0.4527137861316982
1.3767900390625 0.45242101186405503
1.3777900390625 0.45257702269225825
1.3787900390625 0.4520744661831744
1.3797900390625 0.4515268334067126
1.3807900390625 0.4505616542046301
1.3817900390625 0.45049731333449217
1.3827900390625 0.45205439906736533
1.3837900390625 0.45117624995799166
1.3847900390625 0.45078442655784035
1.3857900390625 0.45109756885758606
1.3867900390625 0.4511031562965244
1.3877900390625 0.4496172914393656
1.3887900390625 0.45007477940552226
1.3897900390625 0.45117089174296693
1.3907900390625 0.45175224170978057
1.3917900390625 0.45108423096334205
1.3927900390625 0.452498376437795
1.3937900390625 0.4522553272659733
1.3947900390625 0.4533191315621703
1.3957900390625 0.4539928256792446
1.3967900390625 0.45431712099194277
1.3977900390625 0.4563564627452341
1.3987900390625 0.45663780652277663
1.3997900390625 0.4568466881797028
1.4007900390625 0.4588580435297387
1.4017900390625 0.45942436863971536
1.4027900390625 0.46023362454825156
1.4037900390625 0.4614168880407816
1.4047900390625 0.4618996873866595
1.4057900390625 0.4637554401575339
1.4067900390625 0.46410566525765573
1.4077900390625 0.46408416658503027
1.4087900390625 0.46558182265635306
1.4097900390625 0.4668318532641095
1.4107900390625 0.4660824029204393
1.4117900390625 0.46803603558204127
1.4127900390625 0.4688564379529355
1.4137900390625 0.4705393592490532
1.4147900390625 0.47054922902705537
1.4157900390625 0.47148439761922806
1.4167900390625 0.47280251675824525
1.4177900390625 0.4721260468975616
1.4187900390625 0.47417284963660256
1.4197900390625 0.4741937013595049
1.4207900390625 0.4745853992180815
1.4217900390625 0.4763395866583156
1.4227900390625 0.4765812323798848
1.4237900390625 0.4779182610995657
1.4247900390625 0.47814943879539556
1.4257900390625 0.4771974550357123
1.4267900390625 0.47875568156921167
1.4277900390625 0.4788920376220226
1.4287900390625 0.47893459714760145
1.4297900390625 0.48148162440043535
1.4307900390625 0.48169610887917635
1.4317900390625 0.48243561042378064
1.4327900390625 0.48140703219470404
1.4337900390625 0.48188468181151334
1.4347900390625 0.48286560118565175
1.4357900390625 0.4822591221259299
1.4367900390625 0.482246698299319
1.4377900390625 0.4835859037647474
1.4387900390625 0.4837078778378232
1.4397900390625 0.48359688127368905
1.4407900390625 0.48491554005171
1.4417900390625 0.48402226018901895
1.4427900390625 0.4848245312073187
1.4437900390625 0.4855137455070234
1.4447900390625 0.48611661159525044
1.4457900390625 0.4850819820565927
1.4467900390625 0.48592341909956405
1.4477900390625 0.48561340503246936
1.4487900390625 0.48741582496012154
1.4497900390625 0.48612936668907347
1.4507900390625 0.48599647094891607
1.4517900390625 0.4872797536635889
1.4527900390625 0.487168163161469
1.4537900390625 0.4853206655674135
1.4547900390625 0.48421162125248796
1.4557900390625 0.4856274942179441
1.4567900390625 0.4843121495525986
1.4577900390625 0.48407062793808825
1.4587900390625 0.48466593856029294
1.4597900390625 0.48366568744455596
1.4607900390625 0.4816429069189042
1.4617900390625 0.4802866499226247
1.4627900390625 0.47994550323077945
1.4637900390625 0.4793961343433002
1.4647900390625 0.4795411440155326
1.4657900390625 0.4796380580824357
1.4667900390625 0.47740976926729123
1.4677900390625 0.47719222494481806
1.4687900390625 0.47721986975759345
1.4697900390625 0.4760183560985971
1.4707900390625 0.4742545081719793
1.4717900390625 0.473863182875095
1.4727900390625 0.47481056211291695
1.4737900390625 0.4731524451693656
1.4747900390625 0.4752479142549934
1.4757900390625 0.47400574134104745
1.4767900390625 0.4746292465166898
1.4777900390625 0.4747909368675651
1.4787900390625 0.4749676088357373
1.4797900390625 0.4752477496599885
1.4807900390625 0.47470505632398474
1.4817900390625 0.47546412814861116
1.4827900390625 0.4762916562818592
1.4837900390625 0.47622081406737526
1.4847900390625 0.4779040870564577
1.4857900390625 0.4808244674713426
1.4867900390625 0.4798692510974182
1.4877900390625 0.48108010560059533
1.4887900390625 0.4816698428476531
1.4897900390625 0.4823424575962469
1.4907900390625 0.4832216701514591
1.4917900390625 0.48534043519391146
1.4927900390625 0.48576826522787103
1.4937900390625 0.4863196892871697
1.4947900390625 0.48730156648718903
1.4957900390625 0.4888518489994108
1.4967900390625 0.4902371776535793
1.4977900390625 0.4899870195647218
1.4987900390625 0.4911981347148642
1.4997900390625 0.49409629775441294
1.5007900390625 0.4946602759348624
1.5017900390625 0.4946173369156954
1.5027900390625 0.4949463268209354
1.5037900390625 0.4967275960448468
1.5047900390625 0.49718375212912636
1.5057900390625 0.4978378117882092
1.5067900390625 0.4995849028318135
1.5077900390625 0.49957968637703454
1.5087900390625 0.501014803155778
1.5097900390625 0.5022633005939847
1.5107900390625 0.5030576746191147
1.5117900390625 0.5026454382346203
1.5127900390625 0.5042964725101922
1.5137900390625 0.5049041759353913
1.5147900390625 0.5036740467266778
1.5157900390625 0.5045833612197277
1.5167900390625 0.5047469301527973
1.5177900390625 0.5063118088748718
1.5187900390625 0.5044002495593626
1.5197900390625 0.5057581036752146
1.5207900390625 0.5047923545192765
1.5217900390625 0.503933748321457
1.5227900390625 0.5063948086868019
1.5237900390625 0.5045093512715315
1.5247900390625 0.5033229322309078
1.5257900390625 0.5041191458642851
1.5267900390625 0.50442244403957
1.5277900390625 0.5040012410552002
1.5287900390625 0.5032416488186586
1.5297900390625 0.5014642630449381
1.5307900390625 0.5031775826245382
1.5317900390625 0.5020046806260541
1.5327900390625 0.5015489361574119
1.5337900390625 0.5000868080509917
1.5347900390625 0.5007202234444251
1.5357900390625 0.5006535986742351
1.5367900390625 0.499626145859522
1.5377900390625 0.5008968153647639
1.5387900390625 0.4998453049062171
1.5397900390625 0.498667269536213
1.5407900390625 0.4984243744276738
1.5417900390625 0.49839786852361445
1.5427900390625 0.49807208919785045
1.5437900390625 0.49859583139804065
1.5447900390625 0.4973995985565861
1.5457900390625 0.4974427473302129
1.5467900390625 0.49759003254952394
1.5477900390625 0.4968761960639875
1.5487900390625 0.4985937139393619
1.5497900390625 0.49589246543644894
1.5507900390625 0.49692902720869314
1.5517900390625 0.49462165004149394
1.5527900390625 0.4960254002192059
1.5537900390625 0.4945287336029593
1.5547900390625 0.4954750309770489
1.5557900390625 0.4932192764058288
1.5567900390625 0.49219760477758856
1.5577900390625 0.49191189509565264
1.5587900390625 0.49186108190922584
1.5597900390625 0.4918246067311876
1.5607900390625 0.4909197382504566
1.5617900390625 0.4917868598890271
1.5627900390625 0.48934813340280825
1.5637900390625 0.4906868963795692
1.5647900390625 0.49027217313644567
1.5657900390625 0.4904865128405913
1.5667900390625 0.4915232851035314
1.5677900390625 0.4915823769480506
1.5687900390625 0.4920301890898767
1.5697900390625 0.4925802993625593
1.5707900390625 0.492849480773383
1.5717900390625 0.4941206561416528
1.5727900390625 0.4969166522724022
1.5737900390625 0.4958527786734498
1.5747900390625 0.49835168710644207
1.5757900390625 0.4979017331335669
1.5767900390625 0.5005923013218931
1.5777900390625 0.5014515890704376
1.5787900390625 0.5012569105411961
1.5797900390625 0.5034340488299889
1.5807900390625 0.5049222319124972
1.5817900390625 0.505391731148831
1.5827900390625 0.5065988388918854
1.5837900390625 0.5083211591676817
1.5847900390625 0.5099743898625531
1.5857900390625 0.5104033810927584
1.5867900390625 0.5090175499434711
1.5877900390625 0.5110978592505593
1.5887900390625 0.5103624986206536
1.5897900390625 0.5117418798848694
1.5907900390625 0.5116594024873087
1.5917900390625 0.5130426894470383
1.5927900390625 0.5135566268502663
1.5937900390625 0.5131450042267955
1.5947900390625 0.5124472103697622
1.5957900390625 0.5128134101113913
1.5967900390625 0.5148849454954085
1.5977900390625 0.5144022297965847
1.5987900390625 0.5144715465931977
1.5997900390625 0.5125327698366837
1.6007900390625 0.5156154345944168
1.6017900390625 0.5144617716848744
1.6027900390625 0.5145534629378615
1.6037900390625 0.5141214530314626
1.6047900390625 0.515681302689725
1.6057900390625 0.5156094753588522
1.6067900390625 0.5157728317911574
1.6077900390625 0.5153461884089086
1.6087900390625 0.5149069683450376
1.6097900390625 0.5154681289163179
1.6107900390625 0.5154401856701816
1.6117900390625 0.5157989599255846
1.6127900390625 0.5143795578946591
1.6137900390625 0.5156196588527002
1.6147900390625 0.5158117673852936
1.6157900390625 0.5163586688780528
1.6167900390625 0.5165100552509088
1.6177900390625 0.5177765131699019
1.6187900390625 0.5141870992348212
1.6197900390625 0.5159684176256478
1.6207900390625 0.51351598832083
1.6217900390625 0.5155463573150929
1.6227900390625 0.5135812165482923
1.6237900390625 0.5136769351007349
1.6247900390625 0.513003116820721
1.6257900390625 0.5123443909762146
1.6267900390625 0.5108903383817025
1.6277900390625 0.5123773895121222
1.6287900390625 0.5113674384505338
1.6297900390625 0.5098191255906366
1.6307900390625 0.5101220127002781
1.6317900390625 0.5105081853387744
1.6327900390625 0.5112976760146188
1.6337900390625 0.510172487914456
1.6347900390625 0.5105804721490084
1.6357900390625 0.5121827879840202
1.6367900390625 0.5118402883698429
1.6377900390625 0.5125899971483299
1.6387900390625 0.5122564305613696
1.6397900390625 0.5138420978346573
1.6407900390625 0.512729350395746
1.6417900390625 0.5138591058517888
1.6427900390625 0.513700327099694
1.6437900390625 0.5146737952437708
1.6447900390625 0.5112469131449136
1.6457900390625 0.514956586699135
1.6467900390625 0.5145670576071414
1.6477900390625 0.5166070707089518
1.6487900390625 0.5157041538427838
1.6497900390625 0.5166549956877385
1.6507900390625 0.5178792954786564
1.6517900390625 0.5182011451705817
1.6527900390625 0.5206653268921373
1.6537900390625 0.5211929320169402
1.6547900390625 0.5210738166456487
1.6557900390625 0.5182451144216844
1.6567900390625 0.5167058068240784
1.6577900390625 0.5128526041218391
1.6587900390625 0.5051657747866385
1.6597900390625 0.49380296295494397
1.6607900390625 0.4808712277646005
1.6617900390625 0.46123562441530636
1.6627900390625 0.43907043418094927
1.6637900390625 0.4099651991443746
1.6647900390625 0.38079423600517565
1.6657900390625 0.3495000670462688
1.6667900390625 0.3154085047217443
1.6677900390625 0.28340169568867574
1.6687900390625 0.24969944675673134
1.6697900390625 0.21728122301567465
1.6707900390625 0.18942303471104527
1.6717900390625 0.16226614275701157
1.6727900390625 0.139014941430087
1.6737900390625 0.11856452559796593
1.6747900390625 0.10203446221637572
1.6757900390625 0.08916005780671618
1.6767900390625 0.07747926482454318
1.6777900390625 0.06842030227006646
1.6787900390625 0.059426409624011585
1.6797900390625 0.05226089980191194
1.6807900390625 0.045934224129544884
1.6817900390625 0.041168058599151805
1.6827900390625 0.036112301440024
1.6837900390625 0.03222026956524879
1.6847900390625 0.02812008353628294
1.6857900390625 0.024001803559055918
1.6867900390625 0.020391179106002688
1.6877900390625 0.01717471069980982
1.6887900390625 0.014346045462445967
1.6897900390625 0.01210509384155198
1.6907900390625 0.010185425860587597
1.6917900390625 0.008595891778648812
1.6927900390625 0.0072007749712950965
1.6937900390625 0.006107819402473071
1.6947900390625 0.005161042357077716
1.6957900390625 0.004349526346413663
1.6967900390625 0.0037183621680877284
1.6977900390625 0.0031528597771216917
1.6987900390625 0.002690414943496882
1.6997900390625 0.0023069845507432893
1.7007900390625 0.00198874794799974
1.7017900390625 0.001703979135577965
1.7027900390625 0.0014727990134868877
1.7037900390625 0.001275952609579671
1.7047900390625 0.0011042141597163596
1.7057900390625 0.0009647051607014482
1.7067900390625 0.0008429607127311046
1.7077900390625 0.0007363250037578556
1.7087900390625 0.0006456341475276454
1.7097900390625 0.0005688418995357649
1.7107900390625 0.0005006349852089233
1.7117900390625 0.00044163901052392696
1.7127900390625 0.0003931706071531347
1.7137900390625 0.00034588991435719184
1.7147900390625 0.0003098760594665585
1.7157900390625 0.0002760424370987071
1.7167900390625 0.0002474774383893234
1.7177900390625 0.00022081658615800016
1.7187900390625 0.00019896956134445422
1.7197900390625 0.00017932276970136662
1.7207900390625 0.00016194710834724666
1.7217900390625 0.00014721370065975517
1.7227900390625 0.00013200153163871176
1.7237900390625 0.00012054138551292315
1.7247900390625 0.00010931207736388908
1.7257900390625 0.00010005205252939446
1.7267900390625 8.984048430352993e-05
1.7277900390625 8.362387787291394e-05
1.7287900390625 7.488936659311057e-05
1.7297900390625 6.981947887218934e-05
1.7307900390625 6.409783380938172e-05
1.7317900390625 5.8056361680325515e-05
1.7327900390625 5.4572151047297085e-05
1.7337900390625 4.8077849573217854e-05
1.7347900390625 4.5489127805037886e-05
1.7357900390625 4.182328243631107e-05
1.7367900390625 3.834771860031463e-05
1.7377900390625 3.6418539374606356e-05
1.7387900390625 3.359171969075441e-05
1.7397900390625 3.097305060745389e-05
1.7407900390625 2.8421562336855833e-05
1.7417900390625 2.632738127810606e-05
1.7427900390625 2.452712085427174e-05
1.7437900390625 2.3529043160015534e-05
1.7447900390625 2.133433891497508e-05
1.7457900390625 2.0595060065004913e-05
1.7467900390625 1.8708156673172026e-05
1.7477900390625 1.8360153790170845e-05
1.7487900390625 1.7641755874120906e-05
1.7497900390625 1.5843720528764753e-05
1.7507900390625 1.5257406463882724e-05
1.7517900390625 1.4196943197799209e-05
1.7527900390625 1.3042935476574695e-05
1.7537900390625 1.2497083101366477e-05
1.7547900390625 1.2530215156177305e-05
1.7557900390625 1.1236849680206757e-05
1.7567900390625 1.1065926237624536e-05
1.7577900390625 1.0174028230713588e-05
1.7587900390625 1.061155561426155e-05
1.7597900390625 8.826175805994628e-06
1.7607900390625 1.0457816486280352e-05
1.7617900390625 8.246568654484041e-06
1.7627900390625 7.960567171278931e-06
1.7637900390625 8.720650465108508e-06
1.7647900390625 7.976388577946834e-06
1.7657900390625 8.553496291860904e-06
1.7667900390625 7.133050007579033e-06
1.7677900390625 7.312425656313816e-06
1.7687900390625 5.7079886865022914e-06
1.7697900390625 7.882272810162132e-06
1.7707900390625 6.896282542653626e-06
1.7717900390625 6.009406017819391e-06
1.7727900390625 6.747524549986251e-06
1.7737900390625 6.004263827827832e-06
1.7747900390625 5.775718047174877e-06
1.7757900390625 5.760517677005246e-06
1.7767900390625 6.46782449881657e-06
1.7777900390625 6.693869031854689e-06
1.7787900390625 6.766825746595371e-06
1.7797900390625 5.759246081048229e-06
1.7807900390625 4.694445688011188e-06
1.7817900390625 5.897180742239263e-06
1.7827900390625 4.927899022509716e-06
1.7837900390625 5.786622445159875e-06
1.7847900390625 5.337865368516325e-06
1.7857900390625 6.163054413910723e-06
1.7867900390625 5.476104811159339e-06
1.7877900390625 5.826561410009716e-06
1.7887900390625 5.229438578467253e-06
1.7897900390625 6.219377727515573e-06
1.7907900390625 5.366958989831379e-06
1.7917900390625 5.387495486889768e-06
1.7927900390625 5.675032788216304e-06
1.7937900390625 5.181271167677884e-06
1.7947900390625 5.527587785689629e-06
1.7957900390625 6.170257608317912e-06
1.7967900390625 4.45234851435711e-06
1.7977900390625 5.135498763065343e-06
1.7987900390625 4.169682069309969e-06
1.7997900390625 3.97291300145635e-06
1.8007900390625 5.230208940080598e-06
1.8017900390625 6.250021815945668e-06
1.8027900390625 5.58749073401268e-06
1.8037900390625 5.830338291600721e-06
1.8047900390625 3.815126221598352e-06
1.8057900390625 4.588112052260651e-06
1.8067900390625 5.498837712422871e-06
1.8077900390625 5.784090312652973e-06
1.8087900390625 5.859485386332643e-06
1.8097900390625 5.725554834963135e-06
1.8107900390625 6.4582607618424996e-06
1.8117900390625 6.372070617381037e-06
1.8127900390625 5.184309590650054e-06
1.8137900390625 5.344099422286756e-06
1.8147900390625 5.602802340567607e-06
1.8157900390625 5.107051274165917e-06
1.8167900390625 4.925739316081214e-06
1.8177900390625 5.712559602639402e-06
1.8187900390625 6.305708032830579e-06
1.8197900390625 5.506804967864369e-06
1.8207900390625 5.056416254611104e-06
1.8217900390625 5.592299391485214e-06
1.8227900390625 5.631737948598396e-06
1.8237900390625 6.502516592023239e-06
1.8247900390625 5.421804020477918e-06
1.8257900390625 6.56941398389883e-06
1.8267900390625 4.852923348871102e-06
1.8277900390625 4.381120548243031e-06
1.8287900390625 6.436009621292077e-06
1.8297900390625 5.666255351778147e-06
1.8307900390625 6.451012929228073e-06
1.8317900390625 4.672220015633137e-06
1.8327900390625 5.5178199126506206e-06
1.8337900390625 4.14125206410794e-06
1.8347900390625 6.590421450982123e-06
1.8357900390625 5.742090769044218e-06
1.8367900390625 5.29946587184959e-06
1.8377900390625 3.834204600881765e-06
1.8387900390625 6.453357640366001e-06
1.8397900390625 4.540290506163946e-06
1.8407900390625 6.313361556414439e-06
1.8417900390625 4.21648589837634e-06
1.8427900390625 5.797598649692476e-06
1.8437900390625 6.3642709077330365e-06
1.8447900390625 5.084431797536578e-06
1.8457900390625 4.255904469225144e-06
1.8467900390625 6.602718685222386e-06
1.8477900390625 7.189338760188029e-06
1.8487900390625 4.778149541259456e-06
1.8497900390625 7.321336302064799e-06
1.8507900390625 5.607805046428002e-06
1.8517900390625 7.1437221318854635e-06
1.8527900390625 5.555720404498707e-06
1.8537900390625 5.087060437726293e-06
1.8547900390625 5.94591061450876e-06
1.8557900390625 7.936159573446342e-06
1.8567900390625 5.8612007455658396e-06
1.8577900390625 4.810416600147575e-06
1.8587900390625 6.9403464311875405e-06
1.8597900390625 4.083508937097181e-06
1.8607900390625 6.679833547503517e-06
1.8617900390625 6.161682317015633e-06
1.8627900390625 6.540733631486473e-06
1.8637900390625 5.973247001334993e-06
1.8647900390625 7.625529459021465e-06
1.8657900390625 5.581832882013584e-06
1.8667900390625 5.2907090679433406e-06
1.8677900390625 7.839656770708472e-06
1.8687900390625 6.2426018080054125e-06
1.8697900390625 6.442425203075642e-06
1.8707900390625 6.706386382396756e-06
1.8717900390625 6.220795048102248e-06
1.8727900390625 3.7743656269169304e-06
1.8737900390625 4.323882396802664e-06
1.8747900390625 5.0786331878199315e-06
1.8757900390625 5.597571724586976e-06
1.8767900390625 7.176696901350722e-06
1.8777900390625 7.214526157610329e-06
1.8787900390625 6.752685213254071e-06
1.8797900390625 5.635640304021365e-06
1.8807900390625 5.458031047721758e-06
1.8817900390625 4.742042079333375e-06
1.8827900390625 6.277318019178047e-06
1.8837900390625 5.3717828347874435e-06
1.8847900390625 8.440267596427399e-06
1.8857900390625 5.728552796249197e-06
1.8867900390625 6.527524491959909e-06
1.8877900390625 6.2344611067154315e-06
1.8887900390625 5.936463392034956e-06
1.8897900390625 6.1385233604284435e-06
1.8907900390625 5.717948691096315e-06
1.8917900390625 6.924718262619102e-06
1.8927900390625 5.837043232809054e-06
1.8937900390625 5.845369423518971e-06
1.8947900390625 5.743574176170076e-06
1.8957900390625 7.775956820333799e-06
1.8967900390625 5.829377116717764e-06
1.8977900390625 7.838107442319092e-06
1.8987900390625 5.978756820307882e-06
1.8997900390625 5.411339032665839e-06
1.9007900390625 4.964558993710566e-06
1.9017900390625 6.320065574848917e-06
1.9027900390625 7.643497577376948e-06
1.9037900390625 5.279104202567915e-06
1.9047900390625 5.836700123721496e-06
1.9057900390625 6.024488756769801e-06
1.9067900390625 6.586009643143485e-06
1.9077900390625 6.927496543275177e-06
1.9087900390625 4.731251699448545e-06
1.9097900390625 7.154441900581003e-06
1.9107900390625 6.790710807663405e-06
1.9117900390625 6.182966282521862e-06
1.9127900390625 7.941878213653955e-06
1.9137900390625 5.530712646354078e-06
1.9147900390625 5.2757953849771725e-06
1.9157900390625 6.416166801534622e-06
1.9167900390625 5.602617530644223e-06
1.9177900390625 6.175606422178615e-06
1.9187900390625 6.176652069835146e-06
1.9197900390625 7.421334281918181e-06
1.9207900390625 7.1745265351005215e-06
1.9217900390625 7.537400682065512e-06
1.9227900390625 7.4420039090588e-06
1.9237900390625 5.5530614317698e-06
1.9247900390625 6.920117422916332e-06
1.9257900390625 5.204676833376781e-06
1.9267900390625 6.994151689962586e-06
1.9277900390625 6.5960355187987e-06
1.9287900390625 5.870960527321695e-06
1.9297900390625 5.632759460198198e-06
1.9307900390625 6.99736157344924e-06
1.9317900390625 5.451772476809982e-06
1.9327900390625 4.817303247172107e-06
1.9337900390625 7.247840737705938e-06
1.9347900390625 6.738279779822022e-06
1.9357900390625 7.4144885607833165e-06
1.9367900390625 6.873452549562935e-06
1.9377900390625 7.370153085558092e-06
1.9387900390625 4.948513258128725e-06
1.9397900390625 6.920779331814209e-06
1.9407900390625 7.168597499311953e-06
1.9417900390625 7.501870545873793e-06
1.9427900390625 7.25046576110113e-06
1.9437900390625 6.812831782185644e-06
1.9447900390625 1.0238113461092791e-05
1.9457900390625 6.962870564383366e-06
1.9467900390625 8.100927025063527e-06
1.9477900390625 8.155886793471635e-06
1.9487900390625 5.476583028836586e-06
1.9497900390625 8.164912688020314e-06
1.9507900390625 8.182905188259367e-06
1.9517900390625 5.996811081785392e-06
1.9527900390625 7.681208606868758e-06
1.9537900390625 6.357533363617861e-06
1.9547900390625 6.044606356136788e-06
1.9557900390625 6.4771267267429105e-06
1.9567900390625 6.244656873239038e-06
1.9577900390625 7.927324668157427e-06
1.9587900390625 6.642473669927571e-06
1.9597900390625 7.0474582973219594e-06
1.9607900390625 6.3168989402332276e-06
1.9617900390625 7.036804694427829e-06
1.9627900390625 6.08899683044185e-06
1.9637900390625 5.770765821165304e-06
1.9647900390625 6.684376575227882e-06
1.9657900390625 7.495246258715037e-06
1.9667900390625 6.891877007145295e-06
1.9677900390625 6.227480757776296e-06
1.9687900390625 8.003027143729819e-06
1.9697900390625 7.174838950349009e-06
1.9707900390625 7.480900716779888e-06
1.9717900390625 7.0905743020933325e-06
1.9727900390625 6.720715947871585e-06
1.9737900390625 6.764580739422702e-06
1.9747900390625 7.66626942825855e-06
1.9757900390625 5.777483839164974e-06
1.9767900390625 6.746211229648032e-06
1.9777900390625 6.808376162865777e-06
1.9787900390625 7.4383561484430384e-06
1.9797900390625 7.206202767163689e-06
1.9807900390625 5.879104876602777e-06
1.9817900390625 6.5253314516807865e-06
1.9827900390625 9.09878042894717e-06
1.9837900390625 7.391617134551605e-06
1.9847900390625 7.190487793536092e-06
1.9857900390625 6.310394578128703e-06
1.9867900390625 6.100989411163743e-06
1.9877900390625 6.491263999404351e-06
1.9887900390625 7.642013375029107e-06
1.9897900390625 8.190358583597217e-06
1.9907900390625 4.945022835575574e-06
1.9917900390625 8.85107517698102e-06
1.9927900390625 7.128409584487335e-06
1.9937900390625 5.414195878233261e-06
1.9947900390625 6.560964486997794e-06
1.9957900390625 7.79588201982963e-06
1.9967900390625 6.739637274549032e-06
1.9977900390625 7.646362578876832e-06
1.9987900390625 7.914806215101475e-06
1.9997900390625 7.125392957675544e-06
2.0007900390625 6.408967631585276e-06
2.0017900390625 6.546398402549405e-06
2.0027900390625 7.102570055690131e-06
2.0037900390625 8.380267235376366e-06
2.0047900390625 8.035092568673728e-06
2.0057900390625 6.5454369501718795e-06
2.0067900390625 8.802744687697386e-06
2.0077900390625 9.059130965549399e-06
2.0087900390625 7.388387950071706e-06
2.0097900390625 8.712511835420954e-06
2.0107900390625 8.059210918400877e-06
2.0117900390625 9.176573296579726e-06
2.0127900390625 8.25925715893247e-06
2.0137900390625 7.455567959417184e-06
2.0147900390625 8.479092905675725e-06
2.0157900390625 8.951597787470859e-06
2.0167900390625 5.69668327501682e-06
2.0177900390625 9.316025052905182e-06
2.0187900390625 7.861580811929054e-06
2.0197900390625 1.0570851469245756e-05
2.0207900390625 7.073973891481415e-06
2.0217900390625 8.875962908289183e-06
2.0227900390625 7.079512356987079e-06
2.0237900390625 8.249714681555776e-06
2.0247900390625 8.553080862055635e-06
2.0257900390625 6.592462213070315e-06
2.0267900390625 8.044820911501337e-06
2.0277900390625 7.1882106272810275e-06
2.0287900390625 9.731750341034916e-06
2.0297900390625 7.681413069741262e-06
2.0307900390625 8.511330620395574e-06
2.0317900390625 8.614736467371143e-06
2.0327900390625 9.42500157506367e-06
2.0337900390625 9.183871978751557e-06
2.0347900390625 6.748603174344474e-06
2.0357900390625 9.187004402884848e-06
2.0367900390625 6.623437720803088e-06
2.0377900390625 8.523445873494997e-06
2.0387900390625 6.949455522087179e-06
2.0397900390625 8.761732461039956e-06
2.0407900390625 6.316628739569133e-06
2.0417900390625 1.2095247699622e-05
2.0427900390625 6.75009478097471e-06
2.0437900390625 8.502375589205663e-06
2.0447900390625 6.2551759564733435e-06
2.0457900390625 1.0948527252057638e-05
2.0467900390625 8.149677536011554e-06
2.0477900390625 7.618308774371352e-06
2.0487900390625 1.017914768004268e-05
2.0497900390625 7.003084002804799e-06
2.0507900390625 1.0244912755733224e-05
2.0517900390625 8.304600598060216e-06
2.0527900390625 8.924977856439035e-06
2.0537900390625 7.749796680092368e-06
2.0547900390625 8.096251097677978e-06
2.0557900390625 1.0718506212233187e-05
2.0567900390625 7.334520517991061e-06
2.0577900390625 6.568755097536776e-06
2.0587900390625 1.0162531751583389e-05
2.0597900390625 8.489598211196158e-06
2.0607900390625 9.082463639386437e-06
2.0617900390625 9.494394484473515e-06
2.0627900390625 8.700796184352446e-06
2.0637900390625 1.0367747381320414e-05
2.0647900390625 1.0351446347987111e-05
2.0657900390625 9.338718840640266e-06
2.0667900390625 7.263728110552471e-06
2.0677900390625 8.518986462579495e-06
2.0687900390625 1.0776411114889117e-05
2.0697900390625 9.142177724948053e-06
2.0707900390625 9.119062345017046e-06
2.0717900390625 1.0621956539753818e-05
2.0727900390625 8.38344007843343e-06
2.0737900390625 8.994273135832835e-06
2.0747900390625 1.2001039694852798e-05
2.0757900390625 8.448864772612449e-06
2.0767900390625 1.0261010484907129e-05
2.0777900390625 7.848769076989136e-06
2.0787900390625 8.885744508780981e-06
2.0797900390625 1.0302577107499449e-05
2.0807900390625 1.0208783529339212e-05
2.0817900390625 8.100764376254627e-06
2.0827900390625 1.073137587106094e-05
2.0837900390625 8.99492871482444e-06
2.0847900390625 1.0111880397810087e-05
2.0857900390625 1.0161627816655566e-05
2.0867900390625 1.0032316564261077e-05
2.0877900390625 8.319943786559158e-06
2.0887900390625 9.235792903555499e-06
2.0897900390625 1.1991578638301405e-05
2.0907900390625 9.91923677183169e-06
2.0917900390625 8.715713533453992e-06
2.0927900390625 9.292506101898044e-06
2.0937900390625 9.378244517163211e-06
2.0947900390625 8.897263040669971e-06
2.0957900390625 9.723581075515575e-06
2.0967900390625 9.733576987541314e-06
2.0977900390625 9.900629610424438e-06
2.0987900390625 8.246332158118307e-06
2.0997900390625 8.987191165615385e-06
2.1007900390625 9.755923560572224e-06
2.1017900390625 9.84929206748957e-06
2.1027900390625 9.918770011783518e-06
2.1037900390625 1.1645773749915516e-05
2.1047900390625 1.056780831669055e-05
2.1057900390625 8.129501094980905e-06
2.1067900390625 1.000748885638236e-05
2.1077900390625 1.0170759043585665e-05
2.1087900390625 8.251401391767161e-06
2.1097900390625 9.777537863241794e-06
2.1107900390625 8.394996047701764e-06
2.1117900390625 1.1288248304552261e-05
2.1127900390625 9.848600085233293e-06
2.1137900390625 1.0460512154459813e-05
2.1147900390625 1.1699224936234653e-05
2.1157900390625 1.0279231414920786e-05
2.1167900390625 1.1067596658043969e-05
2.1177900390625 9.691105094537166e-06
2.1187900390625 1.3207405597628821e-05
2.1197900390625 1.1566154114236317e-05
2.1207900390625 1.069220828804766e-05
2.1217900390625 9.898078572555327e-06
2.1227900390625 1.0587825227512273e-05
2.1237900390625 9.105331004740539e-06
2.1247900390625 9.274654874183677e-06
2.1257900390625 1.2027531547264697e-05
2.1267900390625 1.2829184153087546e-05
2.1277900390625 1.4964213143462269e-05
2.1287900390625 1.199062371433652e-05
2.1297900390625 1.272642700426001e-05
2.1307900390625 1.3135093564759699e-05
2.1317900390625 1.0058272462643506e-05
2.1327900390625 1.5192497833051568e-05
2.1337900390625 1.1213466164265253e-05
2.1347900390625 7.918311206240639e-06
2.1357900390625 1.1241687278167726e-05
2.1367900390625 1.2616407434485736e-05
2.1377900390625 7.135089198902203e-06
2.1387900390625 1.3290763742933774e-05
2.1397900390625 1.2243591499539654e-05
2.1407900390625 1.2455294625419348e-05
2.1417900390625 1.4795493109515624e-05
2.1427900390625 1.1538718155482677e-05
2.1437900390625 1.314287983671402e-05
2.1447900390625 1.1679517641234917e-05
2.1457900390625 1.3196819088523287e-05
2.1467900390625 1.077149379487611e-05
2.1477900390625 1.2176772500571532e-05
2.1487900390625 1.5015986504553288e-05
2.1497900390625 1.2375552766836838e-05
2.1507900390625 9.478281317316948e-06
2.1517900390625 1.397646000984822e-05
2.1527900390625 1.566084485254234e-05
2.1537900390625 1.641932785037958e-05
2.1547900390625 1.3634378509416181e-05
2.1557900390625 1.5009384310465262e-05
2.1567900390625 1.2072224189594183e-05
2.1577900390625 1.3708528786919889e-05
2.1587900390625 1.1702673895211187e-05
2.1597900390625 1.3137301920186458e-05
2.1607900390625 1.2066514851108062e-05
2.1617900390625 1.2331583175954336e-05
2.1627900390625 1.1770658351926571e-05
2.1637900390625 1.3853746393184178e-05
2.1647900390625 1.3465693218329396e-05
2.1657900390625 9.032399897766264e-06
2.1667900390625 1.1352298594355048e-05
2.1677900390625 1.0329986860052443e-05
2.1687900390625 1.1645521432988978e-05
2.1697900390625 1.3574535543111038e-05
2.1707900390625 1.4012401062634198e-05
2.1717900390625 1.2373532856236005e-05
2.1727900390625 1.2028597762676235e-05
2.1737900390625 1.5123833838256323e-05
2.1747900390625 1.277627382366568e-05
2.1757900390625 1.3412787118004818e-05
2.1767900390625 7.5287384310446655e-06
2.1777900390625 1.0893088623252273e-05
2.1787900390625 1.1384181184054445e-05
2.1797900390625 1.1348066120432487e-05
2.1807900390625 9.385408129275658e-06
2.1817900390625 1.357671259554245e-05
2.1827900390625 1.1940930407409752e-05
2.1837900390625 1.2217024710220508e-05
2.1847900390625 1.4191726045490705e-05
2.1857900390625 1.1737003935959095e-05
2.1867900390625 1.1990765693005393e-05
2.1877900390625 8.741241465299092e-06
2.1887900390625 1.1171802316837411e-05
2.1897900390625 1.3169836688898031e-05
2.1907900390625 1.2104646447752461e-05
2.1917900390625 1.569564057029127e-05
2.1927900390625 1.3161264525721302e-05
2.1937900390625 1.0774998681019227e-05
2.1947900390625 1.3242365300689979e-05
2.1957900390625 1.284921649915018e-05
2.1967900390625 1.5980400808051312e-05
2.1977900390625 1.3835333620675548e-05
2.1987900390625 1.598520009463397e-05
2.1997900390625 1.372899512216873e-05
2.2007900390625 1.3491578553963174e-05
2.2017900390625 1.4918396816460725e-05
2.2027900390625 1.573979777680595e-05
2.2037900390625 1.587366267066517e-05
2.2047900390625 1.4986586596945157e-05
2.2057900390625 1.6940063286917713e-05
2.2067900390625 1.6864622587762025e-05
2.2077900390625 1.5358751114926872e-05
2.2087900390625 1.5101247013682663e-05
2.2097900390625 1.913751095800366e-05
2.2107900390625 1.6352970885840414e-05
2.2117900390625 2.0395053173244525e-05
2.2127900390625 2.02459090846148e-05
2.2137900390625 2.070092815895656e-05
2.2147900390625 1.9329747559902992e-05
2.2157900390625 1.1043049097224339e-05
2.2167900390625 1.9006173247372195e-05
2.2177900390625 2.044609735915552e-05
2.2187900390625 1.7276472000827856e-05
2.2197900390625 1.6766998199523217e-05
2.2207900390625 1.544459005783807e-05
2.2217900390625 1.9546845526880098e-05
2.2227900390625 1.610001558728753e-05
2.2237900390625 1.5851726219084103e-05
2.2247900390625 1.7960670445541496e-05
2.2257900390625 1.4971262993153172e-05
2.2267900390625 1.9222886062291457e-05
2.2277900390625 1.8481823671225275e-05
2.2287900390625 1.578309880715276e-05
2.2297900390625 2.1110330201988622e-05
2.2307900390625 1.645449551347912e-05
2.2317900390625 1.6680499418342676e-05
2.2327900390625 1.8015089686321733e-05
2.2337900390625 2.0848028115702974e-05
2.2347900390625 1.8593384184510847e-05
2.2357900390625 1.8736269841512556e-05
2.2367900390625 1.4861153807865694e-05
2.2377900390625 2.02674140770797e-05
2.2387900390625 1.5331099419206438e-05
2.2397900390625 2.18476563858776e-05
2.2407900390625 2.1234668032880678e-05
2.2417900390625 1.7775190151938153e-05
2.2427900390625 2.2870572421397012e-05
2.2437900390625 2.0656276766894877e-05
2.2447900390625 2.0054541227416035e-05
2.2457900390625 1.9620227051929763e-05
2.2467900390625 1.743811687380644e-05
2.2477900390625 2.5876919265676337e-05
2.2487900390625 1.8342968791373656e-05
2.2497900390625 2.2609884551654505e-05
2.2507900390625 2.050896752153039e-05
2.2517900390625 1.8632526806379184e-05
2.2527900390625 2.0609809738741186e-05
2.2537900390625 2.1437813717297622e-05
2.2547900390625 2.2204870853184168e-05
2.2557900390625 2.296073694848612e-05
2.2567900390625 2.210466659611124e-05
2.2577900390625 1.9312982266418337e-05
2.2587900390625 1.8617393923974466e-05
2.2597900390625 2.4454587868544808e-05
2.2607900390625 2.2014312855545103e-05
2.2617900390625 2.3598505455012596e-05
2.2627900390625 1.9681843845674472e-05
2.2637900390625 2.241296564282583e-05
2.2647900390625 1.990742241238413e-05
2.2657900390625 2.174287726676768e-05
2.2667900390625 2.3629445120155534e-05
2.2677900390625 2.2386128962921866e-05
2.2687900390625 2.4153360832875793e-05
2.2697900390625 2.088519011784661e-05
2.2707900390625 2.194624451588257e-05
2.2717900390625 1.9388262419037595e-05
2.2727900390625 2.048132745718294e-05
2.2737900390625 2.077260222340172e-05
2.2747900390625 1.938118878641149e-05
2.2757900390625 2.0412722936105453e-05
2.2767900390625 1.7397632047051367e-05
2.2777900390625 1.550419013291437e-05
2.2787900390625 1.803868585197642e-05
2.2797900390625 1.6780539047492317e-05
2.2807900390625 1.5989792153669773e-05
2.2817900390625 1.346879549830939e-05
2.2827900390625 1.0338048009189599e-05
2.2837900390625 1.325949179587156e-05
2.2847900390625 1.5181038096750986e-05
2.2857900390625 1.2648351715497702e-05
2.2867900390625 1.2822873612850069e-05
2.2877900390625 1.0398343265394666e-05
2.2887900390625 1.5121260666098733e-05
2.2897900390625 1.0849104859094483e-05
2.2907900390625 1.182829118574646e-05
2.2917900390625 1.2117020486050123e-05
2.2927900390625 9.978697165547777e-06
2.2937900390625 1.1562317774886246e-05
2.2947900390625 1.1833232570018636e-05
2.2957900390625 7.475061862072134e-06
2.2967900390625 9.569385750368618e-06
2.2977900390625 7.292090297779532e-06
2.2987900390625 7.6229540061717655e-06
2.2997900390625 8.756786586012262e-06
2.3007900390625 7.803244123078169e-06
2.3017900390625 9.865149102189076e-06
2.3027900390625 7.5646637399783515e-06
2.3037900390625 8.226471048224105e-06
2.3047900390625 7.269148583918599e-06
2.3057900390625 8.661398004819552e-06
2.3067900390625 7.853564532710554e-06
2.3077900390625 5.492516374789577e-06
2.3087900390625 8.982553314533744e-06
2.3097900390625 6.463740786204614e-06
2.3107900390625 7.664157479198386e-06
2.3117900390625 6.784122129165629e-06
2.3127900390625 5.9108470397232055e-06
2.3137900390625 6.220780036514691e-06
2.3147900390625 6.7404116415678476e-06
2.3157900390625 6.505693382203688e-06
2.3167900390625 6.204171739638683e-06
2.3177900390625 4.411842091749718e-06
2.3187900390625 4.5352660600156275e-06
2.3197900390625 6.020679431768307e-06
2.3207900390625 5.0820577200593355e-06
2.3217900390625 4.8831709698526015e-06
2.3227900390625 5.303529260340005e-06
2.3237900390625 3.58546848142231e-06
2.3247900390625 4.255874262074613e-06
2.3257900390625 4.577028463435217e-06
2.3267900390625 4.296076374896715e-06
2.3277900390625 4.3765964277522944e-06
2.3287900390625 3.567367224523482e-06
2.3297900390625 3.576662253279991e-06
2.3307900390625 3.3723354842381783e-06
2.3317900390625 3.124579379514863e-06
2.3327900390625 3.3338825209113216e-06
2.3337900390625 3.178963678339632e-06
2.3347900390625 2.641241546529034e-06
2.3357900390625 2.516969585024712e-06
2.3367900390625 2.3619794667739283e-06
2.3377900390625 2.5214111789135367e-06
2.3387900390625 2.4707549483163886e-06
2.3397900390625 2.288737345007807e-06
2.3407900390625 2.05174233704282e-06
2.3417900390625 2.5336009465356565e-06
2.3427900390625 2.429378771680353e-06
2.3437900390625 2.0234118591109023e-06
2.3447900390625 2.0165228552013182e-06
2.3457900390625 1.8708746116064947e-06
2.3467900390625 2.0508019488675275e-06
2.3477900390625 1.8830157230977145e-06
2.3487900390625 1.955245011663482e-06
2.3497900390625 2.267366114729261e-06
2.3507900390625 1.7701565738744024e-06
2.3517900390625 1.890454019831653e-06
2.3527900390625 1.7994490365018768e-06
2.3537900390625 1.9082158364021044e-06
2.3547900390625 1.9541637899200617e-06
2.3557900390625 1.2521724249341968e-06
2.3567900390625 2.2562991084556085e-06
2.3577900390625 1.7066816051655469e-06
2.3587900390625 1.4863139714905537e-06
2.3597900390625 1.822677302339459e-06
2.3607900390625 1.5293586297931867e-06
2.3617900390625 1.2447613315647888e-06
2.3627900390625 1.4644902254216538e-06
2.3637900390625 1.3488781244323565e-06
2.3647900390625 1.1961003226348486e-06
2.3657900390625 1.0133622740461564e-06
2.3667900390625 8.12016960085718e-07
2.3677900390625 8.485445021988286e-07
2.3687900390625 5.837752663203738e-07
2.3697900390625 5.660415137236449e-07
2.3707900390625 5.257935090855848e-07
2.3717900390625 4.832730533197086e-07
2.3727900390625 4.156017995500275e-07
2.3737900390625 2.646903559384737e-07
2.3747900390625 3.2795669661059504e-07
2.3757900390625 2.978120092742832e-07
2.3767900390625 2.545017864381918e-07
2.3777900390625 2.659550501513474e-07
2.3787900390625 2.803995664885089e-07
2.3797900390625 2.7968904399094523e-07
2.3807900390625 1.6768002454961296e-07
2.3817900390625 2.1314480681475933e-07
2.3827900390625 2.0402403601490495e-07
2.3837900390625 1.5846837339349073e-07
2.3847900390625 1.6286792374108862e-07
2.3857900390625 1.666007898759689e-07
2.3867900390625 1.2213795326454723e-07
2.3877900390625 9.95989096601968e-08
2.3887900390625 1.227490389179639e-07
2.3897900390625 9.690045356525192e-08
2.3907900390625 1.029256982590815e-07
2.3917900390625 1.3554144339296574e-07
2.3927900390625 8.655243425057238e-08
2.3937900390625 9.230020890790009e-08
2.3947900390625 7.308926427522969e-08
2.3957900390625 6.858106903445555e-08
2.3967900390625 5.9484866066286936e-08
2.3977900390625 4.755235957568428e-08
2.3987900390625 4.460613212144655e-08
2.3997900390625 5.2442288599585374e-08
2.4007900390625 4.681125374691589e-08
2.4017900390625 3.531758135854192e-08
2.4027900390625 3.532282767821788e-08
2.4037900390625 2.626612871882952e-08
2.4047900390625 2.4530802942441904e-08
2.4057900390625 2.3862256459560936e-08
2.4067900390625 2.345734194412684e-08
2.4077900390625 1.693416206639774e-08
2.4087900390625 1.6061785255573583e-08
2.4097900390625 1.3743620864687733e-08
2.4107900390625 1.022182313097463e-08
2.4117900390625 1.0057122424419663e-08
2.4127900390625 8.98770122920016e-09
2.4137900390625 8.885180177689241e-09
2.4147900390625 5.92081554375325e-09
2.4157900390625 6.372984366642185e-09
2.4167900390625 5.7905837428517045e-09
2.4177900390625 4.624844910273542e-09
2.4187900390625 5.383111449246437e-09
2.4197900390625 3.931796914988281e-09
2.4207900390625 3.3735358386113403e-09
2.4217900390625 2.9829869068351672e-09
2.4227900390625 3.218979529297467e-09
2.4237900390625 1.8496422948751377e-09
2.4247900390625 1.9408397035522556e-09
2.4257900390625 1.7783171888685255e-09
2.4267900390625 1.6704546318664478e-09
2.4277900390625 1.475378406356595e-09
2.4287900390625 1.412445469472683e-09
2.4297900390625 1.2595538041475802e-09
2.4307900390625 1.146338292988972e-09
2.4317900390625 9.77308776190695e-10
2.4327900390625 8.761642392055226e-10
2.4337900390625 1.0331046818655994e-09
2.4347900390625 7.709677861845618e-10
2.4357900390625 5.523900886464505e-10
2.4367900390625 7.449222072206631e-10
2.4377900390625 5.477967320859196e-10
2.4387900390625 5.294227039657602e-10
2.4397900390625 5.458548214207246e-10
2.4407900390625 3.125152975283309e-10
2.4417900390625 3.547330114675288e-10
2.4427900390625 2.8927463021695735e-10
2.4437900390625 3.2078579752778617e-10
2.4447900390625 1.762991825745199e-10
2.4457900390625 2.845167525397574e-10
2.4467900390625 2.4135186459386795e-10
2.4477900390625 2.4882866880536645e-10
2.4487900390625 1.3525358994354812e-10
2.4497900390625 1.9189878009193272e-10
2.4507900390625 1.1492370582049807e-10
2.4517900390625 1.1542202740208044e-10
2.4527900390625 1.4861969054315932e-10
2.4537900390625 1.088237865241727e-10
2.4547900390625 9.796554636231083e-11
2.4557900390625 7.86647348319395e-11
2.4567900390625 7.488848127422082e-11
2.4577900390625 7.479859566244188e-11
2.4587900390625 7.6503370949549e-11
2.4597900390625 6.948747027829698e-11
2.4607900390625 4.8490376538405375e-11
2.4617900390625 5.330527453584815e-11
2.4627900390625 6.105036705399778e-11
2.4637900390625 3.244177035291954e-11
2.4647900390625 3.188373633803018e-11
2.4657900390625 3.8828593476872045e-11
2.4667900390625 2.9342701586430704e-11
2.4677900390625 2.9833165064799365e-11
2.4687900390625 2.59854106517534e-11
2.4697900390625 2.0376597180413693e-11
2.4707900390625 1.9144609512458658e-11
2.4717900390625 1.767424119755438e-11
2.4727900390625 1.154170140267121e-11
2.4737900390625 1.5772466616425917e-11
2.4747900390625 1.3012509001161982e-11
2.4757900390625 1.0831979924141459e-11
2.4767900390625 1.1942464287936347e-11
2.4777900390625 7.524985795447071e-12
2.4787900390625 6.0304171928355085e-12
2.4797900390625 6.815532028070679e-12
2.4807900390625 7.744537969053194e-12
2.4817900390625 6.420486902326039e-12
2.4827900390625 5.543394521869475e-12
2.4837900390625 4.778381008472473e-12
2.4847900390625 3.843032902317118e-12
2.4857900390625 4.2007372308096874e-12
2.4867900390625 2.8954505137237713e-12
2.4877900390625 3.633292719348865e-12
2.4887900390625 3.2416041998465667e-12
2.4897900390625 3.3502963827552766e-12
2.4907900390625 2.938301810605292e-12
2.4917900390625 2.232640814685134e-12
2.4927900390625 1.8805895918032924e-12
2.4937900390625 1.8179086258214137e-12
2.4947900390625 2.0554734035147573e-12
2.4957900390625 1.4400875942530563e-12
2.4967900390625 1.5540060495227124e-12
2.4977900390625 1.3904598233295407e-12
2.4987900390625 1.4943521348743312e-12
2.4997900390625 1.053326994992628e-12
2.5007900390625 7.779322723759867e-13
2.5017900390625 9.002886541042869e-13
2.5027900390625 8.957428571312361e-13
2.5037900390625 7.475082982154963e-13
2.5047900390625 4.839793475433307e-13
2.5057900390625 5.540854622928465e-13
2.5067900390625 5.929558766909621e-13
2.5077900390625 6.273249452371177e-13
2.5087900390625 4.197578498097149e-13
2.5097900390625 4.0086523739374926e-13
2.5107900390625 4.139531671958846e-13
2.5117900390625 3.864139205858151e-13
2.5127900390625 3.693610803282051e-13
2.5137900390625 4.346174478095005e-13
2.5147900390625 3.876479467077793e-13
2.5157900390625 3.2628641228302045e-13
2.5167900390625 2.3395525423803274e-13
2.5177900390625 2.674143638787856e-13
2.5187900390625 2.738871109386066e-13
2.5197900390625 2.480281245508712e-13
2.5207900390625 2.0023644209355917e-13
2.5217900390625 1.8161889235935294e-13
2.5227900390625 1.7760770356425085e-13
2.5237900390625 1.634596669394159e-13
2.5247900390625 1.7325544895159816e-13
2.5257900390625 1.5739574300046262e-13
2.5267900390625 1.1135094206839802e-13
2.5277900390625 1.1786563032039554e-13
2.5287900390625 1.0978448514987962e-13
2.5297900390625 1.213835573921717e-13
2.5307900390625 9.426916525336114e-14
2.5317900390625 1.181582053379064e-13
2.5327900390625 9.601938363968089e-14
2.5337900390625 8.962890845946966e-14
2.5347900390625 6.443586948869535e-14
2.5357900390625 7.935253299289192e-14
2.5367900390625 7.415843854707216e-14
2.5377900390625 7.717562318625126e-14
2.5387900390625 5.735972551288651e-14
2.5397900390625 4.416326181642299e-14
2.5407900390625 6.946314558904081e-14
2.5417900390625 5.211875303982051e-14
2.5427900390625 2.623448086777295e-14
2.5437900390625 2.0781438652142646e-14
2.5447900390625 4.38201876582088e-14
2.5457900390625 3.867215893636595e-14
2.5467900390625 3.50428370787025e-14
2.5477900390625 3.0746143020326713e-14
2.5487900390625 2.7132869900233308e-14
2.5497900390625 2.7289462392966004e-14
2.5507900390625 1.9532076252324366e-14
2.5517900390625 2.3746660640466688e-14
2.5527900390625 1.589221542552854e-14
2.5537900390625 1.7636065962030723e-14
2.5547900390625 1.333426989271299e-14
2.5557900390625 1.424106610557457e-14
2.5567900390625 1.2536815132378185e-14
2.5577900390625 1.4102631062139275e-14
2.5587900390625 1.2337700580050003e-14
2.5597900390625 8.874566235849991e-15
2.5607900390625 7.561258691746163e-15
2.5617900390625 9.164814443747479e-15
2.5627900390625 9.495434200403202e-15
2.5637900390625 7.026221503929821e-15
2.5647900390625 6.357764060323281e-15
2.5657900390625 6.052871205222798e-15
2.5667900390625 6.919314096425397e-15
2.5677900390625 3.917765102570416e-15
2.5687900390625 4.4284993804051165e-15
2.5697900390625 4.468531653731748e-15
2.5707900390625 2.459653198608182e-15
2.5717900390625 3.0201067895897334e-15
2.5727900390625 2.952026686613685e-15
2.5737900390625 2.1338173269050053e-15
2.5747900390625 2.0780075290836865e-15
2.5757900390625 2.33500857152053e-15
2.5767900390625 2.846906511720479e-15
2.5777900390625 1.382907917587277e-15
2.5787900390625 1.4058063940611641e-15
2.5797900390625 1.1710389605464903e-15
2.5807900390625 1.7059114347183249e-15
2.5817900390625 4.875433956519601e-16
2.5827900390625 8.042177307155372e-16
2.5837900390625 5.645134123787362e-16
2.5847900390625 9.137120415413735e-16
2.5857900390625 6.386844687178605e-16
2.5867900390625 1.0686955283917301e-15
2.5877900390625 2.2433958086544307e-16
2.5887900390625 6.894538425520898e-16
2.5897900390625 5.502457148488849e-16
2.5907900390625 5.578796484591194e-16
2.5917900390625 4.091254483203792e-16
2.5927900390625 2.3814855999299575e-16
2.5937900390625 4.0235064583919383e-16
2.5947900390625 3.797272404389428e-16
2.5957900390625 3.2207290907986593e-16
2.5967900390625 2.239957706510195e-16
2.5977900390625 2.4011853927691275e-16
