microns throughput
0.5505 1.3920730659128524e-12
0.5515 1.5204401261505283e-12
0.5525 1.9609364434706793e-10
0.5535 5.774211882327145e-10
0.5545 2.1336062130652633e-12
0.5555 2.18463537621412e-12
0.5565 1.012806616598095e-09
0.5575 2.238569405876305e-09
0.5585 2.00597561567291e-09
0.5595 2.1219519089622226e-09
0.5605 8.424972621317951e-10
0.5615 3.6192683396731327e-10
0.5625 7.502445496219839e-10
0.5635 3.683199294845062e-12
0.5645 4.138150363430974e-12
0.5655 4.620812795886499e-12
0.5665 5.052361834090164e-12
0.5675 1.0168187112241107e-09
0.5685 5.7033556691450585e-12
0.5695 5.952676786765017e-12
0.5705 1.6924308233593468e-09
0.5715 9.394385194910323e-09
0.5725 5.389821156174806e-09
0.5735 1.0227259551294586e-08
0.5745 1.2341838599914698e-08
0.5755 1.0950283057631921e-08
0.5765 1.1632593950082289e-08
0.5775 7.085335178418294e-12
0.5785 7.342986153527887e-12
0.5795 7.757125991461765e-12
0.5805 8.387338831497073e-12
0.5815 4.058026482697423e-09
0.5825 6.249089613129895e-09
0.5835 1.7771748706315143e-09
0.5845 1.2752857020833302e-11
0.5855 3.362239078107909e-09
0.5865 1.1681603223242247e-08
0.5875 3.213587868672211e-08
0.5885 2.7395171062428305e-09
0.5895 1.7981326669329427e-08
0.5905 9.588736371865716e-09
0.5915 9.645197449779621e-09
0.5925 1.207468562769631e-08
0.5935 2.149926977085164e-11
0.5945 2.2036100469724443e-11
0.5955 8.205868197035021e-09
0.5965 2.284488525054662e-11
0.5975 1.903228079377503e-09
0.5985 2.9595679709513108e-08
0.5995 2.3721349701436215e-11
0.6005 4.405609653303758e-08
0.6015 4.634092594004972e-09
0.6025 1.7911871520294018e-08
0.6035 1.3160919199418094e-08
0.6045 6.3209014110222925e-09
0.6055 1.3228925924823075e-08
0.6065 2.068571887811579e-08
0.6075 3.2796892492328124e-08
0.6085 7.555918065584754e-09
0.6095 5.207042837078927e-09
0.6105 2.5620870476572474e-11
0.6115 2.287257693307319e-08
0.6125 5.211323009056185e-09
0.6135 2.8180937269386662e-08
0.6145 2.0579533568961602e-08
0.6155 2.4565464676395352e-08
0.6165 2.3277302955256627e-08
0.6175 3.937710285309628e-08
0.6185 5.0803516947868766e-08
0.6195 2.300476243702194e-08
0.6205 4.0321369431995944e-08
0.6215 2.5689406609456527e-08
0.6225 3.147069648841999e-08
0.6235 6.20935863358676e-08
0.6245 7.697213302044296e-08
0.6255 7.167858269779251e-09
0.6265 4.477565121218119e-08
0.6275 6.501284083741198e-08
0.6285 6.781501138436446e-08
0.6295 2.7435859160454642e-11
0.6305 2.889934830173376e-08
0.6315 9.196494288696538e-08
0.6325 4.330652766429165e-08
0.6335 8.354747292959818e-08
0.6345 7.6754777975172e-08
0.6355 1.3486901914370642e-07
0.6365 8.63584452489223e-08
0.6375 1.4739391558117822e-07
0.6385 9.881171478336325e-08
0.6395 1.9624322641903982e-07
0.6405 1.395830947333247e-07
0.6415 1.3559078816804537e-07
0.6425 1.199176628662509e-07
0.6435 2.1102052132473107e-07
0.6445 2.303021201054032e-07
0.6455 2.8992555843864187e-07
0.6465 3.446097513461298e-07
0.6475 3.6718322532235235e-07
0.6485 3.7788321673753357e-07
0.6495 5.281608723233985e-07
0.6505 4.873663140357407e-07
0.6515 6.319720825504625e-07
0.6525 4.69127506108695e-07
0.6535 5.998729148967385e-07
0.6545 6.521846751098713e-07
0.6555 7.08925143708142e-07
0.6565 8.022872315445872e-07
0.6575 7.901801576831624e-07
0.6585 9.060535866085357e-07
0.6595 8.591153342729925e-07
0.6605 8.73520898804475e-07
0.6615 8.827661691726328e-07
0.6625 8.442512758549257e-07
0.6635 8.628899786521075e-07
0.6645 9.177211003020803e-07
0.6655 1.0507741616379352e-06
0.6665 1.2561487567463681e-06
0.6675 1.318965639725036e-06
0.6685 1.4576481127486038e-06
0.6695 1.55391538177363e-06
0.6705 1.5002301044323248e-06
0.6715 1.5879604651535395e-06
0.6725 1.5938138602343556e-06
0.6735 1.6300867537045558e-06
0.6745 1.4594721828667881e-06
0.6755 1.3013943204427307e-06
0.6765 1.0303232139323499e-06
0.6775 9.576476083844194e-07
0.6785 7.4594272748561e-07
0.6795 6.023700530418965e-07
0.6805 4.7165338484113396e-07
0.6815 2.84855548907625e-07
0.6825 2.3752042166572673e-07
0.6835 2.3239373006757487e-07
0.6845 1.2054308254705486e-07
0.6855 1.5581141723195528e-07
0.6865 1.723594274241601e-07
0.6875 1.3338147031407797e-07
0.6885 2.0546287470554137e-07
0.6895 2.1587694889301857e-07
0.6905 3.847277371204697e-07
0.6915 4.731262762429209e-07
0.6925 4.130897973706927e-07
0.6935 4.6253163746057206e-07
0.6945 3.0836558651330046e-07
0.6955 3.1033083108538425e-07
0.6965 2.749306391075328e-07
0.6975 2.988475751049583e-07
0.6985 3.416473285531934e-07
0.6995 4.1620395153475527e-07
0.7005 3.8485716362899915e-07
0.7015 2.7310830512961037e-07
0.7025 3.240918859809694e-07
0.7035 3.986183940295932e-07
0.7045 4.7254423277063123e-07
0.7055 6.051799704903179e-07
0.7065 6.413891657199046e-07
0.7075 7.466461341462814e-07
0.7085 6.039866275297105e-07
0.7095 6.007787242286969e-07
0.7105 4.090641387439278e-07
0.7115 4.0291646738423024e-07
0.7125 2.670499730771906e-07
0.7135 2.5722587479273845e-07
0.7145 2.3194214296623246e-07
0.7155 1.6364699460346086e-07
0.7165 1.6205320700167968e-07
0.7175 2.0931312972300364e-07
0.7185 1.9752995372293292e-07
0.7195 2.2611505579874304e-07
0.7205 3.687271456184506e-07
0.7215 3.923599400281287e-07
0.7225 2.255055789382077e-07
0.7235 2.0548247874513925e-07
0.7245 9.773111064130145e-08
0.7255 1.1710637241968298e-07
0.7265 2.2508355406099447e-08
0.7275 2.7763904903325672e-09
0.7285 1.0449000523654532e-08
0.7295 4.086733314888721e-08
0.7305 1.2955263083388705e-07
0.7315 5.556842012253296e-08
0.7325 3.210485487213357e-11
0.7335 5.563304075527976e-08
0.7345 4.5742499002565534e-08
0.7355 1.6460676742465863e-08
0.7365 4.382988432209641e-08
0.7375 1.1596184782506565e-08
0.7385 8.201385718833545e-08
0.7395 3.7687257164211076e-09
0.7405 3.2717073528251473e-11
0.7415 2.3812177177519658e-08
0.7425 5.755402948726027e-08
0.7435 1.9229250828429784e-08
0.7445 4.845487067346778e-08
0.7455 3.9914232927929296e-08
0.7465 3.3146026778886335e-11
0.7475 2.7748472234426443e-08
0.7485 2.3289448873513955e-08
0.7495 3.977541721385764e-08
0.7505 1.4559108853716807e-07
0.7515 1.1373057201938971e-08
0.7525 1.2908387728224273e-07
0.7535 4.4143839490986585e-08
0.7545 4.351981067449581e-08
0.7555 3.3750357125782744e-11
0.7565 3.380297469818534e-11
0.7575 2.0512904293661336e-08
0.7585 1.2031565103734156e-07
0.7595 1.6523344447702744e-08
0.7605 5.0258382974010805e-08
0.7615 2.4271985059458648e-08
0.7625 7.08076078982127e-08
0.7635 5.952262463705177e-08
0.7645 8.929516350457598e-08
0.7655 1.0142943635728257e-07
0.7665 7.799970077037443e-08
0.7675 3.439730100303096e-11
0.7685 4.410356321496443e-08
0.7695 8.944265340332766e-08
0.7705 6.164792823908012e-09
0.7715 1.1079929968627794e-08
0.7725 7.25705547163441e-08
0.7735 7.585577786977361e-08
0.7745 5.630659614473462e-08
0.7755 7.438639226807537e-08
0.7765 3.64931530528297e-08
0.7775 1.1484296949535901e-07
0.7785 3.48079357525351e-11
0.7795 2.6852235733878603e-08
0.7805 6.808248946192273e-08
0.7815 6.368550391502168e-08
0.7825 1.7606857729083685e-07
0.7835 2.527347846023647e-07
0.7845 3.9485855176000943e-07
0.7855 1.6061228258459427e-07
0.7865 2.904351784276064e-07
0.7875 1.817856385804006e-07
0.7885 1.6204373062376704e-07
0.7895 1.350423325267609e-07
0.7905 1.2219545675206555e-07
0.7915 1.6928187932873423e-07
0.7925 3.905362849034461e-08
0.7935 1.9907162764770854e-07
0.7945 7.848361147242071e-08
0.7955 2.4962596640204554e-07
0.7965 7.124633111768441e-08
0.7975 9.067965570875988e-08
0.7985 3.0495370525117527e-07
0.7995 3.80339796359799e-09
0.8005 6.015149461646559e-08
0.8015 3.403166548933861e-08
0.8025 6.861999144545453e-08
0.8035 8.723065629543942e-08
0.8045 8.982580094999572e-08
0.8055 5.007151837319521e-08
0.8065 8.264093500772651e-08
0.8075 2.6051619509961247e-08
0.8085 6.727165095114544e-08
0.8095 4.9744068296320435e-08
0.8105 3.757298683397234e-08
0.8115 6.466201837446597e-08
0.8125 3.427206939412994e-08
0.8135 8.011874905061124e-08
0.8145 1.3016081370486755e-08
0.8155 9.07304088322507e-08
0.8165 6.136023553944305e-08
0.8175 8.712388533800833e-08
0.8185 1.3015197045253078e-07
0.8195 6.034391426485411e-08
0.8205 5.6887357769935674e-08
0.8215 7.121855186307536e-08
0.8225 1.05119135029013e-07
0.8235 6.389184450351202e-08
0.8245 1.194057668462634e-07
0.8255 1.2224666541876282e-07
0.8265 4.6600596403693704e-08
0.8275 6.472449901730308e-08
0.8285 8.216676036782932e-08
0.8295 1.1499113407827708e-08
0.8305 4.2909558147690296e-08
0.8315 9.248224643780728e-08
0.8325 9.242561113537305e-08
0.8335 7.78630681604689e-08
0.8345 7.224103542013963e-08
0.8355 8.296395771960113e-08
0.8365 1.3565903543234952e-07
0.8375 1.549104813039699e-07
0.8385 1.8406738616060356e-07
0.8395 1.084485645732331e-07
0.8405 7.898549019577215e-08
0.8415 1.5296731922285163e-07
0.8425 1.7001409037250284e-07
0.8435 1.2058227617015058e-07
0.8445 4.732710324088767e-08
0.8455 9.802497219877516e-08
0.8465 1.3412671178460347e-07
0.8475 1.2573009528038027e-07
0.8485 1.647197521091949e-07
0.8495 9.04553370924321e-08
0.8505 1.4223423110133001e-07
0.8515 1.8126193978711888e-07
0.8525 1.1769887353617126e-07
0.8535 1.3801265627973512e-07
0.8545 1.5946545513838355e-07
0.8555 1.1713712372571305e-07
0.8565 6.332917019520351e-08
0.8575 2.1602262698999087e-07
0.8585 1.838005363283085e-07
0.8595 1.7504956459290917e-07
0.8605 1.359015646434856e-07
0.8615 7.445379359392089e-09
0.8625 1.3983300263035407e-07
0.8635 2.559026667845971e-07
0.8645 2.214404839315994e-07
0.8655 1.8356641937577402e-07
0.8665 1.1276336439555873e-07
0.8675 9.748134229204547e-08
0.8685 6.418223507785042e-08
0.8695 9.455632731069847e-08
0.8705 3.712936809324076e-11
0.8715 8.864145460942775e-08
0.8725 3.725832737115667e-11
0.8735 3.729030667768411e-11
0.8745 3.7323373525968145e-11
0.8755 1.0248781797817953e-07
0.8765 3.739525303670216e-11
0.8775 1.2630688478666994e-07
0.8785 3.503232889015267e-07
0.8795 4.1971736202455216e-07
0.8805 3.7513988375879656e-11
0.8815 3.7507422858339084e-11
0.8825 4.323082807255195e-07
0.8835 1.0188398275321227e-07
0.8845 9.29327770113848e-08
0.8855 3.5203231290530964e-07
0.8865 3.67044308599891e-07
0.8875 2.9179510252353966e-07
0.8885 7.897328202230228e-07
0.8895 5.274797794683597e-07
0.8905 9.942395422693886e-09
0.8915 7.655069769268796e-07
0.8925 3.781275570633105e-11
0.8935 1.0677607795951657e-06
0.8945 3.787961289231833e-11
0.8955 3.786894776927226e-11
0.8965 9.584548714666433e-07
0.8975 3.782555669331236e-11
0.8985 1.7356862711929825e-06
0.8995 3.792715596119849e-11
0.9005 1.570015422216933e-07
0.9015 4.7100193393428874e-08
0.9025 1.3689185245497191e-07
0.9035 2.4161680720853168e-08
0.9045 8.83655990835124e-08
0.9055 3.649579072691337e-08
0.9065 1.0206229132487245e-07
0.9075 1.6299637416728156e-07
0.9085 1.6427311044448047e-07
0.9095 1.1471478329767423e-07
0.9105 7.12874365049449e-08
0.9115 1.163132008978406e-07
0.9125 1.423217132185007e-07
0.9135 2.1832997180567513e-08
0.9145 1.3458258832937125e-07
0.9155 2.2511356283506928e-07
0.9165 9.761423182580819e-08
0.9175 1.5639781434182878e-07
0.9185 9.908395534663911e-08
0.9195 1.571094509969678e-07
0.9205 1.3963844524961092e-07
0.9215 8.474253286291207e-08
0.9225 1.8845217165541997e-07
0.9235 1.3691856507141871e-07
0.9245 1.4450029444949387e-07
0.9255 2.0264613579843392e-07
0.9265 1.4035649024996947e-07
0.9275 1.8963761408080858e-07
0.9285 1.7485352484827529e-07
0.9295 9.158785872957031e-08
0.9305 2.1474694307761915e-07
0.9315 2.8814030480265104e-07
0.9325 2.905172406377674e-07
0.9335 1.496701579602358e-07
0.9345 2.543123147494356e-07
0.9355 2.941386104454752e-07
0.9365 1.7565848035292543e-07
0.9375 2.556147443226239e-07
0.9385 2.69460638451974e-07
0.9395 2.8830016535899207e-07
0.9405 2.373181545660751e-07
0.9415 2.950988277471604e-07
0.9425 1.9114976526609282e-07
0.9435 2.1564325918655732e-07
0.9445 1.804018426991684e-07
0.9455 2.5685246488829543e-07
0.9465 2.4465401842717997e-07
0.9475 1.860473170624547e-07
0.9485 1.3609697440586546e-07
0.9495 2.707004968264334e-07
0.9505 2.819019486096207e-07
0.9515 2.7542212126213894e-07
0.9525 1.7582407048951735e-07
0.9535 3.015703802885234e-07
0.9545 2.661781516183741e-07
0.9555 2.993986910829168e-07
0.9565 3.645005086467849e-07
0.9575 2.7663113067697624e-07
0.9585 2.751418421047431e-07
0.9595 3.014797042410606e-07
0.9605 3.9887450433706115e-07
0.9615 3.196982193823908e-07
0.9625 2.3745200020412994e-07
0.9635 2.6540151625575167e-07
0.9645 2.847279526275508e-07
0.9655 1.6424826809781324e-07
0.9665 2.5460391448621213e-07
0.9675 2.413764674945934e-07
0.9685 3.113683191708485e-07
0.9695 2.6773663319376784e-07
0.9705 2.1676739872672122e-07
0.9715 3.713126823178615e-07
0.9725 3.1991708927431066e-07
0.9735 2.908512081080386e-07
0.9745 3.2799830062237323e-07
0.9755 3.717485040657581e-07
0.9765 2.5859374481220223e-07
0.9775 2.617367952136044e-07
0.9785 3.23634293868669e-07
0.9795 2.683478741311364e-07
0.9805 2.0902322353666043e-07
0.9815 1.3306999442488903e-07
0.9825 2.5401417624333985e-07
0.9835 2.266060517391305e-07
0.9845 2.6412734360126096e-07
0.9855 1.6352845284132705e-07
0.9865 1.8771031298429797e-07
0.9875 2.2550738075256925e-07
0.9885 2.6355755763205465e-07
0.9895 3.425770137402693e-07
0.9905 1.6794199943331864e-07
0.9915 2.836470633750717e-07
0.9925 3.481382207939077e-07
0.9935 2.9135305586768895e-07
0.9945 2.3158646488846044e-07
0.9955 2.521194812823612e-07
0.9965 2.6987255399927374e-07
0.9975 3.0307178225970764e-07
0.9985 2.998921480536465e-07
0.9995 2.7550843740047284e-07
1.0005 2.881976035634226e-07
1.0015 6.353756610315665e-07
1.0025 3.068198697911164e-07
1.0035 2.595794719669511e-07
1.0045 4.5294356774063396e-07
1.0055 2.4762174549148982e-08
1.0065 1.8049382320932076e-08
1.0075 1.264786699542979e-07
1.0085 1.16084254905119e-06
1.0095 4.3400013486148905e-07
1.0105 3.2409888458367555e-07
1.0115 1.417445126580519e-07
1.0125 1.0352536308148002e-06
1.0135 1.5338744487062966e-06
1.0145 9.421436666865092e-07
1.0155 3.823084826758799e-11
1.0165 3.822657770723308e-11
1.0175 3.026254678940613e-07
1.0185 1.183041885781518e-06
1.0195 3.8296358640319896e-11
1.0205 1.244972042119586e-06
1.0215 2.942885410907633e-07
1.0225 3.127970704390226e-07
1.0235 3.6694666667675255e-06
1.0245 9.510016870428866e-07
1.0255 1.5971545088892446e-07
1.0265 1.8664138364421343e-06
1.0275 4.316539178841998e-07
1.0285 1.6319411890182716e-06
1.0295 3.8709120203735384e-11
1.0305 3.9708216532430803e-07
1.0315 6.380837835375085e-07
1.0325 2.7459282510154324e-06
1.0335 3.897367636992249e-08
1.0345 4.1143302205165655e-07
1.0355 5.330778756837851e-07
1.0365 2.789442568372735e-07
1.0375 6.729991165098478e-07
1.0385 1.004298778174841e-06
1.0395 3.9218917296041146e-11
1.0405 4.646097732622637e-07
1.0415 3.926249742259558e-11
1.0425 2.0110672866872597e-07
1.0435 1.113993298908317e-06
1.0445 3.138967480122116e-07
1.0455 6.375348711537862e-07
1.0465 8.250136879589624e-07
1.0475 1.4203972513246085e-06
1.0485 1.2874185811837669e-06
1.0495 4.631300579125001e-07
1.0505 7.115656861764969e-07
1.0515 8.671907519920171e-07
1.0525 5.171002892516329e-07
1.0535 1.2023836511008233e-07
1.0545 1.3244615920457277e-06
1.0555 1.5170971825449742e-06
1.0565 3.7539438357609336e-07
1.0575 5.580516399879032e-07
1.0585 1.5050645041798778e-06
1.0595 1.4719925304831555e-06
1.0605 1.9783316156611029e-07
1.0615 4.733933808301703e-07
1.0625 8.244932769529445e-07
1.0635 2.88207118428775e-06
1.0645 5.567372909328548e-07
1.0655 3.286183134276564e-07
1.0665 7.25780826630374e-07
1.0675 1.303560373948164e-06
1.0685 6.858212790702511e-07
1.0695 1.6914812300377005e-06
1.0705 2.7153492789126732e-06
1.0715 8.139725744893756e-07
1.0725 2.044020629448954e-07
1.0735 1.1417579739953888e-06
1.0745 3.2045553196917133e-07
1.0755 1.4604481396861558e-06
1.0765 1.7224726956190244e-06
1.0775 1.2680157721007338e-06
1.0785 4.0750575460010904e-11
1.0795 3.2601299417320813e-07
1.0805 1.5019177653264037e-06
1.0815 1.6480996670211467e-06
1.0825 6.526639913549887e-08
1.0835 7.584924743821055e-07
1.0845 9.295232524140587e-07
1.0855 6.17087350394753e-07
1.0865 1.1697191252746977e-06
1.0875 7.129443537075418e-07
1.0885 1.2116950088012858e-06
1.0895 6.12360051595304e-07
1.0905 2.3933305195850875e-07
1.0915 1.3883739017154635e-06
1.0925 7.361893331556345e-07
1.0935 8.275141259597054e-08
1.0945 3.680795047285472e-07
1.0955 1.1444817634107426e-06
1.0965 9.062327077222256e-07
1.0975 1.921161042863613e-06
1.0985 4.948001055238459e-07
1.0995 7.722475746934222e-08
1.1005 1.3066654975196922e-06
1.1015 1.3308262853704748e-06
1.1025 5.563212251287267e-07
1.1035 7.894431341121352e-08
1.1045 1.0459538588620713e-06
1.1055 1.942645970394682e-06
1.1065 6.387200829286076e-07
1.1075 1.2305278730357278e-06
1.1085 1.9840907057460995e-06
1.1095 5.785490207402615e-07
1.1105 1.1555878537749842e-06
1.1115 8.887735116823545e-07
1.1125 3.3212997944919785e-07
1.1135 1.3226249871021072e-06
1.1145 8.800581307726518e-07
1.1155 1.0126703538387053e-06
1.1165 4.0046974818891775e-07
1.1175 2.421819364937932e-06
1.1185 2.2198782904710578e-07
1.1195 5.305169523400708e-07
1.1205 3.654925490541163e-07
1.1215 3.864379617842371e-07
1.1225 7.84779880711284e-07
1.1235 1.6127957569157852e-06
1.1245 8.680068226034852e-07
1.1255 5.42778488648195e-07
1.1265 1.6345634173197543e-06
1.1275 2.333220092751964e-07
1.1285 3.2317580726529516e-07
1.1295 5.644520502818863e-07
1.1305 3.0837698100336306e-07
1.1315 6.166492502105081e-07
1.1325 7.057797189225044e-07
1.1335 8.912344323099323e-07
1.1345 5.599427309102372e-07
1.1355 4.2873818184419785e-11
1.1365 1.202199381088453e-06
1.1375 3.6404961647166926e-07
1.1385 8.158338107954231e-07
1.1395 2.6616071053740427e-07
1.1405 1.2980100377012999e-06
1.1415 3.637104419251304e-07
1.1425 1.9123138742367927e-06
1.1435 1.0998738478482535e-07
1.1445 9.704380814146207e-07
1.1455 1.3726193514118023e-08
1.1465 4.37001275564797e-11
1.1475 2.1989292538530532e-07
1.1485 1.176663234307298e-06
1.1495 1.5278129096164687e-07
1.1505 4.39183763529529e-11
1.1515 7.036054155369733e-07
1.1525 9.629791052647845e-07
1.1535 1.109823310541732e-06
1.1545 1.3030558917376107e-06
1.1555 1.089128718008157e-07
1.1565 9.171839576579997e-07
1.1575 7.057959287977673e-07
1.1585 4.2632577154286177e-07
1.1595 3.08348204125903e-07
1.1605 8.337211638449766e-07
1.1615 5.967765766441098e-07
1.1625 2.268812483398558e-08
1.1635 2.967336969498277e-07
1.1645 4.4423114823594476e-11
1.1655 3.939790238612371e-07
1.1665 9.937848301265515e-07
1.1675 5.723528900611581e-07
1.1685 8.307125827375076e-07
1.1695 1.2947612296260676e-06
1.1705 2.917409628412053e-07
1.1715 9.23038568898537e-07
1.1725 1.2628971792385302e-06
1.1735 1.1427286273752676e-06
1.1745 4.853641034219785e-07
1.1755 6.729892007324056e-07
1.1765 4.2076433153936586e-08
1.1775 8.947044806423427e-08
1.1785 9.055323282015867e-07
1.1795 7.416711664588808e-07
1.1805 1.1661569079686715e-06
1.1815 4.44520011699175e-11
1.1825 2.218185533160272e-07
1.1835 1.2692770748984414e-06
1.1845 7.194196549943409e-07
1.1855 7.271921505453606e-07
1.1865 3.448673944633475e-07
1.1875 6.523842337272433e-07
1.1885 2.527009493568647e-07
1.1895 3.932178529414301e-07
1.1905 7.68910696105335e-08
1.1915 6.830695161111089e-07
1.1925 6.141970895295716e-07
1.1935 4.310788148088611e-07
1.1945 2.1303879368305724e-07
1.1955 6.380162937705334e-07
1.1965 4.025847626619003e-07
1.1975 4.4545202837575055e-11
1.1985 3.49131534606638e-07
1.1995 1.8397297767767046e-06
1.2005 9.96224272115159e-07
1.2015 4.479547273324588e-11
1.2025 3.0817096113625423e-07
1.2035 1.3308606622050913e-07
1.2045 2.997688899648077e-07
1.2055 9.955989665769702e-07
1.2065 1.1355141796668939e-06
1.2075 7.094655210465111e-07
1.2085 7.104580431044697e-07
1.2095 6.288002473912561e-07
1.2105 1.7608721511462689e-06
1.2115 1.8239972852916746e-07
1.2125 8.619462150123091e-07
1.2135 9.331613032265681e-07
1.2145 2.804931727608052e-07
1.2155 9.957646843248986e-07
1.2165 2.3178075587428344e-07
1.2175 1.0976073080220429e-06
1.2185 3.3513888295260056e-07
1.2195 8.25210864726011e-08
1.2205 2.8875339067925436e-07
1.2215 7.411813042205149e-07
1.2225 2.5089963761364356e-07
1.2235 3.661669878410083e-07
1.2245 2.507620979228648e-07
1.2255 4.589231882586717e-11
1.2265 2.450771952961458e-06
1.2275 1.503604447217167e-07
1.2285 2.5307151767104245e-07
1.2295 4.5992873265816466e-11
1.2305 1.066601458534351e-06
1.2315 3.982663734768139e-07
1.2325 9.996410835528594e-07
1.2335 4.605539571217635e-11
1.2345 1.1755509140103103e-06
1.2355 6.834627178016746e-07
1.2365 8.382502646501724e-07
1.2375 4.905859787604585e-07
1.2385 6.704104835740456e-08
1.2395 5.156578793387758e-07
1.2405 1.332724609734489e-06
1.2415 2.2334934037386434e-07
1.2425 7.531014834545363e-07
1.2435 2.1857967070823173e-07
1.2445 7.63093698042448e-07
1.2455 4.867034800805434e-07
1.2465 3.373330418434406e-08
1.2475 1.0510678768452867e-06
1.2485 9.636723618476218e-07
1.2495 3.84019177588897e-07
1.2505 2.5016166738155194e-07
1.2515 6.361037526697631e-07
1.2525 4.012079855867385e-07
1.2535 1.4136039808841749e-07
1.2545 4.321350680428589e-07
1.2555 5.044654769292558e-07
1.2565 1.3787274741531209e-06
1.2575 3.519904932602207e-07
1.2585 4.642041072749953e-11
1.2595 1.9776842248312545e-06
1.2605 3.570466899034733e-07
1.2615 4.64461916040886e-11
1.2625 1.6586248545479245e-06
1.2635 2.7599434760981244e-07
1.2645 8.481474595276539e-07
1.2655 3.517785292860336e-07
1.2665 4.727434229625058e-07
1.2675 1.2147914099135397e-06
1.2685 1.7702673807634622e-07
1.2695 1.4008851106656955e-06
1.2705 3.192408951791953e-07
1.2715 4.632329085841862e-11
1.2725 1.9140142354691097e-07
1.2735 4.628706647583525e-11
1.2745 5.15369773170643e-07
1.2755 1.5372811740621428e-06
1.2765 1.312578523438345e-07
1.2775 5.59334634672471e-07
1.2785 3.9562829007767106e-07
1.2795 5.612058212546725e-07
1.2805 5.925245965055363e-07
1.2815 4.3055996018491976e-07
1.2825 3.579435595860506e-07
1.2835 4.676766743398589e-08
1.2845 1.640890688508141e-06
1.2855 5.537496344196099e-07
1.2865 1.1044889701412648e-07
1.2875 6.735391542373465e-07
1.2885 2.85916906970173e-07
1.2895 1.7549752962107565e-06
1.2905 1.9406391726992992e-07
1.2915 8.311423147070536e-07
1.2925 3.3739654122951775e-07
1.2935 6.302566550552502e-07
1.2945 1.4437645381741055e-06
1.2955 1.4107423399147272e-07
1.2965 1.0323615473556348e-06
1.2975 2.1322286157287044e-06
1.2985 1.9272878675572978e-07
1.2995 6.26565352077209e-07
1.3005 8.545295615418315e-07
1.3015 8.730394158379418e-07
1.3025 1.585340839747586e-06
1.3035 7.30022953846267e-07
1.3045 1.1117500748022737e-06
1.3055 5.091490062349322e-07
1.3065 7.739872103194485e-07
1.3075 2.6391815669503027e-07
1.3085 1.4860739262168065e-06
1.3095 2.2535477086957863e-06
1.3105 8.071256324917252e-08
1.3115 7.680779742294659e-07
1.3125 1.421222851835999e-07
1.3135 9.403419756157231e-07
1.3145 1.0197074980450173e-06
1.3155 2.780350581167882e-07
1.3165 1.25868201121385e-07
1.3175 1.0900706678414895e-06
1.3185 1.4994935042862166e-06
1.3195 1.429674473250216e-06
1.3205 1.1051253708796068e-06
1.3215 9.145337268905887e-07
1.3225 1.515974121729714e-06
1.3235 1.45394307926495e-06
1.3245 1.1884843280531096e-06
1.3255 1.2320110369482344e-06
1.3265 4.777883884296437e-11
1.3275 2.4007951113608315e-06
1.3285 5.973982127919094e-07
1.3295 1.0465141923088306e-06
1.3305 1.4321339658437573e-06
1.3315 7.421108666576369e-07
1.3325 8.01065157448945e-07
1.3335 1.1174785515491968e-06
1.3345 4.229195207208584e-07
1.3355 1.6389544612032863e-07
1.3365 4.946421591889114e-07
1.3375 9.012952994083308e-07
1.3385 1.1201574549842965e-06
1.3395 1.8196486158945542e-06
1.3405 1.5615913762789473e-06
1.3415 1.3732653718529206e-06
1.3425 1.4875790996449466e-06
1.3435 1.2163612606064442e-06
1.3445 7.982508838985101e-07
1.3455 6.956115470414878e-07
1.3465 1.211649481400078e-06
1.3475 2.1230265768678203e-07
1.3485 1.2581071511727588e-06
1.3495 4.0418294156655227e-07
1.3505 2.481950218227977e-07
1.3515 2.119171137651523e-06
1.3525 5.691861358979681e-07
1.3535 7.331905792159605e-07
1.3545 6.082314895418865e-07
1.3555 8.587503736110197e-07
1.3565 7.900155965155518e-07
1.3575 1.2313577495843965e-06
1.3585 4.76118640338188e-07
1.3595 1.0456998789285588e-06
1.3605 1.4262172914894547e-06
1.3615 3.2634769209208026e-07
1.3625 1.0852863898371795e-06
1.3635 6.243019957053796e-07
1.3645 9.72840734337898e-08
1.3655 1.3089447141394382e-06
1.3665 2.3762085906258708e-07
1.3675 5.583738031859351e-07
1.3685 8.447663759080571e-07
1.3695 5.100355172412918e-07
1.3705 9.80880340351797e-07
1.3715 6.504594029289264e-08
1.3725 6.213932544194174e-07
1.3735 4.934882296260643e-07
1.3745 8.572410458775502e-08
1.3755 2.8850130922452584e-07
1.3765 7.348676055323001e-07
1.3775 2.624353767605876e-06
1.3785 2.090574684777896e-07
1.3795 3.4758609063536376e-07
1.3805 1.340159850667082e-06
1.3815 2.7221855662832665e-07
1.3825 1.1969478905874836e-06
1.3835 4.86189882538019e-11
1.3845 2.244490014137e-06
1.3855 1.158083657487994e-06
1.3865 5.754520681383802e-07
1.3875 6.973426483423112e-07
1.3885 7.632647987926246e-07
1.3895 8.296251551457917e-07
1.3905 9.437878582413225e-07
1.3915 5.029252360767924e-07
1.3925 8.363504732899194e-07
1.3935 1.7804478636307948e-06
1.3945 5.695857635650097e-07
1.3955 2.711181904624195e-07
1.3965 9.49969819206317e-07
1.3975 2.1586829566403973e-06
1.3985 4.8954256178280594e-11
1.3995 1.1183914881714631e-07
1.4005 2.4248389927782747e-06
1.4015 1.3696989266793352e-07
1.4025 1.31768859038687e-06
1.4035 1.5381165801132514e-06
1.4045 8.345846629463879e-07
1.4055 1.382449369203677e-06
1.4065 2.116998195896728e-07
1.4075 4.012245069295864e-07
1.4085 2.059581314398121e-06
1.4095 2.353090706112852e-06
1.4105 2.826772163509659e-07
1.4115 8.700197704339319e-07
1.4125 1.2476949493950802e-06
1.4135 5.931512857328401e-07
1.4145 3.0925968893418145e-07
1.4155 3.1286802427447147e-06
1.4165 7.718338885428942e-07
1.4175 4.5241010147481343e-07
1.4185 1.3458023709465113e-06
1.4195 7.379442368241382e-07
1.4205 2.3762080091578317e-08
1.4215 1.3478580914896113e-06
1.4225 2.156861268815682e-06
1.4235 3.128938298464045e-07
1.4245 3.075269310807066e-07
1.4255 7.036122172098013e-07
1.4265 8.088397953306815e-07
1.4275 8.767748165741328e-07
1.4285 3.714300567517852e-08
1.4295 1.529210371644361e-07
1.4305 1.209007637342521e-06
1.4315 1.04823556820525e-06
1.4325 1.2376019621006448e-06
1.4335 1.1238882631329592e-06
1.4345 2.5241851277763686e-06
1.4355 5.0227917618636706e-11
1.4365 6.076822996983103e-07
1.4375 1.5515745070331404e-07
1.4385 1.0526944456680087e-06
1.4395 3.9882592553705983e-07
1.4405 6.05430075170137e-07
1.4415 1.0208175555513417e-06
1.4425 3.888351196383966e-07
1.4435 2.9482427596520123e-07
1.4445 2.8188485902727004e-07
1.4455 4.606907146903744e-07
1.4465 1.3253088736935497e-06
1.4475 9.217411653953701e-07
1.4485 6.239682550010721e-07
1.4495 1.5640669688186574e-06
1.4505 1.359983623466122e-06
1.4515 8.368403675457771e-08
1.4525 5.057559400009926e-11
1.4535 3.571289514676192e-07
1.4545 1.2011265168682599e-06
1.4555 8.422649955702348e-07
1.4565 3.527601689594568e-07
1.4575 7.589053372204455e-07
1.4585 5.064279658793729e-11
1.4595 2.3294571123479926e-06
1.4605 8.608341189383234e-07
1.4615 8.100222270740386e-07
1.4625 8.050664815318529e-07
1.4635 1.067719007814306e-06
1.4645 5.0736848638346175e-11
1.4655 1.331968248880097e-06
1.4665 5.076956574952598e-11
1.4675 1.749251490009333e-06
1.4685 1.2460500035033229e-06
1.4695 1.7036568769732063e-06
1.4705 9.076768275666731e-07
1.4715 1.3847619670244948e-06
1.4725 2.8342779608966674e-07
1.4735 7.674543940802975e-07
1.4745 7.709100846256507e-07
1.4755 8.543881401713724e-07
1.4765 1.0806812411539246e-06
1.4775 1.2514740399367496e-06
1.4785 1.72664618378647e-06
1.4795 5.0920735882029455e-11
1.4805 7.79537638690503e-07
1.4815 7.085111401832487e-07
1.4825 1.6105650348040944e-06
1.4835 1.1631077655717893e-07
1.4845 2.0605683039304853e-06
1.4855 5.067817382413308e-07
1.4865 8.218744491789366e-07
1.4875 1.587653075063484e-06
1.4885 1.9772196655400262e-07
1.4895 1.924591806782053e-06
1.4905 1.2898761095319127e-06
1.4915 1.0454997116091333e-06
1.4925 1.6701213788269474e-06
1.4935 7.077684522535945e-07
1.4945 1.2396653746749423e-06
1.4955 2.000648664378978e-06
1.4965 6.451057348354409e-07
1.4975 4.3068961196523795e-07
1.4985 2.27952024726734e-06
1.4995 6.32064747807729e-07
1.5005 2.8712447537018216e-06
1.5015 1.0484790989626764e-06
1.5025 1.6738350107258794e-06
1.5035 2.2713881770253434e-06
1.5045 2.462059209519724e-06
1.5055 5.154371274898138e-11
1.5065 1.0833458604444788e-06
1.5075 2.0965289121103167e-06
1.5085 1.6087274690857904e-08
1.5095 1.2542835832875713e-06
1.5105 1.1930139553999314e-06
1.5115 7.751012074401611e-07
1.5125 2.29185140689548e-06
1.5135 1.8050981424799002e-06
1.5145 8.736337248374426e-07
1.5155 2.0399231205232027e-06
1.5165 5.183627728060665e-11
1.5175 1.6395020849005737e-07
1.5185 1.4511633814310184e-06
1.5195 5.011641253609644e-08
1.5205 4.177430426399536e-07
1.5215 1.9307419564605883e-06
1.5225 5.899474884384147e-07
1.5235 2.1101617713637838e-06
1.5245 8.044875935116563e-07
1.5255 1.227524507684929e-06
1.5265 1.7227749048770589e-06
1.5275 9.834669011220414e-07
1.5285 6.450506101060988e-07
1.5295 6.249119210311638e-07
1.5305 1.684425225333872e-06
1.5315 1.6172013921220222e-06
1.5325 1.1710540930003434e-06
1.5335 1.0866736352981347e-07
1.5345 1.5675647479901355e-06
1.5355 1.3794312154268243e-06
1.5365 7.378381047125403e-07
1.5375 2.1575982630290176e-07
1.5385 2.0984091221360007e-08
1.5395 1.7229371963366906e-06
1.5405 2.2041397211892977e-06
1.5415 4.284473692361985e-07
1.5425 3.552460773589287e-07
1.5435 1.351316650742245e-06
1.5445 5.220609872990454e-11
1.5455 7.079845979357121e-07
1.5465 8.730249751217174e-07
1.5475 2.4953061357082063e-06
1.5485 1.1220659460667994e-07
1.5495 6.908230766526767e-07
1.5505 1.7480284280265325e-06
1.5515 1.0059995936689607e-06
1.5525 6.467624511575898e-07
1.5535 2.8424366656615992e-06
1.5545 7.66093603318115e-07
1.5555 1.3962373818939283e-06
1.5565 4.6475102381481407e-07
1.5575 5.2102552150422516e-11
1.5585 1.5983809370840278e-06
1.5595 2.825233063705842e-06
1.5605 1.0579116503821298e-07
1.5615 1.1776354643092283e-06
1.5625 1.2860939775574626e-06
1.5635 2.603677158837058e-06
1.5645 2.4458516407864217e-07
1.5655 1.6119939532909937e-06
1.5665 1.6539257701827442e-06
1.5675 5.2101478590827776e-11
1.5685 4.4497980373960096e-08
1.5695 8.82147305654752e-07
1.5705 2.0031655034517088e-06
1.5715 5.218864660861368e-11
1.5725 1.1594749455978877e-06
1.5735 5.983163122650002e-07
1.5745 4.234786319520505e-08
1.5755 1.6252564829183647e-07
1.5765 1.3431082823518368e-06
1.5775 4.4973637473045446e-07
1.5785 1.8127311397292704e-06
1.5795 3.753471049143497e-07
1.5805 1.8540127488858644e-06
1.5815 6.131681421680606e-07
1.5825 1.238961065255378e-06
1.5835 1.9009596766632648e-06
1.5845 3.6764567549912287e-07
1.5855 2.3207454937629304e-06
1.5865 1.2234441052046559e-06
1.5875 2.401148521890328e-06
1.5885 1.3229996427837203e-06
1.5895 5.077114906360654e-07
1.5905 1.981607930440234e-06
1.5915 4.2550945623875973e-07
1.5925 1.2547325115200671e-06
1.5935 5.810650165332413e-07
1.5945 1.3911833936641332e-06
1.5955 5.054993199254892e-07
1.5965 4.2139316468822717e-07
1.5975 1.326886719897938e-06
1.5985 9.697964531061639e-07
1.5995 7.079713492579674e-07
1.6005 5.951692610775529e-07
1.6015 8.669928775537266e-07
1.6025 5.147237797448379e-07
1.6035 1.1234994825680725e-06
1.6045 2.2178833124680696e-06
1.6055 4.289515013032084e-08
1.6065 1.0433256089256494e-06
1.6075 1.517397418624241e-06
1.6085 3.335253580927947e-07
1.6095 1.498432616597075e-06
1.6105 1.4708860322346014e-06
1.6115 1.1829927955039242e-06
1.6125 3.19156693045611e-06
1.6135 1.3642812547582253e-06
1.6145 2.4216636138889993e-06
1.6155 1.3945683976655944e-06
1.6165 2.7951858846922122e-06
1.6175 2.8015843024485904e-06
1.6185 2.8340698118766897e-06
1.6195 1.2522090579606192e-06
1.6205 3.2180528847257488e-06
1.6215 1.5611124357610706e-06
1.6225 3.5115896833232434e-06
1.6235 4.3858141232212654e-06
1.6245 4.130080189623129e-06
1.6255 5.955028602001303e-06
1.6265 5.844444750035076e-06
1.6275 4.532589521739289e-06
1.6285 7.027037954081815e-06
1.6295 8.699232645912218e-06
1.6305 8.861541912113984e-06
1.6315 9.607387199090261e-06
1.6325 8.335936810009165e-06
1.6335 1.0873197103661908e-05
1.6345 9.975028296581626e-06
1.6355 1.2665869574383157e-05
1.6365 1.307671686884309e-05
1.6375 1.4189207848994186e-05
1.6385 1.6212157162300813e-05
1.6395 1.7355902988700908e-05
1.6405 1.537611972582819e-05
1.6415 1.9597956469494714e-05
1.6425 1.9423066688560778e-05
1.6435 2.235107613492625e-05
1.6445 2.3532534649565368e-05
1.6455 2.6393960477146977e-05
1.6465 2.7645666831345076e-05
1.6475 2.8615308329843163e-05
1.6485 2.8706970336902828e-05
1.6495 3.141359037627087e-05
1.6505 3.251012380927773e-05
1.6515 3.553747650743736e-05
1.6525 3.830577440560287e-05
1.6535 4.377521973797137e-05
1.6545 4.752988257242348e-05
1.6555 4.6696426763135994e-05
1.6565 5.1753038170610326e-05
1.6575 6.057829106756538e-05
1.6585 6.538095739171018e-05
1.6595 7.198209767077962e-05
1.6605 8.208309231451738e-05
1.6615 9.150914403149616e-05
1.6625 0.00010376289746161879
1.6635 0.00011874814565243955
1.6645 0.0001350684533985171
1.6655 0.0001568967595058831
1.6665 0.00017846796658477785
1.6675 0.00021192467855132667
1.6685 0.00024328181392626512
1.6695 0.00028010654057062837
1.6705 0.0003242910649940764
1.6715 0.0003708639924296414
1.6725 0.0004238701104677656
1.6735 0.00048133374986108926
1.6745 0.0005541876853396242
1.6755 0.0006357970359940293
1.6765 0.0007206202362543845
1.6775 0.0008097405077966736
1.6785 0.0008884339181127587
1.6795 0.001011236359182497
1.6805 0.0011323470966995422
1.6815 0.0012672425043578003
1.6825 0.0014122776560566868
1.6835 0.0015580259494718997
1.6845 0.0017302129627652645
1.6855 0.0018930995935555043
1.6865 0.0021149971532391223
1.6875 0.0023191735938118165
1.6885 0.0025575114488959926
1.6895 0.0029045461876919336
1.6905 0.0031931856917244367
1.6915 0.0036077641136156727
1.6925 0.004025354754920994
1.6935 0.004585044474235651
1.6945 0.005277144547775975
1.6955 0.00592447216042658
1.6965 0.006917584232913417
1.6975 0.008284652555710205
1.6985 0.009805481290295074
1.6995 0.011896228327685075
1.7005 0.013886019089560341
1.7015 0.016881467856435746
1.7025 0.020547517451346115
1.7035 0.024412933025431138
1.7045 0.027499542804019464
1.7055 0.030238871570439967
1.7065 0.03369766841820457
1.7075 0.03707368673660492
1.7085 0.041829216582758
1.7095 0.048007971682950526
1.7105 0.051725331452280573
1.7115 0.06085649385120423
1.7125 0.06802607963628005
1.7135 0.08044992212949649
1.7145 0.09101699048603686
1.7155 0.10999301460010769
1.7165 0.12917481260034003
1.7175 0.15328151046437838
1.7185 0.18360001013854427
1.7195 0.20509754537499733
1.7205 0.2400022069547629
1.7215 0.273543759192505
1.7225 0.3095829181124798
1.7235 0.33804906764838705
1.7245 0.35718702964705207
1.7255 0.38503865160032336
1.7265 0.394417135168319
1.7275 0.40078838712426307
1.7285 0.4111583921131259
1.7295 0.41766646203484864
1.7305 0.41716225593492323
1.7315 0.4344130087731489
1.7325 0.43763252456145524
1.7335 0.4444785111936006
1.7345 0.4531361781738229
1.7355 0.4616414583637387
1.7365 0.4709269091417999
1.7375 0.4852091681745183
1.7385 0.4855674357619669
1.7395 0.4940992132171729
1.7405 0.503169395963709
1.7415 0.5027862087677409
1.7425 0.51568262520166
1.7435 0.5203149455376322
1.7445 0.5122043510410408
1.7455 0.5227762943219494
1.7465 0.5203816993657971
1.7475 0.5178192942678735
1.7485 0.5172692607209313
1.7495 0.5095194394177733
1.7505 0.5317944331900223
1.7515 0.518975706814129
1.7525 0.5213830366359757
1.7535 0.5190877984837361
1.7545 0.520882421643359
1.7555 0.5208901475912777
1.7565 0.5306877432937518
1.7575 0.5274998441915155
1.7585 0.5297239628576962
1.7595 0.5256384827452147
1.7605 0.5297358499642575
1.7615 0.5347866249235963
1.7625 0.5338292584854218
1.7635 0.5329639876590586
1.7645 0.5246733587909128
1.7655 0.5309959663066843
1.7665 0.5390632888073462
1.7675 0.536324704732972
1.7685 0.5353686124225936
1.7695 0.5269558812353199
1.7705 0.5316663085935822
1.7715 0.5382367577039655
1.7725 0.5308149297216985
1.7735 0.5236277533500586
1.7745 0.5289279601884402
1.7755 0.5277588183188345
1.7765 0.5215437201747866
1.7775 0.5349022657586631
1.7785 0.5179912480377971
1.7795 0.5291405648417269
1.7805 0.5272978864270225
1.7815 0.5221990148496555
1.7825 0.5184057803293882
1.7835 0.5231948537847144
1.7845 0.525278867534003
1.7855 0.5203563381235934
1.7865 0.5124195631223731
1.7875 0.5142007848316772
1.7885 0.5210281569941103
1.7895 0.5105605519406355
1.7905 0.5107089824571684
1.7915 0.5089553744637078
1.7925 0.5110089874446768
1.7935 0.5109936475906027
1.7945 0.5007345659071456
1.7955 0.5120535329835727
1.7965 0.5088713026585412
1.7975 0.5041292739670877
1.7985 0.5026816796592355
1.7995 0.5097310056298656
1.8005 0.5096576645620485
1.8015 0.5090504212445894
1.8025 0.5159593920695651
1.8035 0.5122225541599167
1.8045 0.5034860169023041
1.8055 0.5096457907371987
1.8065 0.5185081937959402
1.8075 0.5293663539476816
1.8085 0.5208788613958109
1.8095 0.5241767042287347
1.8105 0.5277682414096392
1.8115 0.5290281341227643
1.8125 0.5231162883744276
1.8135 0.533835067259349
1.8145 0.5243548368126312
1.8155 0.5335424800670191
1.8165 0.5357229293004655
1.8175 0.5373703321265222
1.8185 0.5325411902304121
1.8195 0.5469504452383861
1.8205 0.5375820896168542
1.8215 0.5372837030450288
1.8225 0.5389316227732499
1.8235 0.5418073982641116
1.8245 0.5388191413272139
1.8255 0.5382817966087114
1.8265 0.5453421263004941
1.8275 0.538090901054915
1.8285 0.5380844478544442
1.8295 0.5360432539281574
1.8305 0.5345909227000492
1.8315 0.5521335305916409
1.8325 0.5360575280387395
1.8335 0.5327620180725747
1.8345 0.5429777376623931
1.8355 0.5325266509910129
1.8365 0.5375529260671945
1.8375 0.5364420257474257
1.8385 0.5294886413427672
1.8395 0.5321655817176125
1.8405 0.5341783559194785
1.8415 0.5276350667336615
1.8425 0.5285914281638795
1.8435 0.5345179391715456
1.8445 0.5235476371686392
1.8455 0.5287037021593991
1.8465 0.5161937671050725
1.8475 0.5280512327841942
1.8485 0.5197204571014814
1.8495 0.5215178538213965
1.8505 0.5200952141008208
1.8515 0.517535731890272
1.8525 0.5148222686284495
1.8535 0.5159993434962036
1.8545 0.510289096345971
1.8555 0.5118855872609147
1.8565 0.5164640001982439
1.8575 0.5141237718685723
1.8585 0.5161454709382578
1.8595 0.5177571481983684
1.8605 0.514393014403332
1.8615 0.5145370939907097
1.8625 0.5148516229997684
1.8635 0.5140059528167942
1.8645 0.5197260358018625
1.8655 0.5192948821628657
1.8665 0.5240455446785706
1.8675 0.5251068024527127
1.8685 0.5273288673058543
1.8695 0.5305530702944827
1.8705 0.5328375894492547
1.8715 0.5273981734487306
1.8725 0.534320711677189
1.8735 0.5370965435428292
1.8745 0.5437180079595876
1.8755 0.5457413637671097
1.8765 0.5341657719783228
1.8775 0.5485314965183714
1.8785 0.5404515264024806
1.8795 0.5449689176770633
1.8805 0.5416303774284084
1.8815 0.5447974746520363
1.8825 0.5440541337048403
1.8835 0.5436423383784758
1.8845 0.5470939800841792
1.8855 0.5425556679107355
1.8865 0.5423533304734933
1.8875 0.5491654950866145
1.8885 0.5410640034813838
1.8895 0.5440000944962211
1.8905 0.5396533466511666
1.8915 0.5387471767901226
1.8925 0.5469597416669685
1.8935 0.5359660053280008
1.8945 0.536646882764388
1.8955 0.5382037389697094
1.8965 0.5349142867611381
1.8975 0.5395353001691036
1.8985 0.5331454071632589
1.8995 0.5274970427325212
1.9005 0.530957146732073
1.9015 0.5315998092086757
1.9025 0.5273479856602739
1.9035 0.5191218787476874
1.9045 0.5295968895265697
1.9055 0.5204856093219016
1.9065 0.5241388999932783
1.9075 0.5173716867728332
1.9085 0.5276396845013509
1.9095 0.5256092133901774
1.9105 0.518963973665719
1.9115 0.5258282589474517
1.9125 0.5182020979727904
1.9135 0.5195831434039685
1.9145 0.5177750279983964
1.9155 0.522777796337536
1.9165 0.526266052825688
1.9175 0.5224818000871201
1.9185 0.5203569025474646
1.9195 0.5260457362046964
1.9205 0.5189886397045524
1.9215 0.5320097313175719
1.9225 0.5259755811605018
1.9235 0.5273870224874722
1.9245 0.5278800006565287
1.9255 0.533956487790099
1.9265 0.5310974309813121
1.9275 0.536047200104043
1.9285 0.5376311678816286
1.9295 0.5434128236601192
1.9305 0.5360244342931553
1.9315 0.5451399375445516
1.9325 0.529523829503082
1.9335 0.5462613326001957
1.9345 0.5474135845281991
1.9355 0.5355787311108385
1.9365 0.5435865844392143
1.9375 0.5358674698786876
1.9385 0.5467342587744481
1.9395 0.5432308402179656
1.9405 0.5385306703705182
1.9415 0.5426034941862976
1.9425 0.5350651713813085
1.9435 0.5482738370793852
1.9445 0.5432881095340811
1.9455 0.5499307745673423
1.9465 0.5451128799801163
1.9475 0.5410962431388934
1.9485 0.5466816765567915
1.9495 0.5434557184017214
1.9505 0.5382933956240594
1.9515 0.548728930439512
1.9525 0.5408950826175944
1.9535 0.5296720027033243
1.9545 0.5360376434530775
1.9555 0.5232167262694122
1.9565 0.515930544033903
1.9575 0.5006074780107713
1.9585 0.47918728294132473
1.9595 0.46678231068146825
1.9605 0.4412683211727527
1.9615 0.42557113204876584
1.9625 0.4090987485483292
1.9635 0.3818574831157766
1.9645 0.3545257298680047
1.9655 0.32795540986697064
1.9665 0.3054247544210405
1.9675 0.27508709848146895
1.9685 0.2545421111312645
1.9695 0.22817921091569165
1.9705 0.20616313376123835
1.9715 0.18596851455861696
1.9725 0.1671657000025771
1.9735 0.15225746819084068
1.9745 0.13524002160194126
1.9755 0.12182091972283225
1.9765 0.11412154478566064
1.9775 0.10017480281742358
1.9785 0.09295265014638873
1.9795 0.08384018631426382
1.9805 0.07589923773377605
1.9815 0.068262896130619
1.9825 0.061512376640477706
1.9835 0.05372449384476127
1.9845 0.048884905402291456
1.9855 0.04289631139724692
1.9865 0.03723993282185027
1.9875 0.031805088761199904
1.9885 0.02899320688089516
1.9895 0.02447492096393907
1.9905 0.022200671087381076
1.9915 0.01904390973790831
1.9925 0.01669670738861586
1.9935 0.014528640585106608
1.9945 0.01263395752278118
1.9955 0.01107775452603696
1.9965 0.009387004949153514
1.9975 0.00864496500358915
1.9985 0.007258944776024735
1.9995 0.006501348077750751
2.0005 0.0057061805710534735
2.0015 0.005126663424296109
2.0025 0.004419011452830225
2.0035 0.0039335489828856585
2.0045 0.0035174879020779186
2.0055 0.0031155234018596456
2.0065 0.002741719669164154
2.0075 0.0024553500643664508
2.0085 0.0021621948112243144
2.0095 0.001987891112696826
2.0105 0.0017465441284131595
2.0115 0.0015933841622213787
2.0125 0.0014325880150637084
2.0135 0.0012788581853420025
2.0145 0.001160105652731999
2.0155 0.0010254645832340004
2.0165 0.0009723366071936651
2.0175 0.0008846170416006352
2.0185 0.0007888852651877696
2.0195 0.0007106650121008135
2.0205 0.0006654576933108841
2.0215 0.0005995088195707678
2.0225 0.0005549333851714933
2.0235 0.0005115228873407943
2.0245 0.00047254511718076503
2.0255 0.0004231076601399767
2.0265 0.0003994428587648155
2.0275 0.00036601910494615114
2.0285 0.0003441373319675586
2.0295 0.00032075331847292155
2.0305 0.0003011281578706181
2.0315 0.00027261399914163477
2.0325 0.000265563849349744
2.0335 0.00024162211301329332
2.0345 0.0002266981152868429
2.0355 0.00020739236963924958
2.0365 0.00020068132543000727
2.0375 0.00018194783938859824
2.0385 0.00016905212788171666
2.0395 0.00016017742919091345
2.0405 0.00015807584656711392
2.0415 0.00014981815573700806
2.0425 0.00013852396763545987
2.0435 0.00012976966196253322
2.0445 0.00012529079205859679
2.0455 0.0001098568710009488
2.0465 0.00010211420662698518
2.0475 9.61236783010067e-05
2.0485 9.548089637759716e-05
2.0495 8.097102273386402e-05
2.0505 8.197863726981547e-05
2.0515 7.87978495274533e-05
2.0525 6.806892438403239e-05
2.0535 6.253626425405497e-05
2.0545 6.720446910339146e-05
2.0555 5.438271717763978e-05
2.0565 5.909831605967852e-05
2.0575 5.74013644661508e-05
2.0585 3.7671306926954385e-05
2.0595 4.264215375263034e-05
2.0605 4.569604870990937e-05
2.0615 4.105019247500965e-05
2.0625 4.346174823874957e-05
2.0635 4.103427279618931e-05
2.0645 1.86288444554318e-05
2.0655 3.544601560137871e-05
2.0665 3.3101291186201284e-05
2.0675 2.7453593487512864e-05
2.0685 2.0077397002726223e-05
2.0695 2.460920618906971e-05
2.0705 2.523268617788022e-05
2.0715 2.390729668142836e-05
2.0725 1.2790178055481832e-05
2.0735 1.633743947588492e-05
2.0745 1.1671525842409764e-05
2.0755 1.3878248113840449e-05
2.0765 4.079897858683291e-06
2.0775 1.8609596061285264e-05
2.0785 2.043082248524861e-05
2.0795 1.3984500679420233e-05
2.0805 3.7918449459462202e-06
2.0815 1.1767700031201271e-05
2.0825 1.1156332935973553e-05
2.0835 1.2625164871109244e-05
2.0845 9.18790149031284e-06
2.0855 9.96036521846425e-06
2.0865 9.927468582088507e-06
2.0875 1.9590163043381094e-06
2.0885 4.499727858997149e-06
2.0895 1.640831280635381e-05
2.0905 6.274744075115056e-06
2.0915 7.140577607069151e-06
2.0925 2.0837759654577817e-06
2.0935 1.0720601273697997e-05
2.0945 3.898417250013492e-06
2.0955 3.1233208769532773e-06
2.0965 6.939752596012158e-06
2.0975 6.5106478294917e-06
2.0985 5.6518583865710186e-11
2.0995 1.0626988360415987e-05
2.1005 2.5940198099614064e-06
2.1015 2.900982089457996e-06
2.1025 3.9972746503122206e-06
2.1035 1.1705603152892606e-05
2.1045 8.896237418599367e-06
2.1055 3.897406856202719e-06
2.1065 6.537677064769842e-06
2.1075 2.1049289848813827e-06
2.1085 4.006707209987057e-06
2.1095 4.490285177424045e-06
2.1105 6.7319991605259605e-06
2.1115 1.328516108061328e-05
2.1125 8.700423046982964e-07
2.1135 9.357165181855974e-07
2.1145 9.223826296613126e-06
2.1155 6.093796516006264e-06
2.1165 5.87072079217321e-06
2.1175 6.4943712101763425e-06
2.1185 8.308061313579831e-07
2.1195 7.572799882346896e-06
2.1205 6.6166770147027286e-06
2.1215 4.703948417274911e-06
2.1225 9.774053727237657e-06
2.1235 1.0409557744075742e-06
2.1245 7.009501777253308e-06
2.1255 1.1569069133256866e-05
2.1265 5.603346350135695e-06
2.1275 5.108412773933656e-06
2.1285 5.651190671886056e-11
2.1295 5.1132758007064815e-06
2.1305 9.723601254530122e-06
2.1315 1.2427882079344667e-05
2.1325 1.6118592354513128e-05
2.1335 5.6552739345751866e-11
2.1345 3.581435582728123e-06
2.1355 3.335707831355903e-06
2.1365 6.902408027025631e-06
2.1375 4.160212201160586e-06
2.1385 3.447657038257062e-06
2.1395 9.201871615421874e-06
2.1405 2.19486233214073e-06
2.1415 2.623794851885125e-07
2.1425 3.6194682169791554e-06
2.1435 2.7853845747960494e-06
2.1445 5.656893349086727e-06
2.1455 5.663358810092854e-11
2.1465 2.1595479596732483e-06
2.1475 5.741546485351992e-07
2.1485 5.895515547461117e-06
2.1495 4.5322295656298167e-07
2.1505 5.3129975451655565e-06
2.1515 5.66931115046204e-11
2.1525 4.196358006522499e-06
2.1535 1.896971473979372e-06
2.1545 1.4666144814045306e-06
2.1555 8.374917774074096e-06
2.1565 1.998118162121505e-06
2.1575 7.398087775828233e-07
2.1585 5.299445389946644e-06
2.1595 1.5161364376239534e-06
2.1605 5.607033547489851e-06
2.1615 8.961046094205514e-06
2.1625 1.9423791076115704e-06
2.1635 7.447038203333786e-06
2.1645 1.1988362618860562e-06
2.1655 1.1154858104129882e-06
2.1665 5.652999016331025e-11
2.1675 1.3621378770002949e-05
2.1685 1.603339001926613e-05
2.1695 3.485606710417258e-07
2.1705 6.513709699564763e-06
2.1715 2.8893516403035984e-06
2.1725 1.7640782509098132e-06
2.1735 9.179097444275794e-06
2.1745 6.080630909075091e-06
2.1755 1.8041924756088286e-06
2.1765 2.3605755019471e-06
2.1775 3.0232973264728754e-06
2.1785 4.748242983860881e-06
2.1795 5.6314084654174394e-11
2.1805 3.7881554753004586e-06
2.1815 6.305698637818219e-06
2.1825 5.238671217188698e-06
2.1835 2.3139726034832654e-06
2.1845 3.777782433774131e-06
2.1855 1.8127452008973163e-06
2.1865 5.30677920986294e-06
2.1875 5.364714931166168e-06
2.1885 7.559842430371115e-06
2.1895 1.0544215710452176e-06
2.1905 2.697539562128146e-06
2.1915 2.230605904861044e-06
2.1925 3.1401614513362882e-06
2.1935 5.634279145985387e-11
2.1945 4.863686699855002e-06
2.1955 6.549691578305059e-06
2.1965 7.404800704193205e-06
2.1975 1.3177676315184045e-05
2.1985 5.643248697855295e-11
2.1995 1.3714592246585943e-05
2.2005 2.6288307260551706e-06
2.2015 9.884321181211029e-06
2.2025 1.2998335881825923e-05
2.2035 5.642987952086843e-11
2.2045 4.429363870282806e-06
2.2055 6.126433861980722e-06
2.2065 9.416926784834238e-06
2.2075 4.88444409465542e-07
2.2085 5.4778533054290375e-06
2.2095 1.8657234757513393e-06
2.2105 9.48754281892798e-06
2.2115 5.9767943916927025e-06
2.2125 2.3595900705560255e-06
2.2135 6.5053793453295334e-06
2.2145 4.82815928545496e-06
2.2155 2.890211204294144e-05
2.2165 5.6206574932696565e-11
2.2175 1.2805133047845714e-05
2.2185 1.1427995352083111e-05
2.2195 1.910631403700507e-05
2.2205 4.718787033842097e-06
2.2215 7.524026095282652e-06
2.2225 8.415630193392735e-06
2.2235 1.967331104769969e-06
2.2245 2.6901787277314283e-06
2.2255 1.2282585569428282e-05
2.2265 7.0347159733719415e-06
2.2275 1.5048070986192289e-05
2.2285 5.559158812598108e-11
2.2295 4.570505366110087e-06
2.2305 3.868907951631297e-06
2.2315 5.578198254077488e-11
2.2325 5.61908160747348e-06
2.2335 8.049107444792752e-06
2.2345 6.339237306881922e-06
2.2355 1.1317322313352066e-05
2.2365 6.372703514986397e-06
2.2375 6.807335512458973e-06
2.2385 1.0661397933970564e-05
2.2395 5.625691600185037e-11
2.2405 2.6961534361822865e-05
2.2415 7.447945027294661e-06
2.2425 1.2572383588448595e-05
2.2435 7.43762256107733e-08
2.2445 1.1383931697633394e-05
2.2455 5.625523592947436e-11
2.2465 1.5513622498365265e-05
2.2475 3.0912824421201618e-06
2.2485 6.6527724849200385e-06
2.2495 1.2259269790695126e-05
2.2505 7.366298456299031e-06
2.2515 1.4852990747276655e-05
2.2525 1.1495858293925255e-05
2.2535 1.0288865373877307e-05
2.2545 5.6890059972762426e-06
2.2555 1.1479469689595894e-06
2.2565 1.0267231181576077e-06
2.2575 5.86985934081396e-06
2.2585 9.353106751496298e-06
2.2595 9.90535503163631e-07
2.2605 1.5684257802090637e-05
2.2615 2.2074707466541636e-06
2.2625 8.716974783693984e-06
2.2635 5.500931844615336e-11
2.2645 1.533365339207977e-05
2.2655 3.284210345350446e-07
2.2665 1.516064396862545e-05
2.2675 5.060154364431268e-07
2.2685 2.342078665690436e-06
2.2695 9.93828297052962e-06
2.2705 5.1359368131646664e-06
2.2715 3.5659766817021978e-06
2.2725 4.374892615560605e-06
2.2735 6.351197437427111e-06
2.2745 4.059692883951758e-06
2.2755 1.3453120447384629e-05
2.2765 5.5396360434799414e-11
2.2775 2.4057712822971554e-06
2.2785 4.184395803612187e-06
2.2795 5.540446413789715e-11
2.2805 8.253079789103546e-06
2.2815 3.58892072245576e-06
2.2825 4.448471842105405e-06
2.2835 3.994714165310775e-06
2.2845 6.168049954258681e-06
2.2855 2.8628466986400017e-07
2.2865 5.240772002558598e-07
2.2875 4.250694851324795e-07
2.2885 4.462824201171394e-06
2.2895 3.3750135306884714e-06
2.2905 5.264305433269411e-06
2.2915 5.5241527743233384e-11
2.2925 6.129685475975411e-06
2.2935 8.794857716620501e-07
2.2945 5.514576274769198e-11
2.2955 2.0291101720729315e-06
2.2965 3.6357855508386905e-07
2.2975 2.05208692973437e-06
2.2985 4.31575087104714e-07
2.2995 5.4794550142415145e-11
2.3005 1.4301523750303725e-06
2.3015 6.319371459093515e-06
2.3025 2.235348040468773e-06
2.3035 5.4268120898576895e-11
2.3045 8.585807875292206e-07
2.3055 1.6327922335691673e-06
2.3065 2.8396039735813487e-07
2.3075 3.419060389899169e-06
2.3085 5.319808100252137e-11
2.3095 4.882901894120955e-07
2.3105 6.612016216996581e-06
2.3115 1.687566407880772e-06
2.3125 1.9107649178161146e-06
2.3135 2.3996307000875437e-06
2.3145 1.4358850287559714e-06
2.3155 5.281755494835872e-07
2.3165 4.956470838802649e-11
2.3175 2.15032999057379e-06
2.3185 4.798442309772603e-11
2.3195 1.1681895249160236e-06
2.3205 2.872739796306341e-06
2.3215 9.020646140074895e-07
2.3225 3.8496404464153114e-07
2.3235 5.029790046097655e-07
2.3245 1.1791195143331047e-06
2.3255 1.2827798803774558e-06
2.3265 1.538410856184699e-06
2.3275 2.6177633277495083e-06
2.3285 3.604153910803572e-11
2.3295 3.472783304465949e-11
2.3305 1.5716561523111435e-06
2.3315 8.415768777698793e-07
2.3325 3.0408888099724035e-07
2.3335 2.936884868082825e-11
2.3345 1.61986860210723e-06
2.3355 1.118715060483826e-06
2.3365 2.4725162526851706e-06
2.3375 2.4387241050437425e-11
2.3385 2.3359891178092987e-11
2.3395 1.78342738388602e-06
2.3405 9.788085579675497e-07
2.3415 9.263191932801267e-07
2.3425 1.4879061941052271e-06
2.3435 8.674017900339097e-07
2.3445 4.600511273501164e-07
2.3455 1.9360456916287013e-06
2.3465 8.116810684001455e-08
2.3475 3.0517661219904284e-06
2.3485 2.7994780595867873e-06
2.3495 1.9314763443765657e-11
2.3505 7.03621014092264e-07
2.3515 8.864060484712634e-07
2.3525 1.0187797264892264e-06
2.3535 6.186581387802193e-07
2.3545 1.5470867247439953e-06
2.3555 1.7193549275510229e-07
2.3565 2.1746947037172897e-07
2.3575 5.672697454430195e-07
2.3585 6.659526341464393e-07
2.3595 8.670448330978058e-08
2.3605 3.5495003142389726e-07
2.3615 5.734496180543386e-07
2.3625 2.4750387922036293e-07
2.3635 9.725833460829486e-07
2.3645 1.0643273943365273e-11
2.3655 4.2477186624604126e-07
2.3665 8.595112052428456e-12
2.3675 1.0733005395407332e-07
2.3685 1.0418028090347305e-07
2.3695 1.7558833056432573e-07
2.3705 3.9343234112433953e-07
2.3715 3.304936871846649e-07
2.3725 3.558468863316299e-12
2.3735 1.8649240410414433e-07
2.3745 6.481843608582944e-08
2.3755 6.070437883262251e-08
2.3765 7.643378545563805e-08
2.3775 4.3662490674411485e-08
2.3785 1.4060086522389775e-08
2.3795 1.250612763026499e-07
2.3805 1.6390140256844035e-07
2.3815 1.1775515971779627e-07
2.3825 1.4952645208014437e-12
2.3835 2.6462106298897035e-07
2.3845 1.0584383467055377e-08
2.3855 1.9831145064830917e-07
2.3865 4.5427354523874195e-08
2.3875 1.2257487123581557e-07
2.3885 2.5655370154862365e-08
2.3895 8.561363298547512e-09
2.3905 2.753189093634426e-08
2.3915 3.613169049391834e-08
2.3925 6.286689533241396e-08
2.3935 2.186423592062143e-08
2.3945 1.027008124061063e-08
2.3955 2.3400230616664118e-08
2.3965 5.8276391333563025e-08
2.3975 4.054355515517043e-13
2.3985 3.647603128944297e-13
2.3995 3.109214746165567e-08
2.4005 1.3664823235073414e-08
2.4015 1.7321375124702484e-09
2.4025 2.0107421238183396e-08
2.4035 3.1437953774291213e-09
2.4045 1.8192450300880182e-13
2.4055 2.3596551619052595e-08
2.4065 1.5565571903633698e-08
2.4075 1.0836824918321706e-09
2.4085 7.160277584519667e-09
2.4095 4.204482504493664e-09
2.4105 8.374511357120086e-09
2.4115 8.196399496193205e-09
2.4125 4.940420726440793e-10
2.4135 2.3103094557205353e-09
2.4145 6.695863668005259e-10
2.4155 4.1125642654521307e-14
2.4165 2.0335463667499664e-10
2.4175 7.469524916729901e-10
2.4185 2.320053612549201e-09
2.4195 4.400926933002449e-09
2.4205 2.062061456752023e-14
2.4215 1.8069182439220594e-14
2.4225 1.3992356907011907e-10
2.4235 1.0588980284077243e-09
2.4245 1.1631399481088597e-10
2.4255 9.686874240682504e-10
2.4265 3.273182974132246e-09
2.4275 8.652889089448834e-15
2.4285 2.1848787392253685e-11
2.4295 1.0022252360267038e-10
2.4305 9.172774540277742e-10
2.4315 5.5661879833846395e-15
2.4325 4.937059102582552e-10
2.4335 5.4076163563160275e-11
2.4345 4.056441518236633e-15
2.4355 3.65351610618477e-15
2.4365 4.077854178801026e-10
2.4375 2.1581793485538325e-10
2.4385 2.1439670677294582e-10
2.4395 2.3936064711697313e-15
2.4405 2.565381220311825e-10
2.4415 3.6731736003631996e-10
2.4425 1.7221528966464569e-15
2.4435 6.521475783582889e-11
2.4445 5.516740900254218e-11
2.4455 1.2187041920160866e-15
2.4465 1.5394692250383573e-10
2.4475 3.1929045630079187e-10
2.4485 4.64174003806016e-11
2.4495 7.566742839748039e-16
2.4505 1.2492052381708572e-10
2.4515 6.250994115312799e-16
2.4525 6.598230767743898e-11
2.4535 2.0148044125908907e-11
2.4545 7.004326185629299e-11
2.4555 4.175454397700301e-16
2.4565 1.740889922531782e-11
2.4575 8.77722072318484e-12
2.4585 3.039975402097389e-16
2.4595 2.3096448899410083e-11
2.4605 7.621107706156215e-11
2.4615 1.6614617518513673e-11
2.4625 2.2544662850348122e-11
2.4635 1.7613934899195035e-16
2.4645 5.379725068954352e-11
2.4655 9.680203192705818e-12
2.4665 5.7173444073396165e-12
2.4675 6.337315809671259e-12
2.4685 2.023239729832419e-11
2.4695 7.144343278179976e-12
2.4705 1.8233178333867063e-11
2.4715 4.931607552731502e-12
2.4725 1.4593066768419768e-12
2.4735 4.604558486602085e-12
2.4745 6.030303473910141e-12
2.4755 4.4439094715303486e-17
2.4765 6.332031657639881e-12
2.4775 1.4863932050466248e-12
2.4785 1.2858399677272323e-12
2.4795 1.1267464415530584e-12
2.4805 3.979961339155168e-12
2.4815 1.371329816557812e-12
2.4825 2.0274035027018426e-17
2.4835 1.1065113825812665e-12
2.4845 1.1335916110553799e-12
2.4855 5.801295142205194e-12
2.4865 1.3217785284408448e-17
2.4875 6.775216172409657e-13
2.4885 1.637023586772159e-12
2.4895 9.794989932879529e-18
2.4905 2.309593634840076e-13
2.4915 1.0996631770333424e-12
2.4925 4.280207311217611e-13
2.4935 2.1050842374661674e-12
2.4945 4.4598388120238946e-13
2.4955 6.576974187909645e-13
2.4965 2.861241805133339e-13
2.4975 4.3594108321469956e-18
2.4985 8.676004834646316e-13
2.4995 2.864653784168131e-14
2.5005 4.142245650439299e-13
2.5015 2.9833907274318398e-18
2.5025 5.861915572367061e-13
2.5035 5.89894658369858e-13
2.5045 4.890875634613477e-14
2.5055 1.1335386032447654e-13
2.5065 2.812949781465687e-13
2.5075 6.846872849748495e-13
2.5085 1.5863787871630911e-18
2.5095 8.866949289789768e-13
2.5105 1.3328184695210377e-18
2.5115 3.138088307306302e-13
2.5125 3.549713839115279e-14
2.5135 9.377403443680646e-14
2.5145 3.6164543049552023e-14
2.5155 8.702079219620545e-19
2.5165 3.819167586704909e-13
2.5175 7.357536891295564e-19
2.5185 6.767903367506886e-19
2.5195 1.2087203883291029e-13
2.5205 5.729578610842756e-19
2.5215 5.310036986523589e-14
2.5225 4.849729017076433e-19
2.5235 4.460713499395796e-19
2.5245 1.7949405561816136e-13
2.5255 1.0813189864491771e-13
2.5265 3.4746525057766073e-19
2.5275 3.19595999707479e-19
2.5285 1.727133751197445e-14
2.5295 5.1040041667665e-14
2.5305 2.482998783169994e-19
2.5315 4.111912714870055e-14
2.5325 3.954992371655002e-15
2.5335 1.0490664685256597e-13
2.5345 3.762671933690903e-14
2.5355 1.6181698400298592e-19
2.5365 1.4833105900644678e-19
2.5375 2.103489983106653e-14
2.5385 7.496366261172115e-15
2.5395 1.1388958374564889e-19
2.5405 7.540834844587576e-15
2.5415 5.986600505664812e-15
2.5425 1.2069476905409799e-14
2.5435 5.173900016885873e-15
2.5445 6.00144599780761e-15
2.5455 3.7220519837574986e-15
2.5465 2.694927276747924e-14
2.5475 5.490106380815272e-20
2.5485 4.9983008850127475e-20
2.5495 1.8120336450399066e-14
2.5505 5.384273935954259e-15
2.5515 5.472864315511825e-15
2.5525 3.3973370101635594e-20
2.5535 3.078238272546348e-20
2.5545 2.787661298302366e-20
2.5555 3.430213425631229e-15
2.5565 3.1310817332722775e-15
2.5575 8.005970911499435e-15
2.5585 5.5261702072535e-15
2.5595 1.6854681371822595e-20
2.5605 1.8713401184909915e-16
2.5615 2.2097141887092597e-15
2.5625 1.239540307249306e-20
2.5635 7.734142489780925e-16
2.5645 2.6267144152451133e-15
2.5655 6.292731713016632e-15
2.5665 8.183834447354056e-21
2.5675 8.226525984697946e-16
2.5685 2.58598962689886e-15
2.5695 4.064316774360147e-16
2.5705 5.374887588932884e-21
2.5715 2.955415726652697e-15
2.5725 2.83002471440541e-16
2.5735 7.946846390117525e-16
2.5745 3.514778397540457e-21
2.5755 1.3613857067908154e-15
2.5765 4.1678064576637775e-16
2.5775 2.549692232291837e-21
2.5785 2.2899803439816986e-21
2.5795 2.0751409001465627e-15
2.5805 1.8460658343585836e-21
2.5815 1.7238798755858007e-16
2.5825 1.4848527604225733e-21
2.5835 1.3283844094697437e-21
2.5845 1.0636209382764929e-15
2.5855 1.0616999783229865e-21
2.5865 3.2351523849079556e-17
2.5875 7.232117714910143e-17
2.5885 6.562921814880082e-16
2.5895 6.759299529124823e-22
2.5905 3.5682252664197925e-16
2.5915 5.382500062120224e-22
2.5925 4.800009939886101e-22
2.5935 4.278532638342633e-22
2.5945 3.809584058699333e-22
2.5955 3.3902124125167046e-22
2.5965 1.5979541799465695e-16
2.5975 2.912928408313169e-17
2.5985 2.3849250001579724e-22
2.5995 2.118283800354752e-22
2.6005 1.4340185081506922e-16
