microns throughput
2.0004663860000003 4.651326452603828e-12
2.002074478 4.731500089792686e-12
2.00368257 4.542036630937503e-12
2.005290662 4.0913618311195855e-12
2.006898754 3.733502129783253e-12
2.008506846 3.395575223373479e-12
2.010114938 2.9898182272248457e-12
2.01172303 2.6180713053645675e-12
2.013331122 2.3911471928367572e-12
2.014939214 2.3188028107424708e-12
2.016547306 2.3320905803572214e-12
2.018155398 2.3873966588243193e-12
2.01976349 2.3442754939976564e-12
2.021371582 2.346513800608518e-12
2.022979674 2.436428353035424e-12
2.0245877660000002 2.4267044460893783e-12
2.026195858 2.3225158998315005e-12
2.027803949 2.1914066685563013e-12
2.029412041 2.1761107041087355e-12
2.031020133 2.167798360487504e-12
2.032628225 2.122540222538533e-12
2.034236317 2.085748246027371e-12
2.035844409 2.155287879108776e-12
2.037452501 2.2350715232036143e-12
2.039060593 2.30978691886113e-12
2.040668685 2.381709183419624e-12
2.042276777 2.3500763794088056e-12
2.0438848689999998 2.3309823615188664e-12
2.045492961 2.3754318467779215e-12
2.047101053 2.3744275468495068e-12
2.0487091449999997 2.278712563842791e-12
2.0503172370000002 2.2384879068340706e-12
2.0519253290000004 2.3208035585409076e-12
2.053533421 2.4228684956749635e-12
2.055141513 2.3922356559237803e-12
2.056749605 2.420165843732956e-12
2.058357697 2.6321302789323316e-12
2.059965788 2.9623947600112423e-12
2.06157388 3.2595728775781766e-12
2.0631819719999998 3.5557434572991026e-12
2.064790064 3.868523268827492e-12
2.066398156 4.307096073807835e-12
2.068006248 4.922466813725222e-12
2.06961434 5.507444913314766e-12
2.071222432 5.808944201605606e-12
2.072830524 6.1157330027564045e-12
2.074438616 6.719123865549533e-12
2.076046708 7.358639617250255e-12
2.0776548 7.358019000175843e-12
2.079262892 7.120525909049423e-12
2.080870984 6.9660477699647465e-12
2.0824790760000003 7.144377508617815e-12
2.084087168 6.925361843413122e-12
2.08569526 6.46079746496772e-12
2.0873033519999997 5.776579447576558e-12
2.088911444 5.989581123100242e-12
2.090519536 7.020755373080536e-12
2.092127627 8.228523770974697e-12
2.0937357189999997 8.56171323179674e-12
2.0953438110000002 7.608479042803312e-12
2.0969519030000003 7.981157544672015e-12
2.098559995 9.184343549524204e-12
2.100168087 9.561305777586992e-12
2.101776179 6.581927098555178e-12
2.103384271 4.009348091215512e-12
2.104992363 1.8247442233410075e-12
2.1066004549999997 1.726518588451521e-12
2.1082085470000003 1.8941836296980264e-12
2.109816639 1.9380651852089465e-12
2.111424731 1.1017313816243832e-12
2.113032823 2.765509025184221e-12
2.114640915 3.0862509262238285e-12
2.116249007 3.245833907552591e-12
2.1178570989999996 3.274856828427945e-12
2.1194651909999997 3.851581188624419e-12
2.1210732830000003 5.739982504805769e-12
2.122681375 8.573033449207562e-12
2.124289466 9.480110480334232e-12
2.125897558 7.167720261067669e-12
2.1275056500000002 6.878066808883574e-12
2.129113742 7.093948680738829e-12
2.130721834 8.186787025868517e-12
2.1323299259999997 7.290902628031266e-12
2.133938018 5.537778344504445e-12
2.1355461100000004 3.0766025818111384e-12
2.137154202 1.98838549124452e-12
2.138762294 1.8221383698838007e-12
2.140370386 1.7389065438971935e-12
2.141978478 1.3473008955558367e-12
2.14358657 1.9243140643398894e-13
2.1451946619999998 1.3362515238091372e-13
2.146802754 1.3253050677127715e-13
2.1484108460000004 1.3215937612661187e-13
2.150018938 1.3210639515036378e-13
2.15162703 1.3244290168231593e-13
2.153235122 1.3314786940662906e-13
2.154843214 1.3395388647251208e-13
2.156451305 1.3531454022214436e-13
2.158059397 1.366158388275281e-13
2.159667489 1.3860402633614613e-13
2.161275581 1.410387295026321e-13
2.1628836729999996 1.4327372365285447e-13
2.164491765 1.4613148600650738e-13
2.1660998570000003 1.493502857900731e-13
2.167707949 1.529443118912692e-13
2.169316041 1.5691591667059736e-13
2.170924133 1.6092678113208048e-13
2.172532225 1.6593633225932877e-13
2.174140317 1.7125311486326761e-13
2.1757484089999997 1.7712488523603362e-13
2.177356501 1.845581448672863e-13
2.1789645930000003 2.6192564642745564e-13
2.180572685 1.4260589182412836e-12
2.182180777 1.727555873600498e-12
2.183788869 1.8214404685480783e-12
2.185396961 1.9263952675051887e-12
2.187005053 2.2259216729685486e-12
2.1886131449999997 3.3233494971565752e-12
2.1902212359999997 3.594264945371668e-12
2.191829328 3.710067176388742e-12
2.1934374200000004 2.2823785084499825e-12
2.195045512 4.14407056727844e-12
2.196653604 1.3504833795090528e-11
2.198261696 2.5704921881723215e-11
2.199869788 4.1239646285895754e-11
2.20147788 6.019477207662379e-11
2.203085972 8.653856319810076e-11
2.204694064 1.2169665864947107e-10
2.206302156 1.6841221139751362e-10
2.207910248 2.1794952851474642e-10
2.2095183400000002 2.55586889317332e-10
2.211126432 2.9316855552661586e-10
2.212734524 3.440520817729066e-10
2.2143426159999997 4.163502783348752e-10
2.215950708 4.889676514871734e-10
2.2175588 7.903000513584796e-10
2.219166892 1.1912395316054065e-09
2.220774984 1.5755709779062913e-09
2.221786975 1.9404990066144147e-09
2.222987941 2.4379023078872506e-09
2.2241889070000003 3.07106376021728e-09
2.225389873 3.760637078340174e-09
2.226590839 4.535330778238516e-09
2.227791805 4.728750804609083e-09
2.228992771 5.0255863993883036e-09
2.230193737 5.474394566573543e-09
2.231394703 5.988582653943844e-09
2.2325956689999997 6.657004041384388e-09
2.233796635 7.2825478040843635e-09
2.234997601 7.71795824096533e-09
2.2361985669999997 8.444380593819384e-09
2.2373995329999996 9.093667377586056e-09
2.238600498 9.68152805569703e-09
2.239801464 1.0716292307118988e-08
2.24100243 1.1761768813638417e-08
2.242203396 1.270812677008855e-08
2.243404362 1.3461172891690239e-08
2.244605328 1.496737287657844e-08
2.245806294 1.640051315288032e-08
2.2470072599999997 1.852670106873976e-08
2.248208226 2.1288587601774233e-08
2.249409192 2.4384757065988054e-08
2.2506101579999997 2.7162042015440804e-08
2.251811124 3.1929618263129474e-08
2.2530120900000004 3.8931149178462924e-08
2.254213056 4.574598066744205e-08
2.255414021 5.3001994626255026e-08
2.256614987 6.187084255170175e-08
2.2578159529999997 7.122365717203712e-08
2.259016919 8.009773652638881e-08
2.260217885 9.428478065457617e-08
2.2614188509999997 1.0791328047850985e-07
2.2626198169999996 1.2270601304334305e-07
2.2638207830000003 1.3889205181862756e-07
2.265021749 1.5649750779916438e-07
2.266222715 1.6972220148876078e-07
2.2674236810000004 1.8453333258133935e-07
2.268624647 2.0089364755356262e-07
2.269825613 2.1796996111721692e-07
2.271026579 2.2568471951037204e-07
2.2722275450000002 2.3181660302650017e-07
2.27342851 2.40395152743067e-07
2.274629476 2.482735982561441e-07
2.2758304419999997 2.658333877578077e-07
2.277031408 2.816305094501293e-07
2.2782323740000003 2.9145474439381043e-07
2.27943334 2.9329360964786857e-07
2.280634306 3.124023206644923e-07
2.281835272 3.325081007448018e-07
2.283036238 3.5088214123562954e-07
2.284237204 3.735168684835969e-07
2.28543817 3.9923813247797065e-07
2.286639136 4.268654692350119e-07
2.287840102 4.673564362035365e-07
2.289041068 5.224330613339524e-07
2.290242034 5.782848086820891e-07
2.291442999 6.474921092224706e-07
2.2926439650000003 7.235915051201433e-07
2.293844931 8.208768032762802e-07
2.295045897 9.203161076821033e-07
2.296246863 1.0345513499992497e-06
2.297447829 1.1699350444385425e-06
2.298648795 1.334611286879135e-06
2.299849761 1.5131635341071738e-06
2.301050727 1.714320341452606e-06
2.302251693 1.9645539957967716e-06
2.303452659 2.2431355093079385e-06
2.304653625 2.561813481945731e-06
2.3058545909999997 2.934789303012984e-06
2.307055557 3.3510083327001773e-06
2.308256523 3.808239646424661e-06
2.309457488 4.395248171048036e-06
2.310658454 5.071586396279201e-06
2.3118594199999998 5.853639280735082e-06
2.313060386 6.749893984755963e-06
2.314261352 7.838098808580857e-06
2.315462318 9.17517012293525e-06
2.316663284 1.0816510846291818e-05
2.31786425 1.2694273808861502e-05
2.319065216 1.4744287607732014e-05
2.3202661819999997 1.7185687755223925e-05
2.321467148 2.014894339814361e-05
2.322668114 2.355868018466242e-05
2.32386908 2.734040062921517e-05
2.325070046 3.140661395664253e-05
2.3262710120000003 3.5808084348302994e-05
2.327471977 4.102663058661372e-05
2.328672943 4.69705358007336e-05
2.329873909 5.362604650135787e-05
2.3310748749999997 6.068365948651783e-05
2.332275841 6.874138310500268e-05
2.333476807 7.821169636953945e-05
2.3346777729999997 8.926739728785921e-05
2.3358787390000004 0.00010178699411916704
2.3370797050000003 0.00011593916996838125
2.338280671 0.00013280744343166772
2.339481637 0.00015172648880242432
2.3406826030000003 0.00017349058620028611
2.341883569 0.00019785085596862664
2.343084535 0.0002256453350960376
2.344285501 0.0002574939003326522
2.3454864659999997 0.0002948852753561435
2.346687432 0.0003385987717586796
2.3478883980000003 0.00038934349660306233
2.349089364 0.00045087576788174023
2.35029033 0.000524967440164328
2.3514912960000003 0.0006154517925708873
2.352692262 0.000724973640028009
2.353893228 0.0008591526840855562
2.355094194 0.0010224112093101601
2.35629516 0.00122190605556654
2.357496126 0.0014638345027979216
2.358697092 0.0017525711544790071
2.359898058 0.002098019956494246
2.361099024 0.002505748300815461
2.3622999890000003 0.002975510993534813
2.363500955 0.0035135522789278804
2.364701921 0.004118015960733026
2.3659028870000003 0.004783827629846191
2.367103853 0.005507859600027654
2.368304819 0.006283961130743937
2.369505785 0.007107950903788772
2.370706751 0.007964133752591529
2.371907717 0.008854548761750514
2.373108683 0.00977600748725721
2.3743096489999997 0.010719800760243228
2.375510615 0.011641605283314179
2.376711581 0.012638701036273067
2.3779125469999998 0.013722893534751849
2.3791135129999996 0.014913460274580568
2.380314478 0.016244089420738076
2.381515444 0.01774704098451585
2.38271641 0.019439762967586274
2.383917376 0.021376668918615463
2.385118342 0.023596976617254663
2.386319308 0.026170852437560864
2.387520274 0.02918618641902755
2.3887212399999997 0.03270919571694808
2.389922206 0.03681169621856443
2.391123172 0.04161214975945978
2.3923241379999998 0.04721615584698912
2.3935251039999996 0.05372913891302579
2.3947260700000004 0.061296725618853444
2.3959270360000002 0.0699176081919074
2.397128002 0.0796252657122019
2.398328967 0.09040450016484394
2.3995299329999997 0.10213965338012264
2.400730899 0.11463269513382364
2.401931865 0.1276078839190864
2.4031328309999997 0.14073349453901265
2.4043337969999996 0.15364990352140828
2.405534763 0.16600768412680122
2.406735729 0.17750800258775282
2.407936695 0.18794035373126483
2.4091376610000004 0.19720842604462924
2.4103386270000002 0.2053287013610984
2.411539593 0.21242770424442606
2.412740559 0.2187222598681809
2.4139415250000003 0.22449046269589615
2.415142491 0.2300356821345841
2.416343456 0.23565231867579733
2.4175444219999997 0.24159374101995762
2.4187453879999996 0.24804570552528146
2.4199463540000004 0.2551096356403859
2.42114732 0.2628364207832825
2.422348286 0.27131538525323534
2.423549252 0.2798849781071049
2.4247502180000002 0.28856721159181925
2.425951184 0.2970961586542711
2.42715215 0.3052119999684156
2.4283531160000003 0.31269429236312596
2.429554082 0.31938829181327383
2.430755048 0.3252203319972327
2.431956014 0.33019969407425703
2.43315698 0.33441130488856535
2.4343579450000004 0.33799479341394817
2.435558911 0.3411241325307322
2.436759877 0.343976097784876
2.437960843 0.346717873068253
2.4391618090000002 0.34949562032550807
2.440362775 0.35242410350859804
2.441563741 0.3555894926353671
2.442764707 0.35905302738701145
2.443965673 0.3628541919942672
2.445166639 0.3670080198886357
2.446367605 0.37150823079361295
2.4475685709999997 0.376083074135249
2.448769537 0.38098847612937725
2.449970503 0.3860715754835794
2.4511714689999997 0.3912534915125284
2.452372434 0.39651005935161904
2.4535734000000002 0.40175675560480606
2.454774366 0.40690531874691466
2.455975332 0.4118763664374492
2.457176298 0.416601566600332
2.458377264 0.4210165326370303
2.45957823 0.42507467640755414
2.460779196 0.42874496927222794
2.4619801619999997 0.4320110724732195
2.463181128 0.43487236394191364
2.464382094 0.43734652817015385
2.4655830599999997 0.4394566346164855
2.466784026 0.4412340304689992
2.4679849920000003 0.44271537154682716
2.469185958 0.4440624753845642
2.470386923 0.44511947706702876
2.471587889 0.44602738690465227
2.4727888549999997 0.4468143731665412
2.473989821 0.44793070786003086
2.475190787 0.4485487985101568
2.4763917529999997 0.44901759399976415
2.477592719 0.44946421876101617
2.4787936850000003 0.4498938785028865
2.479994651 0.4503368416816377
2.481195617 0.4505205727612216
2.4823965830000003 0.4504804890407269
2.483597549 0.45081750905429996
2.484798515 0.45101322845674685
2.485999481 0.45123353413612677
2.4872004459999997 0.4514168482147374
2.488401412 0.4514823746730856
2.489602378 0.45145270912209934
2.490803344 0.45141655956896753
2.49200431 0.45129319258896383
2.4932052760000003 0.4510792797768157
2.494406242 0.4507725705566241
2.495607208 0.450372648928542
2.496808174 0.44988261219308834
2.49800914 0.4493076359756124
2.499210106 0.44864732593102225
2.500411072 0.447914968065668
2.501612038 0.44712475120818673
2.502813004 0.4462767654773999
2.50401397 0.44538093024445546
2.505214935 0.44445050409492987
2.506415901 0.44349746698332626
2.5076168670000003 0.4425292800201151
2.508817833 0.44156209175850564
2.510018799 0.44060695513993237
2.511219765 0.439671933582075
2.512420731 0.4387689806327886
2.513621697 0.4379104880410446
2.514822663 0.4371014783874664
2.5160236289999998 0.43635036658127313
2.517224595 0.43566679877763914
2.518425561 0.43505318875439564
2.519626527 0.4345147194944288
2.5208274929999996 0.4340579118894261
2.522028459 0.4336858349278966
2.523229424 0.4333971423121896
2.52443039 0.43319458025038743
2.525631356 0.4330766598169883
2.526832322 0.43304162357283416
2.528033288 0.43309219948903277
2.529234254 0.4332241134734415
2.5304352199999998 0.43343233609086107
2.531636186 0.43371449026501485
2.532837152 0.43406646755014955
2.534038118 0.4344829341127756
2.5352390839999996 0.43496104554529713
2.53644005 0.4354942534288706
2.5376410160000002 0.4360726661726838
2.538841982 0.4366911871312238
2.540042948 0.4373455705996806
2.5412439129999997 0.4380293718810879
2.542444879 0.4387360252898943
2.543645845 0.43945758605225393
2.5448468109999998 0.44018801177116845
2.546047777 0.440923812996746
2.547248743 0.44166083251473526
2.548449709 0.44239368772078547
2.5496506749999996 0.4431175986010385
2.5508516410000004 0.4438465549687272
2.5520526070000003 0.44456423015119473
2.553253573 0.4452652412428499
2.554454539 0.4459443937542541
2.5556555050000003 0.44659934780890764
2.556856471 0.4472287152922335
2.558057437 0.4478317957951796
2.5592584019999998 0.4484087559671689
2.5604593679999996 0.44895836171355585
2.561660334 0.44948486692011713
2.5628613000000002 0.44998613395397846
2.564062266 0.4504642758958054
2.565263232 0.45091857905321203
2.5664641980000003 0.4513538538295869
2.567665164 0.45177513323018326
2.56886613 0.4521747482957601
2.5700670960000003 0.45259413110851543
2.571268062 0.4534563521636054
2.572469028 0.4538188384170375
2.573669994 0.4541753704356113
2.57487096 0.45453125540235195
2.576071926 0.4548818721713207
2.5772728910000002 0.4550966926400607
2.578473857 0.4551024862417476
2.579674823 0.4554471121671877
2.5808757890000003 0.4557937061348707
2.582076755 0.45615349383612946
2.583277721 0.45653729763517736
2.584478687 0.4569257187263893
2.585679653 0.45731720175512147
2.586880619 0.4577145378033972
2.588081585 0.45811116961287035
2.5892825509999997 0.45851498184558365
2.590483517 0.45890455670538466
2.591684483 0.4592968129997328
2.5928854489999997 0.45969905779961756
2.594086414 0.4600473301788356
2.5952873800000003 0.45995150393662615
2.596488346 0.4603333762652113
2.597689312 0.46107167460089343
2.598890278 0.46159941816450256
2.600091244 0.4619315513811051
2.60129221 0.4618875645753939
2.602493176 0.4617797526991849
2.6036941419999997 0.4616576715659866
2.604895108 0.46151707600703096
2.606096074 0.4613559869864126
2.6072970399999997 0.461179108019659
2.6084980059999996 0.46098227921108614
2.6096989720000003 0.4607653619096004
2.610899938 0.4605358050113867
2.612100903 0.46028014032534637
2.613301869 0.4598742523665054
2.6145028349999997 0.4594192504477737
2.615703801 0.459417784695136
2.616904767 0.4593950928343439
2.6181057329999997 0.4598979404516868
2.619306699 0.4598587226380692
2.620507665 0.4598069752008278
2.621708631 0.4597502009233455
2.622909597 0.45968556515659886
2.6241105630000003 0.4596172301356303
2.625311529 0.4595490343177929
2.626512495 0.45947817497726506
2.627713461 0.4594040168201354
2.628914427 0.45933911314844916
2.630115392 0.45927718410431273
2.631316358 0.4592266238080957
2.6325173239999997 0.45918998194552674
2.63371829 0.4591572258150806
2.6349192560000003 0.45962055885560404
2.636120222 0.45966220725222695
2.637321188 0.45966894875746933
2.638522154 0.4596882462948255
2.63972312 0.4597266016068111
2.640924086 0.4597750132862496
2.642125052 0.45983550701689757
2.643326018 0.45991325418290563
2.644526984 0.46000620871828635
2.64572795 0.4601123353465446
2.646928916 0.46023188220833666
2.648129881 0.4603611818329874
2.6493308470000003 0.46049969206497243
2.650531813 0.4603597755090843
2.651732779 0.4602097779822765
2.652933745 0.4607746460689296
2.654134711 0.4608797574392053
2.655335677 0.4609462162065478
2.656536643 0.46100976632413637
2.657737609 0.46107308691697146
2.658938575 0.46113390734300475
2.660139541 0.46111847439156817
2.661340507 0.460567533747147
2.662541473 0.46025320442279183
2.663742439 0.4602786306943245
2.664943405 0.46030229573608505
2.66614437 0.46030240842072745
2.667345336 0.4603016943005739
2.668546302 0.4605895334303056
2.669747268 0.46081979547216484
2.670948234 0.4608142183518498
2.6721492 0.4602663778321624
2.673350166 0.46026112077177916
2.674551132 0.46025508214922534
2.675752098 0.46026162088217226
2.6769530639999997 0.4602671600864804
2.67815403 0.4602605069785941
2.679354996 0.4602533294663912
2.680555962 0.4602369335590888
2.681756928 0.46021236331276905
2.6829578940000003 0.4596623067475113
2.684158859 0.4595897222448238
2.685359825 0.4595334295306068
2.686560791 0.4597594525226946
2.687761757 0.45991850649953914
2.688962723 0.45984894061857196
2.690163689 0.45977951523605676
2.6913646549999997 0.45972014174601983
2.6925656210000004 0.4593646785464123
2.6937665870000003 0.4590881942762487
2.694967553 0.4590555450173316
2.696168519 0.45903536885551904
2.6973694850000003 0.45902760173086865
2.698570451 0.4590342656061352
2.699771417 0.4594312378733222
2.700972383 0.45965640116836004
2.7021733479999996 0.45970719644190894
2.703374314 0.45961304032345096
2.70457528 0.4600958796549215
2.705776246 0.46025451475630796
2.706977212 0.4604126088930437
2.7081781780000003 0.4605712527417888
2.709379144 0.46073180020946186
2.71058011 0.460911821986532
2.7117810760000003 0.46111639191475184
2.712982042 0.46131141743435444
2.714183008 0.4609590783046027
2.715383974 0.4611335188030351
2.71658494 0.4612927266315154
2.717785906 0.4614451637819222
2.7189868710000002 0.4615844330399259
2.720187837 0.461696915334261
2.721388803 0.46195927225134636
2.7225897690000003 0.46232929526063593
2.723790735 0.461942167956094
2.724991701 0.4618552495242916
2.726192667 0.46187742033141144
2.727393633 0.4618828295168165
2.728594599 0.4618741781093186
2.729795565 0.4618637003161905
2.7309965309999997 0.46183363133869865
2.732197497 0.4617964639909512
2.733398463 0.4615377694061239
2.7345994289999997 0.4611623497369524
2.735800395 0.4611053519854641
2.7370013600000003 0.46104653531349427
2.738202326 0.4609919422292603
2.739403292 0.4609406469989924
2.740604258 0.4612172124332957
2.741805224 0.46138821921710316
2.74300619 0.4613621238955532
2.744207156 0.46124030730204146
2.7454081219999997 0.4608160356336848
2.746609088 0.4608345191723374
2.747810054 0.46086359448083203
2.7490110199999997 0.460911867147959
2.7502119859999996 0.4609067333651239
2.751412952 0.46058528845934643
2.752613918 0.4599579291535635
2.753814884 0.45947451283721147
2.755015849 0.45922022175981336
2.756216815 0.45886965708523286
2.757417781 0.4582407503295132
2.758618747 0.45805133676929577
2.7598197129999997 0.4583116751734194
2.761020679 0.4582558592661191
2.762221645 0.4576815684542749
2.7634226109999998 0.45795401999225527
2.764623577 0.45818486593265995
2.7658245430000004 0.45844326899549226
2.767025509 0.45818454484125415
2.768226475 0.4584915899705016
2.769427441 0.4588189934728882
2.7706284070000002 0.45882522601535414
2.771829373 0.45899171756656454
2.773030338 0.4593738705040243
2.7742313039999997 0.4597725763665401
2.7754322699999996 0.45994549697929765
2.7766332360000003 0.46005501586909403
2.777834202 0.4604764831571114
2.779035168 0.4614249951563435
2.7802361340000004 0.4617165684523532
2.7814371 0.46167299877002166
2.782638066 0.46204163858745584
2.783839032 0.46240274294933265
2.7850399980000002 0.46273891834873754
2.786240964 0.4625623055891518
2.78744193 0.46289863471670933
2.788642896 0.4632234414533988
2.789843862 0.46353272884900093
2.7910448270000003 0.463328843295279
2.792245793 0.46366233462115725
2.793446759 0.4639791226417473
2.794647725 0.4639178788585745
2.795848691 0.46400236903619246
2.797049657 0.46426003443103514
2.798250623 0.4646287361787731
2.799451589 0.46499158953327424
2.800652555 0.46485587532292094
2.801853521 0.4649788675643506
2.803054487 0.46508074229181084
2.804255453 0.4650252428683481
2.805456419 0.4646811877109419
2.806657385 0.4647337907641153
2.8078583509999997 0.4647708281551005
2.809059316 0.46476195708477813
2.810260282 0.4642509307667527
2.811461248 0.464246994569393
2.812662214 0.46423495762834355
2.81386318 0.46421306106462457
2.815064146 0.463632982493835
2.816265112 0.4635953545489676
2.817466078 0.4635560903365905
2.8186670439999997 0.46386278876420894
2.81986801 0.4635174679532794
2.821068976 0.46335176379924253
2.8222699419999997 0.46325474952762413
2.823470908 0.4631611132596394
2.8246718740000003 0.4630722736674515
2.825872839 0.4629882648885812
2.827073805 0.462907063725887
2.828274771 0.46283311925766407
2.829475737 0.46276489851980823
2.830676703 0.4626765211105067
2.831877669 0.4625705806045025
2.8330786349999997 0.4624741816649556
2.834279601 0.46238441663503466
2.8354805670000003 0.4623067838284947
2.836681533 0.4618644819938009
2.837882499 0.4616320693911962
2.8390834650000003 0.46158567817756757
2.840284431 0.46169954571179594
2.841485397 0.4620502516076005
2.842686363 0.46203743273248765
2.8438873279999997 0.4620367935477022
2.845088294 0.4620439428700186
2.84628926 0.46206452666370473
2.8474902259999997 0.4620961516428914
2.848691192 0.46213900091852095
2.8498921580000003 0.4621883415115067
2.851093124 0.4619925645975379
2.85229409 0.4617803506260646
2.8534950560000003 0.46157800969703444
2.854696022 0.4613836507617068
2.855896988 0.461196948657055
2.857097954 0.46101730262901747
2.85829892 0.4608455812878854
2.859499886 0.4606813270168991
2.860700852 0.46020305737348743
2.861901817 0.4599978412444198
2.863102783 0.45996164361120756
2.8643037490000003 0.46009125485610647
2.865504715 0.4604288880879536
2.866705681 0.46040898046795425
2.867906647 0.46039017353282136
2.869107613 0.4603758606398483
2.870308579 0.4603769542288548
2.871509545 0.4604225650966369
2.872710511 0.4604671846805729
2.873911477 0.4605109909665456
2.875112443 0.4605513634220395
2.8763134089999998 0.46058992042337177
2.877514375 0.4606235220855359
2.878715341 0.46065093561941495
2.879916306 0.46067001064374724
2.881117272 0.4606803330519741
2.882318238 0.4606803925312736
2.883519204 0.46066764168467295
2.88472017 0.4606420234660965
2.885921136 0.4600948459263313
2.8871221019999997 0.4599946856032068
2.888323068 0.459917612165592
2.889524034 0.4598215228489199
2.8907249999999998 0.45977255138272743
2.8919259659999996 0.4597485140091609
2.893126932 0.46021943473656657
2.894327898 0.4601468835901012
2.895528864 0.4600468561019997
2.8967298300000004 0.4599208161558155
2.897930795 0.45976768955072156
2.899131761 0.45958788539249595
2.900332727 0.4593472089968974
2.9015336929999997 0.4589951747012046
2.902734659 0.4586129487169094
2.903935625 0.4582037901534214
2.9051365909999998 0.45776585799737524
2.9063375569999996 0.4573004719444792
2.9075385230000004 0.4568079371674175
2.9087394890000002 0.45629012494217347
2.909940455 0.45574727597206116
2.911141421 0.45469150874045144
2.9123423870000003 0.4541617700744174
2.913543353 0.45361262438109434
2.914744319 0.4530455056276365
2.9159452839999997 0.4524640747692037
2.9171462499999996 0.4518692880202116
2.918347216 0.4512651504330757
2.919548182 0.45065541321252467
2.920749148 0.4499355702083902
2.9219501140000004 0.4491508916218716
2.9231510800000002 0.4483665225860197
2.924352046 0.4475856662246047
2.925553012 0.446811762176773
2.9267539780000003 0.446426674320357
2.927954944 0.4457972181411834
2.92915591 0.44505764990464347
2.930356876 0.4443002702919493
2.931557842 0.443480506867423
2.932758808 0.4426807650717137
2.933959773 0.4419033924970714
2.935160739 0.4411500037333772
2.936361705 0.44042171555349635
2.9375626710000002 0.43942382452494383
2.938763637 0.4385185695476804
2.939964603 0.4378705902346113
2.941165569 0.43730641051861363
2.942366535 0.4367720616702261
2.943567501 0.43656215192798553
2.944768467 0.43630968153270644
2.945969433 0.4358580061241799
2.947170399 0.43543351775203243
2.948371365 0.43503469767806474
2.9495723309999997 0.4346594954963735
2.950773296 0.4345464970507902
2.9519742620000002 0.43414664785914625
2.953175228 0.4336642851469664
2.954376194 0.43319803912005167
2.95557716 0.43274631851118206
2.956778126 0.43230806715341324
2.957979092 0.43188046137713687
2.959180058 0.43146259224658323
2.9603810239999997 0.43105083979279957
2.96158199 0.43064342310717707
2.962782956 0.4302386392869541
2.9639839219999997 0.42983545934725065
2.9651848879999996 0.4294333804970232
2.9663858540000003 0.42902784970930474
2.96758682 0.42861723204066393
2.968787785 0.4282014250856798
2.969988751 0.42778014021042454
2.971189717 0.42740939351320983
2.972390683 0.4270315165560793
2.973591649 0.42664458896855556
2.9747926149999997 0.4262500074009491
2.975993581 0.42683056648134143
2.977194547 0.42642757205555715
2.9783955129999997 0.42600971925902614
2.979596479 0.4255851896378776
2.9807974450000003 0.42500297363985007
2.981998411 0.42433965411261404
2.983199377 0.4236721837300209
2.984400343 0.4230014371128068
2.985601309 0.4223269313232565
2.986802274 0.42165299395096556
2.98800324 0.42098040726930286
2.9892042059999997 0.4207436325724062
2.990405172 0.4201305610436967
2.9916061380000003 0.4196368478246668
2.992807104 0.41914797624931344
2.99400807 0.4186676077166168
2.9952090360000003 0.41819485757872504
2.996410002 0.4177310428673795
2.997610968 0.41727650000444905
2.998811934 0.41683480535031486
3.0000129 0.4164018901996608
3.001213866 0.4157994358665637
3.002414832 0.4154554837533086
3.003615798 0.41478435845295564
3.004816763 0.41412423491805245
3.0060177290000003 0.4134846356915101
3.007218695 0.41333068658241423
3.008419661 0.41269992192023014
3.009620627 0.4120773752008239
3.010821593 0.41165832454930573
3.012022559 0.4113367117103216
3.013223525 0.4110171372135379
3.014424491 0.41070083517199596
3.015625457 0.4103830494247418
3.016826423 0.4100644887077953
3.018027389 0.40974046676352427
3.019228355 0.4094112173720329
3.020429321 0.40901111148618563
3.021630287 0.40848930534137506
3.022831252 0.40795245489713766
3.024032218 0.40740132962711284
3.025233184 0.40683118892262715
3.02643415 0.4062435378939363
3.027635116 0.40563501164135574
3.0288360819999998 0.40500449270880184
3.030037048 0.40436170201575317
3.031238014 0.4040348356488309
3.03243898 0.40368629556989755
3.0336399459999996 0.4033143270738216
3.034840912 0.40291943446971823
3.036041878 0.4025187748710863
3.0372428439999997 0.4025351227634246
3.0384438100000004 0.40206719451766676
3.0396447760000003 0.4015789307296204
3.040845741 0.40123393669196744
3.042046707 0.4009397713187577
3.0432476729999998 0.4006249914436203
3.044448639 0.4002955224944863
3.045649605 0.39995210561457284
3.046850571 0.399598741115128
3.0480515369999996 0.3992571719158465
3.049252503 0.39927957681257353
3.0504534690000003 0.3988621243878568
3.051654435 0.3983698040934386
3.052855401 0.39788102874425485
3.0540563670000003 0.3973959349288416
3.055257333 0.39691955792392497
3.056458299 0.3964500210003549
3.0576592639999998 0.39599365080141713
3.0588602299999996 0.3955494173730079
3.060061196 0.39514386975632726
3.061262162 0.3951441337774214
3.062463128 0.3951640614373793
3.0636640940000004 0.3952032129515143
3.0648650600000003 0.39526354706396005
3.066066026 0.3958171300686196
3.067266992 0.39592018769518544
3.0684679580000003 0.39625223662560793
3.069668924 0.3966297139112328
3.07086989 0.3966194111654707
3.072070856 0.396557934080795
3.073271822 0.39651072033032264
3.074472788 0.39646843065436
3.0756737530000002 0.396430403431123
3.076874719 0.39638956530023917
3.078075685 0.39634279339858347
3.0792766510000003 0.3962821859106628
3.080477617 0.3963386520267752
3.081678583 0.39657582203407404
3.0828795490000003 0.3967692523714065
3.084080515 0.3969129060022266
3.085281481 0.39699088750121014
3.086482447 0.3969926678787713
3.087683413 0.39689996685485374
3.088884379 0.3967006843619596
3.090085345 0.39637854205964107
3.0912863109999997 0.3960198549699616
3.092487277 0.39549645389123583
3.0936882420000003 0.39510777701560695
3.094889208 0.3943299338072725
3.096090174 0.39317085575967503
3.09729114 0.3917551603830417
3.098492106 0.39004808079572256
3.099693072 0.38803455990186575
3.100894038 0.3855600081137691
3.1020950039999997 0.38268053893251985
3.10329597 0.3794177814413825
3.104496936 0.3757546188109889
3.1056979019999997 0.37166665145103545
3.106898868 0.3671317144850536
3.108099834 0.36214748874568303
3.1093008 0.35670299895249813
3.110501766 0.3508272489726266
3.111702731 0.3445391594450432
3.112903697 0.3377877572894887
3.114104663 0.3305745194728613
3.115305629 0.3229158707599481
3.1165065949999997 0.3148398428294535
3.117707561 0.3063715844550656
3.118908527 0.2975329001241602
3.1201094929999997 0.2884253514074983
3.1213104589999996 0.2794763222913177
3.1225114250000003 0.26996170344512965
3.123712391 0.26023449196049864
3.124913357 0.2503465243428308
3.126114323 0.24034657616381022
3.127315289 0.2302778529982613
3.128516255 0.22019526134964257
3.12971722 0.21015006163850086
3.1309181859999997 0.20014020980688685
3.132119152 0.19024557130274217
3.133320118 0.1805244062794928
3.134521084 0.1710156333963882
3.13572205 0.1617501189195253
3.1369230160000003 0.1527587709139378
3.138123982 0.1440700777458337
3.139324948 0.13570100290136847
3.140525914 0.12768528747833768
3.14172688 0.12003638266212988
3.142927846 0.11274210544503685
3.144128812 0.10580363265525868
3.145329778 0.09922244496254654
3.146530744 0.09299827173205139
3.1477317090000003 0.08719911508360763
3.148932675 0.08168839180130966
3.150133641 0.07648087421384417
3.151334607 0.07159640922174901
3.152535573 0.06702018771988344
3.153736539 0.06274007730920411
3.154937505 0.058741335708937005
3.1561384710000002 0.05500767623684406
3.157339437 0.05152626084887443
3.158540403 0.04828109951746244
3.159741369 0.04526080870252932
3.160942335 0.04244429527124823
3.162143301 0.03982348606487961
3.163344267 0.037385482220161734
3.1645452329999997 0.03511764226648504
3.165746198 0.033010518694479206
3.166947164 0.03105023696947115
3.16814813 0.029228066179839026
3.169349096 0.027531748683581173
3.170550062 0.025960897149942284
3.171751028 0.024506265384305732
3.172951994 0.023177598089274103
3.17415296 0.021915825959922253
3.1753539259999997 0.020736766334983822
3.176554892 0.019638760334195114
3.177755858 0.01861389116552636
3.1789568239999997 0.01765753436372107
3.18015779 0.0167629213336161
3.1813587560000003 0.015922335369444037
3.182559721 0.015136825695300886
3.183760687 0.01440033886882258
3.184961653 0.013711681939413453
3.186162619 0.013065035003288388
3.187363585 0.012458645779939803
3.188564551 0.011889292255075687
3.1897655169999997 0.011353803576466086
3.190966483 0.010851379357936421
3.192167449 0.010377522689328926
3.193368415 0.00993241046252212
3.194569381 0.009512157042920924
3.1957703470000003 0.00911592364313795
3.196971313 0.00874169837059669
3.198172279 0.00839691101391426
3.1993732450000003 0.008061386920009232
3.20057421 0.0077406407993420735
3.201775176 0.007435981085300781
3.202976142 0.007145639749906407
3.2041771079999997 0.006868958534888508
3.2053780740000004 0.006605582222965217
3.2065790400000003 0.006353148811786426
3.207780006 0.006113111057327213
3.208980972 0.005882897050686974
3.2101819380000003 0.0056635512888894655
3.211382904 0.0054529467853064555
3.21258387 0.005246726005193276
3.213784836 0.005050794394874914
3.214985802 0.004863639962347431
3.216186768 0.00468422493489787
3.217387734 0.0045100795096181
3.218588699 0.00434158850817239
3.219789665 0.004179107499720944
3.2209906310000003 0.0040224548998993945
3.222191597 0.0038767437723762933
3.223392563 0.0037296518132230788
3.2245935290000003 0.0035875381880489192
3.225794495 0.0034495943937572745
3.226995461 0.0033156317184575893
3.228196427 0.003186260265553918
3.229397393 0.0030593916134668345
3.230598359 0.0029363683919648898
3.231799325 0.00281541446199156
3.2330002909999997 0.0026979822094811844
3.234201257 0.0025843108913964755
3.235402223 0.002473110324805838
3.236603188 0.0023662341589308564
3.237804154 0.0022619590846434086
3.23900512 0.0021612541606797135
3.240206086 0.0020633326239635243
3.241407052 0.0019680182844125397
3.242608018 0.0018766807945624071
3.2438089839999997 0.001787356981905676
3.24500995 0.001704129318114981
3.246210916 0.0016217979889615163
3.2474118819999997 0.001542450731438719
3.248612848 0.0014665952175115728
3.249813814 0.0013927110090496335
3.2510147799999998 0.0013227006736714893
3.252215746 0.001254805582290387
3.2534167120000004 0.0011899605750157198
3.254617677 0.0011280598965371495
3.255818643 0.001067834123880632
3.257019609 0.0010110555883748873
3.2582205749999997 0.0009562115057966266
3.259421541 0.0009040727580659157
3.260622507 0.0008543415665692542
3.2618234729999998 0.000806662028087383
3.2630244389999996 0.0007621137605121032
3.2642254050000004 0.0007185847738439724
3.265426371 0.0006772548298776386
3.266627337 0.0006378798420273158
3.267828303 0.0006006435839644204
3.2690292690000002 0.000565685370727462
3.270230235 0.0005318665279692718
3.271431201 0.0005001183216301382
3.2726321659999997 0.0004698199446163383
3.273833132 0.00044099706812541676
3.275034098 0.00041468940785114857
3.2762350639999998 0.00038923877313867486
3.27743603 0.0003661395600090459
3.2786369960000004 0.0003443808481663135
3.279837962 0.0003232783179093196
3.281038928 0.0003041732930054781
3.282239894 0.000285631522483108
3.2834408600000002 0.0002686816588152118
3.284641826 0.0002523988131969906
3.285842792 0.00023714947370081526
3.287043758 0.00022367145542982064
3.288244724 0.00021030999328055345
3.2894456890000003 0.00019859996826384035
3.290646655 0.0001874050817400305
3.291847621 0.00017684160767672435
3.2930485870000004 0.00016755570442601768
3.294249553 0.00015827020871670355
3.295450519 0.00014996931666875764
3.296651485 0.00014174493906419223
3.2978524510000002 0.00013393223910893723
3.299053417 0.0001270749072609081
3.300254383 0.00011997365840406054
3.301455349 0.0001135578291589226
3.302656315 0.00010742778404043057
3.303857281 0.00010164828356573307
3.305058247 9.685953977166483e-05
3.3062592129999997 9.193635952110409e-05
3.307460178 8.768203609093114e-05
3.308661144 8.367030374561916e-05
3.30986211 7.986378960730153e-05
3.311063076 7.678960012280445e-05
3.312264042 7.364866003337406e-05
3.313465008 7.101145505883144e-05
3.314665974 6.853024469635359e-05
3.31586694 6.605171719453403e-05
3.317067906 6.44137548556781e-05
3.318268872 6.24204284462729e-05
3.319469838 6.0605232384184425e-05
3.3206708039999997 5.881384591796231e-05
3.32187177 5.707555513542239e-05
3.323072736 5.620465744004834e-05
3.324273702 5.4910848238976727e-05
3.325474667 5.334067802115102e-05
3.326675633 5.19642669939671e-05
3.327876599 5.077478244155411e-05
3.329077565 5.009407337077014e-05
3.330278531 4.930730020212225e-05
3.3314794969999997 4.794782487945109e-05
3.332680463 4.6667096271294504e-05
3.333881429 4.507055976552916e-05
3.3350823949999997 4.3855886167551414e-05
3.336283361 4.225933811313589e-05
3.3374843270000003 4.0574575985997824e-05
3.338685293 3.917754792633995e-05
3.339886259 3.776762470991335e-05
3.3410872250000003 3.6975590493859183e-05
3.342288191 3.616607647772577e-05
3.343489156 3.50133215315857e-05
3.344690122 3.421779446751529e-05
3.3458910879999997 3.344559732215739e-05
3.347092054 3.2606709665655145e-05
3.3482930200000003 3.175353631094665e-05
3.349493986 3.0718542511847145e-05
3.350694952 2.990666490481989e-05
3.3518959180000003 2.9066276470061467e-05
3.353096884 2.8406189344990352e-05
3.35429785 2.789877359622195e-05
3.355498816 2.7214624709684916e-05
3.356699782 2.661676023341154e-05
3.357900748 2.5998170535060246e-05
3.359101714 2.5248271117107063e-05
3.3603026799999998 2.4712241708815865e-05
3.361503645 2.430117057009644e-05
3.3627046110000003 2.4042746369762003e-05
3.363905577 2.392105100121654e-05
3.365106543 2.3741363954833558e-05
3.3663075090000003 2.3807133992946734e-05
3.367508475 2.4094921844174255e-05
3.368709441 2.434696247556075e-05
3.369910407 2.4534610030650488e-05
3.371111373 2.4554416948330844e-05
3.372312339 2.4589977192608317e-05
3.373513305 2.4730181976975354e-05
3.3747142709999998 2.4925349939018493e-05
3.375915237 2.5187038523998747e-05
3.377116203 2.540483763902826e-05
3.378317169 2.5634445190269065e-05
3.379518134 2.6274987474300733e-05
3.3807191 2.6972804164038916e-05
3.381920066 2.7530073498706066e-05
3.383121032 2.7915197493038636e-05
3.384321998 2.79962331036398e-05
3.3855229639999997 2.816009303783008e-05
3.38672393 2.8386559477343376e-05
3.387924896 2.867372869112342e-05
3.3891258619999998 2.8860917578607393e-05
3.390326828 2.870854845185785e-05
3.391527794 2.856844458690367e-05
3.39272876 2.9035144684578245e-05
3.3939297259999996 2.9670083395699928e-05
3.3951306920000004 3.0291054159673245e-05
3.3963316580000003 3.0893077929855024e-05
3.397532623 3.168415392266592e-05
3.398733589 3.263251526613594e-05
3.3999345549999997 3.382211447213192e-05
3.401135521 3.508765034108136e-05
3.402336487 3.590057347540549e-05
3.4035374529999998 3.6568131250261466e-05
3.4047384189999996 3.724984599990084e-05
3.405939385 3.784479749392514e-05
3.407140351 3.822727287781649e-05
3.408341317 3.882643278797737e-05
3.4095422830000004 3.9778219251180854e-05
3.4107432490000003 4.069151709005001e-05
3.411944215 4.208764706231955e-05
3.413145181 4.380931760543963e-05
3.4143461459999997 4.513663700797706e-05
3.415547112 4.615866613846801e-05
3.416748078 4.7205611315033906e-05
3.4179490439999998 4.8012385205285394e-05
3.4191500099999996 4.892621729255923e-05
3.4203509760000004 4.978630457168596e-05
3.4215519420000002 5.0110023146792195e-05
3.422752908 5.0332103812729346e-05
3.423953874 5.09486153702008e-05
3.4251548400000003 5.220720583308189e-05
3.426355806 5.318910190899717e-05
3.427556772 5.341115906890854e-05
3.428757738 5.332857930336121e-05
3.429958704 5.319971727615331e-05
3.43115967 5.370265895728972e-05
3.432360635 5.465530510107721e-05
3.433561601 5.49119786836848e-05
3.4347625670000004 5.476973923948545e-05
3.4359635330000002 5.5085884211183186e-05
3.437164499 5.545649558144103e-05
3.438365465 5.595441261074159e-05
3.4395664310000003 5.654461804366243e-05
3.440767397 5.638726133692202e-05
3.441968363 5.631320016042686e-05
3.443169329 5.668005827298005e-05
3.444370295 5.727064950853897e-05
3.445571261 5.767988685792182e-05
3.446772227 5.783994953418817e-05
3.4479731929999997 5.8426528773592104e-05
3.449174159 5.9191275132134384e-05
3.4503751240000002 5.937478198789546e-05
3.45157609 5.962815103625008e-05
3.452777056 5.918438895523374e-05
3.453978022 5.825098531655426e-05
3.455178988 5.797523186879094e-05
3.456379954 5.76172399124909e-05
3.45758092 5.676395398078342e-05
3.458781886 5.61556931963814e-05
3.459982852 5.5547978804216635e-05
3.461183818 5.5105317923617766e-05
3.4623847839999997 5.5464730041356004e-05
3.46358575 5.565467365770433e-05
3.464786716 5.61616240666642e-05
3.4659876819999997 5.6979641623946225e-05
3.467188648 5.732005845212001e-05
3.468389613 5.763177310231048e-05
3.469590579 5.771105381884817e-05
3.470791545 5.7444941736861406e-05
3.471992511 5.725896054841688e-05
3.4731934769999997 5.6844937064843635e-05
3.474394443 5.597792424149658e-05
3.475595409 5.4931004241692446e-05
3.4767963749999997 5.361147634491003e-05
3.4779973409999996 5.257121158152986e-05
3.4791983070000003 5.185380992203583e-05
3.480399273 5.089925542083513e-05
3.481600239 5.036609647590793e-05
3.4828012050000003 4.9849422059483395e-05
3.484002171 4.9389396519523986e-05
3.485203137 4.967688559121042e-05
3.486404102 4.939809088582926e-05
3.4876050679999997 4.868937212190511e-05
3.488806034 4.8328544783711505e-05
3.490007 4.733508860736655e-05
3.491207966 4.662350930868238e-05
3.492408932 4.656593685655276e-05
3.4936098980000003 4.5704390081842344e-05
3.494810864 4.5201708053619286e-05
3.49601183 4.5615932055014606e-05
3.497212796 4.571088418892121e-05
3.498413762 4.6324329516851745e-05
3.499614728 4.690544980021866e-05
3.500815694 4.613989596508598e-05
3.50201666 4.572094652004986e-05
3.503217626 4.55702315819399e-05
3.5044185910000003 4.47175508770041e-05
3.505619557 4.453663583683714e-05
3.506820523 4.4310885221634704e-05
3.5080214890000003 4.401499730424193e-05
3.509222455 4.5147851353739114e-05
3.510423421 4.618349568967953e-05
3.511624387 4.656533381820369e-05
3.512825353 4.712207624847235e-05
3.514026319 4.690026786990652e-05
3.515227285 4.651586217752934e-05
3.516428251 4.656862154759752e-05
3.517629217 4.548626530641937e-05
3.518830183 4.379735301554303e-05
3.520031149 4.2852847966731584e-05
3.521232114 4.1809510129145075e-05
3.52243308 4.138630291210262e-05
3.523634046 4.13856727035382e-05
3.524835012 4.103385412736368e-05
3.526035978 4.130152294758231e-05
3.527236944 4.16332966256017e-05
3.52843791 4.144186883939669e-05
3.529638876 4.1628500121401095e-05
3.530839842 4.148415077053964e-05
3.532040808 4.064922841381098e-05
3.533241774 4.048839893727653e-05
3.53444274 3.996742097766646e-05
3.5356437059999997 3.898626812857778e-05
3.536844672 3.873118779374816e-05
3.5380456380000003 3.842171936490963e-05
3.539246603 3.857090098788337e-05
3.540447569 3.989016077685482e-05
3.5416485349999998 4.0559205384620636e-05
3.542849501 4.104339134852157e-05
3.544050467 4.2178116836446376e-05
3.545251433 4.271208079558033e-05
3.5464523989999996 4.356948000275754e-05
3.547653365 4.4889127565005464e-05
3.548854331 4.467210188267422e-05
3.5500552969999997 4.418464362138625e-05
3.5512562630000004 4.425414658541283e-05
3.5524572290000003 4.346576329552647e-05
3.553658195 4.2894136447954084e-05
3.554859161 4.272232352743278e-05
3.5560601270000003 4.190944078986469e-05
3.557261092 4.208656273997875e-05
3.558462058 4.2466755286598546e-05
3.559663024 4.170423987430224e-05
3.5608639899999996 4.18368636808146e-05
3.562064956 4.243610523102985e-05
3.5632659220000003 4.263853812928998e-05
3.564466888 4.360487187352563e-05
3.565667854 4.3873204579951705e-05
3.5668688200000003 4.291335448163891e-05
3.568069786 4.2943070197803915e-05
3.569270752 4.3176762364359746e-05
3.570471718 4.292538797430778e-05
3.571672684 4.3473582774765425e-05
3.57287365 4.3356658485007064e-05
3.574074616 4.2680610394956996e-05
3.575275581 4.311656096568831e-05
3.5764765470000004 4.316537422116238e-05
3.5776775130000003 4.281675047503297e-05
3.578878479 4.319498199386895e-05
3.580079445 4.281576301686857e-05
3.5812804110000003 4.203495072312165e-05
3.582481377 4.200534363671976e-05
3.583682343 4.111849195342627e-05
3.584883309 3.993996853855955e-05
3.586084275 3.9742424098329907e-05
3.587285241 3.923449791514443e-05
3.588486207 3.866116367486516e-05
3.5896871729999997 3.918383538600582e-05
3.590888139 3.911852065422008e-05
3.592089105 3.873080657010571e-05
3.59329007 3.94656899098435e-05
3.594491036 3.970926901835097e-05
3.595692002 3.9703495850831283e-05
3.596892968 4.069998046624366e-05
3.598093934 4.080520095385175e-05
3.5992949 4.0432030032869754e-05
3.600495866 4.138124768186891e-05
3.601696832 4.1849673951064185e-05
3.602897798 4.201861273102406e-05
3.6040987639999997 4.2914003808530866e-05
3.60529973 4.2946456836698345e-05
3.606500696 4.2675427857202996e-05
3.6077016619999998 4.358131991845351e-05
3.6089026279999996 4.373425779653327e-05
3.6101035940000004 4.298904224112288e-05
3.611304559 4.295334068184464e-05
3.612505525 4.2542710663484034e-05
3.613706491 4.233025038354416e-05
3.6149074569999997 4.3416138185176354e-05
3.616108423 4.3877870726891956e-05
3.617309389 4.393863265643955e-05
3.6185103549999997 4.51003015930117e-05
3.619711321 4.59680798235332e-05
3.620912287 4.66004803794661e-05
3.622113253 4.8007099703119956e-05
3.623314219 4.8425276555087056e-05
3.6245151850000004 4.829848034195808e-05
3.625716151 4.9404769251138744e-05
3.626917117 4.9925276253960185e-05
3.628118082 5.009920887964876e-05
3.6293190479999997 5.1370752434152505e-05
3.630520014 5.2228292843791726e-05
3.63172098 5.233214688934613e-05
3.6329219459999997 5.325274891673876e-05
3.6341229119999996 5.369109449239172e-05
3.6353238780000003 5.310100994117554e-05
3.636524844 5.368968667308021e-05
3.63772581 5.416661260004808e-05
3.638926776 5.382338466463558e-05
3.640127742 5.4672944498767555e-05
3.641328708 5.572400671513864e-05
3.642529674 5.612660886856083e-05
3.6437306400000002 5.768185489573136e-05
3.644931606 5.9209832618865274e-05
3.646132571 5.9795937132157485e-05
3.647333537 6.14432066321027e-05
3.648534503 6.312833273544096e-05
3.6497354690000003 6.362250259842257e-05
3.650936435 6.446482860839424e-05
3.652137401 6.5669932976986e-05
3.653338367 6.58337530106223e-05
3.6545393330000002 6.64465284413314e-05
3.655740299 6.773033726228886e-05
3.656941265 6.749442049680345e-05
3.658142231 6.73199074910589e-05
3.659343197 6.797211682108256e-05
3.660544163 6.769453143065677e-05
3.661745129 6.781433768220258e-05
3.6629460949999997 6.881887349623975e-05
3.66414706 6.84401207375238e-05
3.665348026 6.76421800299599e-05
3.666548992 6.742889719424548e-05
3.667749958 6.66417713831579e-05
3.6689509240000002 6.559247419580741e-05
3.67015189 6.546606529821833e-05
3.671352856 6.478169754283976e-05
3.672553822 6.353723984804668e-05
3.673754788 6.385889312920861e-05
3.674955754 6.39953704595499e-05
3.67615672 6.32393829284768e-05
3.6773576859999997 6.343985535741196e-05
3.678558652 6.33989898441745e-05
3.679759618 6.272363712734566e-05
3.680960584 6.272686737327728e-05
3.682161549 6.234964718911329e-05
3.683362515 6.103141446627624e-05
3.684563481 6.0314694430652974e-05
3.685764447 6.017411050967744e-05
3.686965413 5.88865512211334e-05
3.6881663789999997 5.7674672185297777e-05
3.689367345 5.71151306205269e-05
3.690568311 5.568702358409763e-05
3.6917692769999997 5.503335179537502e-05
3.6929702430000004 5.5382531197375006e-05
3.6941712090000003 5.4737332967921404e-05
3.695372175 5.428351503674203e-05
3.696573141 5.487040862430453e-05
3.6977741070000003 5.517108935338971e-05
3.698975073 5.513915822021562e-05
3.700176038 5.594041339939952e-05
3.701377004 5.625544485458132e-05
3.7025779699999997 5.5497620064857994e-05
3.703778936 5.5830899157750344e-05
3.704979902 5.5588744050640765e-05
3.706180868 5.410510555849907e-05
3.707381834 5.386766838767197e-05
3.7085828000000003 5.384228699057471e-05
3.709783766 5.281196080553559e-05
3.710984732 5.18576505783227e-05
3.712185698 5.136552087278526e-05
3.713386664 5.022506360451137e-05
3.71458763 4.959112601850845e-05
3.715788596 5.0452102732445066e-05
3.716989562 4.991289044996556e-05
3.7181905270000004 4.909847773439786e-05
3.7193914930000003 4.95062252145042e-05
3.720592459 4.9131577235297695e-05
3.721793425 4.823767808882097e-05
3.7229943910000003 4.796812244088552e-05
3.724195357 4.781642505243057e-05
3.725396323 4.684549687247707e-05
3.726597289 4.662668739263056e-05
3.727798255 4.665959951960772e-05
3.728999221 4.524049156049331e-05
3.730200187 4.4879015365388325e-05
3.7314011529999997 4.517106476184948e-05
3.732602119 4.452054875376598e-05
3.733803085 4.37766280597051e-05
3.7350040509999998 4.3554040032681526e-05
3.736205016 4.299515596185272e-05
3.7374059820000003 4.209701167214175e-05
3.738606948 4.2755527290712605e-05
3.739807914 4.318222989711642e-05
3.74100888 4.280303038206323e-05
3.742209846 4.325594960483332e-05
3.743410812 4.3413255376452514e-05
3.744611778 4.314999632657679e-05
3.7458127439999997 4.356246182982995e-05
3.74701371 4.440490071007458e-05
3.748214676 4.381281876643494e-05
3.7494156419999998 4.2720477129086394e-05
3.7506166079999996 4.2737808508281234e-05
3.751817574 4.188613002241877e-05
3.753018539 4.130955168503687e-05
3.754219505 4.137397211646747e-05
3.755420471 4.0684060173330733e-05
3.7566214369999997 3.941110548332814e-05
3.757822403 3.907389773233429e-05
3.759023369 3.9327877806685384e-05
3.7602243349999998 3.8514835499481134e-05
3.761425301 3.856027295899134e-05
3.762626267 3.8820078942282376e-05
3.7638272329999998 3.778725824004566e-05
3.765028199 3.698263589302333e-05
3.7662291650000004 3.69106001552504e-05
3.7674301310000002 3.676288059272298e-05
3.768631097 3.636552685244818e-05
3.769832063 3.709940662577929e-05
3.7710330279999997 3.7286110828217326e-05
3.772233994 3.6535113197449144e-05
3.77343496 3.710299781281492e-05
3.7746359259999998 3.80498028504742e-05
3.7758368919999996 3.8378834749794424e-05
3.7770378580000004 3.853873089815808e-05
3.778238824 3.9006192874237725e-05
3.77943979 3.844836439734248e-05
3.780640756 3.79742079097021e-05
3.7818417220000002 3.8644042590159296e-05
3.783042688 3.835102632173557e-05
3.784243654 3.739115391549405e-05
3.7854446200000003 3.6774072817802146e-05
3.786645586 3.623632628266434e-05
3.787846552 3.4911509180876416e-05
3.7890475169999998 3.451810763112306e-05
3.790248483 3.500026953165114e-05
3.7914494490000004 3.444120636751591e-05
3.792650415 3.432360642517348e-05
3.793851381 3.4834864013491685e-05
3.795052347 3.5059449656486034e-05
3.7962533130000002 3.4805571512636196e-05
3.797454279 3.5820454857775833e-05
3.798655245 3.670064840097088e-05
3.799856211 3.6058469248695815e-05
3.801057177 3.6170210421795644e-05
3.802258143 3.675180261855025e-05
3.803459109 3.7105995681361285e-05
3.8046600749999997 3.736389200855258e-05
3.805861041 3.8231470847747795e-05
3.807062006 3.755172410117225e-05
3.808262972 3.585211565586579e-05
3.809463938 3.546234662054892e-05
3.8106649040000002 3.5389419081676936e-05
3.81186587 3.4953245830158295e-05
3.813066836 3.475538474089569e-05
3.814267802 3.5428828685240397e-05
3.815468768 3.49383609360899e-05
3.816669734 3.477861075192505e-05
3.8178707 3.574101601586656e-05
3.8190716659999997 3.611744477969231e-05
3.820272632 3.563655864207216e-05
3.821473598 3.529523459646964e-05
3.8226745639999997 3.5423166821642745e-05
3.8238755299999996 3.4388003328098746e-05
3.825076495 3.456572263926648e-05
3.826277461 3.558988774113386e-05
3.827478427 3.592146629362704e-05
3.828679393 3.5803722342967704e-05
3.829880359 3.6273795149084044e-05
3.831081325 3.686876492580202e-05
3.832282291 3.629037452625972e-05
3.8334832569999997 3.6682833810476446e-05
3.834684223 3.720565683563563e-05
3.835885189 3.709956908856185e-05
3.837086155 3.691128551273547e-05
3.838287121 3.7633415293104326e-05
3.8394880870000003 3.770853605287379e-05
3.840689053 3.679069953677266e-05
3.841890019 3.65559637046755e-05
3.843090984 3.604863952595605e-05
3.8442919499999997 3.489705356130554e-05
3.845492916 3.3878522580382704e-05
3.846693882 3.389966000394998e-05
3.8478948479999997 3.2929069987839765e-05
3.849095814 3.209911947678565e-05
3.8502967800000003 3.210099946304922e-05
3.851497746 3.225325412651311e-05
3.852698712 3.195105012686818e-05
3.8538996780000003 3.2036294867183584e-05
3.855100644 3.274844350610575e-05
3.85630161 3.2424589697723405e-05
3.857502576 3.2643789285064145e-05
3.858703542 3.348837111639755e-05
3.859904507 3.435754991698853e-05
3.8611054730000003 3.4268672401438136e-05
3.862306439 3.4694807188624545e-05
3.863507405 3.5229861390465234e-05
3.8647083710000003 3.4819248722635817e-05
3.865909337 3.438511230169275e-05
3.867110303 3.4300854553200894e-05
3.868311269 3.4099417624865476e-05
3.869512235 3.327200570557579e-05
3.870713201 3.3225968067140205e-05
3.871914167 3.298677976553996e-05
3.8731151329999998 3.2145710769503276e-05
3.874316099 3.135491511433802e-05
3.875517065 3.159921957342619e-05
3.876718031 3.1662132224820546e-05
3.877918996 3.124195715090692e-05
3.8791199620000003 3.129838001116541e-05
3.880320928 3.1356901732795525e-05
3.881521894 3.095013850099452e-05
3.88272286 3.056691749523032e-05
3.883923826 3.098292734469576e-05
3.885124792 3.07104661142069e-05
3.886325758 3.0060098098870478e-05
3.8875267239999998 2.9698635949498783e-05
3.88872769 2.9619531083806654e-05
3.889928656 2.8855737064557067e-05
3.891129622 2.8392225310749653e-05
3.8923305879999996 2.834408922626311e-05
3.893531554 2.7624459445696195e-05
3.89473252 2.6450046013131543e-05
3.895933485 2.5682870015277773e-05
3.897134451 2.5145689032177405e-05
3.8983354169999997 2.3870990624652018e-05
3.899536383 2.289725515680215e-05
3.900737349 2.2363051638491073e-05
3.9019383149999998 2.206512072555057e-05
3.903139281 2.1470325721097873e-05
3.904340247 2.1620627286826984e-05
3.905541213 2.1958946767427768e-05
3.9067421789999996 2.1825927298046646e-05
3.9079431450000004 2.1861903704706285e-05
3.9091441110000003 2.2486715575800025e-05
3.910345077 2.2861701102026316e-05
3.911546043 2.2620733898066413e-05
3.9127470090000003 2.2852526381832423e-05
3.913947974 2.3180528299131037e-05
3.91514894 2.2777692207229306e-05
3.9163499059999998 2.228168170536999e-05
3.9175508719999996 2.243188662303704e-05
3.918751838 2.227722392266794e-05
3.9199528040000002 2.16692242123059e-05
3.92115377 2.112102132106985e-05
3.922354736 2.0912918258136994e-05
3.9235557020000003 2.0107853776161737e-05
3.924756668 1.953016578728408e-05
3.925957634 1.9321153752273378e-05
3.9271586000000003 1.9109048150144732e-05
3.928359566 1.813740544538771e-05
3.929560532 1.7573413123914783e-05
3.930761498 1.7514448741736626e-05
3.9319624629999996 1.720825912997814e-05
3.9331634290000004 1.6945757513349e-05
3.9343643950000002 1.7284292235407076e-05
3.935565361 1.806685308103241e-05
3.936766327 1.8319002528330144e-05
3.9379672930000003 1.9128968696047303e-05
3.939168259 2.0098729645246535e-05
3.940369225 2.0722520536125192e-05
3.941570191 2.073411593302779e-05
3.942771157 2.0811618852116695e-05
3.943972123 2.0816502647930997e-05
3.945173089 2.0111951250804822e-05
3.946374055 1.9084479333217387e-05
3.947575021 1.8619110367568226e-05
3.948775987 1.7924237072300145e-05
3.949976952 1.709272879580812e-05
3.951177918 1.664399638607183e-05
3.9523788840000003 1.6791178176782735e-05
3.95357985 1.6685074145129893e-05
3.954780816 1.648480370606892e-05
3.955981782 1.6724186055807304e-05
3.957182748 1.686748940105618e-05
3.958383714 1.6755779217838645e-05
3.95958468 1.679908027850683e-05
3.9607856459999997 1.7160623999176835e-05
3.961986612 1.6996277113221057e-05
3.963187578 1.654095063777833e-05
3.9643885439999997 1.6472423901991113e-05
3.9655895099999996 1.653985240831359e-05
3.9667904760000003 1.6215548602904522e-05
3.967991441 1.6077987902887308e-05
3.969192407 1.6554716383559537e-05
3.970393373 1.71237476785249e-05
3.971594339 1.7009906482531225e-05
3.972795305 1.6959274014988384e-05
3.973996271 1.6997373496957815e-05
3.9751972369999997 1.702914396780644e-05
3.976398203 1.6850479829111986e-05
3.977599169 1.691176608143907e-05
3.9788001349999997 1.6850928104974394e-05
3.980001101 1.644973171685731e-05
3.9812020670000003 1.6239935819860838e-05
3.982403033 1.6333670079391562e-05
3.983603999 1.6207522185668637e-05
3.984804964 1.5685338351881665e-05
3.9860059299999997 1.5230577806553273e-05
3.987206896 1.5271973707840984e-05
3.988407862 1.499508159224213e-05
3.9896088279999997 1.447203629451165e-05
3.9908097939999996 1.4282144468028623e-05
3.9920107600000003 1.4452933603948927e-05
3.993211726 1.4247922969516742e-05
3.994412692 1.4154158411992495e-05
3.9956136580000003 1.4320442182604324e-05
3.996814624 1.4300856595951775e-05
3.99801559 1.3621825574765017e-05
3.999216556 1.3263515817710852e-05
4.000417522 1.3356996700343165e-05
4.001618488 1.3426765603879427e-05
4.002819453 1.3578294782826883e-05
4.004020419 1.3918141206443803e-05
4.005221385 1.4273038828696689e-05
4.006422351 1.4124202786234233e-05
4.007623317 1.4081330313644056e-05
4.008824283 1.425161292073317e-05
4.010025249 1.4336482645933005e-05
4.011226215 1.3958392055351878e-05
4.012427181 1.3771507778739643e-05
4.0136281469999995 1.406560212442716e-05
4.014829112999999 1.4416958983072815e-05
4.016030079 1.4499462124740862e-05
4.017231045 1.4639009165026805e-05
4.018432011 1.4746771481846696e-05
4.0196329770000006 1.4580640897887194e-05
4.020833942 1.412910522895471e-05
4.022034908 1.3687884792282768e-05
4.023235874 1.3188387030012415e-05
4.02443684 1.2233056522718248e-05
4.025637806 1.135032685203185e-05
4.026838772 1.0900680578316243e-05
4.028039738 1.0891850831429324e-05
4.029240704 1.079179168642235e-05
4.03044167 1.0670187540129698e-05
4.031642636 1.068352715045512e-05
4.032843602 1.0430536773987719e-05
4.034044568 1.0327929622804289e-05
4.035245534 1.0512158429851402e-05
4.0364465 1.0796238893415571e-05
4.037647466 1.0699435792231544e-05
4.038848431 1.0593471273890574e-05
4.040049397000001 1.103166375282925e-05
4.0412503630000005 1.1724419191590109e-05
4.042451329 1.2246184043733406e-05
4.043652295 1.2486784739421997e-05
4.044853261 1.28581996259687e-05
4.046054227 1.3240431668328781e-05
4.047255193 1.3320636970668876e-05
4.048456159 1.3204360357649866e-05
4.049657125 1.2924523943525278e-05
4.050858091 1.2463433489343182e-05
4.052059057 1.1995409618676178e-05
4.053260023 1.1877457218521903e-05
4.054460989 1.1913028986302346e-05
4.055661955 1.2019981828664304e-05
4.05686292 1.2079791396455586e-05
4.058063886 1.2291707874394644e-05
4.059264852 1.258710478427279e-05
4.060465818 1.268883076158845e-05
4.061666784 1.2657029061933447e-05
4.06286775 1.2686178448807304e-05
4.064068716 1.2817250697478999e-05
4.065269682 1.2476294460796057e-05
4.066470648 1.1884681024521939e-05
4.067671614 1.1310602323406781e-05
4.06887258 1.0875915881645962e-05
4.070073546 1.0410833129835625e-05
4.071274512 1.0012283860527631e-05
4.072475477999999 9.783355632731754e-06
4.073676444 9.529151706742549e-06
4.074877409 9.362699455759221e-06
4.076078375 9.477286240881867e-06
4.077279341 9.941058984018104e-06
4.0784803069999995 1.0275317709019116e-05
4.079681273 1.037875685141137e-05
4.080882239 1.0396982975201893e-05
4.082083205 1.04383283231111e-05
4.083284171 1.0252395839067075e-05
4.084485137 9.85615492863672e-06
4.085686103 9.467166488624827e-06
4.086887069 9.235047935792067e-06
4.088088035 8.927265817819539e-06
4.089289001 8.579764021877411e-06
4.090489967 8.25610441784155e-06
4.091690932 8.077795042964923e-06
4.0928918979999995 7.944386832909764e-06
4.094092864 7.941948610778725e-06
4.09529383 8.020487325724136e-06
4.096494796 8.029217177445094e-06
4.097695762 8.010911549209376e-06
4.098896728 8.372791710829508e-06
4.1000976940000005 8.918334936583338e-06
4.10129866 9.533481483384551e-06
4.102499626 9.56183416263117e-06
4.103700592 9.518523513176883e-06
4.104901558 9.448688695727994e-06
4.106102524 9.67887357090544e-06
4.1073034900000005 9.732590725316847e-06
4.1085044559999995 9.663643048729205e-06
4.109705420999999 9.480898606216815e-06
4.110906387 9.119463948879544e-06
4.112107353000001 8.825164531816012e-06
4.113308319 8.642125991001055e-06
4.1145092850000005 8.41602666849152e-06
4.115710251 7.871526150373978e-06
4.116911217 7.499172621107062e-06
4.118112183 7.347630649932767e-06
4.119313149 7.483241335105227e-06
4.120514115 7.634630297147644e-06
4.1217150810000005 8.114372430998451e-06
4.1229160469999995 8.724117821093076e-06
4.124117013 9.538013828674738e-06
4.125317979 1.0197963910856722e-05
4.126518945 1.067093098139039e-05
4.12771991 1.0925495677729962e-05
4.1289208760000005 1.1095822818708733e-05
4.130121841999999 1.0919249361136598e-05
4.131322808 1.05775746243969e-05
4.132523774 1.0122344486309147e-05
4.13372474 9.803249238663417e-06
4.134925706 9.48146858893066e-06
4.1361266720000005 9.151962277609264e-06
4.1373276379999995 8.752613250174907e-06
4.138528604 8.466083252455202e-06
4.13972957 8.263835859173363e-06
4.140930536 8.201632558508337e-06
4.142131502 8.27792073744369e-06
4.143332468 8.251167692689654e-06
4.1445334339999995 8.238500264737014e-06
4.145734399 8.179148380220426e-06
4.146935365 8.325879230883814e-06
4.148136331 8.367326158348408e-06
4.149337297 8.565835146188247e-06
4.1505382630000005 8.553687302568217e-06
4.1517392289999995 8.517633562683824e-06
4.152940195 8.415910418293161e-06
4.154141160999999 8.439584221647586e-06
4.155342127 8.339755499885856e-06
4.156543093 8.140143059356833e-06
4.157744059 7.797700680258438e-06
4.158945025 7.5804247657372645e-06
4.160145991 7.317266907065184e-06
4.161346957 7.043529108256162e-06
4.162547923 6.732687049411531e-06
4.163748888 6.33494325926326e-06
4.1649498540000005 6.05909466568228e-06
4.1661508199999995 5.827314564126244e-06
4.167351786 5.725742174318547e-06
4.168552751999999 5.44582834435842e-06
4.169753718 5.394026621116096e-06
4.170954684000001 5.334769066100504e-06
4.17215565 5.399818374514095e-06
4.173356616 5.3812937853013475e-06
4.174557582 5.305610007927083e-06
4.175758548 5.25339650268168e-06
4.176959514 5.276482579001136e-06
4.17816048 5.439581776140817e-06
4.179361446 5.52541262765045e-06
4.1805624120000004 5.528286577327989e-06
4.181763377 5.5333615719520225e-06
4.182964343 5.750764260375188e-06
4.184165309 6.147088714456688e-06
4.185366275000001 6.5939918280403775e-06
4.186567241 6.949586979455947e-06
4.187768207 7.361021259332184e-06
4.188969173 7.641583676171624e-06
4.190170139 7.944079949553915e-06
4.191371105 8.049616842618737e-06
4.192572071 8.095418829570812e-06
4.193773037 7.78587017288395e-06
4.1949740030000005 7.3703170506440874e-06
4.196174968999999 6.8811332687806095e-06
4.197375935 6.387142187757019e-06
4.198576901 6.206987696730799e-06
4.199777866000001 6.12523208741873e-06
4.200978832 6.18413652832056e-06
4.202179798 6.206474918450502e-06
4.203380764 6.542939104803444e-06
4.20458173 6.6865868754786825e-06
4.205782696 6.808327228093823e-06
4.206983662 6.71854708112936e-06
4.208184628 6.575643771566527e-06
4.2093855940000005 6.211994670000167e-06
4.210586559999999 5.892911160696906e-06
4.211787526 6.066382222534193e-06
4.212988492 6.414088303532255e-06
4.214189458 6.64434813484949e-06
4.215390424 6.865866032722809e-06
4.216591389 7.425099099884627e-06
4.217792354999999 7.974612239167663e-06
4.218993321 8.614046157208166e-06
4.220194287 8.871566445523872e-06
4.221395253 8.651867719548157e-06
4.222596219 8.225252933916294e-06
4.2237971850000005 7.996736027708683e-06
4.224998150999999 7.652965463843252e-06
4.226199117 7.148246743578824e-06
4.227400083 6.9335701274703385e-06
4.228601049 6.758061411834806e-06
4.229802015000001 6.828714624924041e-06
4.231002981 6.9201666487597305e-06
4.232203947 7.35098214410804e-06
4.233404913 7.556499133034709e-06
4.234605878 7.626752353180246e-06
4.235806844 7.404748545847392e-06
4.23700781 7.1195482079266865e-06
4.2382087760000005 6.954817362413903e-06
4.239409741999999 6.691389736547349e-06
4.240610708 6.577856050891609e-06
4.241811673999999 6.584037116132777e-06
4.24301264 6.849209086232857e-06
4.244213606000001 7.018507041298282e-06
4.245414572 7.256444886532271e-06
4.246615538 7.26615863573687e-06
4.247816504 7.185578443732072e-06
4.24901747 6.725011639850133e-06
4.250218436 5.981359096578076e-06
4.251419402000001 5.088466315389944e-06
4.2526203670000005 4.55453407360715e-06
4.253821332999999 4.391381046487427e-06
4.255022299 4.206174095275255e-06
4.256223265 4.272983525857322e-06
4.257424231 4.454543551587464e-06
4.258625197000001 4.868010527966485e-06
4.259826163 5.015530636159715e-06
4.261027129 5.148905960929917e-06
4.262228095 5.3673438722821875e-06
4.263429061 5.549456951296551e-06
4.264630027 5.765791989241192e-06
4.265830993 5.897773956545555e-06
4.267031959 6.372004912398745e-06
4.268232925 6.799505762445728e-06
4.269433890999999 7.1634455562795865e-06
4.270634856 7.1250763230709944e-06
4.271835822 6.937157494666957e-06
4.273036788000001 6.695211876612141e-06
4.274237754 6.291977515917049e-06
4.27543872 5.792137759867164e-06
4.276639686 5.143713061150113e-06
4.277840652 5.081241549918472e-06
4.279041618 5.044558072873545e-06
4.280242584 5.2422364951376525e-06
4.28144355 5.620233388558257e-06
4.282644516 6.326112022436054e-06
4.283845481999999 6.81507390721574e-06
4.285046448 7.118425798905151e-06
4.286247414 7.414130310139377e-06
4.28744838 7.599988541316008e-06
4.288649345 7.997023249262099e-06
4.289850311 8.098814269911946e-06
4.291051276999999 7.808994480971933e-06
4.292252243 7.326017540507022e-06
4.293453209 7.270297113103985e-06
4.294654175 7.117054929614002e-06
4.295855141 6.768237654552446e-06
4.297056107 6.630348006616989e-06
4.298257072999999 6.412565470543476e-06
4.299458039 6.215871258436959e-06
4.300659005000001 5.831873481342819e-06
4.301859971 5.647927198183608e-06
4.303060937000001 5.6797874619168754e-06
4.304261903 6.017541731445564e-06
4.305462869 5.912980234612799e-06
4.306663834 5.350948931642511e-06
4.3078648 5.375486502428722e-06
4.309065766 5.470779553655849e-06
4.310266732 5.8743789789078395e-06
4.311467698 6.030033349827077e-06
4.312668663999999 6.049745504499149e-06
4.31386963 5.868660486069692e-06
4.315070596 5.934634539485247e-06
4.316271562 5.894045035209605e-06
4.317472528000001 5.427277698872711e-06
4.318673494 5.5131977924710524e-06
4.31987446 5.3505158682829186e-06
4.321075426 5.163493035429237e-06
4.322276392 5.033937183158298e-06
4.323477357 5.216897223976785e-06
4.324678323 5.517966720059875e-06
4.325879289 5.569283006247862e-06
4.327080255 5.684273733681729e-06
4.328281221 5.786502761169141e-06
4.329482187 6.304066647427941e-06
4.330683153 6.219670794113481e-06
4.331884119000001 5.928570711459504e-06
4.333085085 5.708774442606365e-06
4.334286051 5.783633356751015e-06
4.335487017 6.130955801201883e-06
4.336687983 6.103072047346922e-06
4.337888949 5.96294933500408e-06
4.339089915 5.847465028279124e-06
4.340290881 6.331930164441155e-06
4.341491846 6.522784714837633e-06
4.342692812 6.425046854327969e-06
4.343893778 6.626048395191009e-06
4.345094744 6.991472686651739e-06
4.346295710000001 7.526947899351976e-06
4.347496676 7.715071392745428e-06
4.348697642 7.948055707478987e-06
4.349898608 8.317859321091364e-06
4.351099574 8.72377966927609e-06
4.35230054 8.886772695731956e-06
4.353501506 8.598747472894818e-06
4.354702472 8.654973507141635e-06
4.355903438 8.774480336168197e-06
4.357104403999999 8.844581456575902e-06
4.35830537 8.782505882954825e-06
4.359506335 8.812941928765791e-06
4.360707301000001 9.333421536651415e-06
4.361908267 9.655988386813277e-06
4.363109233 9.700060626596063e-06
4.364310198999999 9.292308809856098e-06
4.365511165 9.209659298109851e-06
4.366712131 9.324594346336604e-06
4.367913097 9.079430731660584e-06
4.369114063 8.49637319790718e-06
4.370315029 7.621338429396524e-06
4.371515994999999 7.389105965494275e-06
4.372716961 6.887228848974195e-06
4.373917927000001 6.416062255773976e-06
4.375118893 6.04831668585917e-06
4.3763198590000005 6.081444165339604e-06
4.377520824 6.638138535816244e-06
4.378721789999999 6.915838356422688e-06
4.379922756 7.247789611516355e-06
4.381123722 7.571207230981664e-06
4.382324688 8.237038172101779e-06
4.383525654 8.289514514814878e-06
4.38472662 7.900170642274305e-06
4.385927586 7.382983836262944e-06
4.387128552 6.792620978680204e-06
4.388329518 6.5792305756637605e-06
4.389530484 6.265341813262575e-06
4.3907314500000005 5.867133609307283e-06
4.3919324159999995 6.146553447558174e-06
4.393133382 6.913342765475541e-06
4.394334348 7.450662835726569e-06
4.395535313 7.492853476107879e-06
4.396736279 7.610409452529672e-06
4.3979372450000005 8.221631077959189e-06
4.399138211 8.9163598610467e-06
4.400339177 9.422658452969062e-06
4.401540143 9.40574916359063e-06
4.402741109 9.703880921920198e-06
4.403942075 1.0011466299927396e-05
4.4051430410000005 1.028344272604823e-05
4.4063440069999995 1.0360202063371356e-05
4.407544973 1.014092183980359e-05
4.408745939 1.06122179197972e-05
4.409946905 1.0847983128013308e-05
4.411147871 1.078463784205188e-05
4.412348837 1.0514650423227887e-05
4.413549802 1.0683401508501156e-05
4.414750768 1.1037505388373483e-05
4.415951734 1.1009532142364105e-05
4.4171527 1.0767134972791475e-05
4.418353666 1.0032982695625189e-05
4.4195546320000005 9.798873616856797e-06
4.4207555979999995 9.647174577394595e-06
4.421956564 9.240842684180277e-06
4.42315753 8.805008365094395e-06
4.424358496 8.639948556477217e-06
4.425559462 8.98722912078773e-06
4.426760428 9.071817965510864e-06
4.4279613939999996 8.870517241884543e-06
4.42916236 8.752574783121845e-06
4.430363325999999 8.963197836186115e-06
4.431564291 9.481494098827185e-06
4.432765257 9.378753360526271e-06
4.4339662230000005 9.071093535523783e-06
4.4351671889999995 8.964973224151665e-06
4.436368155 9.208507015508998e-06
4.437569121 9.646181426944876e-06
4.438770087 9.838337337151896e-06
4.439971053 1.007022572788673e-05
4.441172019 1.064688032618085e-05
4.4423729849999996 1.1537539917931607e-05
4.443573951 1.2307883354523997e-05
4.444774917 1.2649331623435425e-05
4.445975883 1.3187897900493047e-05
4.447176849000001 1.362437075731421e-05
4.4483778140000005 1.3709816096039929e-05
4.4495787799999995 1.345877795697985e-05
4.450779746 1.2838530549820588e-05
4.451980711999999 1.284897686415567e-05
4.453181678 1.293431533474354e-05
4.454382644 1.3005004900760941e-05
4.45558361 1.2742236420102885e-05
4.456784576 1.2512967526568931e-05
4.457985542 1.2877151815389035e-05
4.459186508 1.2848562665383036e-05
4.460387474 1.2498974842406794e-05
4.461588440000001 1.1823136697434732e-05
4.462789406 1.1272178561955291e-05
4.4639903720000005 1.0813691335653624e-05
4.4651913379999995 1.0001831290991003e-05
4.466392302999999 9.196675085079846e-06
4.467593269 8.647766554922789e-06
4.468794235000001 8.835170626742613e-06
4.469995201 9.296687371073628e-06
4.471196167 9.225263132687374e-06
4.472397133 9.155793908632977e-06
4.473598099 9.472571509253749e-06
4.474799065 1.0307094646041699e-05
4.476000031 1.0977650242883989e-05
4.477200997 1.0854338732224332e-05
4.4784019630000005 1.0714547363993192e-05
4.4796029289999995 1.1003498056719442e-05
4.480803895 1.1699632181962967e-05
4.482004861 1.213924742734523e-05
4.483205827 1.200661226564666e-05
4.484406792 1.2318542367020254e-05
4.4856077580000004 1.3239651628573164e-05
4.486808724 1.4336788788653133e-05
4.48800969 1.4924193413320582e-05
4.489210656 1.4925829313026824e-05
4.490411622 1.533115289550019e-05
4.491612588 1.5939843003784384e-05
4.4928135540000005 1.6354234076188824e-05
4.4940145199999995 1.596540189102178e-05
4.495215486 1.5096787301981363e-05
4.496416452 1.4856687511015606e-05
4.497617418 1.4954170940572555e-05
4.498818384 1.5084532801579813e-05
4.50001935 1.4835621548193813e-05
4.5012203159999995 1.462140795656915e-05
4.502421281 1.4891614534895658e-05
4.503622247 1.5122614772697312e-05
4.504823213 1.5086181824987112e-05
4.506024179 1.4589630897340665e-05
4.5072251450000005 1.4168184625409918e-05
4.5084261109999995 1.4088820008924662e-05
4.509627077 1.3808140795493683e-05
4.510828043 1.336109022526458e-05
4.512029009 1.3039506160685958e-05
4.513229975 1.325052058921239e-05
4.514430941 1.3951819678110193e-05
4.515631907 1.4262431102117952e-05
4.516832873 1.436377207611337e-05
4.518033839 1.4708104606406621e-05
4.519234805 1.5528285657867794e-05
4.52043577 1.6574998200980594e-05
4.5216367360000005 1.6773939956125758e-05
4.5228377019999995 1.6630002758676586e-05
4.524038668 1.65223245610684e-05
4.525239633999999 1.687840705379997e-05
4.5264406 1.73568905773233e-05
4.527641566000001 1.7026988955412966e-05
4.528842532 1.6335205695578827e-05
4.530043498 1.576437102158067e-05
4.531244464 1.5844737242230832e-05
4.53244543 1.5885384615541714e-05
4.533646396 1.538319678505655e-05
4.534847362000001 1.4732506650775815e-05
4.536048328 1.4318218393363382e-05
4.537249294 1.4059898230386658e-05
4.538450259 1.3676984356883662e-05
4.539651224999999 1.3082801507144218e-05
4.540852191 1.268575385773021e-05
4.542053157000001 1.3165299119106905e-05
4.543254123 1.3941218450878666e-05
4.544455089 1.4598845005569373e-05
4.545656055 1.496346244628345e-05
4.546857021 1.574059962738902e-05
4.548057987 1.721535612870878e-05
4.549258953 1.8463543980848366e-05
4.550459919 1.9199137819769716e-05
4.551660885 1.9193333333512767e-05
4.552861850999999 1.933448422607478e-05
4.554062817 1.9903093000769604e-05
4.555263782 2.0142419892198578e-05
4.556464748000001 1.989270718000016e-05
4.557665714 1.9294328767373753e-05
4.55886668 1.9101063362175948e-05
4.560067646 1.9460247175900878e-05
4.561268612 1.9423535642152784e-05
4.562469578 1.9222766950864006e-05
4.563670544 1.8990632745336242e-05
4.56487151 1.9265123735016136e-05
4.566072476 1.9881927733862756e-05
4.567273441999999 2.0052297641271707e-05
4.568474408 1.9710793380402397e-05
4.569675374 1.9139800037422996e-05
4.57087634 1.8907682076950676e-05
4.572077306 1.8544993801955948e-05
4.573278271 1.7633904921141874e-05
4.574479236999999 1.6428831107864122e-05
4.575680203 1.570748301712462e-05
4.576881169 1.5786184834187802e-05
4.578082135 1.6169339934025014e-05
4.579283101 1.614805981368264e-05
4.580484067 1.5869020560248582e-05
4.581685032999999 1.6029046679868265e-05
4.582885999 1.6576544514434666e-05
4.584086965 1.7076237819510704e-05
4.585287931 1.6886829013134403e-05
4.586488897000001 1.615680683183145e-05
4.587689863 1.5781957886548266e-05
4.588890829 1.6219801240546948e-05
4.590091795 1.6864529962202672e-05
4.59129276 1.711315349568188e-05
4.592493726 1.7147840546920366e-05
4.593694692 1.7523851074035168e-05
4.594895658 1.8089984242370916e-05
4.596096623999999 1.8232976462274622e-05
4.59729759 1.7835337682352964e-05
4.598498555999999 1.702661013182087e-05
4.599699522 1.6698673622047396e-05
4.600900488000001 1.696542978541983e-05
4.602101454 1.7041766132940022e-05
4.60330242 1.6912316106701094e-05
4.604503386 1.6953079469126265e-05
4.605704352 1.777549375438636e-05
4.606905318 1.9148959476882463e-05
4.608106284000001 2.000444967448778e-05
4.609307249 2.0221599724678537e-05
4.610508214999999 2.0038611602517617e-05
4.611709181 2.018156225717989e-05
4.612910147 2.0422339898050215e-05
4.614111113 1.9945696686689787e-05
4.615312079000001 1.885621643783157e-05
4.616513045 1.758178125436365e-05
4.617714011 1.696198593846497e-05
4.618914977 1.6834417795544964e-05
4.620115943 1.6716204061622967e-05
4.621316909 1.6552269184250946e-05
4.622517875 1.6781242113321576e-05
4.623718841 1.7816461762104607e-05
4.624919807 1.8918699627835182e-05
4.626120772999999 1.9354717372803828e-05
4.627321738 1.9070949353791582e-05
4.628522704 1.8686521255864342e-05
4.629723670000001 1.8539029966844053e-05
4.630924636 1.8330121818210754e-05
4.632125602 1.7624779566632614e-05
4.633326568 1.655910849826109e-05
4.634527534 1.6018033631107144e-05
4.6357285 1.651432054542353e-05
4.636929466 1.7445531910620475e-05
4.638130432 1.818259570227718e-05
4.639331398 1.8622229581872853e-05
4.640532363999999 1.92798305577471e-05
4.64173333 2.038256510071058e-05
4.642934296 2.1313955515071272e-05
4.644135262 2.1567627573424453e-05
4.645336227 2.1193349165799876e-05
4.646537193 2.0943145246932414e-05
4.647738159 2.122709882119523e-05
4.648939125 2.164353461797265e-05
4.650140091 2.1714796236686427e-05
4.651341057 2.1434153488832387e-05
4.652542023 2.1459105723527086e-05
4.653742989 2.204129377140855e-05
4.654943954999999 2.2671329295725128e-05
4.656144921 2.279827138278733e-05
4.657345887 2.2315159948342432e-05
4.658546853 2.173037732031322e-05
4.659747819000001 2.132279406395186e-05
4.6609487849999995 2.084056054186699e-05
4.662149751 1.981337098543464e-05
4.663350716 1.8469312793437157e-05
4.664551682 1.7450003155242558e-05
4.665752648 1.719754146934123e-05
4.666953614 1.73032188784492e-05
4.66815458 1.724126597879907e-05
4.669355545999999 1.7054009755519532e-05
4.670556512 1.734906051797944e-05
4.671757478000001 1.846427020548464e-05
4.672958444 1.9770473231742044e-05
4.674159410000001 2.067307448536612e-05
4.6753603759999995 2.1038263124927694e-05
4.676561342 2.142342286604587e-05
4.677762308 2.2295576217423405e-05
4.678963274 2.2926247479463646e-05
4.680164239 2.2767334232351994e-05
4.681365205 2.1842667334664994e-05
4.682566171 2.091397991605488e-05
4.683767137 2.057756031132962e-05
4.684968103 2.0467539810673448e-05
4.686169069 2.0002350983999652e-05
4.687370035 1.898160026450414e-05
4.688571001000001 1.8311857336921282e-05
4.6897719669999995 1.8480026020931225e-05
4.690972933 1.9283542734696247e-05
4.692173899 1.990355429568555e-05
4.693374865 1.9922660188882833e-05
4.694575831 1.9819131039741383e-05
4.695776797000001 2.0083862019925517e-05
4.696977763 2.077871033189523e-05
4.698178728 2.1266083577007212e-05
4.699379694 2.1197112183068967e-05
4.70058066 2.1083031341475328e-05
4.701781626 2.1359873485978257e-05
4.702982592000001 2.2188887374928232e-05
4.7041835579999995 2.2679995226348057e-05
4.705384524 2.257091358331936e-05
4.70658549 2.2272800241107743e-05
4.707786456 2.231746104726399e-05
4.708987422 2.2622661474757538e-05
4.710188388 2.2543813002445853e-05
4.711389354 2.185724738305521e-05
4.71259032 2.076128319989619e-05
4.713791285999999 2.0293815745228694e-05
4.714992252 2.0387489145839474e-05
4.716193217 2.0635550166096574e-05
4.717394183000001 2.0550677188681898e-05
4.7185951489999995 2.0218265164467554e-05
4.719796115 2.0397388319295682e-05
4.720997081 2.1085275745997358e-05
4.722198047 2.172200116833488e-05
4.723399013 2.184266355521588e-05
4.724599979 2.1411851959504174e-05
4.725800945 2.1046269966622575e-05
4.727001911 2.1252998466173943e-05
4.728202876999999 2.1415705359336502e-05
4.729403843 2.114583871048649e-05
4.730604809000001 2.0467199351314938e-05
4.731805775 1.994711466485339e-05
4.7330067410000005 2.025689258554367e-05
4.734207706 2.110518878816483e-05
4.735408671999999 2.178956992794901e-05
4.736609638 2.204808491119556e-05
4.737810604 2.241173470504073e-05
4.73901157 2.3246004460810235e-05
4.740212536 2.4428924639195902e-05
4.741413502 2.5087930490632304e-05
4.742614468 2.486280207165442e-05
4.743815434 2.4109581909780184e-05
4.745016400000001 2.334394405252699e-05
4.746217366 2.299228732097643e-05
4.7474183320000005 2.2343878836494673e-05
4.7486192979999995 2.1209930370485174e-05
4.749820264 2.0147452827949056e-05
4.75102123 1.9703780777135234e-05
4.752222195 2.008147814280088e-05
4.753423161 2.0919218184906093e-05
4.7546241270000005 2.1403909801790425e-05
4.755825093 2.141533313372432e-05
4.757026059 2.1641019500948607e-05
4.758227025 2.2032292454722676e-05
4.759427991 2.2379601188672057e-05
4.760628957 2.1943270997333423e-05
4.7618299230000005 2.0929176194444467e-05
4.7630308889999995 2.0041425246871943e-05
4.764231855 1.9703438357211808e-05
4.765432821 1.9761109733605018e-05
4.766633787 1.9919616532479363e-05
4.767834753 1.9768255237858197e-05
4.769035719000001 1.9526917628006393e-05
4.770236684 2.0032253997250072e-05
4.77143765 2.0778645347420878e-05
4.772638616 2.1355914382979223e-05
4.773839582 2.1404666420174436e-05
4.775040548 2.109901120878468e-05
4.7762415140000005 2.1070761387572578e-05
4.7774424799999995 2.1588979774860802e-05
4.778643446 2.2059677765327734e-05
4.779844412 2.2094251798851493e-05
4.781045378 2.1699264725641717e-05
4.782246344 2.131027111164143e-05
4.78344731 2.1448412374004e-05
4.7846482759999995 2.163389086475485e-05
4.785849242 2.14355817804505e-05
4.787050207 2.0779304681092105e-05
4.788251173 2.0063133708005165e-05
4.789452139 1.9866095680299996e-05
4.7906531050000005 2.008093651032114e-05
4.7918540709999995 1.9880043506515684e-05
4.793055037 1.915563956814844e-05
4.794256003 1.8268270297769978e-05
4.795456969 1.7617328393327076e-05
4.796657935 1.756495485540372e-05
4.797858901 1.746945338996641e-05
4.7990598669999995 1.697724099280719e-05
4.800260833 1.6319513819200374e-05
4.801461799 1.5963922069685416e-05
4.802662765 1.6069639757454808e-05
4.803863731000001 1.6745367707368853e-05
4.8050646960000005 1.7074631435725602e-05
4.8062656619999995 1.69763392989756e-05
4.807466628 1.7199687875358537e-05
4.808667593999999 1.783874814610943e-05
4.80986856 1.8897376518693088e-05
4.811069526 1.9853282588690723e-05
4.812270492 2.0356048213351415e-05
4.813471458 2.047310201628892e-05
4.814672424 2.0826593600337294e-05
4.81587339 2.126003891231482e-05
4.817074356 2.1712463248824227e-05
4.818275322000001 2.131872115997662e-05
4.819476288 2.0303053863123646e-05
4.8206772540000005 1.9560074393929655e-05
4.821878219999999 1.9224116812508855e-05
4.823079184999999 1.8975957268732493e-05
4.824280151 1.854803130076264e-05
4.825481117000001 1.7783672910881685e-05
4.826682083 1.6819840438716562e-05
4.827883049 1.665693802695169e-05
4.829084015 1.6771376320046406e-05
4.830284981 1.6748266170321186e-05
4.831485947 1.645136519766977e-05
4.832686913 1.598015195888479e-05
4.833887879 1.5914800539464393e-05
4.8350888450000005 1.662242870251523e-05
4.836289810999999 1.727953714656136e-05
4.837490777 1.7633754869818606e-05
4.838691743 1.7793027205404098e-05
4.839892709 1.7949086712895104e-05
4.841093674 1.855781874444405e-05
4.84229464 1.924552188296702e-05
4.843495606 1.9421100583656603e-05
4.844696572 1.8803553545308548e-05
4.845897538 1.7926615555472663e-05
4.847098504 1.71262804827042e-05
4.84829947 1.6758352732593518e-05
4.8495004360000005 1.6327780939946914e-05
4.850701401999999 1.5343882805784863e-05
4.851902368 1.4274632241757216e-05
4.853103334 1.3360779266370288e-05
4.8543043 1.3157903683971319e-05
4.855505266 1.3682011464131526e-05
4.8567062320000005 1.4168097754998385e-05
4.8579071979999995 1.4430833910909092e-05
4.859108163 1.4893058668826377e-05
4.860309129 1.5778373516980082e-05
4.861510095 1.709440116280378e-05
4.862711061 1.8554133039540304e-05
4.8639120270000005 1.9318698008264802e-05
4.865112992999999 1.952791493332737e-05
4.866313959 1.976977175708428e-05
4.867514925 2.0169120166043182e-05
4.868715891 2.0687903692003275e-05
4.869916857 2.0781200955662744e-05
4.871117823 2.0335010539175714e-05
4.8723187889999995 1.9829786569399304e-05
4.873519755 1.9735372967457696e-05
4.874720721 1.97531175779505e-05
4.875921687 1.973676153446428e-05
4.877122652 1.9064041795495984e-05
4.8783236180000005 1.7842453220108696e-05
4.879524583999999 1.709207639322417e-05
4.88072555 1.6917902203021548e-05
4.881926516 1.674247789249171e-05
4.883127482 1.6354884806420294e-05
4.884328448 1.5632519125577688e-05
4.885529414 1.4808699679004775e-05
4.88673038 1.4672269650491956e-05
4.887931346 1.4965209359789494e-05
4.889132312 1.5094551942054994e-05
4.890333278 1.4822483852730405e-05
4.891534244000001 1.4355112454765286e-05
4.89273521 1.3982733230670015e-05
4.8939361749999994 1.4107408667478695e-05
4.895137141 1.430316531786374e-05
4.896338106999999 1.4096843795637537e-05
4.897539073 1.3553406535058867e-05
4.898740039000001 1.2840004470363764e-05
4.899941005 1.2372396085991374e-05
4.901141971 1.247342288491587e-05
4.902342937 1.2539890629291269e-05
4.903543903 1.2347672307439142e-05
4.904744869 1.2081481645231731e-05
4.905945835000001 1.1934878546396666e-05
4.907146801 1.217585264753025e-05
4.908347767 1.2781962829755688e-05
4.909548732999999 1.3217766041363922e-05
4.910749699 1.3325002279157007e-05
4.911950664 1.3622759485551e-05
4.913151630000001 1.4182804929896202e-05
4.914352596 1.5038682003735135e-05
4.915553562 1.616750662148017e-05
4.916754528 1.6691855065156453e-05
4.917955494 1.670983898822819e-05
4.91915646 1.6716721626618203e-05
4.920357426 1.6754521349698034e-05
4.921558392 1.685044991372355e-05
4.922759358 1.6800841426234845e-05
4.923960323999999 1.6248477057460336e-05
4.92516129 1.539778235453025e-05
4.926362256 1.5023916393057102e-05
4.927563222 1.5004396760927937e-05
4.928764188 1.511302683385079e-05
4.929965153 1.5120376340166605e-05
4.931166119 1.4827614403637513e-05
4.932367085 1.4643843064383403e-05
4.933568051 1.5137062802080604e-05
4.934769017 1.5947034112671802e-05
4.935969983 1.6725542099004686e-05
4.937170949 1.7133559561088413e-05
4.938371914999999 1.7083749555985682e-05
4.939572881 1.7031144083364553e-05
4.940773847 1.7243613275703764e-05
4.941974813 1.7366074684361847e-05
4.943175779 1.7050201729389867e-05
4.944376745 1.6094014453911733e-05
4.945577711 1.4872571736939026e-05
4.946778677 1.3939362567819614e-05
4.947979642 1.3509443033753569e-05
4.949180608 1.3241258331529498e-05
4.950381574 1.29466789767045e-05
4.95158254 1.2674174343617958e-05
4.952783505999999 1.2480825751957655e-05
4.953984472 1.294103332657429e-05
4.955185438 1.3911055060093244e-05
4.956386404 1.4564823917522144e-05
4.957587370000001 1.4790634495420894e-05
4.958788336 1.4476529410182158e-05
4.959989302 1.3856951642485003e-05
4.961190268 1.3281178225905948e-05
4.962391234 1.2941125347878251e-05
4.9635922 1.2156667174206117e-05
4.964793166000001 1.0928417556947934e-05
4.965994131 9.97317644843738e-06
4.967195096999999 9.303859370768886e-06
4.968396063 9.193060872918127e-06
4.969597029 9.473273386174835e-06
4.970797995 9.446834378890186e-06
4.971998961000001 9.055491643679719e-06
4.973199927 8.92924086095137e-06
4.974400893 9.02424103148165e-06
4.975601859 9.286902037493784e-06
4.976802825 9.766653519905791e-06
4.978003791 9.861921887241251e-06
4.979204757000001 9.609415860474268e-06
4.980405723 9.693489047941898e-06
4.981606689 1.006257053258838e-05
4.982807654999999 1.0514421642925328e-05
4.98400862 1.098542694133612e-05
4.985209586 1.0969033243973627e-05
4.986410552000001 1.0477680741756735e-05
4.987611518 1.0119775382676893e-05
4.988812484 9.95669381888421e-06
4.99001345 9.72467485894292e-06
4.991214416 9.385070332385343e-06
4.992415382 8.807804092403608e-06
4.993616348 8.073326177419183e-06
4.994817314 7.793376715893954e-06
4.99601828 8.208235594243826e-06
4.997219245999999 8.689253434447882e-06
4.998420212 9.031645656317895e-06
4.999621178 9.003871919247984e-06
5.000822144 8.832178562052247e-06
5.002023109 9.025855886294064e-06
5.003224075 9.66973093907958e-06
5.004425041 1.0148285820857547e-05
5.005626007 1.0145522032535293e-05
5.006826973 9.847135611822387e-06
5.008027939 9.45270539317317e-06
5.009228905 9.48372381696368e-06
5.010429871 9.822373528959369e-06
5.011630836999999 9.878880264615722e-06
5.012831803 9.51537610737992e-06
5.014032769 9.12730141180903e-06
5.015233735 8.793061283521267e-06
5.0164347010000006 9.020106896899688e-06
5.0176356669999995 9.713915382179798e-06
5.018836631999999 1.0008823510926746e-05
5.020037598 9.982544782361436e-06
5.021238564 9.943492309296327e-06
5.02243953 9.927564938060303e-06
5.023640496 1.0059455839502083e-05
5.024841462 1.038755279608493e-05
5.026042427999999 1.0468693248388486e-05
5.027243394 1.0114112358057987e-05
5.028444360000001 9.971027994346475e-06
5.029645326 9.857508505637824e-06
5.0308462920000006 9.788773380391112e-06
5.0320472579999995 9.75074632429415e-06
5.033248224 9.377503432917875e-06
5.03444919 8.603693803898558e-06
5.035650156 7.855003990615123e-06
5.036851121 7.3429510176584516e-06
5.038052087 7.071993127730551e-06
5.039253053 7.038410807041314e-06
5.040454019 6.90014201434259e-06
5.041654985 6.653433107778999e-06
5.042855951 6.657994201266488e-06
5.044056917 6.9039573066093125e-06
5.0452578830000006 7.201598817320942e-06
5.0464588489999995 7.470172880787253e-06
5.047659815 7.71812613741366e-06
5.048860781 7.71548700225345e-06
5.050061747 7.862208969963523e-06
5.051262713 8.315631058450532e-06
5.052463679000001 8.936534176918328e-06
5.053664645 9.516969181825552e-06
5.05486561 9.946707520395167e-06
5.056066576 1.0051584597686346e-05
5.057267542 9.94317961027099e-06
5.058468508 1.003160619375767e-05
5.0596694740000006 1.016419502313448e-05
5.0608704399999995 1.0020602202095035e-05
5.062071406 9.618398002449986e-06
5.063272372 9.070462767777384e-06
5.064473338 8.604799527826884e-06
5.065674304 8.629546307640044e-06
5.06687527 9.122068635070402e-06
5.068076236 9.433097434016704e-06
5.069277202 9.589881091554037e-06
5.070478167999999 9.516201366755728e-06
5.071679134 9.348180002395316e-06
5.072880099 9.360709074770635e-06
5.074081065000001 9.549182678271911e-06
5.0752820309999995 9.390519935997922e-06
5.076482997 8.77374912334696e-06
5.077683963 8.112261386959292e-06
5.078884929 7.460156356150813e-06
5.080085895 7.1521031141235615e-06
5.081286861 7.185027215215467e-06
5.082487827 7.20053695651346e-06
5.083688793 7.016520418569335e-06
5.084889758999999 6.889333207454014e-06
5.086090725 6.830380262116169e-06
5.087291691000001 6.9214546023356605e-06
5.088492657 7.136090001343751e-06
5.0896936230000005 7.355741115784129e-06
5.090894588 7.322335369297198e-06
5.092095554 7.209361782516344e-06
5.09329652 7.163540444816331e-06
5.094497486 7.2640930862416595e-06
5.095698452 7.491242435624678e-06
5.096899418 7.890834112859094e-06
5.098100384 7.99423091910899e-06
5.099301349999999 7.915140000970418e-06
