microns throughput
2.0004663860000003 2.1050536958995908e-10
2.002610509 1.8411463020750632e-10
2.004754632 1.5998196109439644e-10
2.006898754 1.408977771938988e-10
2.009042877 1.2625193142393352e-10
2.011186999 1.1627659978272563e-10
2.013331122 1.0886494955779528e-10
2.015475245 1.0326924057795106e-10
2.017619367 9.771457450373542e-11
2.01976349 9.202437336307345e-11
2.021907612 8.677951793351774e-11
2.024051735 8.042966040359805e-11
2.026195858 7.596856618448038e-11
2.02833998 7.217539779927628e-11
2.030484103 6.915812281164074e-11
2.032628225 6.721423554270107e-11
2.034772348 6.491327319459988e-11
2.036916471 6.343559888668379e-11
2.039060593 6.259468146618459e-11
2.0412047159999998 6.308069501384803e-11
2.043348838 6.337594977359456e-11
2.045492961 6.384543711114402e-11
2.0476370839999998 6.462505159634424e-11
2.049781206 6.679819391009863e-11
2.0519253290000004 6.899625564347357e-11
2.0540694509999997 7.250337105493988e-11
2.056213574 7.635580162592522e-11
2.058357697 8.139772281645132e-11
2.060501819 8.68970708544165e-11
2.062645942 9.330543353606066e-11
2.064790064 1.0102885201370876e-10
2.0669341869999998 1.1027351665728411e-10
2.06907831 1.2122001322148154e-10
2.071222432 1.3416760353169405e-10
2.073366555 1.5050742495896748e-10
2.075510677 1.711397070632935e-10
2.0776548 1.9548547450012314e-10
2.079798923 2.2814806271703357e-10
2.081943045 2.669687809648058e-10
2.084087168 3.18218119160618e-10
2.08623129 3.8323022338712385e-10
2.088375413 4.603417799237701e-10
2.090519536 5.339337734828391e-10
2.0926636579999998 6.241059355431715e-10
2.094807781 6.900913961580983e-10
2.0969519030000003 7.573297308739773e-10
2.0990960260000002 8.081408331050053e-10
2.101240149 8.463453504131286e-10
2.103384271 8.672247051317442e-10
2.105528394 8.281578532255312e-10
2.107672516 7.779946339254312e-10
2.109816639 6.910162707710755e-10
2.1119607620000003 5.937872774504184e-10
2.114104884 4.743678004403288e-10
2.116249007 3.6042060986428966e-10
2.118393129 2.740471751233768e-10
2.120537252 2.338224523589675e-10
2.122681375 2.028890990537587e-10
2.124825497 1.73905409130762e-10
2.1269696199999997 1.5157139572636243e-10
2.129113742 1.2363472543645448e-10
2.1312578650000003 1.0361101336955036e-10
2.133401988 9.563547514725835e-11
2.1355461100000004 9.050523203749296e-11
2.137690233 9.60391291470624e-11
2.139834355 7.717552502394572e-11
2.141978478 6.364036390983882e-11
2.144122601 5.477140970730754e-11
2.146266723 5.384567463635371e-11
2.1484108460000004 6.211187286607458e-11
2.150554968 5.321046830332321e-11
2.152699091 5.130724789488099e-11
2.154843214 6.226011048967648e-11
2.1569873360000003 7.367572538839131e-11
2.159131459 1.0857175264048956e-10
2.161275581 1.1196408390184279e-10
2.163419704 1.1670984847708872e-10
2.165563827 1.110235048415725e-10
2.167707949 1.1750653578634828e-10
2.1698520720000003 1.1319777498365129e-10
2.1719961939999997 8.741943019084933e-11
2.174140317 7.415893892099752e-11
2.17628444 3.0554869190387573e-11
2.178428562 3.247495189619121e-11
2.180572685 2.580777342049963e-11
2.182716807 2.62424630005456e-11
2.1848609299999997 5.200704793955054e-11
2.187005053 2.8926943389096412e-11
2.189149175 1.8911398221476344e-11
2.191293298 7.73527010292693e-12
2.1934374200000004 9.839291328102561e-12
2.195581543 4.206910197261176e-11
2.1977256659999997 1.4500877493211475e-11
2.199869788 1.1059540208654062e-11
2.202013911 3.3009352536817036e-11
2.204158033 6.973477757348085e-11
2.206302156 1.690808991205057e-10
2.208446279 2.0048855637334015e-10
2.210590401 2.532822800252138e-10
2.212734524 2.3883434246729255e-10
2.2148786460000003 1.9821271872213585e-10
2.217022769 2.2122429804180816e-10
2.219166892 1.6025656676732569e-10
2.221311014 1.563105642614122e-10
2.2234551369999997 1.8893028468550672e-10
2.225599259 2.1179031083549922e-10
2.2277433820000003 3.1732179994173945e-10
2.229887505 4.1824099619301425e-10
2.232031627 5.961378501751157e-10
2.23417575 5.502638354449789e-10
2.236319872 2.572430828611314e-10
2.238463995 1.4420648910518247e-10
2.240608118 3.625174577695383e-11
2.2427522399999997 4.224598109815384e-11
2.2448963629999996 1.0018099654358698e-10
2.247040485 2.4645326442685108e-11
2.249184608 1.2248258156929629e-11
2.251328731 2.3519285997945075e-11
2.2534728530000003 1.9394445129959065e-10
2.2556169759999998 1.9092233263139995e-09
2.257761098 2.451789198419866e-09
2.259905221 4.815491958404368e-09
2.2620493440000002 7.63882059430259e-09
2.264193466 6.553922780143106e-09
2.2663375890000004 6.2858583363175694e-09
2.2684817109999997 5.54795040740733e-09
2.270625834 6.53222202821873e-09
2.272769957 8.64308324542011e-09
2.274914079 8.128992674533009e-09
2.277058202 1.4861774017420516e-08
2.279202324 2.44492648769441e-08
2.2813464469999998 2.9652180656733027e-08
2.28349057 3.550157713699847e-08
2.285634692 2.1623656194635765e-08
2.2877788150000002 1.8296263721169e-08
2.2899229369999996 8.022718717485288e-09
2.29206706 2.9963440408641116e-09
2.294211183 2.2570306421028957e-09
2.296355305 4.277479220813978e-09
2.298499428 9.78362623367441e-09
2.3006435499999998 2.1170507915776996e-08
2.3027876729999996 2.434363730799038e-08
2.304931796 3.151385178427968e-08
2.307075918 2.745491710586876e-08
2.309220041 2.8884512768290548e-08
2.3113641630000004 5.456669463283355e-08
2.3135082860000002 2.6496349256372868e-08
2.3156524089999997 1.5520634463510543e-08
2.317796531 1.0539859587909014e-08
2.319940654 1.768437100584736e-08
2.322084776 1.1727358347014174e-07
2.3242288990000004 3.664483566304836e-07
2.3263730220000003 4.35424276276511e-07
2.328517144 5.416951845900096e-07
2.330661267 3.8796449369783247e-07
2.3328053890000002 4.024654733265008e-07
2.334949512 4.292961110718194e-07
2.337093635 3.225965426475778e-07
2.339237757 3.2550986114960786e-07
2.3413818799999997 3.7640754731910655e-07
2.343526002 4.4108440734392e-07
2.3456701250000003 5.712647328258717e-07
2.347814248 1.4871792995816248e-07
2.34995837 1.6753492950009068e-08
2.352102493 3.685634003410453e-09
2.354246615 4.3263596609498445e-09
2.356390738 7.041330002588843e-09
2.358534861 1.519620504354001e-08
2.3606789829999997 6.004104895174834e-08
2.362823106 4.0768661801376575e-07
2.364967228 1.4915418632015769e-06
2.367111351 1.430880316655938e-06
2.369255474 1.4073450185670565e-06
2.3713995960000003 1.1133963468585449e-06
2.3735437189999997 1.053788705882172e-06
2.375687841 1.1308168355132738e-06
2.377831964 1.789194242939936e-07
2.379976087 3.605998875299206e-08
2.382120209 6.621906375084935e-08
2.3842643320000003 2.919485342272089e-08
2.3864084539999997 1.00297928389831e-07
2.388552577 4.7854353742678e-07
2.3906967 7.872330083166376e-07
2.392840822 1.470546447603858e-06
2.394984945 1.5209407553760257e-06
2.397129067 1.0462376100452014e-06
2.3992731899999997 8.699243695139159e-07
2.401417313 5.073461702780895e-07
2.403561435 3.795882138537678e-07
2.405705558 7.102784330057807e-07
2.40784968 9.376212967943381e-07
2.409993803 1.165639323599003e-06
2.4121379259999998 1.8314970757988097e-06
2.414282048 1.9911624940921366e-06
2.416426171 2.148316301421691e-06
2.418570293 2.5823167548762203e-06
2.4207144159999996 1.7423241501047923e-06
2.422858539 1.3220194251818428e-06
2.425002661 1.5058282134171415e-06
2.427146784 1.2768084629930972e-06
2.4292909060000003 1.2783391167402205e-06
2.431435029 1.5172557096518465e-06
2.4335791519999996 1.5647086063778636e-06
2.435723274 1.7706398436149087e-06
2.4378673969999998 1.2057352004423222e-06
2.440011519 6.045117057682283e-07
2.4421556420000003 4.046772896667786e-07
2.4442997650000002 4.390314190199797e-07
2.446443887 7.016839212713163e-07
2.44858801 1.4884493085148359e-06
2.450732132 1.5255755486941273e-06
2.452876255 1.4808618376739268e-06
2.455020378 1.702797083845653e-06
2.4571644999999998 1.693396581209356e-06
2.459308623 1.714938855417917e-06
2.461452745 2.5712850364653745e-06
2.463596868 2.585496214733602e-06
2.465740991 2.2034021748148033e-06
2.467885113 2.0607432111453595e-06
2.470029236 1.4135837742870634e-06
2.472173358 1.1749265915078962e-06
2.474317481 1.3756698941870038e-06
2.4764616040000003 1.2381592355430736e-06
2.4786057259999996 1.39680020638131e-06
2.480749849 2.067018556696938e-06
2.4828939709999998 1.8508147240772096e-06
2.485038094 1.6594915994690185e-06
2.487182217 1.6000464111893392e-06
2.489326339 1.6713141062646045e-06
2.491470462 2.3325029412631745e-06
2.493614584 3.6235081476702497e-06
2.495758707 2.483441323732763e-06
2.49790283 1.7353576294187069e-06
2.500046952 7.519957070242684e-07
2.5021910750000003 1.8526348250536386e-06
2.5038318559999997 2.955846375898169e-06
2.505183087 4.7541218457885685e-06
2.506534319 1.8647320228276783e-06
2.50788555 1.2618310220060118e-06
2.509236782 2.136106054148144e-06
2.510588013 1.9726557202582503e-06
2.511939244 1.3332545667821794e-06
2.5132904760000003 1.0451183809093605e-06
2.514641707 2.2428581526545193e-06
2.515992939 3.0571241956397724e-07
2.51734417 2.959483880954554e-06
2.5186954019999996 2.4121660031040453e-06
2.5200466329999998 2.434525911602132e-06
2.521397865 4.009687439302234e-08
2.522749096 1.1739873442753305e-06
2.524100327 1.626463707203677e-06
2.525451559 1.1265627968002143e-06
2.52680279 6.65284713842282e-07
2.5281540220000003 8.485905675282268e-07
2.529505253 1.274280987857873e-06
2.5308564849999997 1.4725776179773415e-06
2.532207716 1.1203031426254176e-06
2.533558948 2.668404401855415e-06
2.534910179 3.700669869942855e-06
2.5362614100000003 2.9109151807111764e-06
2.537612642 1.844044705228711e-06
2.538963873 4.327980041057038e-07
2.5403151050000004 1.4670374185522554e-06
2.5416663359999996 9.589776951464933e-08
2.5430175680000002 1.9523417751028814e-06
2.544368799 2.3479051195595263e-06
2.54572003 3.1327104325696502e-06
2.547071262 3.432153022495833e-06
2.548422493 1.960584808446383e-06
2.549773725 1.1909199764446617e-06
2.551124956 7.934355843478855e-07
2.552476188 1.1140193032138568e-06
2.553827419 2.004952880101928e-06
2.5551786510000003 2.5598881674480925e-06
2.556529882 3.3498856724514283e-06
2.557881113 2.6569910084623497e-06
2.559232345 2.027226203751192e-06
2.560583576 4.08452017369089e-06
2.561934808 5.460313355963976e-06
2.5632860390000003 3.0780207706697805e-06
2.564637271 3.7250211580875356e-06
2.565988502 5.4470179066916575e-06
2.567339733 3.484905599689018e-06
2.5686909649999996 2.1859483169768975e-06
2.5700421959999997 3.6622524043266585e-06
2.571393428 2.1352365183207265e-06
2.572744659 3.941152967033904e-06
2.574095891 4.914548671599399e-06
2.575447122 3.1245176458244975e-06
2.576798354 2.9652887269447587e-06
2.5781495850000002 3.875829923801667e-06
2.5795008160000004 3.517411999732799e-06
2.580852048 1.7023012587941896e-06
2.582203279 2.5370279161094236e-06
2.583554511 1.7464202507367962e-06
2.584905742 3.076421641999228e-06
2.586256974 3.699787863681271e-06
2.587608205 3.76516340591974e-06
2.588959437 2.978628877684096e-06
2.590310668 4.332147143606634e-06
2.591661899 4.336627036347208e-06
2.593013131 5.560426055598058e-06
2.594364362 4.470100282351243e-06
2.5957155939999996 1.2726105489178288e-06
2.5970668249999997 5.394181203441934e-07
2.598418057 3.8004512857912097e-06
2.599769288 3.977949206186278e-06
2.601120519 2.6360349855517268e-06
2.602471751 3.0044979884862584e-06
2.603822982 7.17703767147264e-06
2.6051742140000003 6.33137416842428e-06
2.6065254450000004 1.8334002492263669e-06
2.607876677 3.6947831057637567e-06
2.609227908 2.992963193480077e-06
2.61057914 1.5278886708508234e-06
2.611930371 2.9421769990873745e-06
2.613281602 4.125283893422811e-06
2.614632834 4.548474641555015e-06
2.615984065 4.903333723018777e-06
2.617335297 3.985790256818146e-06
2.618686528 2.7791043951384613e-06
2.62003776 2.4815480452313725e-06
2.621388991 6.27888012186137e-06
2.622740222 7.791510880899553e-06
2.6240914539999998 4.796713449409081e-06
2.625442685 5.172191623385036e-06
2.626793917 3.659182060782917e-06
2.628145148 2.573411540563945e-06
2.62949638 4.40376192932461e-06
2.630847611 3.980970891270557e-06
2.6321988430000003 5.029040343977437e-06
2.6335500740000004 2.618538106512029e-06
2.634901305 2.0762548851047895e-06
2.636252537 6.6346301057923496e-06
2.637603768 3.261507042498722e-06
2.6389549999999997 4.6184261774229965e-06
2.640306231 4.021704566746014e-06
2.641657463 6.893935952007441e-06
2.643008694 6.5087537032744e-06
2.6443599250000003 4.640154939939975e-06
2.645711157 3.656035282317172e-06
2.6470623879999997 3.6426185102570627e-06
2.64841362 1.5135354864368149e-06
2.649764851 1.0672079218294098e-06
2.651116083 1.0928140069518257e-06
2.652467314 2.342913458376615e-06
2.653818546 3.743153994008393e-06
2.6551697770000002 4.344911989618373e-06
2.6565210080000004 6.001390237823237e-06
2.65787224 3.104343535213293e-06
2.659223471 3.9660115040726196e-06
2.6605747030000004 5.4885915003701216e-06
2.6619259339999997 5.5644335890518505e-06
2.663277166 3.5110203785547434e-06
2.664628397 1.7452057007725217e-06
2.6659796289999997 3.1185697759082974e-06
2.66733086 1.8548344103301829e-06
2.668682091 5.312570014566634e-06
2.670033323 4.8132628466559985e-06
2.6713845540000003 2.9109522242782292e-06
2.672735786 3.4240206342630366e-06
2.6740870169999997 3.982955147643697e-06
2.675438249 4.163272636408425e-06
2.67678948 1.8514977863896606e-06
2.678140711 4.138649818477341e-06
2.679491943 4.046346906895204e-06
2.680843174 2.6070820761454637e-06
2.6821944060000003 2.298575076844452e-06
2.6835456370000004 5.070380671294539e-07
2.684896869 2.8927331482252598e-06
2.6862481 7.607496945902442e-07
2.6875993319999996 1.1691351328675152e-06
2.6889505629999997 1.6676394870880477e-06
2.690301794 3.339391966862348e-06
2.691653026 4.428040481231807e-06
2.693004257 2.5507248662718804e-06
2.694355489 8.877433607546123e-07
2.69570672 1.7478242314153398e-06
2.697057952 2.760928656842956e-06
2.6984091830000003 2.054770765481441e-06
2.699760414 2.2539999393298344e-06
2.7011116459999998 1.865393942577525e-06
2.702462877 1.109370378541104e-06
2.703814109 3.936352298722934e-06
2.70516534 1.998306281944364e-06
2.706516572 1.8189192814293735e-06
2.707867803 5.066415367240421e-06
2.7092190350000003 2.2962884153173806e-06
2.7105702660000004 3.4069661614468604e-06
2.7119214969999996 1.8485856515083404e-06
2.713272729 2.612310767409743e-06
2.71462396 3.956814677474472e-06
2.7159751919999997 2.6050767530460304e-06
2.717326423 4.473830575934533e-06
2.718677655 2.3248670380250354e-06
2.720028886 4.047490401586761e-06
2.7213801170000003 3.834241886008801e-06
2.722731349 3.523159991304311e-06
2.7240825799999997 3.791881333542839e-06
2.7254338120000003 3.627262839008026e-06
2.726785043 2.4179083620232843e-06
2.7281362749999998 2.7513443008885244e-06
2.729487506 4.618606048326723e-06
2.730838738 2.0497744922544894e-06
2.732189969 1.983498088806684e-06
2.7335412000000003 2.436898859165282e-06
2.734892432 2.0212551412208336e-06
2.736243663 2.2219482118378997e-06
2.737594895 2.9920364995658e-06
2.7389461259999996 6.466400819721461e-07
2.740297358 1.3095759637199162e-06
2.741648589 1.4867411205289742e-06
2.7429998209999997 1.6174317883474178e-06
2.744351052 8.961812591488947e-07
2.745702283 1.2685216114126757e-06
2.747053515 1.7894160114274504e-06
2.7484047460000003 2.0306357876474622e-06
2.749755978 1.9909022996280316e-06
2.7511072089999997 8.076325155451177e-07
2.7524584410000004 7.907378633692511e-07
2.753809672 1.1982107957251372e-06
2.755160903 2.0748153809790383e-06
2.756512135 5.918969041702456e-08
2.757863366 2.7567759275455314e-07
2.7592145980000002 1.7473138952697509e-06
2.760565829 8.926607844814633e-07
2.761917061 2.434307636789014e-06
2.7632682920000002 8.802177616619874e-07
2.764619524 5.392777383546489e-07
2.7659707549999997 1.817410895558038e-07
2.767321986 1.6263225576276427e-06
2.768673218 3.39522809661829e-06
2.770024449 3.7452186044703526e-06
2.771375681 2.494729555438929e-06
2.772726912 1.8002694747589152e-06
2.774078144 1.1078641533217316e-06
2.7754293750000003 1.6563883569897682e-06
2.776780606 9.725197831231254e-07
2.7781318379999997 7.676255122571484e-07
2.779483069 5.955382094218759e-07
2.780834301 1.3339545657357948e-06
2.782185532 9.686713072159952e-07
2.783536764 1.0811947882640251e-06
2.784887995 3.871989764216956e-07
2.786239227 2.483421385689799e-08
2.787590458 2.318759992137659e-07
2.788941689 1.0533295447518014e-06
2.7902929210000003 1.5008796988732174e-06
2.791644152 1.9915957183925698e-06
2.7929953839999997 1.1076177039107092e-06
2.794346615 3.962110761695625e-07
2.795697847 1.2123998019845687e-06
2.797049078 3.8243886682857823e-08
2.7984003090000003 5.661762037837118e-07
2.799751541 2.7987638823252457e-08
2.801102772 5.1430614134824e-09
2.8024540040000003 5.145568539076411e-09
2.803805235 5.147952404291579e-09
2.8051564669999998 4.95252741714969e-07
2.806507698 2.8100774823365813e-08
2.80785893 3.735884613328666e-07
2.8092101609999998 3.1380303621375625e-07
2.810561392 1.112821173117116e-06
2.811912624 1.4078854441894654e-06
2.813263855 2.6688325993770706e-07
2.814615087 5.196710714301983e-09
2.8159663179999996 2.8910256636440632e-08
2.8173175500000003 9.549649611226491e-07
2.818668781 1.1429888159468228e-06
2.8200200129999997 9.180181342241797e-07
2.821371244 1.0067189824818928e-06
2.822722475 1.8974835135755276e-06
2.824073707 8.858012003513283e-07
2.8254249380000003 1.1597103243066671e-07
2.82677617 3.2951472130758494e-08
2.828127401 9.035986711990506e-07
2.8294786330000004 1.0874995386124907e-08
2.830829864 5.807761928275654e-07
2.8321810949999997 9.959839971478307e-08
2.833532327 4.465821459725501e-08
2.834883558 1.1091353759561104e-07
2.83623479 4.349351033122906e-07
2.837586021 2.710648281241506e-07
2.838937253 5.519424709268578e-07
2.8402884840000002 5.949101103273713e-07
2.841639716 2.852979219480425e-06
2.8429909469999997 1.1153603294577825e-06
2.8443421779999998 3.9169507017712603e-07
2.84569341 1.1276760911136367e-06
2.847044641 1.489993909368094e-06
2.848395873 1.679579428833471e-06
2.849747104 1.7302039348481202e-06
2.851098336 7.776437365303907e-07
2.8524495670000003 9.376781508603508e-07
2.8538007980000004 2.178463795015043e-06
2.85515203 1.4260915906988532e-06
2.856503261 6.123800447741994e-07
2.8578544929999996 5.056617175075063e-09
2.8592057239999997 3.8922544457952124e-07
2.860556956 1.0078238898976142e-06
2.861908187 2.3183051314713414e-07
2.863259419 2.3520662119512992e-07
2.86461065 5.1355031897801805e-08
2.865961881 2.3202226234410468e-07
2.8673131130000002 4.13117037734438e-07
2.868664344 7.414070425751375e-07
2.8700155759999997 2.7578803781757826e-07
2.871366807 3.0675540727749206e-07
2.872718039 2.1909672236567577e-08
2.87406927 7.768603031326043e-07
2.8754205010000002 2.3606971849378697e-06
2.876771733 1.9213306313769487e-06
2.878122964 1.6322689803720043e-07
2.8794741960000003 5.01257739136834e-09
2.8808254270000004 5.010992690575571e-09
2.882176659 5.009403778398112e-09
2.88352789 5.007794823819904e-09
2.8848791219999996 5.539520967322332e-09
2.8862303529999997 3.6244285456605003e-07
2.887581584 1.519399609997706e-06
2.888932816 1.7739418842957297e-06
2.890284047 5.882219595299899e-07
2.891635279 7.102003519049324e-07
2.89298651 7.307144104235802e-09
2.8943377420000003 4.99662446544756e-09
2.895688973 1.420553165447609e-07
2.8970402049999997 7.421859278816042e-09
2.898391436 6.906445557648312e-07
2.899742667 2.9817964782619316e-07
2.901093899 8.80848484880209e-08
2.9024451300000003 1.880891217719393e-07
2.903796362 1.2450505634992299e-06
2.905147593 1.7446121639129494e-06
2.9064988250000003 2.1110479551725226e-06
2.907850056 2.827429038919334e-06
2.9092012869999997 2.2967918399839866e-07
2.910552519 9.808066406748719e-08
2.91190375 1.427654896073697e-06
2.9132549819999998 1.7566525949186778e-06
2.914606213 7.411506239301235e-07
2.915957445 1.0401729479822404e-06
2.917308676 8.687263253075954e-07
2.918659908 1.6821772584831604e-06
2.920011139 1.2430591852604642e-06
2.9213623699999998 1.7073491297844125e-08
2.922713602 5.482921437734166e-07
2.924064833 1.7461977813541675e-07
2.925416065 5.794478401598186e-07
2.926767296 5.550277270417466e-07
2.928118528 7.041877301922383e-09
2.9294697590000003 4.878735554590603e-09
2.93082099 4.870336310624366e-09
2.932172222 4.861398356774875e-09
2.933523453 4.852487788373834e-09
2.934874685 4.843618417077821e-09
2.9362259159999997 4.1716105605978134e-07
2.937577148 1.3583579101956407e-06
2.938928379 1.3744448369738775e-06
2.940279611 2.304033181167981e-08
2.941630842 3.8022440765065005e-07
2.942982073 1.1989897065741994e-07
2.9443333050000002 8.164355953854434e-07
2.9456845360000004 2.5698324938016197e-08
2.947035768 1.18947202576589e-08
2.948386999 7.209755567535734e-08
2.949738231 1.7548280640523633e-07
2.951089462 7.191966893734909e-07
2.952440694 9.01261161175776e-07
2.953791925 3.641867359855199e-08
2.955143156 6.213240201789372e-08
2.956494388 7.165758926186937e-07
2.957845619 6.937858606864384e-07
2.959196851 5.564629469211637e-07
2.960548082 1.5073540906181385e-07
2.9618993139999996 5.547156266902568e-07
2.9632505449999997 7.001011848684856e-07
2.964601776 2.4841268312365943e-07
2.965953008 3.4337697423993095e-07
2.967304239 1.0492196227883516e-06
2.968655471 2.624986210227426e-07
2.970006702 6.854137743229659e-09
2.9713579340000003 3.3409167944043295e-08
2.9727091650000004 7.548969192847074e-07
2.974060397 4.375651374324307e-07
2.975411628 2.1507993381464573e-07
2.976762859 1.6807275875742437e-07
2.978114091 4.644194894001792e-09
2.979465322 4.640552180307807e-09
2.980816554 6.517396669553494e-09
2.982167785 4.6994933359670626e-09
2.983519017 4.622958795569751e-09
2.984870248 1.7302769247704385e-07
2.9862214789999997 5.850344867757392e-07
2.987572711 6.80420463673058e-08
2.988923942 1.0249606289283505e-06
2.9902751739999998 3.6005706697614396e-07
2.991626405 7.31808940937067e-08
2.992977637 4.590675138558303e-09
2.994328868 4.586844562263204e-09
2.9956801 5.014990667645142e-08
2.997031331 2.768039089683587e-07
2.9983825619999998 6.327748250561695e-07
2.9997337940000004 1.158173308355594e-06
3.001085025 1.0604801468836237e-06
3.002436257 1.0280554832552228e-06
3.003787488 1.5232155052571892e-06
3.0051387199999997 8.444510735593692e-07
3.006489951 5.520764275666256e-07
3.007841182 3.1345856496111207e-07
3.009192414 6.493419883669457e-07
3.0105436450000003 1.70741795448845e-07
3.011894877 1.6313868332434575e-06
3.0132461079999997 7.201466169962126e-08
3.01459734 1.7566138655894822e-08
3.015948571 3.826905996945709e-07
3.017299803 1.3219393101959779e-06
3.018651034 2.5213554753148443e-06
3.020002265 1.0406610200024298e-06
3.021353497 5.249172333327652e-07
3.0227047280000003 1.5487549260524337e-06
3.02405596 2.006657810053126e-06
3.0254071909999998 2.5679447571313164e-06
3.0267584230000004 7.757692399142805e-07
3.0281096539999997 6.26571797820973e-07
3.029460886 1.3001275375372166e-06
3.030812117 4.352768179921354e-06
3.032163348 4.617135157586724e-06
3.03351458 2.914930405552955e-06
3.034865811 2.0552550897248472e-06
3.036217043 2.757003958033047e-06
3.0375682740000003 2.382834688258617e-06
3.038919506 2.4177721776766715e-06
3.0402707369999997 2.467997199947731e-06
3.041621968 1.839137666144694e-06
3.0429732 1.876768908483255e-06
3.044324431 3.938890580248128e-06
3.045675663 1.3212841303247196e-06
3.047026894 8.796609410074526e-07
3.0483781260000002 7.853606091773648e-07
3.0497293570000004 2.453529096256071e-06
3.051080589 1.6523597789546136e-06
3.05243182 2.5494103031739754e-06
3.053783051 2.453098245821046e-06
3.0551342829999997 1.8505921909797786e-06
3.056485514 1.5973268481371144e-06
3.057836746 3.0370861669628098e-06
3.059187977 1.5668449903688404e-06
3.060539209 2.870067609064824e-06
3.06189044 3.1052251226499286e-06
3.063241671 3.057974031693032e-06
3.0645929030000003 3.536785242398301e-06
3.065944134 3.2996924143130703e-06
3.0672953659999997 2.0483233452823608e-06
3.068646597 3.064051762380374e-06
3.069997829 3.84943084977045e-06
3.07134906 4.875435622542606e-06
3.072700292 5.713341433230102e-06
3.074051523 5.369886427292176e-06
3.075402754 5.0816248891027304e-06
3.0767539860000004 6.059532052187502e-06
3.0781052169999996 5.161093661871213e-06
3.079456449 5.721071982726776e-06
3.08080768 6.8100397323294905e-06
3.0821589119999997 5.851576629452165e-06
3.083510143 6.411210998823363e-06
3.084861374 9.897986523407851e-06
3.086212606 1.0512225295009679e-05
3.0875638370000003 1.2201811656178785e-05
3.088915069 1.0662166019555563e-05
3.0902662999999997 1.2453100190734846e-05
3.0916175320000003 1.5045070001826495e-05
3.092968763 1.428356070435941e-05
3.0943199949999998 1.4101915297474523e-05
3.095671226 1.4004208329097719e-05
3.097022457 1.575645959197133e-05
3.098373689 1.7924132391112196e-05
3.0997249200000003 1.7446422172079232e-05
3.101076152 1.8264164363214906e-05
3.102427383 1.955162179409679e-05
3.103778615 1.9933966176332347e-05
3.1051298459999996 2.1958104748657233e-05
3.106481078 2.46982498270609e-05
3.107832309 2.6202953141236524e-05
3.10918354 2.666844185259619e-05
3.110534772 2.599683474285829e-05
3.111886003 2.774511510457542e-05
3.113237235 2.8628679227687073e-05
3.1145884660000003 2.7238342001812337e-05
3.115939698 2.831007826548101e-05
3.1172909289999997 3.061242054947005e-05
3.11864216 3.1109432466235006e-05
3.119993392 3.09442382726113e-05
3.121344623 2.9057678131495134e-05
3.122695855 2.889512399636619e-05
3.124047086 3.090571512341792e-05
3.1253983180000002 2.9589861509893905e-05
3.126749549 2.673409109915917e-05
3.128100781 2.7799540286958425e-05
3.1294520120000002 2.864903613301565e-05
3.130803243 2.5369575149467556e-05
3.1321544749999997 2.0340565947964672e-05
3.133505706 2.0389211803493693e-05
3.134856938 1.9683332972027562e-05
3.136208169 1.6616920478191357e-05
3.137559401 1.6113076225606688e-05
3.138910632 1.767909906091198e-05
3.140261863 1.7225139395055227e-05
3.1416130950000003 1.5164889659644053e-05
3.142964326 1.5293514958453003e-05
3.1443155579999997 1.548352329312078e-05
3.145666789 1.4225979091967183e-05
3.147018021 1.2737052812165235e-05
3.148369252 1.3257070619531777e-05
3.149720484 1.2543495828602445e-05
3.151071715 1.088816652360198e-05
3.152422946 8.625991653383354e-06
3.153774178 1.0171382018719042e-05
3.155125409 1.1424311639287404e-05
3.1564766410000002 1.341074042635115e-05
3.157827872 9.25316123529778e-06
3.1591791039999997 6.4146899978269885e-06
3.160530335 6.989517366002536e-06
3.161881566 5.168573791527823e-06
3.163232798 4.587420302530574e-06
3.1645840290000002 6.407456550176843e-06
3.165935261 6.435432128416432e-06
3.167286492 6.086086383427301e-06
3.1686377240000003 5.999606117340434e-06
3.169988955 5.414714034440431e-06
3.1713401869999998 3.3549298975010706e-06
3.172691418 2.793038916163256e-06
3.174042649 4.59548832645187e-06
3.1753938809999998 5.764022521357332e-06
3.176745112 4.418259711613164e-06
3.178096344 3.663323452414133e-06
3.179447575 1.7331196614963952e-06
3.180798807 4.285867987447811e-06
3.182150038 6.322698693920841e-06
3.1835012700000003 3.859145105129835e-06
3.184852501 3.920967431731993e-06
3.186203732 3.963627966661462e-06
3.187554964 3.121276854437618e-06
3.188906195 3.618432856445412e-06
3.190257427 5.7464735989903815e-06
3.1916086580000003 5.4022106268053e-06
3.19295989 5.187904750091157e-06
3.194311121 5.026416760236914e-06
3.195662352 3.871329161328171e-06
3.197013584 4.258445082373451e-06
3.1983648149999997 5.864823322833386e-06
3.199716047 4.431062303845506e-06
3.201067278 2.580667040380104e-06
3.2024185099999998 2.7852789386186986e-06
3.203769741 4.852653882551555e-06
3.205120973 4.600102927931e-06
3.206472204 1.7621996815748828e-06
3.207823435 1.7126712762284072e-06
3.209174667 2.340003447479423e-06
3.2105258979999998 5.784445941928668e-06
3.21187713 7.4988371707706814e-06
3.213228361 6.620453186903372e-06
3.214579593 4.7277638850720995e-06
3.215930824 2.513674354075125e-06
3.217282055 2.330086709831206e-06
3.2186332870000003 3.0123166754621395e-06
3.2199845180000004 4.527475216306976e-06
3.22133575 5.875554851866107e-06
3.222686981 6.291563080612579e-06
3.2240382129999996 5.976828182671925e-06
3.2253894439999997 3.723922480303328e-06
3.226740676 3.3067227861077183e-06
3.228091907 2.95324671981369e-06
3.229443138 2.7963560317891856e-06
3.23079437 4.833157756666003e-06
3.232145601 6.18003294208469e-06
3.2334968330000002 3.1893591377990255e-06
3.234848064 4.015708273026226e-06
3.2361992959999997 5.789798048717325e-06
3.237550527 4.628155664774531e-06
3.238901759 2.52884368480038e-06
3.24025299 8.987022627890979e-07
3.2416042210000002 1.4718309849692092e-06
3.242955453 2.180363254306729e-06
3.244306684 4.24736845482938e-06
3.2456579160000003 4.108320342885114e-06
3.2470091470000004 3.559432756930514e-06
3.248360379 2.9861047338202e-06
3.24971161 3.6065104083882373e-06
3.251062841 3.295913215329547e-06
3.2524140729999997 4.773828998598004e-06
3.253765304 7.534478763513305e-06
3.255116536 8.055037244758172e-06
3.256467767 9.964320956089507e-06
3.257818999 1.3070775432627989e-05
3.25917023 1.2176282111557053e-05
3.2605214620000003 1.1718020812601871e-05
3.261872693 9.971380948166299e-06
3.263223924 9.548951973471514e-06
3.264575156 1.1020829673408304e-05
3.265926387 1.1331992956128854e-05
3.267277619 1.1370655446429914e-05
3.2686288500000003 9.306031744119054e-06
3.269980082 6.792656579775532e-06
3.271331313 4.768743038585075e-06
3.272682544 2.952391571445227e-06
3.274033776 3.1872368568662238e-06
3.2753850069999997 2.5940502817628347e-06
3.276736239 2.354816474630697e-06
3.27808747 2.6121870562487543e-06
3.2794387019999998 3.7834513063990915e-06
3.280789933 4.601198568689973e-06
3.282141165 3.995495756735341e-06
3.283492396 3.6915186647129913e-06
3.2848436270000003 2.408477462782669e-06
3.286194859 1.9591757168353933e-06
3.2875460899999998 2.726243724715409e-06
3.288897322 3.91175454653304e-06
3.290248553 5.062013784463076e-06
3.291599785 5.4865155232057074e-06
3.292951016 5.910844057148886e-06
3.294302247 5.5129445996852715e-06
3.2956534790000003 4.393023548002148e-06
3.29700471 4.417555089747305e-06
3.298355942 6.847797474971501e-06
3.299707173 6.602221521815417e-06
3.301058405 4.904733779179768e-06
3.3024096359999997 5.070504124581915e-06
3.303760868 6.022581067572962e-06
3.305112099 4.480755821541865e-06
3.30646333 4.402713665401457e-06
3.307814562 5.512870600350374e-06
3.309165793 5.340154594698233e-06
3.3105170250000002 4.338986973764657e-06
3.3118682560000003 5.229868438766061e-06
3.313219488 6.628337822299633e-06
3.3145707189999998 5.92278422399222e-06
3.315921951 5.342887313558584e-06
3.317273182 4.2521362606603335e-06
3.318624413 3.4337860069498982e-06
3.319975645 2.8096666568252296e-06
3.321326876 4.080993962190177e-06
3.322678108 4.865212462082032e-06
3.324029339 5.32128740091163e-06
3.325380571 5.239377496964896e-06
3.326731802 4.478835202508089e-06
3.328083033 4.501928097730528e-06
3.3294342649999997 5.327115274070988e-06
3.330785496 6.652419924311735e-06
3.332136728 5.7899468775145335e-06
3.333487959 4.8459705540745e-06
3.334839191 5.03102588683003e-06
3.336190422 6.021607708137775e-06
3.3375416540000002 5.709319436842679e-06
3.3388928850000004 4.404878530698914e-06
3.340244116 4.166132947738551e-06
3.341595348 2.4499708104666923e-06
3.342946579 2.836741636559627e-06
3.344297811 4.887958607613348e-06
3.345649042 5.487866806200769e-06
3.347000274 4.679941160509985e-06
3.348351505 5.674471447767712e-06
3.3497027360000002 5.6552865942213e-06
3.351053968 5.298083143636782e-06
3.3524051989999997 6.452360873960912e-06
3.353756431 7.859680314441822e-06
3.355107662 6.136180908766204e-06
3.3564588939999997 3.356344930756357e-06
3.357810125 3.87822513951637e-06
3.359161357 5.348539406712859e-06
3.360512588 5.887150341836303e-06
3.3618638190000003 4.985100367565382e-06
3.363215051 5.1186354572600296e-06
3.3645662819999997 5.674076564099744e-06
3.3659175140000004 5.23583223274486e-06
3.367268745 4.0548561433096504e-06
3.368619977 1.8735773702987187e-06
3.369971208 7.641663773089665e-07
3.371322439 1.9433056559230266e-06
3.372673671 3.0591035856267767e-06
3.374024902 3.8719659166362395e-06
3.375376134 3.6062925225364423e-06
3.3767273650000003 1.907432234974353e-06
3.378078597 1.4562752317015988e-06
3.3794298279999997 3.5501539193786086e-06
3.38078106 7.340068510194904e-06
3.382132291 7.477136871411547e-06
3.383483522 6.470519972629376e-06
3.384834754 7.4512249615672175e-06
3.386185985 8.607251892078341e-06
3.387537217 7.988492421363856e-06
3.3888884480000003 5.848745833779707e-06
3.39023968 4.8646359335016745e-06
3.3915909109999998 5.603546139415088e-06
3.3929421430000004 8.087148222094306e-06
3.3942933739999996 9.05926508494107e-06
3.3956446049999998 8.378398588554791e-06
3.396995837 8.148413675433314e-06
3.398347068 6.222256614865234e-06
3.3996983 4.382786223245613e-06
3.401049531 3.239906796509374e-06
3.402400763 5.480121019565073e-06
3.4037519940000003 7.173984818820893e-06
3.405103225 5.448865420431987e-06
3.4064544569999997 6.072924867771095e-06
3.407805688 4.6132946248987845e-06
3.40915692 3.250787371396698e-06
3.410508151 5.168881424145592e-06
3.411859383 6.509009762313763e-06
3.413210614 6.410910479138492e-06
3.4145618460000002 6.065577410769216e-06
3.4159130770000004 7.223115209085973e-06
3.4172643079999996 7.373924898628074e-06
3.41861554 5.9400303304928525e-06
3.419966771 5.076840731405848e-06
3.4213180029999997 3.9696186364848335e-06
3.422669234 2.8422574623144355e-06
3.424020466 3.2511272811412896e-06
3.425371697 4.2717898276209285e-06
3.4267229280000002 7.372105928371702e-06
3.42807416 4.3363080927173645e-06
3.429425391 2.252271848388825e-06
3.4307766230000003 3.335930108579912e-06
3.432127854 6.454195061228427e-06
3.4334790859999997 7.508545770920304e-06
3.434830317 8.171891102310756e-06
3.436181549 6.596780621077117e-06
3.43753278 3.5133205679788567e-06
3.4388840110000003 2.652149075177238e-06
3.440235243 3.4169747621393066e-06
3.441586474 1.7187301229287415e-06
3.4429377060000004 1.4815018407804911e-06
3.4442889369999996 1.7760008759592253e-06
3.445640169 2.0440414322765264e-06
3.4469914 1.921492374212247e-06
3.448342631 2.3662862107756474e-07
3.449693863 1.168534355667897e-06
3.451045094 3.134246126256791e-06
3.452396326 3.5105404018110654e-06
3.4537475570000002 2.159863485244079e-06
3.455098789 1.1693223470529574e-07
3.45645002 2.925634716222754e-07
3.4578012520000003 2.4657332934698326e-06
3.459152483 3.751944232994327e-06
3.460503714 3.5375606539491175e-06
3.461854946 4.351806105307276e-06
3.463206177 5.128687658647655e-06
3.464557409 4.224381928595024e-06
3.4659086400000003 3.2603048829073354e-06
3.467259872 2.803173408201258e-06
3.468611103 3.119706972523177e-06
3.469962335 5.068813018528804e-06
3.4713135659999996 6.531821436611274e-06
3.4726647969999997 6.653738480237721e-06
3.474016029 6.2716376116605125e-06
3.47536726 6.031294235760066e-06
3.476718492 6.162817090425972e-06
3.478069723 6.719714075274024e-06
3.479420955 6.319040564959658e-06
3.4807721860000003 5.356572601250016e-06
3.482123417 5.279610657849366e-06
3.483474649 5.45068264727433e-06
3.48482588 4.363172269881959e-06
3.486177112 3.175128222723479e-06
3.487528343 4.168977022208674e-06
3.488879575 5.195422770581e-06
3.490230806 4.668098540259634e-06
3.491582038 4.395623100230088e-06
3.492933269 5.5680326691031725e-06
3.4942845 6.47108032442182e-06
3.495635732 5.772363817952424e-06
3.496986963 4.631639171847532e-06
3.4983381949999997 4.3500754937955156e-06
3.4996894259999998 2.7113491269031733e-06
3.501040658 2.1091910289371557e-06
3.502391889 2.266669728278899e-06
3.50374312 2.2851439772297023e-06
3.505094352 2.836707269316559e-06
3.506445583 3.7247399750121502e-06
3.5077968150000003 6.050292027892028e-06
3.509148046 6.7132826941384025e-06
3.5104992779999997 4.693252200691499e-06
3.511850509 3.3097713641500484e-06
3.513201741 3.4138118799298836e-06
3.514552972 3.835439722858644e-06
3.515904203 5.639389764203579e-06
3.517255435 6.328669177465094e-06
3.518606666 4.974077951556424e-06
3.519957898 3.6685168902112608e-06
3.521309129 4.061740896650819e-06
3.5226603610000002 3.4674974249330257e-06
3.524011592 2.480300035203167e-06
3.5253628239999997 1.9267302581053726e-06
3.526714055 2.0725225851798816e-06
3.528065286 4.077758888369681e-06
3.529416518 4.943377592662627e-06
3.5307677490000002 5.2338208393420595e-06
3.532118981 6.814057048476127e-06
3.533470212 6.144344116578153e-06
3.5348214440000003 7.014062066787212e-06
3.536172675 6.986593334420262e-06
3.537523906 3.6668189014901102e-06
3.538875138 2.8360669499259164e-06
3.540226369 3.314725269493571e-06
3.5415776009999997 2.4092363976127076e-06
3.542928832 9.524616679599973e-07
3.544280064 2.224344547478874e-06
3.545631295 2.6546317460969117e-06
3.546982527 3.241822683772322e-06
3.548333758 3.6412195117581687e-06
3.5496849889999997 3.4562713425246326e-06
3.551036221 4.716483254048335e-06
3.552387452 4.002129196994419e-06
3.553738684 4.8178596850145404e-06
3.555089915 5.5885942109572405e-06
3.556441147 3.599476141735138e-06
3.5577923780000003 4.714875390491644e-06
3.5591436090000004 4.943896877726731e-06
3.560494841 6.021503289924834e-06
3.561846072 6.426223329087903e-06
3.563197304 5.859917013682295e-06
3.5645485349999997 5.941321008699208e-06
3.565899767 6.6340533463107905e-06
3.567250998 7.073047559911726e-06
3.5686022299999998 5.835591637292059e-06
3.569953461 5.312166150118949e-06
3.571304692 5.448029285231376e-06
3.572655924 7.782662518486269e-06
3.574007155 8.423620065491222e-06
3.575358387 5.913353711908076e-06
3.5767096179999998 6.462025950625953e-06
3.57806085 7.846939045064465e-06
3.579412081 7.273044593012197e-06
3.580763312 5.118061383530363e-06
3.582114544 4.895931016602034e-06
3.583465775 5.116091868800583e-06
3.5848170070000003 5.09076495097363e-06
3.5861682380000004 4.8942602717986245e-06
3.58751947 5.9041295910428855e-06
3.588870701 4.762083980427845e-06
3.5902219329999996 2.0605347934003526e-06
3.5915731639999997 1.3564886176789837e-06
3.592924395 1.5429797218786958e-06
3.594275627 3.386643292699181e-06
3.595626858 5.70424798349365e-06
3.59697809 6.078940978042081e-06
3.598329321 5.066659390468317e-06
3.5996805530000002 3.6327196583349112e-06
3.601031784 3.3288176998522915e-06
3.602383016 2.0935751148363962e-06
3.603734247 6.208072719613006e-07
3.605085478 7.632727132770929e-07
3.60643671 2.0972689171469467e-06
3.607787941 3.028615660040022e-06
3.609139173 3.067592202487281e-06
3.610490404 3.0430979437907226e-06
3.6118416360000003 2.57382461982433e-06
3.6131928670000004 2.701594573369442e-06
3.6145440979999997 3.6166714764810706e-06
3.61589533 4.17418395497567e-06
3.617246561 3.7540269941198355e-06
3.6185977929999997 2.8876960613716445e-06
3.619949024 2.6205766391014796e-06
3.621300256 3.0546349442616977e-06
3.622651487 2.431013114503484e-06
3.624002719 1.736689731043757e-06
3.62535395 1.5322714859906592e-06
3.6267051809999997 1.1806453474452008e-06
3.628056413 1.251966831651288e-06
3.629407644 2.1828379162901947e-06
3.630758876 2.596881675487498e-06
3.632110107 2.03718751484933e-06
3.633461339 1.7743318827096727e-06
3.6348125700000002 2.854963294041242e-06
3.6361638010000004 4.617094838168954e-06
3.637515033 5.196700353542453e-06
3.638866264 4.152486207114546e-06
3.640217496 2.2809552432939927e-06
3.6415687269999997 1.3618305802257159e-06
3.642919959 1.8485990325989493e-06
3.64427119 2.2636181162906495e-06
3.6456224219999998 2.7645152422065193e-06
3.646973653 2.6071068928838543e-06
3.648324884 1.626125130998295e-06
3.649676116 2.1034837520891614e-06
3.6510273470000003 4.160446637255065e-06
3.652378579 4.109483161149719e-06
3.6537298099999997 4.632946709773332e-06
3.655081042 5.400896083829045e-06
3.656432273 5.565764442868554e-06
3.657783504 4.594622337686843e-06
3.659134736 3.7875137746698065e-06
3.660485967 3.815619172480457e-06
3.6618371990000003 3.931090670945652e-06
3.66318843 3.5735115368654526e-06
3.664539662 3.6270782893058364e-06
3.665890893 2.264770232281972e-06
3.667242125 2.2338653051131748e-06
3.6685933559999997 3.2478343145853373e-06
3.669944587 5.76116598062781e-06
3.671295819 6.892574703534223e-06
3.67264705 5.849400367199444e-06
3.673998282 4.766616823330375e-06
3.675349513 4.721200674991805e-06
3.676700745 5.641323254050514e-06
3.6780519760000003 8.291414193371044e-06
3.679403208 9.995527600334838e-06
3.6807544389999998 9.154812601033399e-06
3.68210567 6.208771701649045e-06
3.683456902 5.0574285640207234e-06
3.684808133 5.340251251113061e-06
3.686159365 4.844097506758812e-06
3.687510596 4.581606328814222e-06
3.688861828 5.470597553957608e-06
3.690213059 5.693660079768081e-06
3.6915642899999996 4.341025124720469e-06
3.692915522 4.028687763112803e-06
3.694266753 5.100420785955293e-06
3.6956179849999997 5.049455697720671e-06
3.696969216 3.4836396891703666e-06
3.698320448 2.2800496116987474e-06
3.699671679 2.2471462621960745e-06
3.701022911 3.7019720919808624e-06
3.702374142 3.4841773077134563e-06
3.703725373 3.6093283558352253e-06
3.7050766050000004 4.57669102023484e-06
3.706427836 5.401845066840183e-06
3.707779068 7.113337419421655e-06
3.709130299 8.697633671262846e-06
3.710481531 7.400126681907735e-06
3.711832762 5.8358613976291015e-06
3.713183993 5.635413368243737e-06
3.714535225 5.866113534820298e-06
3.7158864560000002 5.820741153768407e-06
3.717237688 7.062788452946186e-06
3.7185889189999997 7.633222231850851e-06
3.719940151 7.218509449958535e-06
3.721291382 7.534062160290388e-06
3.7226426139999997 8.901952133786839e-06
3.723993845 8.650544961556626e-06
3.725345076 8.046119059600839e-06
3.726696308 6.713727121577768e-06
3.7280475390000003 8.000589036806444e-06
3.729398771 8.745722276035993e-06
3.730750002 7.69596130716615e-06
3.7321012340000004 7.975794822876655e-06
3.733452465 8.388124727098617e-06
3.7348036959999997 7.508072154820616e-06
3.736154928 6.606037718183209e-06
3.737506159 7.833928123925362e-06
3.738857391 9.97413775955981e-06
3.740208622 9.979961229934035e-06
3.741559854 9.028409265917974e-06
3.7429110850000002 9.061730888775473e-06
3.744262317 9.413753540671734e-06
3.7456135479999997 1.0963332229575085e-05
3.746964779 1.2089674145556165e-05
3.748316011 1.209258853275894e-05
3.749667242 1.1338225170570775e-05
3.751018474 9.433528533242996e-06
3.752369705 9.488713326280163e-06
3.753720937 9.753592635721645e-06
3.7550721680000003 1.1030935117246233e-05
3.7564234 1.1989657210114224e-05
3.757774631 1.0416869817109632e-05
3.759125862 9.20016939173222e-06
3.7604770939999996 9.605636769468304e-06
3.7618283249999998 9.043940772287004e-06
3.763179557 5.769828573534926e-06
3.764530788 4.8912886183046e-06
3.76588202 4.523532988697754e-06
3.767233251 4.9726554436343685e-06
3.768584482 6.569716741423864e-06
3.7699357140000003 5.425309036940118e-06
3.771286945 5.066253190359837e-06
3.7726381769999997 6.0168296526572604e-06
3.773989408 7.428115999087613e-06
3.77534064 9.3535796357847e-06
3.776691871 1.028250387062538e-05
3.778043103 1.005311669335368e-05
3.779394334 9.22972295742492e-06
3.780745565 9.813282526954776e-06
3.7820967970000003 1.1767880745000603e-05
3.7834480279999996 1.3125362309162822e-05
3.7847992599999998 1.3730922947605327e-05
3.786150491 1.3922203519493208e-05
3.7875017229999997 1.3101813896139282e-05
3.7888529539999998 1.222992606760685e-05
3.790204185 1.2427909118559882e-05
3.791555417 1.3410190428135075e-05
3.792906648 1.3659126314639115e-05
3.79425788 1.3167809792088597e-05
3.795609111 1.2348174286182035e-05
3.7969603430000003 1.2849573021236753e-05
3.798311574 1.4273368352795467e-05
3.7996628059999997 1.2860095102392397e-05
3.801014037 9.512820272892375e-06
3.802365268 9.320974342406647e-06
3.8037165 1.1800934686732474e-05
3.8050677310000003 1.424800221316917e-05
3.806418963 1.5789053843468513e-05
3.807770194 1.6717226333167028e-05
3.8091214260000004 1.7260579926124152e-05
3.8104726569999996 1.7459420192414104e-05
3.811823889 1.706779175613248e-05
3.81317512 1.5685519274827053e-05
3.814526351 1.3595987370298231e-05
3.815877583 1.2365495332826431e-05
3.817228814 1.3206154587639329e-05
3.818580046 1.547098361707915e-05
3.8199312770000002 1.7635537623042313e-05
3.821282509 1.8967698148921005e-05
3.82263374 1.939192057734587e-05
3.823984971 1.90832753077323e-05
3.825336203 1.861820108762032e-05
3.826687434 1.838069724863703e-05
3.828038666 1.867097220099975e-05
3.829389897 1.9883753819465466e-05
3.830741129 2.1654526055337244e-05
3.8320923600000003 2.2353103323300688e-05
3.833443592 2.237197298110768e-05
3.834794823 2.4497152013139977e-05
3.836146054 2.59513728783481e-05
3.8374972859999996 2.5843326857461737e-05
3.8388485169999997 2.5193351483823764e-05
3.840199749 2.455174633912621e-05
3.84155098 2.363418875243327e-05
3.842902212 2.1863145556274492e-05
3.844253443 2.0112830907319935e-05
3.845604674 2.110868625018604e-05
3.8469559060000003 2.3473284148937693e-05
3.848307137 2.4767742711206977e-05
3.849658369 2.3669156716487504e-05
3.8510096 2.1689213411415776e-05
3.852360832 2.0892269107832585e-05
3.853712063 2.1662061663799125e-05
3.855063295 2.2931039397182105e-05
3.856414526 2.435314149281548e-05
3.857765757 2.6715358130707013e-05
3.859116989 2.8997547001287107e-05
3.86046822 2.723785197928098e-05
3.861819452 2.4279496314637472e-05
3.863170683 2.488871004875304e-05
3.8645219149999996 2.5863914071507775e-05
3.8658731459999998 2.4263153089859645e-05
3.867224377 2.233385641250508e-05
3.868575609 2.2642848059499356e-05
3.86992684 2.3194719420050627e-05
3.871278072 2.354119755037691e-05
3.872629303 2.3655460183426145e-05
3.8739805350000003 2.3249202319810374e-05
3.875331766 2.264840922916452e-05
3.876682998 2.158122491430718e-05
3.878034229 2.0287172549955644e-05
3.87938546 1.923196228571087e-05
3.880736692 1.904595552770943e-05
3.882087923 2.0208284251820195e-05
3.883439155 2.1299139824966398e-05
3.884790386 2.1046160208505616e-05
3.886141618 1.9710771936338106e-05
3.887492849 1.9173632029901086e-05
3.8888440810000002 1.924988797134368e-05
3.890195312 2.000066513761723e-05
3.891546543 2.141745939409351e-05
3.892897775 2.3511478085232338e-05
3.894249006 2.6382412290126104e-05
3.895600238 2.646789021726205e-05
3.8969514690000002 2.4875553858088415e-05
3.898302701 2.3368788711910707e-05
3.899653932 2.5044237897034103e-05
3.9010051629999998 2.7965364510165884e-05
3.902356395 2.870150281276448e-05
3.903707626 2.9173043209426387e-05
3.905058858 2.9979409453324313e-05
3.906410089 2.9462352015037782e-05
3.9077613209999997 2.8306655338143618e-05
3.909112552 2.8112951914219993e-05
3.910463784 2.965126865144286e-05
3.911815015 3.149331004818681e-05
3.913166246 3.222297312874412e-05
3.914517478 3.200948889530908e-05
3.9158687089999997 2.9958595716677763e-05
3.917219941 2.7371059281451756e-05
3.918571172 2.687737130574466e-05
3.919922404 2.7684709320518847e-05
3.921273635 2.8283616435731795e-05
3.922624866 2.733944548634039e-05
3.9239760980000002 2.648630368008805e-05
3.9253273290000004 2.672484839738633e-05
3.926678561 2.770706306907195e-05
3.928029792 2.899932012929821e-05
3.929381024 2.9465527863281985e-05
3.9307322549999997 2.9851815129902506e-05
3.932083487 3.083785752357528e-05
3.933434718 3.0716650342379364e-05
3.934785949 3.0286014383449778e-05
3.936137181 3.0914774758275095e-05
3.937488412 3.228156035568106e-05
3.938839644 3.354369955333976e-05
3.940190875 3.313365731737837e-05
3.941542107 3.0082185015316758e-05
3.9428933379999997 2.821056274747607e-05
3.944244569 2.846401620955015e-05
3.945595801 3.188607816647959e-05
3.946947032 3.4032487992839025e-05
3.948298264 3.334224431565378e-05
3.949649495 3.083443723085398e-05
3.9510007270000003 2.8387557618646747e-05
3.9523519580000004 2.7049951383732216e-05
3.95370319 2.672064210124465e-05
3.955054421 2.5929175898644387e-05
3.956405652 2.4207713309937905e-05
3.9577568839999997 2.2002813670949703e-05
3.959108115 1.969482402774043e-05
3.960459347 1.623806393800388e-05
3.961810578 1.370174742582638e-05
3.96316181 1.286873586259682e-05
3.964513041 1.3268670234652738e-05
3.965864273 1.3268870423297559e-05
3.967215504 1.2032473490547529e-05
3.968566735 9.815754983343436e-06
3.9699179669999998 8.81221310617449e-06
3.971269198 6.720186551013345e-06
3.97262043 3.4217751415475326e-06
3.973971661 2.964503257744388e-06
3.975322893 4.068478450462943e-06
3.976674124 5.365198175536413e-06
3.978025355 6.366156396007618e-06
3.9793765870000004 6.521884202488112e-06
3.9807278179999996 5.665073285091831e-06
3.98207905 4.583850954679522e-06
3.983430281 4.8161077520061e-06
3.9847815129999997 6.111889644677107e-06
3.986132744 7.221537450704666e-06
3.987483976 8.093044738920744e-06
3.988835207 9.255276991004608e-06
3.9901864380000003 1.0929807988396933e-05
3.99153767 1.2252830866981804e-05
3.9928889009999997 1.1724348296537182e-05
3.994240133 1.0721658750050837e-05
3.995591364 1.1736820731525816e-05
3.996942596 1.4158542471066218e-05
3.998293827 1.7707766324202146e-05
3.999645058 1.895847283452306e-05
4.00099629 1.857785285405754e-05
4.002347521 1.928398536897487e-05
4.003698753 1.8780345185734705e-05
4.005049984 1.853119901818679e-05
4.006401216 1.847652328256252e-05
4.007752447 1.9120135047350527e-05
4.009103679 1.983323500297695e-05
4.01045491 2.048364249864134e-05
4.011806141 2.1001439279238762e-05
4.013157373 2.1454235449544737e-05
4.014508604 2.066510125127213e-05
4.015859836 1.9307133680709694e-05
4.017211067 1.8591694938425956e-05
4.018562299 1.8208592355003572e-05
4.01991353 1.85478375391639e-05
4.021264761 1.952592964525816e-05
4.022615993 2.0644150185979068e-05
4.023967224 2.193908733249308e-05
4.025318456 2.3803774469218258e-05
4.026669687 2.4563303565451044e-05
4.028020919 2.305276137685191e-05
4.02937215 2.1217198214042765e-05
4.030723382 2.1329776761328993e-05
4.032074613 2.3356961950084958e-05
4.033425844 2.6769668356404516e-05
4.034777076 2.90630292693272e-05
4.036128307 2.8107304033198276e-05
4.037479539 2.6638528471719837e-05
4.03883077 2.776224579808896e-05
4.040182002 3.066251260455004e-05
4.041533233 3.383292703501074e-05
4.042884465 3.608922786556257e-05
4.044235696 3.880101419054411e-05
4.0455869269999996 4.03881324747504e-05
4.046938159 4.1894566112992654e-05
4.04828939 4.476851450472394e-05
4.049640622 4.736540381283273e-05
4.050991853 5.032901512776632e-05
4.052343085 5.512800910211331e-05
4.053694316 6.380867233895607e-05
4.055045547 7.277097459606283e-05
4.056396779 7.934313595028842e-05
4.05774801 8.52485299606008e-05
4.059099241999999 9.044076178715591e-05
4.0604504729999995 9.519236469946727e-05
4.061801705 0.00010043658901473526
4.063152936 0.00010810559267306841
4.064504168 0.00011605755750330115
4.065855399 0.00012211191342098357
4.06720663 0.00012864777161614426
4.0685578620000005 0.0001373597579209464
4.069909093000001 0.00014875167151580507
4.071260325 0.00016160679095065085
4.072611556 0.00017433994315454123
4.073962788 0.00018778009654343662
4.075314019 0.00020385444029959456
4.07666525 0.00022236843973841901
4.078016482 0.0002423752269470373
4.079367713 0.00026306554306628995
4.080718945 0.00028526217871561234
4.082070176 0.0003108778018513862
4.083421408 0.00033983646926898233
4.084772639 0.0003717964408479277
4.086123871 0.0004062910070402609
4.087475102 0.00044334832160975216
4.088826333 0.00048411836682822065
4.090177565 0.0005307956309742664
4.091528796 0.0005821766267923723
4.092880028 0.0006378836854293772
4.094231259 0.0006986667744902249
4.095582491 0.0007653491547278267
4.096933722 0.0008383582210352203
4.098284953 0.0009188576241714081
4.0996361850000005 0.0010088261214446055
4.100987416 0.0011076094159043403
4.102338648 0.001215679080677079
4.103689878999999 0.0013359505678545067
4.105041110999999 0.0014704556843992216
4.106392342 0.001622347689868829
4.107743574 0.0017917102616567164
4.109094805 0.001979297396031785
4.110446036 0.0021870514412969146
4.111797268 0.0024179183326954465
4.113148499 0.002675713419368318
4.1144997309999995 0.0029664066528561584
4.115850962000001 0.0032932257971316084
4.117202194000001 0.0036594529324651326
4.118553425 0.00407262025463756
4.119904657 0.004536736733916951
4.121255887999999 0.005057871973733474
4.122607119 0.005647231854560265
4.123958351000001 0.006311764070373164
4.125309582 0.007062608219508653
4.126660814 0.0079114662821883
4.128012045 0.008870924805932122
4.129363277 0.009956003848905739
4.130714508 0.011189071917159357
4.132065739 0.012589474266584827
4.133416971 0.014180939754980682
4.134768202 0.015991309019440257
4.136119434 0.018054751864728123
4.1374706649999995 0.02041169915939045
4.138821897 0.023098082172370055
4.140173128000001 0.02616518326126993
4.14152436 0.029675742019624536
4.142875591 0.03368681972637053
4.144226821999999 0.0382673356105481
4.145578054 0.0435012853527916
4.146929285000001 0.049467970329930167
4.148280517 0.056323943880856896
4.149631748 0.06405138225506639
4.15098298 0.07281332918380143
4.152334211 0.08268475483750948
4.153685442 0.09376671423875951
4.155036674 0.10616471981619902
4.156387905 0.11996456282655484
4.157739136999999 0.13522963018282236
4.159090368 0.1519052680030764
4.1604416 0.17005469267201634
4.161792831 0.18962425951106074
4.163144063 0.21037051826772085
4.164495294 0.23226010162400915
4.165846525 0.2549557666951971
4.167197757 0.2779634436483246
4.1685489879999995 0.30126677441686056
4.169900220000001 0.3245904486138751
4.171251451 0.34763603300275514
4.172602683 0.36994043032174373
4.173953914 0.3908294040790347
4.1753051459999995 0.4106529644682031
4.1766563770000005 0.42923038987341244
4.178007608 0.44643205403523845
4.17935884 0.4621327897195341
4.180710071 0.4758327689644146
4.182061303 0.48810685811063603
4.183412534 0.4990065804969378
4.184763766 0.5085900944230083
4.186114997 0.516868917666429
4.187466228 0.52359004857996
4.18881746 0.5293427819865222
4.190168691 0.534192444081903
4.1915199229999995 0.5382091055027027
4.1928711540000005 0.5414418004754933
4.194222386000001 0.5445617312449387
4.195573617 0.5465669946244134
4.196924849 0.5481383793323005
4.198276079999999 0.5493498125372345
4.199627311 0.5502845884132705
4.200978543 0.5509177339484692
4.202329774 0.5513749299608895
4.203681006 0.5521270998515418
4.205032237 0.5525740850718686
4.206383469 0.5527069297330309
4.2077347 0.5527733441713418
4.209085931 0.5528303648659617
4.210437163 0.552863087195097
4.211788394 0.5528582132465137
4.213139626 0.5528600087130093
4.2144908569999995 0.5528961929517275
4.215842089 0.5529257502249717
4.217193320000001 0.5529582665454889
4.218544552 0.5530237880582921
4.219895783 0.5531302991818258
4.221247013999999 0.553212325055109
4.2225982459999996 0.5533071158340419
4.223949477 0.553426131771787
4.225300709 0.5535571399372824
4.22665194 0.5536454553097826
4.228003171999999 0.5537486900838238
4.229354403 0.5538537072702336
4.2307056339999995 0.553941631277574
4.232056866 0.5539809587986871
4.233408097000001 0.5540347038057399
4.234759329 0.5540674808820272
4.23611056 0.5540661528664925
4.237461792 0.5540280359129135
4.238813023 0.5540167585692934
4.240164255 0.5539746461170107
4.241515486 0.5539026695517377
4.242866717 0.5543576141667983
4.244217949 0.554355564238746
4.24556918 0.5541928431025405
4.246920412000001 0.5539793230796419
4.248271643 0.5543397098121302
4.249622875 0.5540698831000513
4.250974105999999 0.5536904031758652
4.2523253379999995 0.5532630952817785
4.2536765690000005 0.5527927599220517
4.2550278 0.5522712202781381
4.256379032 0.5516171535691056
4.257730263 0.5508717455297143
4.259081495 0.5500378175452156
4.260432726 0.5487537863504474
4.261783958 0.5465893402088244
4.263135189 0.5442264913914461
4.26448642 0.5416634863138435
4.265837652 0.5388394312754954
4.267188883 0.5357010627801679
4.2685401149999995 0.5320897955335575
4.2698913460000005 0.5280113632712251
4.271242578000001 0.5231055968550555
4.272593809 0.5179664500984189
4.273945041 0.5131212076621736
4.275296271999999 0.5097313750501654
4.276647503 0.5082126025034317
4.277998735 0.5086756124361081
4.279349966 0.5111847262445843
4.280701198 0.5162397512832593
4.282052429 0.5223301836555456
4.283403661 0.5272824052730274
4.284754892 0.5309410197162205
4.286106123 0.5333948663588475
4.287457355 0.5355399408972819
4.288808586 0.5375304182088307
4.290159818 0.5392018567846779
4.2915110489999995 0.5387183614512652
4.292862281 0.5382472088197574
4.294213512000001 0.5385263650673451
4.295564744 0.5385899491369759
4.296915975 0.5381534727960507
4.298267206 0.537746055516641
4.299618438 0.5373719089856923
4.300969669 0.5369697034826054
4.302320901 0.5365361001323621
4.303672132 0.5361554971969189
4.305023363999999 0.5358178050487776
4.306374595 0.5355138420429578
4.3077258259999995 0.5352207129084074
4.309077058 0.535010833520531
4.310428289000001 0.5348499098305596
4.311779521 0.5347202747064618
4.313130752 0.5346005261451305
4.314481984 0.5345599889413262
4.315833215 0.5345508686827076
4.317184447 0.5345604232173004
4.318535678 0.5345738967709421
4.319886909 0.5346584672641526
4.321238141 0.534759452653262
4.322589372 0.5348657378827244
4.323940604000001 0.5349691685323417
4.325291835 0.535116789501215
4.326643067 0.5352458878853636
4.327994297999999 0.5353503678116447
4.329345529999999 0.5354276810918461
4.3306967610000004 0.5355203166414163
4.332047992 0.5355725424958402
4.333399224 0.5355769666700152
4.334750455 0.5355322272163425
4.336101687 0.5354535543287742
4.337452918 0.5352995453542351
4.33880415 0.5350674256195177
4.340155381 0.5347605482562885
4.341506612 0.5343839610834134
4.342857844 0.5339134574826825
4.344209075 0.5333488481503916
4.3455603069999995 0.53303034111373
4.3469115380000005 0.5325648008015026
4.34826277 0.5317527792363752
4.349614001 0.530842523046708
4.350965233 0.5298746021839825
4.352316464 0.529452409078248
4.353667695 0.5283638526647254
4.355018927 0.5272119160305497
4.356370158 0.5260466652138821
4.35772139 0.5248565989118852
4.359072621 0.5236347766872161
4.360423853 0.5223734530952735
4.361775084 0.5211233574077674
4.363126315000001 0.5198413119364164
4.364477547000001 0.5185161774477963
4.365828778 0.5171263426539163
4.36718001 0.5156578533120741
4.3685312409999995 0.5140527246660872
4.369882473 0.5122810125791687
4.371233704 0.5102464209439629
4.372584936 0.5078546983500958
4.373936167 0.5050692054302223
4.375287398 0.501832001923376
4.37663863 0.4978129775040795
4.377989861 0.49300068141605824
4.379341093 0.4874078914008193
4.380692324 0.48097383738671745
4.382043555999999 0.4729706478017568
4.383394787 0.46388077198491345
4.3847460179999995 0.4536856860500717
4.38609725 0.4420963549393972
4.387448481000001 0.4286830966448699
4.388799713 0.41409375537302906
4.390150944 0.39840365506277486
4.391502176 0.38099966650736694
4.392853407 0.3622526442103905
4.394204639 0.3427351712184944
4.39555587 0.3226321932259404
4.396907101 0.3011369671132534
4.398258332999999 0.2795554902647569
4.399609564 0.2581389987463661
4.400960796000001 0.23682551326609916
4.402312027 0.21567008957518854
4.403663259 0.19544434700577448
4.405014489999999 0.17628268206648223
4.406365721999999 0.15815275542470666
4.407716953 0.14111332446549132
4.409068184 0.1254970363618343
4.410419416 0.11125692960466378
4.411770647 0.09829151287278975
4.413121879 0.08670945819358156
4.41447311 0.07645500904121494
4.415824342 0.06726806038338361
4.417175573000001 0.05915387993523642
4.418526804 0.05201292144794628
4.419878036 0.0457367555284134
4.421229266999999 0.04025023822798823
4.4225804989999995 0.03544526906041789
4.4239317300000005 0.03123704533250901
4.425282962 0.0275608218024611
4.426634193 0.02435560220702971
4.427985425 0.021548504939908997
4.429336656 0.01908703478489246
4.430687887 0.016941479041724303
4.432039119 0.015058022113666289
4.43339035 0.013401320602041376
4.434741582 0.011944387229387687
4.436092813 0.010663311830364461
4.437444045 0.009532931516418229
4.438795276 0.008535250489044237
4.440146507000001 0.007655840539797225
4.441497739000001 0.006874947742797217
4.44284897 0.006180961030439773
4.444200202 0.005566463585950344
4.445551432999999 0.005019526520410853
4.446902665 0.004532249423143219
4.448253896 0.004098987414359887
4.449605128 0.003714297829382927
4.450956359 0.0033672144909137397
4.45230759 0.003054048488065086
4.453658822 0.002774367535215258
4.455010053 0.002524217882346619
4.456361285 0.0022986148726128856
4.457712516 0.002094119384218738
4.459063747999999 0.0019108438901334107
4.460414979 0.0017460041125801223
4.4617662110000005 0.001597668765462585
4.463117442 0.0014632233866322636
4.464468673000001 0.0013415131537815258
4.465819905 0.0012311320093939758
4.467171136 0.0011312209275943887
4.468522368 0.0010396096272343135
4.469873599 0.0009559661875508721
4.471224831000001 0.0008799545511088784
4.472576062 0.0008107179159470117
4.473927293 0.0007474232545422628
4.475278524999999 0.000689546359807435
4.476629756 0.0006377251131828644
4.4779809880000006 0.0005893608658190815
4.479332219 0.0005444344069322669
4.480683451 0.0005034949138805745
4.482034682 0.00046671084904274465
4.483385914 0.0004326472658454422
4.484737145 0.0004008011546063685
4.486088376 0.0003720404324586936
4.487439608 0.00034652499701038275
4.488790839 0.00032410296964320703
4.490142071 0.00030180838354695855
4.491493302 0.00027977298437972624
4.492844534 0.00025839210225452774
4.494195765000001 0.00023797112342056176
4.495546996 0.00022022781354790876
4.496898228 0.00020533773183245617
4.498249458999999 0.0001945854113741888
4.4996006909999995 0.0001843761403739323
4.5009519220000005 0.00017348786568780646
4.502303154 0.00016121189751199165
4.503654385 0.00015150410699218131
4.505005617 0.00014344203072625078
4.506356848 0.00013697967080268227
4.507708079 0.00012860446473991608
4.509059311 0.00012106261429524931
4.510410542 0.00011439523470493579
4.511761774 0.00010846207892784066
4.513113005 0.00010194041568988192
4.514464237 9.556351541641614e-05
4.5158154679999996 9.024638060432052e-05
4.517166699000001 8.602177762432407e-05
4.518517931 8.234121879517287e-05
4.519869162 7.904264970555199e-05
4.521220394 7.613479631854196e-05
4.522571624999999 7.269055031214885e-05
4.523922857 6.833632504586356e-05
4.525274088 6.308173312926669e-05
4.52662532 5.850313778108352e-05
4.527976551 5.462577628319136e-05
4.529327782 5.0707880394682606e-05
4.530679014 4.729116141494816e-05
4.532030245 4.4468172467100655e-05
4.533381477 4.1263978605880726e-05
4.534732708 3.63317514789073e-05
4.53608394 3.102478905464247e-05
4.537435171 2.7247938291544293e-05
4.5387864030000005 2.653062758801341e-05
4.540137634 2.6847612716424238e-05
4.541488865 2.6580295288058233e-05
4.542840097 2.555926894043624e-05
4.544191328 2.439130309396471e-05
4.5455425599999995 2.3418306726724066e-05
4.5468937910000005 2.1460192149692595e-05
4.548245023000001 2.0716028628365266e-05
4.549596254 1.9839961278938856e-05
4.550947485 1.8802732676373162e-05
4.552298716999999 1.8617785135070634e-05
4.553649948 1.8025865295119524e-05
4.5550011800000005 1.757316380488644e-05
4.556352411 1.7349638044333425e-05
4.557703643 1.685522075131023e-05
4.559054874 1.522081861089324e-05
4.560406106 1.4588917888891662e-05
4.561757337 1.4433253030985245e-05
4.563108568 1.3414461790101157e-05
4.5644598 1.2675203287517733e-05
4.565811031 1.2617428502612392e-05
4.567162263 1.4167458100594042e-05
4.568513493999999 1.5124882007109695e-05
4.569864726 1.515089853098888e-05
4.571215957000001 1.3048285367277212e-05
4.572567188 1.1830475483094504e-05
4.57391842 1.0899545254053464e-05
4.575269650999999 9.58275750849203e-06
4.5766208829999995 8.934253079880663e-06
4.5779721140000005 8.292416527841496e-06
4.579323346 7.968777064020659e-06
4.580674577 7.508629711871404e-06
4.582025809 6.977940121298888e-06
4.58337704 6.654351265545628e-06
4.584728271 6.629517805223263e-06
4.586079503 6.877470704134954e-06
4.587430734 6.53211535497027e-06
4.588781966 5.888640930454329e-06
4.590133197 5.070311344272311e-06
4.591484429 3.930250474503413e-06
4.5928356599999995 2.7550732746622963e-06
4.5941868910000005 1.7255054760318215e-06
4.595538123 2.1196143454539536e-06
4.596889354 3.2040161804308954e-06
4.598240586 5.5917520518918065e-06
4.599591817 6.920024938566852e-06
4.6009430490000005 8.139339874170618e-06
4.60229428 8.660802272187138e-06
4.603645512 9.165021493983535e-06
4.604996743 9.535723576444976e-06
4.606347974 9.741642538026851e-06
4.607699206 1.0070394494022125e-05
4.609050437 9.832940766060682e-06
4.610401669 9.123751470765117e-06
4.611752900000001 6.617586272715345e-06
4.613104132 4.389304108867029e-06
4.614455363 3.3257948392782618e-06
4.6158065950000005 3.7747397752621406e-06
4.617157826 5.204101011755912e-06
4.618509057 6.2485762904246455e-06
4.619860289 7.1613644180273414e-06
4.62121152 6.7143332457332345e-06
4.622562751999999 6.392964079758496e-06
4.6239139830000004 5.329393881868875e-06
4.625265215000001 5.454744509474941e-06
4.626616446 5.570902285442451e-06
4.627967677 5.667910255350357e-06
4.629318908999999 5.806268980054835e-06
4.63067014 6.224698055578585e-06
4.6320213720000005 6.830923432284555e-06
4.633372603 7.060233036507685e-06
4.634723835 6.355375777779132e-06
4.636075066 5.5595105966338904e-06
4.637426298 5.399717445183278e-06
4.638777529 6.171353069507393e-06
4.64012876 6.894629385959751e-06
4.641479992 7.550383411655096e-06
4.642831223 7.282948498722665e-06
4.644182455 7.066191988656233e-06
4.645533685999999 7.206959213938729e-06
4.646884918 7.924607842309449e-06
4.648236149000001 8.53588853665377e-06
4.64958738 8.507057158679611e-06
4.650938612 7.431953500642672e-06
4.652289842999999 7.954180479392679e-06
4.6536410749999995 9.193534419497128e-06
4.6549923060000005 1.1248273707433423e-05
4.656343538 1.4425073122397499e-05
4.657694769 1.7001445678698328e-05
4.659046001 1.7144654504281434e-05
4.660397232 1.53423132488647e-05
4.661748463 1.3480873817578696e-05
4.663099695 1.3626855847065258e-05
4.664450926000001 1.4469001199416683e-05
4.665802158 1.5107413486795092e-05
4.667153389 1.5677447216734988e-05
4.668504621 1.6026701687514485e-05
4.6698558519999995 1.6455987527259488e-05
4.6712070830000005 1.693043929934961e-05
4.672558315 1.7418095707075916e-05
4.673909546 1.7822694999235483e-05
4.675260778 1.8317209528327998e-05
4.676612009 1.8321033834030968e-05
4.6779632410000005 1.814467638669111e-05
4.679314472 1.795583296011231e-05
4.680665704 1.805961127100582e-05
4.682016935 1.7967194808279967e-05
4.683368166 1.7885385783744708e-05
4.684719398 1.7612899296066695e-05
4.686070629 1.8018473778452704e-05
4.687421861 1.8540071889400962e-05
4.688773092 1.813010030843058e-05
4.690124324 1.7554431759924063e-05
4.691475555 1.637639179006632e-05
4.6928267869999996 1.5773296080097373e-05
4.694178018 1.530754616553922e-05
4.695529249 1.4882918305312657e-05
4.696880481 1.4621802538609435e-05
4.698231712 1.4811449192841312e-05
4.699582943999999 1.5419400060310352e-05
4.700934175 1.593672289454473e-05
4.702285407000001 1.627348808014878e-05
4.703636638 1.6138836908865177e-05
4.704987869 1.5949338667022383e-05
4.706339100999999 1.5910971982816874e-05
4.707690332 1.5661124531633545e-05
4.7090415640000005 1.5291807935882892e-05
4.710392795 1.4735825680931701e-05
4.711744027 1.4613451066470564e-05
4.713095258 1.4922756797772259e-05
4.71444649 1.5289911067356627e-05
4.7157977209999995 1.5482682592291154e-05
4.717148952 1.528504208957911e-05
4.718500184000001 1.5196104791906538e-05
4.719851415 1.5114500576849816e-05
4.721202647 1.4850560119604107e-05
4.722553877999999 1.4223452520405036e-05
4.72390511 1.334788388832939e-05
4.725256341000001 1.260041456754242e-05
4.726607572 1.2055460680352366e-05
4.727958804 1.1795559635146624e-05
4.729310035 1.1864443272841234e-05
4.730661267 1.2123525428728313e-05
4.7320124980000005 1.2838503486932469e-05
4.73336373 1.3509302591186458e-05
4.734714961 1.4160947723579544e-05
4.736066193 1.3909697588276576e-05
4.737417424 1.3401645396412873e-05
4.738768654999999 1.2544328152179689e-05
4.740119887 1.1954184424159008e-05
4.741471118000001 1.1534172444328285e-05
4.74282235 1.1518918925675904e-05
4.744173581 1.1420728377988931e-05
4.745524813 1.1261764100328853e-05
4.7468760439999995 1.1031044174621697e-05
4.748227276 1.0993565627362225e-05
4.749578507 1.1310418626091396e-05
4.750929738 1.1720096270824457e-05
4.75228097 1.2087274771392172e-05
4.753632201 1.1905356255333395e-05
4.7549834330000005 1.1563920337127608e-05
4.756334664 1.1090161945114613e-05
4.757685896 1.1105749967704009e-05
4.759037127 1.1355802615624657e-05
4.760388358 1.20833209168824e-05
4.76173959 1.2618958851101203e-05
4.763090821 1.3003990039405215e-05
4.764442053 1.2487622372856184e-05
4.765793284 1.1949589826190903e-05
4.767144516 1.138300054258517e-05
4.768495747 1.123190588157104e-05
4.7698469789999995 1.1119644098956e-05
4.77119821 1.0798143939948726e-05
4.772549441 1.0378311912957563e-05
4.773900673 9.89719789441926e-06
4.775251904 9.879315231535924e-06
4.776603135999999 9.811324609221579e-06
4.777954367 9.579058892798955e-06
4.779305599000001 9.001342739569003e-06
4.78065683 8.369142574781299e-06
4.782008061000001 8.722441964418609e-06
4.783359293 9.522296050620154e-06
4.784710524 1.1070312557422907e-05
4.7860617560000005 1.187224845924369e-05
4.787412987 1.2223456779618581e-05
4.788764219 1.132883727924844e-05
4.79011545 1.060775947455025e-05
4.791466682 1.0026998117993441e-05
4.7928179129999995 1.0272530558417215e-05
4.7941691440000005 1.0641845145739838e-05
4.795520376000001 1.1036115754069933e-05
4.796871607 1.1270595147575799e-05
4.798222839 1.1393466132790276e-05
4.799574069999999 1.1425330483399242e-05
4.800925302 1.1360448475350657e-05
4.802276533000001 1.1097615262157752e-05
4.803627764 1.0623895115759935e-05
4.804978996 1.0070691112057248e-05
4.806330227 9.596364388550896e-06
4.807681459 9.288502921376851e-06
4.80903269 9.239111634194616e-06
4.810383922 9.31251038740155e-06
4.811735153 9.415833686951151e-06
4.813086384999999 9.235783518552795e-06
4.814437616 9.008904021456902e-06
4.815788846999999 8.719985980415353e-06
4.817140079 8.639343864140256e-06
4.818491310000001 8.604734928544399e-06
4.819842542 8.435529532500271e-06
4.821193773 8.100589000616835e-06
4.822545005 7.5851438127038544e-06
4.8238962359999995 7.162580081642772e-06
4.825247468 6.823295942450422e-06
4.826598699 6.791537399820393e-06
4.82794993 6.97743968750307e-06
4.829301162 7.431642133135609e-06
4.830652393 8.04952047830273e-06
4.8320036250000005 8.66036814813189e-06
4.833354856 8.709486364382925e-06
4.834706088 8.493609941774157e-06
4.836057318999999 8.001951908204001e-06
4.83740855 7.778628899266488e-06
4.838759782 7.655498005333491e-06
4.840111013 7.766703802179533e-06
4.841462245 7.688305386038311e-06
4.842813476 7.394745902612606e-06
4.844164708 6.578962097057597e-06
4.845515939 5.710675912123326e-06
4.8468671709999995 4.817547172556353e-06
4.8482184020000005 4.422325347759835e-06
4.849569633 4.932163750623914e-06
4.850920865 6.459906977797193e-06
4.852272096 7.272669090548186e-06
4.853623327999999 6.698073603287983e-06
4.854974559 7.036583107955686e-06
4.856325791000001 7.479067066188367e-06
4.857677022 7.663665951961568e-06
4.859028253 8.285942994827e-06
4.860379485 7.756598940617903e-06
4.861730716 7.129046425094956e-06
4.863081948 6.274636379421586e-06
4.864433179 5.7178284392820205e-06
4.865784411 5.3376860464240045e-06
4.867135642 5.01293432408284e-06
4.868486874 4.999151280068167e-06
4.8698381049999995 5.313700732831904e-06
4.8711893360000005 5.672076254976936e-06
4.872540568000001 6.41280211397175e-06
4.873891799 6.711782986167779e-06
4.875243031 6.791136166677017e-06
4.876594261999999 6.786421936532493e-06
4.8779454939999995 6.648319663779548e-06
4.879296725000001 6.397571772029867e-06
4.880647956 5.520478649530701e-06
4.881999188 5.2390273618669405e-06
4.883350419 5.0748413547332146e-06
4.884701651 4.9013014595519e-06
4.8860528819999995 4.712584156415679e-06
4.887404114 4.6694592015646005e-06
4.888755345 4.6882516569105465e-06
4.890106576999999 5.272379680930174e-06
4.891457808 5.84977999461721e-06
4.892809038999999 6.2539924535241756e-06
4.894160271 6.365579175803592e-06
4.895511502000001 6.248070058359739e-06
4.896862734 5.94701863918307e-06
4.898213965 5.476158396067551e-06
4.899565197 4.313942425258228e-06
4.900916428 2.9049976054305738e-06
4.902267660000001 1.6034855824239317e-06
4.903618891 1.2711364228475886e-06
4.904970122 1.1611675383141313e-06
4.906321354 1.828643936517659e-06
4.907672585 2.606210906610961e-06
4.9090238170000005 2.912912603671783e-06
4.910375048 2.745315002871341e-06
4.91172628 2.277717458978104e-06
4.913077511 1.4294321198063808e-06
4.914428742 8.591949294323781e-07
4.915779974 5.346912368314783e-07
4.917131205 4.464062710765278e-07
4.918482437 5.743914500209008e-07
4.919833668 6.923818980515631e-07
4.9211849 8.090261010135852e-07
4.922536131 1.023270314044131e-06
4.9238873629999995 1.2213804996865225e-06
4.9252385940000005 1.1697503410674445e-06
4.926589825 1.5426606561597463e-07
4.927941057 6.1867415056204265e-09
4.929292288 4.655320408996991e-09
4.930643519999999 4.711063519156295e-09
4.931994751 4.532808648125886e-08
4.933345983000001 6.968382986440574e-07
4.934697214 5.771690369402411e-07
4.936048445 6.800185612642825e-08
4.937399677 5.324767683814765e-09
4.938750908 4.600780371123683e-09
4.94010214 4.5929160640356295e-09
4.941453371 4.587300499392349e-09
4.942804603 4.582126215476174e-09
4.944155834 4.574201773890844e-09
4.945507066 1.0171926735426312e-08
4.9468582969999995 3.0393327319524915e-07
4.9482095280000005 6.02764290455672e-07
4.949560760000001 2.1174672136616526e-06
4.950911991 2.777462615420188e-06
4.952263223 2.8799528495950626e-06
4.953614453999999 2.6338376273267822e-06
4.9549656859999995 2.308145952397402e-06
4.9563169170000005 1.97673090746778e-06
4.957668148 1.8527210045351031e-06
4.95901938 1.8111627750203604e-06
4.960370611 1.804523166954747e-06
4.961721843 1.995206754692351e-06
4.9630730739999995 2.3030056761877187e-06
4.964424306 2.9990756723144517e-06
4.965775537000001 4.141649215253404e-06
4.967126769 4.693486948141017e-06
4.968478 5.041129613066666e-06
4.969829230999999 4.590302316945057e-06
4.971180463 5.051536986006828e-06
4.972531694000001 5.07307361461314e-06
4.973882926 4.164552338044331e-06
4.975234157 3.3971398447848897e-06
4.976585389 2.760314296256863e-06
4.97793662 3.144381780485336e-06
4.979287852000001 3.2834528273638566e-06
4.980639083 3.487219721013928e-06
4.981990314 2.5652509577168204e-06
4.983341545999999 1.903277340532954e-06
4.984692777 1.409746484027541e-06
4.986044009 1.3251373501677201e-06
4.98739524 1.36463963531798e-06
4.988746472 8.565802470906241e-07
4.990097703 5.884331534495091e-07
4.991448934 5.419937865208514e-07
4.992800166 1.3183420591779692e-06
4.9941513969999995 2.2246001701565387e-06
4.995502629 3.2039552129655272e-06
4.99685386 3.9469468477524436e-06
4.998205092 4.415192221266062e-06
4.999556323 5.24542958575734e-06
5.0009075549999995 4.10820726110525e-06
5.0022587860000005 3.4287579769618306e-06
5.003610017 1.8076970658442747e-06
5.004961249 1.1104443757015082e-06
5.006312479999999 1.0736446418330571e-06
5.007663711999999 1.554643276903042e-06
5.009014943 3.0530665246959428e-06
5.010366175 3.754228015642351e-06
5.011717406 3.987154375751213e-06
5.013068637 3.5736255437877394e-06
5.014419869 3.427248615895889e-06
5.0157711 3.0836238336598848e-06
5.017122332 2.3407816837228023e-06
5.018473563 1.8206279495926432e-06
5.019824795000001 1.4208516179327666e-06
5.021176026 1.948218004495437e-06
5.022527258 2.174757691428407e-06
5.0238784889999994 2.2330574764844742e-06
5.0252297200000005 1.3696784941460792e-06
5.026580952000001 8.267633236318026e-07
5.027932183 4.056282947120084e-07
5.029283415 5.548874863636015e-07
5.030634646 1.3083666613864422e-06
5.031985878 2.0682511569346704e-06
5.033337109 2.647396192128854e-06
5.034688341 2.7183427202967697e-06
5.036039572 2.8494822472526094e-06
5.037390803 2.3510343943409092e-06
5.038742035 2.149688603525097e-06
5.0400932659999995 1.951743289134283e-06
5.041444498 1.9323014265253633e-06
5.042795729000001 2.2417606723976387e-06
5.044146961 2.6278714761813486e-06
5.045498192 3.0476848729618235e-06
5.046849422999999 3.6148038951179425e-06
5.048200655 4.398197370298581e-06
5.049551886000001 4.755752944806584e-06
5.050903118 4.924575193785112e-06
5.052254349 4.191090968973635e-06
5.053605581 3.416909876534127e-06
5.054956812 3.140188235449442e-06
5.056308044000001 3.0203656193522613e-06
5.057659275 2.928443942335738e-06
5.059010506 2.659429763430182e-06
5.060361737999999 2.36325349610183e-06
5.061712969 2.4284775382955812e-06
5.063064201 2.6088957891301043e-06
5.064415432 3.165619089189412e-06
5.065766664 3.6713607485769544e-06
5.067117895 3.498268320659768e-06
5.068469126 2.8709126535697342e-06
5.069820358 1.8087864981327573e-06
5.0711715889999995 6.199081951593512e-07
5.072522821 1.7766935069022793e-07
5.073874052 2.878561309603465e-07
5.075225284 1.0135542260148029e-06
5.076576515 1.88355148103992e-06
5.0779277469999995 3.256498424348559e-06
5.0792789780000005 2.7315201694933342e-06
5.080630209 2.2789738325904816e-06
5.081981441 1.3865642325613082e-06
5.083332671999999 9.77594819281294e-07
5.084683904 1.2980690672547863e-06
5.086035135 1.7486353930378751e-06
5.087386367 1.8382286727538918e-06
5.088737598 1.8421763607996875e-06
5.090088829 1.7968773605253927e-06
5.091440061 2.193177151880553e-06
5.092791292 3.545626242025029e-06
5.094142524 4.322437752501361e-06
5.095493755000001 5.196490765845256e-06
5.096844987000001 4.775195181111027e-06
5.098196218 4.335595782243232e-06
5.09954745 3.6558226178017794e-06
