microns throughput
2.0004663860000003 2.5275966472300003e-10
2.002074478 2.2795560558391131e-10
2.00368257 2.0681502863012553e-10
2.005290662 1.8894859800773557e-10
2.006898754 1.7346516395946106e-10
2.008506846 1.6101747797826462e-10
2.010114938 1.503368579584078e-10
2.01172303 1.407223267551336e-10
2.013331122 1.3329524592373483e-10
2.014939214 1.2726069262083182e-10
2.016547306 1.2015101708125023e-10
2.018155398 1.1493312058871468e-10
2.01976349 1.0886399612810451e-10
2.021371582 1.0448070922783107e-10
2.022979674 1.00338106012218e-10
2.0245877660000002 9.518394120667769e-11
2.026195858 9.179159742167854e-11
2.027803949 8.884058560381607e-11
2.029412041 8.620252615208365e-11
2.031020133 8.395447452130781e-11
2.032628225 8.217858341456072e-11
2.034236317 7.974962195836442e-11
2.035844409 7.870962216068433e-11
2.037452501 7.801996197120674e-11
2.039060593 7.778724416170146e-11
2.040668685 7.857081193451268e-11
2.042276777 7.874111497330723e-11
2.0438848689999998 7.915956456298653e-11
2.045492961 7.984098084098409e-11
2.047101053 8.080063160087023e-11
2.0487091449999997 8.27224742136231e-11
2.0503172370000002 8.475908635815512e-11
2.0519253290000004 8.68592905230639e-11
2.053533421 9.035025950333976e-11
2.055141513 9.346714672044335e-11
2.056749605 9.781593319151902e-11
2.058357697 1.0226072718690007e-10
2.059965788 1.0795590311254378e-10
2.06157388 1.1411541887996356e-10
2.0631819719999998 1.2081025991017076e-10
2.064790064 1.2857083825204253e-10
2.066398156 1.3753168223104756e-10
2.068006248 1.4759816342742551e-10
2.06961434 1.5868922888861166e-10
2.071222432 1.7135108896026993e-10
2.072830524 1.8748233525302164e-10
2.074438616 2.0441632609759332e-10
2.076046708 2.2536737600823094e-10
2.0776548 2.480492181334744e-10
2.079262892 2.7592597810933145e-10
2.080870984 3.0801607451564096e-10
2.0824790760000003 3.432616016356023e-10
2.084087168 3.864665115890531e-10
2.08569526 4.370236763017814e-10
2.0873033519999997 4.961390188545995e-10
2.088911444 5.653634987268827e-10
2.090519536 6.478664187741217e-10
2.092127627 7.448713645668713e-10
2.0937357189999997 8.613202674261641e-10
2.0953438110000002 1.0046783563345104e-09
2.0969519030000003 1.16695409062324e-09
2.098559995 1.3603809616601645e-09
2.100168087 1.59383849868997e-09
2.101776179 1.8565351551951008e-09
2.103384271 2.16877496793688e-09
2.104992363 2.5226744804640835e-09
2.1066004549999997 2.8986818643402748e-09
2.1082085470000003 3.3110142381911744e-09
2.109816639 3.728615329918534e-09
2.111424731 4.133628834254059e-09
2.113032823 4.492216015219123e-09
2.114640915 4.766113986905218e-09
2.116249007 4.981424470396279e-09
2.1178570989999996 5.079157751562716e-09
2.1194651909999997 5.104369342432732e-09
2.1210732830000003 5.065866017309994e-09
2.122681375 4.971305163725587e-09
2.124289466 4.823272416642267e-09
2.125897558 4.672675233735531e-09
2.1275056500000002 4.513912549865149e-09
2.129113742 4.344003258297446e-09
2.130721834 4.184928352797429e-09
2.1323299259999997 4.02602215907227e-09
2.133938018 3.874061593788332e-09
2.1355461100000004 3.736344935322723e-09
2.137154202 3.626929816462704e-09
2.138762294 3.522371550961774e-09
2.140370386 3.4390123264670888e-09
2.141978478 3.35757105631169e-09
2.14358657 3.3017698948795177e-09
2.1451946619999998 3.252000024661256e-09
2.146802754 3.205644727707317e-09
2.1484108460000004 3.164277904558107e-09
2.150018938 3.128872966470398e-09
2.15162703 3.1042386674896323e-09
2.153235122 3.0952884120109535e-09
2.154843214 3.0949837974332726e-09
2.156451305 3.109712011136577e-09
2.158059397 3.1241595140147523e-09
2.159667489 3.156004273463089e-09
2.161275581 3.1988787142112438e-09
2.1628836729999996 3.2372437598544932e-09
2.164491765 3.291691590454349e-09
2.1660998570000003 3.351107640275153e-09
2.167707949 3.4133545877780196e-09
2.169316041 3.4813778560147743e-09
2.170924133 3.5487518861237685e-09
2.172532225 3.6366179686898957e-09
2.174140317 3.730225209113135e-09
2.1757484089999997 3.834370916051544e-09
2.177356501 3.9471384998774e-09
2.1789645930000003 4.069272064212468e-09
2.180572685 4.2053417850114766e-09
2.182180777 4.353000815568545e-09
2.183788869 4.5191505082222785e-09
2.185396961 4.7092645520498596e-09
2.187005053 4.906261471560242e-09
2.1886131449999997 5.126853907362775e-09
2.1902212359999997 5.371212732195766e-09
2.191829328 5.643536807778056e-09
2.1934374200000004 5.945368302763248e-09
2.195045512 6.280413496000543e-09
2.196653604 6.669635909145207e-09
2.198261696 7.111246625895937e-09
2.199869788 7.616194903309026e-09
2.20147788 8.221392056057213e-09
2.203085972 8.906015426287767e-09
2.204694064 9.700266688877615e-09
2.206302156 1.0623643480087463e-08
2.207910248 1.170527228474903e-08
2.2095183400000002 1.3004807150357693e-08
2.211126432 1.4537638150383225e-08
2.212734524 1.639869476315546e-08
2.2143426159999997 1.871878105567732e-08
2.215950708 2.1567938053253205e-08
2.2175588 2.5225700979861068e-08
2.219166892 2.9772896509009287e-08
2.220774984 3.539578571018958e-08
2.222383075 4.213950267433948e-08
2.2239911670000003 4.957998457934081e-08
2.225599259 5.662554861814954e-08
2.227207351 6.250354164025727e-08
2.228815443 6.65097192859292e-08
2.230423535 6.905163245497855e-08
2.232031627 7.091302077629269e-08
2.2336397189999997 7.292737521680267e-08
2.2352478110000003 7.573489415225324e-08
2.236855903 7.974335721868165e-08
2.238463995 8.519567682980512e-08
2.240072087 9.214391888994143e-08
2.241680179 1.0127578656799208e-07
2.243288271 1.124510579459513e-07
2.2448963629999996 1.2628656569938317e-07
2.2465044549999997 1.4297890079586512e-07
2.2481125470000003 1.6265861740791705e-07
2.249720639 1.8602894777220857e-07
2.251328731 2.1330852822524877e-07
2.252936823 2.4405104099967504e-07
2.2545449140000002 2.7883098694354075e-07
2.256153006 3.168561518186338e-07
2.257761098 3.580104239239319e-07
2.2593691899999997 4.011371268854195e-07
2.260977282 4.4637601895927764e-07
2.262585374 4.921531326550705e-07
2.264193466 5.378966247466136e-07
2.265801558 5.830515598781502e-07
2.2674096500000003 6.260368723071093e-07
2.269017742 6.671566144932168e-07
2.270625834 7.062338549677511e-07
2.2722339259999997 7.428035233887723e-07
2.273842018 7.781727060961552e-07
2.2754501100000004 8.114589492029161e-07
2.277058202 8.439512864728811e-07
2.278666294 8.746701518187517e-07
2.280274386 9.049881449260565e-07
2.281882478 9.375172588911098e-07
2.28349057 9.727953084145724e-07
2.285098662 1.012025191468231e-06
2.286706753 1.0582674504958143e-06
2.288314845 1.1116898228062716e-06
2.2899229369999996 1.1757267580199374e-06
2.291531029 1.2519310344350782e-06
2.2931391210000003 1.3421008320077155e-06
2.294747213 1.449231025541547e-06
2.296355305 1.5753125621338859e-06
2.297963397 1.721895368216439e-06
2.299571489 1.894945176548618e-06
2.301179581 2.090988599555365e-06
2.3027876729999996 2.3204185790140603e-06
2.304395765 2.588854460692361e-06
2.3060038570000003 2.905197061077961e-06
2.307611949 3.283282598612634e-06
2.309220041 3.7299723974676143e-06
2.310828133 4.273234704458129e-06
2.312436225 4.938774875118989e-06
2.314044317 5.745743879100197e-06
2.3156524089999997 6.764761425646114e-06
2.3172605010000003 8.02697935719443e-06
2.318868592 9.555001856499415e-06
2.3204766840000004 1.1387434157662163e-05
2.322084776 1.3492533536959674e-05
2.323692868 1.5843149268265734e-05
2.32530096 1.8322463810327132e-05
2.326909052 2.0908668728924385e-05
2.328517144 2.3518074528538452e-05
2.3301252359999998 2.613064855410181e-05
2.331733328 2.8768139793191176e-05
2.33334142 3.1341941131415296e-05
2.334949512 3.3840264788095585e-05
2.3365576040000002 3.606439358251829e-05
2.338165696 3.801227785550384e-05
2.339773788 3.9495048323845455e-05
2.3413818799999997 4.053074873820268e-05
2.342989972 4.1171069899660735e-05
2.344598064 4.14603949828635e-05
2.346206156 4.1576305114960786e-05
2.347814248 4.162569492619199e-05
2.3494223400000003 4.174510476154473e-05
2.3510304310000003 4.1997937088665275e-05
2.352638523 4.23965200027043e-05
2.354246615 4.304810348457894e-05
2.3558547069999998 4.3888540553622436e-05
2.357462799 4.498560213825928e-05
2.359070891 4.620385620989066e-05
2.3606789829999997 4.7677170676506603e-05
2.3622870750000002 4.918165502406822e-05
2.363895167 5.076256177761104e-05
2.365503259 5.2261147965826325e-05
2.367111351 5.362698490556554e-05
2.368719443 5.4821917204563e-05
2.370327535 5.572037415269669e-05
2.371935627 5.629584150876816e-05
2.3735437189999997 5.655960970230392e-05
2.3751518110000003 5.6336336497048633e-05
2.376759903 5.588017690486051e-05
2.378367995 5.536270441740066e-05
2.379976087 5.485699646812877e-05
2.381584179 5.443904339595187e-05
2.383192271 5.4018020422590604e-05
2.384800362 5.36534254514035e-05
2.3864084539999997 5.334760018103457e-05
2.388016546 5.313284727339761e-05
2.389624638 5.289414219138528e-05
2.39123273 5.269461792692357e-05
2.392840822 5.2541695054078376e-05
2.3944489140000003 5.2462171064791144e-05
2.396057006 5.243607538606708e-05
2.397665098 5.2422132107928926e-05
2.3992731899999997 5.2451138500213105e-05
2.400881282 5.247499059687438e-05
2.4024893740000004 5.2471359098149274e-05
2.404097466 5.2434690823540455e-05
2.405705558 5.230395911990893e-05
2.40731365 5.20702471296401e-05
2.408921742 5.1743904572658866e-05
2.410529834 5.141586142938212e-05
2.4121379259999998 5.1085062592918265e-05
2.413746018 5.079385167797616e-05
2.41535411 5.059186404236631e-05
2.416962201 5.047761949567294e-05
2.418570293 5.047103619045907e-05
2.4201783850000003 5.055097588652432e-05
2.421786477 5.075936505198094e-05
2.423394569 5.0895706691237314e-05
2.425002661 5.095977193125443e-05
2.426610753 5.095431401816481e-05
2.428218845 5.083586807468334e-05
2.4298269369999996 5.0605103359186973e-05
2.431435029 5.029153834109382e-05
2.4330431210000003 5.0007912650759976e-05
2.434651213 4.9754970039292556e-05
2.436259305 4.9569321772965314e-05
2.4378673969999998 4.948151010122491e-05
2.439475489 4.949424478439383e-05
2.441083581 4.96243685026327e-05
2.4426916729999997 4.986987683514684e-05
2.4442997650000002 5.02276315599854e-05
2.4459078570000004 5.059288482382779e-05
2.447515949 5.0892745812279536e-05
2.44912404 5.115468318995435e-05
2.450732132 5.134257290735983e-05
2.452340224 5.144391652740779e-05
2.453948316 5.145613403802758e-05
2.455556408 5.141518193762482e-05
2.4571644999999998 5.134463240019798e-05
2.458772592 5.1265650924660735e-05
2.460380684 5.121752371964547e-05
2.461988776 5.120131392459779e-05
2.463596868 5.123553459471611e-05
2.46520496 5.136894463806578e-05
2.466813052 5.1612975617009455e-05
2.468421144 5.194222094327061e-05
2.470029236 5.2356549993042806e-05
2.471637328 5.286645081745636e-05
2.47324542 5.348578884044566e-05
2.474853512 5.4219108531866325e-05
2.4764616040000003 5.498680539155791e-05
2.478069696 5.581395650604385e-05
2.479677788 5.65828271163215e-05
2.481285879 5.7231890396719546e-05
2.4828939709999998 5.775326502514388e-05
2.484502063 5.812291023795577e-05
2.486110155 5.829831747110777e-05
2.4877182469999997 5.829859912888152e-05
2.489326339 5.809699949121429e-05
2.4909344310000003 5.7725764836359726e-05
2.492542523 5.729440563518921e-05
2.494150615 0.0010992132278934135
2.495758707 0.001146468117662995
2.497366799 0.0011925367542944694
2.498974891 0.0012371129136939307
2.499778162 0.0012808727701322058
2.5011293930000003 0.0013231090952331482
2.502480624 0.0013641196634605276
2.5038318559999997 0.0014034849227263942
2.505183087 0.0003974538620935039
2.506534319 0.0003854160881195444
2.50788555 0.0003733620189015514
2.509236782 0.00036151619894757
2.510588013 0.0003481944037892389
2.511939244 0.0003351229042111064
2.5132904760000003 0.00032147004806355956
2.514641707 0.00030796101894957394
2.515992939 0.00029497432345401686
2.51734417 0.0002821232082396146
2.5186954019999996 0.00026860663263518204
2.5200466329999998 0.0002546075841050608
2.521397865 0.00024167773225794174
2.522749096 0.00022863522172821468
2.524100327 0.00021556785902452236
2.525451559 0.0002026839280445705
2.52680279 0.00018938328119483293
2.5281540220000003 0.00017648710426033097
2.529505253 0.0001645679155906414
2.5308564849999997 0.0001532320674570453
2.532207716 0.00014191561095939522
2.533558948 0.00013097640496218828
2.534910179 0.00012043206593419882
2.5362614100000003 0.00011040966995445531
2.537612642 0.00010112241564772233
2.538963873 9.217464192350672e-05
2.5403151050000004 8.348870727321334e-05
2.5416663359999996 7.580669905909253e-05
2.5430175680000002 6.836313689809957e-05
2.544368799 6.134591552014914e-05
2.54572003 5.4885488844585065e-05
2.547071262 4.927105739920748e-05
2.548422493 4.4131078352690365e-05
2.549773725 3.958864938247344e-05
2.551124956 3.494699073996786e-05
2.552476188 3.0428113848612023e-05
2.553827419 2.708958556970648e-05
2.5551786510000003 2.4086520913515698e-05
2.556529882 2.194110901173549e-05
2.557881113 1.871286719743059e-05
2.559232345 1.603721971957254e-05
2.560583576 1.4093325762529623e-05
2.561934808 1.2914717926647781e-05
2.5632860390000003 1.1395853860002186e-05
2.564637271 9.857562492697645e-06
2.565988502 8.539475721502698e-06
2.567339733 7.1702961798727866e-06
2.5686909649999996 6.791504649173177e-06
2.5700421959999997 6.329918979686866e-06
2.571393428 5.461466069163897e-06
2.572744659 4.914857695995492e-06
2.574095891 4.607982023217418e-06
2.575447122 4.290162372723414e-06
2.576798354 3.8781621006314975e-06
2.5781495850000002 3.6583167892495554e-06
2.5795008160000004 3.3954550528695834e-06
2.580852048 3.25034773422814e-06
2.582203279 3.457048395099627e-06
2.583554511 3.2404459127048005e-06
2.584905742 3.0980701310951275e-06
2.586256974 2.928694144278833e-06
2.587608205 2.9284884278655343e-06
2.588959437 2.6674563637195575e-06
2.590310668 2.697895792699894e-06
2.591661899 2.8523871046603967e-06
2.593013131 2.7086777743177636e-06
2.594364362 2.518271699984624e-06
2.5957155939999996 2.3150772587891268e-06
2.5970668249999997 1.9949709975928084e-06
2.598418057 1.7974875159985285e-06
2.599769288 1.7406517061242966e-06
2.601120519 1.91989852739389e-06
2.602471751 1.989876271942923e-06
2.603822982 1.9124496128574337e-06
2.6051742140000003 2.335749948920273e-06
2.6065254450000004 2.589429842137974e-06
2.607876677 2.730379062916085e-06
2.609227908 2.858232772262969e-06
2.61057914 3.0910891271259428e-06
2.611930371 3.0118528179646394e-06
2.613281602 2.607595041117139e-06
2.614632834 2.506364362180936e-06
2.615984065 1.9700761475690024e-06
2.617335297 1.870938481298432e-06
2.618686528 1.7966344727838284e-06
2.62003776 1.6878121918002005e-06
2.621388991 1.6948020055865447e-06
2.622740222 1.5305321159027547e-06
2.6240914539999998 1.447334129399471e-06
2.625442685 1.45143426500993e-06
2.626793917 1.7539700144254339e-06
2.628145148 1.7139095101060157e-06
2.62949638 1.6990018321785406e-06
2.630847611 1.8594563738367167e-06
2.6321988430000003 1.8446218410261102e-06
2.6335500740000004 2.0502090703898824e-06
2.634901305 2.223876845647382e-06
2.636252537 2.0429577126267172e-06
2.637603768 1.8221357399452964e-06
2.6389549999999997 2.090691508411351e-06
2.640306231 2.129281056407742e-06
2.641657463 1.8737094822001764e-06
2.643008694 1.8549394268993405e-06
2.6443599250000003 1.7259512686545065e-06
2.645711157 1.6756352639724457e-06
2.6470623879999997 1.8625964498420739e-06
2.64841362 1.9770625092152403e-06
2.649764851 1.890658542339227e-06
2.651116083 1.8837522584942824e-06
2.652467314 1.8956094434053275e-06
2.653818546 1.915688648413946e-06
2.6551697770000002 2.1062490767957366e-06
2.6565210080000004 2.242029479638543e-06
2.65787224 2.4841455653782253e-06
2.659223471 2.4936978529817516e-06
2.6605747030000004 2.5560273133140434e-06
2.6619259339999997 3.0617516578117815e-06
2.663277166 3.7195238354982213e-06
2.664628397 3.843191027895293e-06
2.6659796289999997 3.407625262582522e-06
2.66733086 3.2464635108475998e-06
2.668682091 2.7941631837651e-06
2.670033323 2.508061034201597e-06
2.6713845540000003 2.3049312786725835e-06
2.672735786 2.319598669789753e-06
2.6740870169999997 1.7005264359789714e-06
2.675438249 1.2852811258772973e-06
2.67678948 1.2456918943064246e-06
2.678140711 1.2704125973531179e-06
2.679491943 1.5818656174915332e-06
2.680843174 1.869682420973484e-06
2.6821944060000003 1.8537071508810265e-06
2.6835456370000004 1.212272535360417e-06
2.684896869 1.16678036265359e-06
2.6862481 1.2293158160850188e-06
2.6875993319999996 1.3555148525877943e-06
2.6889505629999997 1.3755452426305809e-06
2.690301794 1.1510969108695612e-06
2.691653026 9.076887658377808e-07
2.693004257 7.169109507734452e-07
2.694355489 7.123219744727868e-07
2.69570672 8.948875624717385e-07
2.697057952 1.0359991943454894e-06
2.6984091830000003 1.036924554793833e-06
2.699760414 9.004291794709923e-07
2.7011116459999998 9.915157954038562e-07
2.702462877 1.2333341591297693e-06
2.703814109 1.6329807212260461e-06
2.70516534 1.7891045948472181e-06
2.706516572 1.6711591300156307e-06
2.707867803 1.6987653147659491e-06
2.7092190350000003 1.710551642664964e-06
2.7105702660000004 1.86402435905849e-06
2.7119214969999996 1.8963884240056865e-06
2.713272729 1.6104738077886072e-06
2.71462396 1.2946216603078864e-06
2.7159751919999997 1.1327911673309697e-06
2.717326423 1.093189589581159e-06
2.718677655 9.229623410393044e-07
2.720028886 1.091001493241686e-06
2.7213801170000003 1.1018196740432868e-06
2.722731349 9.715277402744395e-07
2.7240825799999997 1.1371964648031196e-06
2.7254338120000003 1.293910468084787e-06
2.726785043 1.4863463961886688e-06
2.7281362749999998 1.588937001431058e-06
2.729487506 1.7236576330113008e-06
2.730838738 1.5378749711650576e-06
2.732189969 1.384684437846902e-06
2.7335412000000003 1.3153070901938583e-06
2.734892432 1.5371960503191783e-06
2.736243663 1.4612393088802616e-06
2.737594895 1.4063033324459057e-06
2.7389461259999996 1.3419162840657927e-06
2.740297358 1.2847250292909586e-06
2.741648589 1.316706424470865e-06
2.7429998209999997 1.5518181651422518e-06
2.744351052 1.9875970354663634e-06
2.745702283 1.6514358947781403e-06
2.747053515 1.5821691777888606e-06
2.7484047460000003 1.4977451407888233e-06
2.749755978 1.4355190711713168e-06
2.7511072089999997 1.4058044123820907e-06
2.7524584410000004 1.4076751304507548e-06
2.753809672 1.2103259953192703e-06
2.755160903 9.441194937461114e-07
2.756512135 9.085935197156456e-07
2.757863366 9.095729690535949e-07
2.7592145980000002 8.166610531150362e-07
2.760565829 8.041444217456604e-07
2.761917061 8.172353914104337e-07
2.7632682920000002 8.413490285959523e-07
2.764619524 9.885225454336325e-07
2.7659707549999997 1.0371325575641606e-06
2.767321986 1.2242334757958589e-06
2.768673218 1.1763494089553383e-06
2.770024449 1.407882541910736e-06
2.771375681 1.7255271507872526e-06
2.772726912 1.7988848283646073e-06
2.774078144 1.8454899139256472e-06
2.7754293750000003 1.6443772513970743e-06
2.776780606 1.4080671043298975e-06
2.7781318379999997 1.3055458989512575e-06
2.779483069 1.5531111853540488e-06
2.780834301 1.5915831736742945e-06
2.782185532 1.332505002829772e-06
2.783536764 1.1675231192137902e-06
2.784887995 1.177457391175891e-06
2.786239227 1.467743717816967e-06
2.787590458 1.7524572995539527e-06
2.788941689 1.6843907493972569e-06
2.7902929210000003 1.4073868496499838e-06
2.791644152 1.2328341837590979e-06
2.7929953839999997 1.2715409291606264e-06
2.794346615 1.2326578430137039e-06
2.795697847 9.879101143466734e-07
2.797049078 6.911459282606454e-07
2.7984003090000003 8.019120991723189e-07
2.799751541 9.774745596881773e-07
2.801102772 1.1017117230981142e-06
2.8024540040000003 1.2124629405304856e-06
2.803805235 1.260464708394414e-06
2.8051564669999998 1.3505733095589175e-06
2.806507698 1.44522637520003e-06
2.80785893 1.5982993402197599e-06
2.8092101609999998 1.4568444061106256e-06
2.810561392 1.4598090496779852e-06
2.811912624 1.5681119113053024e-06
2.813263855 1.6665141787171204e-06
2.814615087 1.662763761176236e-06
2.8159663179999996 1.7418908533328795e-06
2.8173175500000003 1.901543889588648e-06
2.818668781 1.7034847424361307e-06
2.8200200129999997 1.511728852489864e-06
2.821371244 1.4783592739384145e-06
2.822722475 1.4038819207427582e-06
2.824073707 1.094053062728219e-06
2.8254249380000003 1.0532863650114099e-06
2.82677617 1.103561771471957e-06
2.828127401 8.917185619002291e-07
2.8294786330000004 9.700654885003197e-07
2.830829864 9.591505711561158e-07
2.8321810949999997 7.507076884844537e-07
2.833532327 8.604740223850106e-07
2.834883558 9.829266447850882e-07
2.83623479 8.423743198305801e-07
2.837586021 6.183645659131973e-07
2.838937253 6.155635529698256e-07
2.8402884840000002 5.986947817931767e-07
2.841639716 6.484448557977356e-07
2.8429909469999997 8.615978756179583e-07
2.8443421779999998 6.468080012259399e-07
2.84569341 6.286219784168558e-07
2.847044641 8.346975143327248e-07
2.848395873 1.0792953671835444e-06
2.849747104 1.2009712480285858e-06
2.851098336 1.2213505238169146e-06
2.8524495670000003 1.1180008775530376e-06
2.8538007980000004 9.100677356491217e-07
2.85515203 9.380939976629099e-07
2.856503261 8.589401333467085e-07
2.8578544929999996 7.271343327441348e-07
2.8592057239999997 5.215926931380221e-07
2.860556956 4.0258747499451e-07
2.861908187 3.166636757059876e-07
2.863259419 3.8749922116050753e-07
2.86461065 4.739309253759031e-07
2.865961881 5.165343085966612e-07
2.8673131130000002 6.440209909819164e-07
2.868664344 8.384399401415489e-07
2.8700155759999997 9.625556031831068e-07
2.871366807 1.0960035339578322e-06
2.872718039 1.211297432897808e-06
2.87406927 1.1407727316611643e-06
2.8754205010000002 1.048513335482748e-06
2.876771733 9.732244343654652e-07
2.878122964 9.42854748468134e-07
2.8794741960000003 7.873968311243332e-07
2.8808254270000004 7.321643374159352e-07
2.882176659 7.333511270252478e-07
2.88352789 7.971955640861855e-07
2.8848791219999996 8.060322741064661e-07
2.8862303529999997 8.706900888010849e-07
2.887581584 8.232244968639823e-07
2.888932816 6.989457596845783e-07
2.890284047 6.342750883237723e-07
2.891635279 5.521231581707397e-07
2.89298651 4.809033483635777e-07
2.8943377420000003 3.4940731823681407e-07
2.895688973 3.395085767414587e-07
2.8970402049999997 2.8605551195543975e-07
2.898391436 3.2945456320654465e-07
2.899742667 3.51230772065438e-07
2.901093899 2.920118302075545e-07
2.9024451300000003 2.6707205997328376e-07
2.903796362 1.878809692994138e-07
2.905147593 3.3867168034948495e-07
2.9064988250000003 5.67724878558506e-07
2.907850056 8.332888381401601e-07
2.9092012869999997 9.384491894563681e-07
2.910552519 9.116419887980864e-07
2.91190375 9.104273015223292e-07
2.9132549819999998 9.09664379941405e-07
2.914606213 8.822771413774824e-07
2.915957445 9.536505272748574e-07
2.917308676 1.0178968495651873e-06
2.918659908 1.0202250963481354e-06
2.920011139 9.973769791786778e-07
2.9213623699999998 1.1331704593203183e-06
2.922713602 1.439162510688255e-06
2.924064833 1.5473107816651212e-06
2.925416065 1.7266402715889354e-06
2.926767296 1.6378251804472528e-06
2.928118528 1.5197436755868644e-06
2.9294697590000003 1.4639041678679827e-06
2.93082099 1.4883980979482798e-06
2.932172222 1.5937991834439164e-06
2.933523453 1.4175199794960392e-06
2.934874685 1.5645193987979972e-06
2.9362259159999997 1.730340030926152e-06
2.937577148 1.7600891164636106e-06
2.938928379 1.6360288108868636e-06
2.940279611 1.5617619005091122e-06
2.941630842 1.574025103866376e-06
2.942982073 1.4416762281171852e-06
2.9443333050000002 1.4611982940962717e-06
2.9456845360000004 1.3939860326051312e-06
2.947035768 1.3985220128195464e-06
2.948386999 1.4638293136138247e-06
2.949738231 1.6085380772406523e-06
2.951089462 1.5641867899266435e-06
2.952440694 1.4595623624826877e-06
2.953791925 1.483588863754841e-06
2.955143156 1.4974525656102799e-06
2.956494388 1.5786391374343947e-06
2.957845619 1.5527841747866935e-06
2.959196851 1.5293661209903872e-06
2.960548082 1.4558686372485965e-06
2.9618993139999996 1.4784945486153176e-06
2.9632505449999997 1.5091230151622716e-06
2.964601776 1.4750757380875632e-06
2.965953008 1.3862535788695576e-06
2.967304239 1.3100291401195718e-06
2.968655471 1.1935684509344857e-06
2.970006702 1.1536823901685845e-06
2.9713579340000003 1.2540834954881742e-06
2.9727091650000004 1.3630912279749287e-06
2.974060397 1.5770595157800448e-06
2.975411628 1.632978574109872e-06
2.976762859 1.6595693392760497e-06
2.978114091 1.6704567198314325e-06
2.979465322 1.603199516725433e-06
2.980816554 1.5245727060295685e-06
2.982167785 1.4265023007453963e-06
2.983519017 1.3602764398817794e-06
2.984870248 1.111952403555214e-06
2.9862214789999997 1.0178045034280957e-06
2.987572711 1.136446463840984e-06
2.988923942 1.1938955462345602e-06
2.9902751739999998 1.0919716932390028e-06
2.991626405 1.1674445736181346e-06
2.992977637 1.2961310294740513e-06
2.994328868 1.4067825902987917e-06
2.9956801 1.5278274052802229e-06
2.997031331 1.5241393777721067e-06
2.9983825619999998 1.3328057465896815e-06
2.9997337940000004 1.156819995292813e-06
3.001085025 1.3086659740775885e-06
3.002436257 1.3631411338277343e-06
3.003787488 1.3488162666344891e-06
3.0051387199999997 1.0920988082525164e-06
3.006489951 9.018063185549424e-07
3.007841182 8.751750273360657e-07
3.009192414 9.719947124370758e-07
3.0105436450000003 1.081206110096299e-06
3.011894877 1.050154574618394e-06
3.0132461079999997 9.875427279519021e-07
3.01459734 9.688082574529978e-07
3.015948571 1.0500464112020856e-06
3.017299803 1.0857045595198063e-06
3.018651034 1.106867330579709e-06
3.020002265 1.113838595311773e-06
3.021353497 1.1017773147101758e-06
3.0227047280000003 1.1615008673618756e-06
3.02405596 1.0906166526146997e-06
3.0254071909999998 9.87493222634541e-07
3.0267584230000004 1.0519966301396195e-06
3.0281096539999997 1.206219294547873e-06
3.029460886 1.4236002641067163e-06
3.030812117 1.4823382657403318e-06
3.032163348 1.466707608496304e-06
3.03351458 1.2916408757465386e-06
3.034865811 1.2638198775739515e-06
3.036217043 1.377409939513204e-06
3.0375682740000003 1.3515260930516792e-06
3.038919506 1.3743510356570181e-06
3.0402707369999997 1.2467365929667302e-06
3.041621968 1.2453334426383443e-06
3.0429732 1.4537063472412235e-06
3.044324431 1.762495296639406e-06
3.045675663 2.0559371481416105e-06
3.047026894 2.135628216344917e-06
3.0483781260000002 2.2122913294098354e-06
3.0497293570000004 2.2139424457094644e-06
3.051080589 2.346743283808622e-06
3.05243182 2.477876580476387e-06
3.053783051 2.501271787821177e-06
3.0551342829999997 2.4126066096054254e-06
3.056485514 2.1510049378710356e-06
3.057836746 2.0433966737025964e-06
3.059187977 2.0603227164561575e-06
3.060539209 2.1213559865885684e-06
3.06189044 2.168784503413211e-06
3.063241671 2.2366892951813327e-06
3.0645929030000003 2.0928162366140956e-06
3.065944134 1.9099906844960102e-06
3.0672953659999997 1.8789321845482166e-06
3.068646597 1.8414546701678525e-06
3.069997829 1.8466227202264867e-06
3.07134906 1.6625360737406717e-06
3.072700292 1.4953585885933693e-06
3.074051523 1.3735750597759515e-06
3.075402754 1.3609052658335917e-06
3.0767539860000004 1.4936409329722477e-06
3.0781052169999996 1.640041486562098e-06
3.079456449 1.6099022689246246e-06
3.08080768 1.5321680888621586e-06
3.0821589119999997 1.515849363454281e-06
3.083510143 1.4451977056316829e-06
3.084861374 1.3381065045216321e-06
3.086212606 1.2004501259933702e-06
3.0875638370000003 1.141443009588705e-06
3.088915069 1.1120066154237802e-06
3.0902662999999997 1.467621920382333e-06
3.0916175320000003 1.8021792729915415e-06
3.092968763 2.0671464861734524e-06
3.0943199949999998 2.331485418309683e-06
3.095671226 2.425591068379244e-06
3.097022457 2.539059468802865e-06
3.098373689 2.534691272025341e-06
3.0997249200000003 2.561269897573493e-06
3.101076152 2.245582403479727e-06
3.102427383 1.8993991882472733e-06
3.103778615 1.693623930070753e-06
3.1051298459999996 1.5257278403265573e-06
3.106481078 1.6094982414983864e-06
3.107832309 1.5939763130630663e-06
3.10918354 1.5953748262701558e-06
3.110534772 1.5564696909113454e-06
3.111886003 1.6306874587908924e-06
3.113237235 1.678524130446185e-06
3.1145884660000003 1.6033240542177628e-06
3.115939698 1.5305644661067995e-06
3.1172909289999997 1.3934064917987737e-06
3.11864216 1.4692348435335047e-06
3.119993392 1.646243476971765e-06
3.121344623 1.7851911148109881e-06
3.122695855 1.9941418553923478e-06
3.124047086 2.3178653921212533e-06
3.1253983180000002 2.710985453178968e-06
3.126749549 3.1704278545378733e-06
3.128100781 3.5744800112773625e-06
3.1294520120000002 3.7995571718103172e-06
3.130803243 3.937588618260846e-06
3.1321544749999997 4.076174056109341e-06
3.133505706 4.152350901172088e-06
3.134856938 4.241366394501081e-06
3.136208169 4.301884843613649e-06
3.137559401 4.346535488695026e-06
3.138910632 4.486853925467766e-06
3.140261863 4.705736589241695e-06
3.1416130950000003 4.846502372718408e-06
3.142964326 5.194369370188635e-06
3.1443155579999997 5.314304268117453e-06
3.145666789 5.28919337614015e-06
3.147018021 5.474330242875086e-06
3.148369252 5.560902385797302e-06
3.149720484 5.189246038355726e-06
3.151071715 5.026258417158599e-06
3.152422946 5.314228606701632e-06
3.153774178 5.33460524029286e-06
3.155125409 5.127570646758499e-06
3.1564766410000002 4.929047464281331e-06
3.157827872 4.650133993029506e-06
3.1591791039999997 4.396012636917713e-06
3.160530335 4.544379880671412e-06
3.161881566 4.539576829306459e-06
3.163232798 3.989997708041917e-06
3.1645840290000002 3.3032574135129875e-06
3.165935261 3.06458479273036e-06
3.167286492 2.8219803078116694e-06
3.1686377240000003 2.5557909650373168e-06
3.169988955 2.269049450286228e-06
3.1713401869999998 1.8903842952835356e-06
3.172691418 1.4766875913644435e-06
3.174042649 1.2564765678084283e-06
3.1753938809999998 1.0934457972769383e-06
3.176745112 8.831775867171125e-07
3.178096344 7.346554764146222e-07
3.179447575 5.702181288366111e-07
3.180798807 4.620705310427378e-07
3.182150038 4.3091668729344276e-07
3.1835012700000003 2.97617620514256e-07
3.184852501 1.749047327370084e-07
3.186203732 2.585660149573367e-07
3.187554964 5.0789163837746e-07
3.188906195 7.205333379296729e-07
3.190257427 9.246276399027673e-07
3.1916086580000003 1.1281098926010022e-06
3.19295989 1.36707421687436e-06
3.194311121 1.5986221639497557e-06
3.195662352 1.767307184268907e-06
3.197013584 1.9275789083051056e-06
3.1983648149999997 2.069370572220121e-06
3.199716047 2.2455695074759103e-06
3.201067278 2.2838984655928783e-06
3.2024185099999998 2.363709658368932e-06
3.203769741 2.4502701633685546e-06
3.205120973 2.804270611619075e-06
3.206472204 2.9975455403767913e-06
3.207823435 3.0404595091294304e-06
3.209174667 2.9723003847655226e-06
3.2105258979999998 2.821179246227351e-06
3.21187713 2.7480367103547914e-06
3.213228361 2.781088577188316e-06
3.214579593 2.7594071996396574e-06
3.215930824 2.5189963140236194e-06
3.217282055 2.52577335821783e-06
3.2186332870000003 2.5915720489908224e-06
3.2199845180000004 2.4928547143342817e-06
3.22133575 2.462746987722644e-06
3.222686981 2.5572478739300546e-06
3.2240382129999996 2.3560320892373105e-06
3.2253894439999997 2.1779822639887846e-06
3.226740676 2.1217571153952397e-06
3.228091907 1.9879272799883515e-06
3.229443138 1.817200124256906e-06
3.23079437 1.8546787746260777e-06
3.232145601 1.8727231998927484e-06
3.2334968330000002 1.78650006743459e-06
3.234848064 1.9149811360940944e-06
3.2361992959999997 1.96667771359133e-06
3.237550527 1.8957929425714583e-06
3.238901759 2.024157135376012e-06
3.24025299 2.2832820781425055e-06
3.2416042210000002 2.3935062264953232e-06
3.242955453 2.7370572401713322e-06
3.244306684 3.16775091215789e-06
3.2456579160000003 3.415557358677884e-06
3.2470091470000004 3.534441266713573e-06
3.248360379 3.7241492672756505e-06
3.24971161 3.916200019784507e-06
3.251062841 3.930774630563908e-06
3.2524140729999997 4.010322244018467e-06
3.253765304 4.027482025896667e-06
3.255116536 3.881591161496953e-06
3.256467767 3.5545594665298114e-06
3.257818999 3.3273912340123174e-06
3.25917023 3.276764556435525e-06
3.2605214620000003 3.5057866242816987e-06
3.261872693 3.974446671664435e-06
3.263223924 4.3158071247250715e-06
3.264575156 4.2952823450013315e-06
3.265926387 4.368432019028341e-06
3.267277619 4.560576489778722e-06
3.2686288500000003 4.8343737565643975e-06
3.269980082 5.0147185124367825e-06
3.271331313 4.838161085024681e-06
3.272682544 4.526562875261842e-06
3.274033776 4.076466316882994e-06
3.2753850069999997 3.963582135945181e-06
3.276736239 4.170452728692742e-06
3.27808747 4.563038327216319e-06
3.2794387019999998 4.655033631809399e-06
3.280789933 4.641028723021196e-06
3.282141165 4.553713690395476e-06
3.283492396 4.64584030120351e-06
3.2848436270000003 4.940510151064855e-06
3.286194859 4.824329624559736e-06
3.2875460899999998 4.48730908195935e-06
3.288897322 4.2338127908910465e-06
3.290248553 4.177548424763802e-06
3.291599785 4.004617235482728e-06
3.292951016 4.00228020267015e-06
3.294302247 3.7030102749240953e-06
3.2956534790000003 3.2844593995562002e-06
3.29700471 3.1680733189207043e-06
3.298355942 3.0409410075699153e-06
3.299707173 2.9791144556976778e-06
3.301058405 2.9311599983452086e-06
3.3024096359999997 2.9997256267965437e-06
3.303760868 2.724629796987499e-06
3.305112099 2.752945845133822e-06
3.30646333 3.0043701027089447e-06
3.307814562 3.260650058628824e-06
3.309165793 3.5711848804130755e-06
3.3105170250000002 3.6778094274535245e-06
3.3118682560000003 3.7555569044637785e-06
3.313219488 3.7366906101928882e-06
3.3145707189999998 3.878218708810311e-06
3.315921951 3.7909922653718665e-06
3.317273182 3.6799218516093876e-06
3.318624413 3.5708626850119292e-06
3.319975645 3.3146424348221916e-06
3.321326876 2.956557085512599e-06
3.322678108 2.598010880870736e-06
3.324029339 2.5436634337962335e-06
3.325380571 2.567534764546097e-06
3.326731802 2.4569379842908744e-06
3.328083033 2.2795357913494886e-06
3.3294342649999997 2.2690886779110986e-06
3.330785496 2.436514407495646e-06
3.332136728 2.673730303156159e-06
3.333487959 3.1330720010198774e-06
3.334839191 3.514074968107854e-06
3.336190422 3.7159997418870357e-06
3.3375416540000002 3.8877956301923755e-06
3.3388928850000004 3.998980883943793e-06
3.340244116 4.132567618227862e-06
3.341595348 4.2071184458081785e-06
3.342946579 4.233750497837073e-06
3.344297811 4.010566797516155e-06
3.345649042 3.708742338218468e-06
3.347000274 3.580528005254985e-06
3.348351505 3.7910522233518e-06
3.3497027360000002 4.149277022552344e-06
3.351053968 4.1682154175906925e-06
3.3524051989999997 4.01690423197718e-06
3.353756431 4.097038397254637e-06
3.355107662 4.3599163479902e-06
3.3564588939999997 4.655174210291713e-06
3.357810125 5.0530999334572974e-06
3.359161357 5.185007213610753e-06
3.360512588 5.315893634702722e-06
3.3618638190000003 5.588975654226713e-06
3.363215051 5.809733797513813e-06
3.3645662819999997 5.916661253598601e-06
3.3659175140000004 6.0170916285408255e-06
3.367268745 6.044200787660399e-06
3.368619977 5.874832333229689e-06
3.369971208 6.004527454762279e-06
3.371322439 6.313353116258029e-06
3.372673671 6.793902143407549e-06
3.374024902 7.174121537467479e-06
3.375376134 7.145751958054654e-06
3.3767273650000003 7.069934059178805e-06
3.378078597 7.173375527777284e-06
3.3794298279999997 7.4563153359477065e-06
3.38078106 7.51392633724492e-06
3.382132291 7.4458304529462805e-06
3.383483522 7.303243773644775e-06
3.384834754 7.18548683755424e-06
3.386185985 7.564260524201819e-06
3.387537217 8.03483159912747e-06
3.3888884480000003 8.434423379785084e-06
3.39023968 8.551647700208344e-06
3.3915909109999998 8.508331967917696e-06
3.3929421430000004 8.549715794112302e-06
3.3942933739999996 8.599837686515724e-06
3.3956446049999998 8.859601700645161e-06
3.396995837 8.878888991967531e-06
3.398347068 8.822449875463369e-06
3.3996983 8.738553093509952e-06
3.401049531 8.658670642391812e-06
3.402400763 8.93665324041576e-06
3.4037519940000003 9.182424701728734e-06
3.405103225 9.311690967880934e-06
3.4064544569999997 9.335070895808729e-06
3.407805688 9.372127091493028e-06
3.40915692 9.427956575445604e-06
3.410508151 9.315028202382595e-06
3.411859383 9.315968192158e-06
3.413210614 9.064624839063311e-06
3.4145618460000002 8.731670048677053e-06
3.4159130770000004 8.360659810396164e-06
3.4172643079999996 8.066478917697412e-06
3.41861554 8.110905288865216e-06
3.419966771 8.049989032779297e-06
3.4213180029999997 7.915919411517718e-06
3.422669234 7.503205858868052e-06
3.424020466 7.155812509856743e-06
3.425371697 7.08216619382022e-06
3.4267229280000002 7.356197039124565e-06
3.42807416 7.637287057561623e-06
3.429425391 7.554926406427367e-06
3.4307766230000003 7.320344498434836e-06
3.432127854 7.311221241702946e-06
3.4334790859999997 7.763026844239657e-06
3.434830317 8.330005222351978e-06
3.436181549 8.48584541988372e-06
3.43753278 8.4103315889959e-06
3.4388840110000003 8.458288543516204e-06
3.440235243 8.502024956070192e-06
3.441586474 8.63213244581953e-06
3.4429377060000004 8.500662341170205e-06
3.4442889369999996 8.0879209869008e-06
3.445640169 7.577370169458358e-06
3.4469914 7.125586881494992e-06
3.448342631 6.600210606387347e-06
3.449693863 6.075180653889004e-06
3.451045094 5.840849849661574e-06
3.452396326 5.662276686486383e-06
3.4537475570000002 5.630100284586654e-06
3.455098789 5.83059031380083e-06
3.45645002 6.143181872599863e-06
3.4578012520000003 6.531773698999945e-06
3.459152483 6.847608236973463e-06
3.460503714 7.078821437881815e-06
3.461854946 7.4160822147535215e-06
3.463206177 7.60585377325403e-06
3.464557409 7.661035247057246e-06
3.4659086400000003 7.4129287122488004e-06
3.467259872 7.16434480955689e-06
3.468611103 6.9935017032719365e-06
3.469962335 6.821081695127457e-06
3.4713135659999996 6.547471229984197e-06
3.4726647969999997 6.04839191180696e-06
3.474016029 6.112844346256624e-06
3.47536726 6.401732918838919e-06
3.476718492 6.6263287985582574e-06
3.478069723 6.6151661620476e-06
3.479420955 6.45224539155314e-06
3.4807721860000003 6.539761552859431e-06
3.482123417 6.818125246127093e-06
3.483474649 6.948762804753682e-06
3.48482588 6.95686941958283e-06
3.486177112 7.027292863899024e-06
3.487528343 7.275995681578626e-06
3.488879575 7.493827324800779e-06
3.490230806 7.61399420128946e-06
3.491582038 7.751841431680765e-06
3.492933269 7.925727195970518e-06
3.4942845 8.024386518811454e-06
3.495635732 7.454939714915192e-06
3.496986963 6.7241192973631854e-06
3.4983381949999997 6.158333175381355e-06
3.4996894259999998 5.956419242488009e-06
3.501040658 5.866555855592605e-06
3.502391889 5.670918681893917e-06
3.50374312 5.392902183070956e-06
3.505094352 5.371682892332184e-06
3.506445583 5.532427573279956e-06
3.5077968150000003 6.031879229807676e-06
3.509148046 6.486114182784067e-06
3.5104992779999997 6.5445629155687846e-06
3.511850509 6.336648222013052e-06
3.513201741 6.042362548084517e-06
3.514552972 5.713769067479601e-06
3.515904203 5.355283685698803e-06
3.517255435 5.311227188509442e-06
3.518606666 5.392752172557267e-06
3.519957898 5.525718114188345e-06
3.521309129 5.6541282611112795e-06
3.5226603610000002 6.05330585363426e-06
3.524011592 6.418804512857653e-06
3.5253628239999997 6.659523442654936e-06
3.526714055 6.803521068678189e-06
3.528065286 7.024042967701426e-06
3.529416518 7.039561500743708e-06
3.5307677490000002 6.833516712404447e-06
3.532118981 6.884624408776556e-06
3.533470212 7.003415147198305e-06
3.5348214440000003 7.0463046408520445e-06
3.536172675 7.089976031133918e-06
3.537523906 7.203323931574659e-06
3.538875138 7.333044781259677e-06
3.540226369 7.497816008482022e-06
3.5415776009999997 7.765253021180502e-06
3.542928832 7.800448194749106e-06
3.544280064 7.709996334833547e-06
3.545631295 7.778720490423315e-06
3.546982527 8.01107465398389e-06
3.548333758 8.2367496171131e-06
3.5496849889999997 8.450352910244307e-06
3.551036221 8.491730006875191e-06
3.552387452 8.385650081437422e-06
3.553738684 8.386893068427143e-06
3.555089915 8.568738472602596e-06
3.556441147 8.825277054926253e-06
3.5577923780000003 9.0115495005036e-06
3.5591436090000004 9.141165993723083e-06
3.560494841 9.355435334337883e-06
3.561846072 9.565412842472689e-06
3.563197304 9.769663115528092e-06
3.5645485349999997 9.951376428070777e-06
3.565899767 1.0092637847867878e-05
3.567250998 1.0371830618451821e-05
3.5686022299999998 1.0849691206325995e-05
3.569953461 1.1411036114148994e-05
3.571304692 1.1835040602546601e-05
3.572655924 1.2156444424261356e-05
3.574007155 1.2602527244652941e-05
3.575358387 1.3081175447674366e-05
3.5767096179999998 1.3349653753966078e-05
3.57806085 1.3457292625381242e-05
3.579412081 1.34855302129703e-05
3.580763312 1.3440991569291255e-05
3.582114544 1.3363201395651909e-05
3.583465775 1.345591416852353e-05
3.5848170070000003 1.3579296810450927e-05
3.5861682380000004 1.358500533082667e-05
3.58751947 1.3695956474894541e-05
3.588870701 1.3883507355779599e-05
3.5902219329999996 1.3954605902960495e-05
3.5915731639999997 1.4105740388309951e-05
3.592924395 1.4479134275601963e-05
3.594275627 1.4733368863138614e-05
3.595626858 1.479894498561853e-05
3.59697809 1.4930261145171964e-05
3.598329321 1.520535194056389e-05
3.5996805530000002 1.5463980410126267e-05
3.601031784 1.5644744673739317e-05
3.602383016 1.55781969670161e-05
3.603734247 1.531874233732004e-05
3.605085478 1.5230674705691414e-05
3.60643671 1.540484540865193e-05
3.607787941 1.5607687281169975e-05
3.609139173 1.573576828944186e-05
3.610490404 1.5801522420693483e-05
3.6118416360000003 1.6027377706674637e-05
3.6131928670000004 1.6708735042375883e-05
3.6145440979999997 1.7407862004722387e-05
3.61589533 1.769608802032167e-05
3.617246561 1.788116412198378e-05
3.6185977929999997 1.8104877064802236e-05
3.619949024 1.834231804307508e-05
3.621300256 1.8629404639536674e-05
3.622651487 1.8958043071188784e-05
3.624002719 1.8953299031753518e-05
3.62535395 1.8987257596653202e-05
3.6267051809999997 1.932455569624197e-05
3.628056413 1.9770945039161037e-05
3.629407644 2.0189127478592585e-05
3.630758876 2.0423266950836732e-05
3.632110107 2.048787152576297e-05
3.633461339 2.0579903217322136e-05
3.6348125700000002 2.0895736762957852e-05
3.6361638010000004 2.1385450849441564e-05
3.637515033 2.204868772815999e-05
3.638866264 2.2586660063997916e-05
3.640217496 2.301190477171955e-05
3.6415687269999997 2.3591603501191968e-05
3.642919959 2.4446434171413214e-05
3.64427119 2.531819050336244e-05
3.6456224219999998 2.5967445639914507e-05
3.646973653 2.6416805961364263e-05
3.648324884 2.6668814369082223e-05
3.649676116 2.685638327753228e-05
3.6510273470000003 2.7240561189180944e-05
3.652378579 2.7621400988124594e-05
3.6537298099999997 2.7676589876295695e-05
3.655081042 2.7582995247158054e-05
3.656432273 2.758962212585075e-05
3.657783504 2.762978795050652e-05
3.659134736 2.7911424070559038e-05
3.660485967 2.841187511009322e-05
3.6618371990000003 2.8870788306647566e-05
3.66318843 2.942388050301757e-05
3.664539662 3.004635852292536e-05
3.665890893 3.083116244095198e-05
3.667242125 3.1807574525059006e-05
3.6685933559999997 3.269132290904999e-05
3.669944587 3.334747397460025e-05
3.671295819 3.398292605169976e-05
3.67264705 3.486224080305802e-05
3.673998282 3.59520009608191e-05
3.675349513 3.709732226096306e-05
3.676700745 3.829291693542748e-05
3.6780519760000003 3.957022231836831e-05
3.679403208 4.0891904707363426e-05
3.6807544389999998 4.241539509778727e-05
3.68210567 4.3819870112004354e-05
3.683456902 4.469850457335024e-05
3.684808133 4.551010051496136e-05
3.686159365 4.654236606837425e-05
3.687510596 4.761054774234958e-05
3.688861828 4.8909051114918236e-05
3.690213059 5.049463266272801e-05
3.6915642899999996 5.2231175134245764e-05
3.692915522 5.4516032653128985e-05
3.694266753 5.734985233482008e-05
3.6956179849999997 6.0403167405959155e-05
3.696969216 6.394349878402044e-05
3.698320448 6.759951121078817e-05
3.699671679 7.105359351848363e-05
3.701022911 7.454104124979171e-05
3.702374142 7.814528626335574e-05
3.703725373 8.214379480593086e-05
3.7050766050000004 8.64140743331625e-05
3.706427836 9.056060923504808e-05
3.707779068 9.472667919479985e-05
3.709130299 9.950814575422623e-05
3.710481531 0.00010502208846996814
3.711832762 0.00011104558618687319
3.713183993 0.00011738630806986362
3.714535225 0.00012404754775056007
3.7158864560000002 0.00013168382277673266
3.717237688 0.00014038241116723417
3.7185889189999997 0.00014980116737603453
3.719940151 0.00015952082511482409
3.721291382 0.00016964196416305105
3.7226426139999997 0.0001810021539149119
3.723993845 0.00019368617170849997
3.725345076 0.0002068362427088727
3.726696308 0.0002202616422610271
3.7280475390000003 0.00023422479502326662
3.729398771 0.00024916828037612534
3.730750002 0.0002658981103810545
3.7321012340000004 0.0002842485736118269
3.733452465 0.00030348361687412785
3.7348036959999997 0.00032377030600695255
3.736154928 0.000345865309730318
3.737506159 0.00036926846286725507
3.738857391 0.00039456397227109513
3.740208622 0.0004211733025421025
3.741559854 0.0004489463351655307
3.7429110850000002 0.00047785577435218856
3.744262317 0.0005084150076012937
3.7456135479999997 0.0005407838536028023
3.746964779 0.0005753217840771362
3.748316011 0.0006118077958057648
3.749667242 0.0006505868800716695
3.751018474 0.0006923688149665396
3.752369705 0.0007368318263840733
3.753720937 0.0007836870069842952
3.7550721680000003 0.0008331272531280871
3.7564234 0.0008852418813624552
3.757774631 0.0009405125610753293
3.759125862 0.0009991466468173386
3.7604770939999996 0.0010607087843490487
3.7618283249999998 0.0011254244762959
3.763179557 0.001193753048213579
3.764530788 0.0012657323463938178
3.76588202 0.0013416818112219095
3.767233251 0.0014217303098644804
3.768584482 0.0015058425641883402
3.7699357140000003 0.001594560031227839
3.771286945 0.0016879806177368152
3.7726381769999997 0.0017858272746996522
3.773989408 0.0018886203186400424
3.77534064 0.001996744670968934
3.776691871 0.002111966827717819
3.778043103 0.0022324651022944523
3.779394334 0.00235859072799332
3.780745565 0.0024913053456547198
3.7820967970000003 0.0026313914248813066
3.7834480279999996 0.0027791686424953428
3.7847992599999998 0.0029347646122025684
3.786150491 0.003099083616777508
3.7875017229999997 0.0032728058551526407
3.7888529539999998 0.0034562588931104313
3.790204185 0.003650140125237278
3.791555417 0.0038543720943651823
3.792906648 0.004070575609392304
3.79425788 0.004300073691211274
3.795609111 0.004543587934097588
3.7969603430000003 0.004802150731217172
3.798311574 0.005077418421746634
3.7996628059999997 0.00537012361444659
3.801014037 0.005682548991899069
3.802365268 0.006016136745365882
3.8037165 0.006372157675363081
3.8050677310000003 0.006752584374972335
3.806418963 0.00715982295285665
3.807770194 0.007595460714562354
3.8091214260000004 0.008061737335415632
3.8104726569999996 0.008561660358793953
3.811823889 0.009097379854485953
3.81317512 0.009672384801301113
3.814526351 0.010290463544439667
3.815877583 0.01095534914803431
3.817228814 0.011674570523359167
3.818580046 0.012458319778106677
3.8199312770000002 0.013292521788692661
3.821282509 0.014192867280026375
3.82263374 0.015166183173677496
3.823984971 0.016219125861624707
3.825336203 0.017358234983116814
3.826687434 0.018590819564019524
3.828038666 0.01992481931653809
3.829389897 0.021369471208295274
3.830741129 0.022935195320836283
3.8320923600000003 0.02463252350351275
3.833443592 0.02647313449956061
3.834794823 0.028469971671925783
3.836146054 0.03063657907307709
3.8374972859999996 0.03298754482175059
3.8388485169999997 0.035572117322110304
3.840199749 0.038348457774072746
3.84155098 0.04135229725328917
3.842902212 0.04460772215715879
3.844253443 0.04813311160147603
3.845604674 0.05194780711919898
3.8469559060000003 0.05607233037351689
3.848307137 0.06052718329722542
3.849658369 0.06533298770102643
3.8510096 0.07051025998431631
3.852360832 0.07607947045596736
3.853712063 0.08206090404781696
3.855063295 0.08847250152795555
3.856414526 0.09533012432597068
3.857765757 0.1027382363372339
3.859116989 0.11056109312823026
3.86046822 0.11883243458280782
3.861819452 0.12758410936669962
3.863170683 0.13681438093996942
3.8645219149999996 0.14651673473504773
3.8658731459999998 0.1566806703504747
3.867224377 0.1672891102644547
3.868575609 0.1783196216578623
3.86992684 0.18974689614442616
3.871278072 0.20153706279937098
3.872629303 0.2136483586265103
3.8739805350000003 0.22603684590876355
3.875331766 0.23865249807215588
3.876682998 0.25143891836473936
3.878034229 0.2643416264641335
3.87938546 0.27729588621510237
3.880736692 0.29023865648538894
3.882087923 0.3031122616170129
3.883439155 0.31585888514216814
3.884790386 0.3284195177775387
3.886141618 0.3407425829985824
3.887492849 0.3527815798426114
3.8888440810000002 0.3644892472273219
3.890195312 0.3758338213758686
3.891546543 0.38678622793102724
3.892897775 0.39731637430246036
3.894249006 0.40740564511877414
3.895600238 0.417045671609377
3.8969514690000002 0.4262199431669597
3.898302701 0.4354276891127131
3.899653932 0.4436834805334334
3.9010051629999998 0.4514833555750174
3.902356395 0.45883717738725965
3.903707626 0.4657627940493566
3.905058858 0.47227490128450567
3.906410089 0.4783865199326222
3.9077613209999997 0.48412587603520496
3.909112552 0.48951284367564196
3.910463784 0.49455904451024624
3.911815015 0.49928797178110607
3.913166246 0.5037167055880227
3.914517478 0.5081470842994946
3.9158687089999997 0.5122921928679051
3.917219941 0.5159120565716913
3.918571172 0.5192890124735927
3.919922404 0.5224376144905463
3.921273635 0.5253750797975957
3.922624866 0.528107984694491
3.9239760980000002 0.53064823536037
3.9253273290000004 0.5330153100367624
3.926678561 0.5352128848154103
3.928029792 0.537248045542281
3.929381024 0.5391358747549346
3.9307322549999997 0.5408793649654164
3.932083487 0.5424847243429889
3.933434718 0.5439650487179442
3.934785949 0.5453270618124626
3.936137181 0.5465727321943972
3.937488412 0.5480215843916172
3.938839644 0.5493915253626878
3.940190875 0.5503531690319008
3.941542107 0.5512947516228452
3.9428933379999997 0.5521611620951394
3.944244569 0.5529507940725947
3.945595801 0.5536716830557247
3.946947032 0.5543324239607078
3.948298264 0.5549345506179117
3.949649495 0.5554812400738058
3.9510007270000003 0.5559280600409334
3.9523519580000004 0.5563130606428224
3.95370319 0.5566543703590692
3.955054421 0.5569653228989324
3.956405652 0.5572471879225276
3.9577568839999997 0.5574997186849932
3.959108115 0.5577314902201946
3.960459347 0.5579449576942047
3.961810578 0.5581368033039732
3.96316181 0.5583103841905324
3.964513041 0.5584743617775738
3.965864273 0.5586234086336714
3.967215504 0.5587592038474759
3.968566735 0.5588906509471341
3.9699179669999998 0.559581636272279
3.971269198 0.5597452566457726
3.97262043 0.5598561273204085
3.973971661 0.5599659199748775
3.975322893 0.560070231823293
3.976674124 0.5601736375893158
3.978025355 0.5609240303998544
3.9793765870000004 0.561022017406236
3.9807278179999996 0.5611182183803005
3.98207905 0.5612150421908425
3.983430281 0.5613072290815149
3.9847815129999997 0.5613960856978204
3.986132744 0.5614860166740622
3.987483976 0.5615746907772653
3.988835207 0.5616574099597527
3.9901864380000003 0.5617433088935185
3.99153767 0.5618294692507935
3.9928889009999997 0.5619111376467536
3.994240133 0.5619943687798825
3.995591364 0.5620784492482861
3.996942596 0.562158708450177
3.998293827 0.562235330891059
3.999645058 0.5623140570628784
4.00099629 0.5623755009851482
4.002347521 0.5624273114951044
4.003698753 0.5624825570267242
4.005049984 0.5625364286035146
4.006401216 0.5625876195089576
4.007752447 0.5626401640645429
4.009103679 0.5626957779971218
4.01045491 0.5627735163387446
4.011806141 0.5629017955567195
4.013157373 0.563035065887106
4.014508604 0.5631643850864536
4.015859836 0.5632918180140305
4.017211067 0.5634204300691344
4.018562299 0.5639122215052638
4.01991353 0.56431886935008
4.021264761 0.5649989791892909
4.022615993 0.5650528689746277
4.023967224 0.565103357690522
4.025318456 0.5651568268949783
4.026669687 0.5652135575295811
4.028020919 0.5652697360111126
4.02937215 0.565324611871006
4.030723382 0.5653838628976805
4.032074613 0.5654428765402761
4.033425844 0.5654968799927746
4.034777076 0.5655536869085992
4.036128307 0.5656108227928089
4.037479539 0.5656658515653403
4.03883077 0.5657211293777034
4.040182002 0.5657921993917252
4.041533233 0.5659280045668115
4.042884465 0.5660624622674131
4.044235696 0.5662021613442421
4.0455869269999996 0.5663410224430705
4.046938159 0.5664768114995311
4.04828939 0.566612274836083
4.049640622 0.5667490766939229
4.050991853 0.5668224962931426
4.052343085 0.5668740596509093
4.053694316 0.5669273106003377
4.055045547 0.5669771983625318
4.056396779 0.5670249698604659
4.05774801 0.5670745342052866
4.059099241999999 0.5671258822898455
4.0604504729999995 0.567464866661174
4.061801705 0.56787026413827
4.063152936 0.5679181743227688
4.064504168 0.5679609951797294
4.065855399 0.5679990181549881
4.06720663 0.5680366582593489
4.0685578620000005 0.5680708536574984
4.069909093000001 0.5680967806936874
4.071260325 0.5681953436324021
4.072611556 0.5686820187394873
4.073962788 0.5690245357842634
4.075314019 0.5691214435332155
4.07666525 0.5692219535464034
4.078016482 0.5693189697194672
4.079367713 0.5694126348208177
4.080718945 0.5694682267386116
4.082070176 0.5694867187586359
4.083421408 0.569499461443656
4.084772639 0.5695098377629162
4.086123871 0.5695228143311648
4.087475102 0.5695308045492877
4.088826333 0.5695383152150424
4.090177565 0.5695489176619927
4.091528796 0.5695603339911612
4.092880028 0.5695692390779316
4.094231259 0.5695813224964302
4.095582491 0.5695983382232743
4.096933722 0.5696123543027355
4.098284953 0.5696276186962377
4.0996361850000005 0.5696455270471148
4.100987416 0.5696072832560644
4.102338648 0.5695434459591786
4.103689878999999 0.5699333283658721
4.105041110999999 0.5700765913552156
4.106392342 0.5700154456969407
4.107743574 0.5699554159616524
4.109094805 0.569900624218762
4.110446036 0.569872945094309
4.111797268 0.5698957835930409
4.113148499 0.5699243936155816
4.1144997309999995 0.5699540968100115
4.115850962000001 0.5699813314172011
4.117202194000001 0.5700060082115945
4.118553425 0.5703828171970986
4.119904657 0.5706878824664874
4.121255887999999 0.5707072068112999
4.122607119 0.5707267273484675
4.123958351000001 0.5707464036964615
4.125309582 0.5707618149781047
4.126660814 0.5707767348735765
4.128012045 0.5707958383917541
4.129363277 0.5708119165300256
4.130714508 0.5707845109564045
4.132065739 0.5707197322974772
4.133416971 0.5706538872324097
4.134768202 0.5705797421680641
4.136119434 0.5705023811498581
4.1374706649999995 0.5704222291555682
4.138821897 0.5703364540374076
4.140173128000001 0.5702618075402662
4.14152436 0.5703198001891674
4.142875591 0.5703753860259272
4.144226821999999 0.5704247507498355
4.145578054 0.5704718214703852
4.146929285000001 0.5705189222093059
4.148280517 0.5712149642656742
4.149631748 0.5712490699405374
4.15098298 0.5712252204972413
4.152334211 0.5711759873248474
4.153685442 0.5711203950702712
4.155036674 0.5710576921520922
4.156387905 0.5709926292373748
4.157739136999999 0.5709202512485523
4.159090368 0.570840947659951
4.1604416 0.5710368850144113
4.161792831 0.5713057359295792
4.163144063 0.571216084497737
4.164495294 0.5711217830345043
4.165846525 0.5710274067679557
4.167197757 0.5709287286915539
4.1685489879999995 0.5708186487252948
4.169900220000001 0.5707059586100804
4.171251451 0.570592602415998
4.172602683 0.5704727927148563
4.173953914 0.5703484442579518
4.1753051459999995 0.5702215132655679
4.1766563770000005 0.5700927142643657
4.178007608 0.5699582323876171
4.17935884 0.5698232130549548
4.180710071 0.5696893513547091
4.182061303 0.5695545965445028
4.183412534 0.5694159804454855
4.184763766 0.5692795198297533
4.186114997 0.5691436890924919
4.187466228 0.5690047482706212
4.18881746 0.5688627812922247
4.190168691 0.5687221063129172
4.1915199229999995 0.5685794429054964
4.1928711540000005 0.568433373554124
4.194222386000001 0.5689384086095837
4.195573617 0.5687955843466819
4.196924849 0.5686519434989016
4.198276079999999 0.5685083309369059
4.199627311 0.5683706182943447
4.200978543 0.5682365362753689
4.202329774 0.5681031577655411
4.203681006 0.5683983684884752
4.205032237 0.5684711356894694
4.206383469 0.5683436574342581
4.2077347 0.5682164382828898
4.209085931 0.5680914400050487
4.210437163 0.5679694373549555
4.211788394 0.5678455316337648
4.213139626 0.5677220975912141
4.2144908569999995 0.5676020229182219
4.215842089 0.5674849631391461
4.217193320000001 0.5673668217227922
4.218544552 0.5672512008855797
4.219895783 0.5671395454248689
4.221247013999999 0.5670301662998692
4.2225982459999996 0.566920556118404
4.223949477 0.5668141364207906
4.225300709 0.5667090841872149
4.22665194 0.5666011796243001
4.228003171999999 0.5664898721077118
4.229354403 0.566378630102434
4.2307056339999995 0.5662644806627878
4.232056866 0.5661439205972214
4.233408097000001 0.5660192437730023
4.234759329 0.5658952513284594
4.23611056 0.5657712828359902
4.237461792 0.5656489901996176
4.238813023 0.5655337869076598
4.240164255 0.5654266828879737
4.241515486 0.5653240380638289
4.242866717 0.5657858478599704
4.244217949 0.5657812975351821
4.24556918 0.5656942041365991
4.246920412000001 0.5656059152003601
4.248271643 0.5661407704880035
4.249622875 0.566052715930137
4.250974105999999 0.5659617248186722
4.2523253379999995 0.5658672387185493
4.2536765690000005 0.5657729947593237
4.2550278 0.5656809590214578
4.256379032 0.5655886191980611
4.257730263 0.5654964420070124
4.259081495 0.5654062953508094
4.260432726 0.5649745746444463
4.261783958 0.5638130897286153
4.263135189 0.5626516941824895
4.26448642 0.56149126724901
4.265837652 0.5603286293818877
4.267188883 0.5591609693834907
4.2685401149999995 0.5579903753362894
4.2698913460000005 0.5568182499955097
4.271242578000001 0.555150810277106
4.272593809 0.5534368680634452
4.273945041 0.5517228010569384
4.275296271999999 0.5500099860862868
4.276647503 0.5482963011216743
4.277998735 0.5465826227772006
4.279349966 0.5448720233821585
4.280701198 0.5453423790287373
4.282052429 0.5478295175132193
4.283403661 0.5503135435668021
4.284754892 0.5527951150967343
4.286106123 0.5552724533725849
4.287457355 0.557743895927136
4.288808586 0.5602116528049967
4.290159818 0.562380116508003
4.2915110489999995 0.5623284050263997
4.292862281 0.5622744880246482
4.294213512000001 0.5629774172970603
4.295564744 0.5634304210440892
4.296915975 0.5633777081682196
4.298267206 0.5633244951699964
4.299618438 0.5632720150402275
4.300969669 0.5631645258870813
4.302320901 0.5630329784231338
4.303672132 0.5628991917073065
4.305023363999999 0.5627654939056018
4.306374595 0.562631204271903
4.3077258259999995 0.5624946921392424
4.309077058 0.562356978875052
4.310428289000001 0.5622204421122946
4.311779521 0.5620837980934614
4.313130752 0.5619461550571283
4.314481984 0.5618086858639891
4.315833215 0.5616723065637583
4.317184447 0.5615353450757523
4.318535678 0.5613968424684797
4.319886909 0.5612579879260947
4.321238141 0.5611192418280556
4.322589372 0.56097872939776
4.323940604000001 0.5608356379040438
4.325291835 0.5606914701208705
4.326643067 0.5605464251069321
4.327994297999999 0.5603994130516324
4.329345529999999 0.5602504710271352
4.3306967610000004 0.5601018880454214
4.332047992 0.5599530424201147
4.333399224 0.5598030095966522
4.334750455 0.5596515664477756
4.336101687 0.5595009926275798
4.337452918 0.5593498031995351
4.33880415 0.559197297854107
4.340155381 0.5590424487575874
4.341506612 0.5588864604094117
4.342857844 0.5587266768067753
4.344209075 0.5585629749440566
4.3455603069999995 0.5587389645987391
4.3469115380000005 0.5588385560796085
4.34826277 0.5586605080869171
4.349614001 0.558465218303223
4.350965233 0.5582659379100257
4.352316464 0.5587010455495235
4.353667695 0.5584955086596294
4.355018927 0.5582859771486011
4.356370158 0.5580714265574271
4.35772139 0.5578528984015908
4.359072621 0.5576278499199907
4.360423853 0.5573958639113634
4.361775084 0.5571567891809882
4.363126315000001 0.5569112027072418
4.364477547000001 0.5566581628932592
4.365828778 0.5563979184482608
4.36718001 0.5561314914736664
4.3685312409999995 0.5558588573510499
4.369882473 0.5555803952973741
4.371233704 0.5552958183739568
4.372584936 0.5550069395871174
4.373936167 0.5547126298522451
4.375287398 0.5544134833162306
4.37663863 0.5541086464803457
4.377989861 0.5538007360063116
4.379341093 0.5534879733418986
4.380692324 0.5531715394939047
4.382043555999999 0.5528495579321073
4.383394787 0.5525246878034143
4.3847460179999995 0.552196371460998
4.38609725 0.5518665276701208
4.387448481000001 0.5515339761371707
4.388799713 0.5512012084073965
4.390150944 0.5508674916207374
4.391502176 0.5505345200486396
4.392853407 0.550202429274061
4.394204639 0.5498726653807726
4.39555587 0.5495451714860493
4.396907101 0.5492533029755474
4.398258332999999 0.5489802524554953
4.399609564 0.5487092362693176
4.400960796000001 0.5484413750548782
4.402312027 0.5481753882425265
4.403663259 0.5479137126691586
4.405014489999999 0.5476637355797161
4.406365721999999 0.5480032840402811
4.407716953 0.5477542875899927
4.409068184 0.5475127297518338
4.410419416 0.5472768321858872
4.411770647 0.547049022627057
4.413121879 0.546903284527372
4.41447311 0.5472357052677581
4.415824342 0.5470268001849933
4.417175573000001 0.5468244962719264
4.418526804 0.5466270703364927
4.419878036 0.5464342086352416
4.421229266999999 0.5462463488699277
4.4225804989999995 0.5460627477789504
4.4239317300000005 0.5458846485010946
4.425282962 0.5457104987354431
4.426634193 0.5455426682440279
4.427985425 0.5453780535142314
4.429336656 0.5452193641356997
4.430687887 0.5450641618223256
4.432039119 0.5449142983521094
4.43339035 0.5447675142687534
4.434741582 0.544626032419302
4.436092813 0.54448795132293
4.437444045 0.5443534700188691
4.438795276 0.54422196248015
4.440146507000001 0.5440936548603093
4.441497739000001 0.5439689547500788
4.44284897 0.5438458566474911
4.444200202 0.5437221662601575
4.445551432999999 0.543578362740055
4.446902665 0.5434372651546264
4.448253896 0.5432954252370453
4.449605128 0.5431556200183549
4.450956359 0.5430157397868034
4.45230759 0.5428777751409238
4.453658822 0.5427384653786167
4.455010053 0.5425989995893616
4.456361285 0.5424594379178098
4.457712516 0.5423200159857982
4.459063747999999 0.5421803456196785
4.460414979 0.542039250587363
4.4617662110000005 0.541899331234194
4.463117442 0.5417588959649233
4.464468673000001 0.5416191749969008
4.465819905 0.5414763727507956
4.467171136 0.5413337170543191
4.468522368 0.5411887537726083
4.469873599 0.5410431244832574
4.471224831000001 0.540894330475916
4.472576062 0.5407442030259164
4.473927293 0.5405924044500812
4.475278524999999 0.5404384502872464
4.476629756 0.5406553615391665
4.4779809880000006 0.5407144681554594
4.479332219 0.5405535325498826
4.480683451 0.540388523101986
4.482034682 0.540221211904569
4.483385914 0.5400490649080476
4.484737145 0.5403283349776571
4.486088376 0.5403117357318982
4.487439608 0.5401310916123494
4.488790839 0.5399477409868143
4.490142071 0.5397625612595467
4.491493302 0.5395756058544958
4.492844534 0.5393837971577616
4.494195765000001 0.539187968162304
4.495546996 0.5389778804497269
4.496898228 0.5387664579098711
4.498249458999999 0.5385492844365793
4.4996006909999995 0.5383289038670958
4.5009519220000005 0.5381045388282688
4.502303154 0.5378780505070381
4.503654385 0.537646076004463
4.505005617 0.5374079494831234
4.506356848 0.537167036627965
4.507708079 0.5369212044355847
4.509059311 0.5366718371896484
4.510410542 0.5364151903162626
4.511761774 0.5361555787316525
4.513113005 0.5358912168323936
4.514464237 0.5356244803800854
4.5158154679999996 0.535352341800776
4.517166699000001 0.535076141607204
4.518517931 0.5347978235916389
4.519869162 0.5345148273245393
4.521220394 0.5342274960006113
4.522571624999999 0.5339336759481222
4.523922857 0.5336382730559064
4.525274088 0.5333370798968604
4.52662532 0.5330316495179073
4.527976551 0.5327203625943306
4.529327782 0.5324066030701641
4.530679014 0.5320908727241573
4.532030245 0.5317711317815185
4.533381477 0.5314495712843281
4.534732708 0.5311251774712062
4.53608394 0.5308027645817732
4.537435171 0.5304768284503325
4.5387864030000005 0.5301490470308049
4.540137634 0.5298187491321531
4.541488865 0.5294886064509203
4.542840097 0.5291569087996457
4.544191328 0.5288205414622033
4.5455425599999995 0.5284810264275315
4.5468937910000005 0.5281377776089015
4.548245023000001 0.5277958609441376
4.549596254 0.5274513257934952
4.550947485 0.5271073443524908
4.552298716999999 0.5267635525159862
4.553649948 0.526421262762162
4.5550011800000005 0.5260794241227857
4.556352411 0.5257369151184961
4.557703643 0.5253978801722599
4.559054874 0.5250596125898895
4.560406106 0.5247228140414101
4.561757337 0.524818955805759
4.563108568 0.5246211199732539
4.5644598 0.5242861513674696
4.565811031 0.5239523602119152
4.567162263 0.5236191559424566
4.568513493999999 0.5232852615864142
4.569864726 0.5229562531290894
4.571215957000001 0.5227556361542929
4.572567188 0.5228931871001498
4.57391842 0.522562856054206
4.575269650999999 0.5222347006470942
4.5766208829999995 0.5219089773412338
4.5779721140000005 0.5215822056784757
4.579323346 0.5212552294244978
4.580674577 0.5209266215974042
4.582025809 0.5206013181158828
4.58337704 0.520273480668541
4.584728271 0.519944394371683
4.586079503 0.5196127005544778
4.587430734 0.519279524141928
4.588781966 0.5189451137764586
4.590133197 0.5186044036884556
4.591484429 0.5182621679525989
4.5928356599999995 0.5179175208785078
4.5941868910000005 0.517573615266177
4.595538123 0.5172245948488073
4.596889354 0.5168709055760173
4.598240586 0.5165151200648119
4.599591817 0.516157241232515
4.6009430490000005 0.515798087153321
4.60229428 0.5154309325219057
4.603645512 0.515060214995456
4.604996743 0.5146847185118993
4.606347974 0.5143045414628918
4.607699206 0.5139162879005397
4.609050437 0.5135190617518397
4.610401669 0.5131378039370689
4.611752900000001 0.5127981809263912
4.613104132 0.5124514452494933
4.614455363 0.512093829504148
4.6158065950000005 0.511730434034896
4.617157826 0.5113631586991544
4.618509057 0.510990292934936
4.619860289 0.5106108774030726
4.62121152 0.5101605812084797
4.622562751999999 0.5096992788883911
4.6239139830000004 0.5092311303127711
4.625265215000001 0.5087551782889098
4.626616446 0.5082710751655324
4.627967677 0.5077804340263561
4.629318908999999 0.5072856719818816
4.63067014 0.5067820015180066
4.6320213720000005 0.5062708015570336
4.633372603 0.5057518598224205
4.634723835 0.5052296381357688
4.636075066 0.5047027953607413
4.637426298 0.5041672706139106
4.638777529 0.5036270022573035
4.64012876 0.5030819320403498
4.641479992 0.5025361314878234
4.642831223 0.5019848737999988
4.644182455 0.5014284546289168
4.645533685999999 0.5008698506341123
4.646884918 0.5003102729992639
4.648236149000001 0.4997505329797821
4.64958738 0.49918506065372364
4.650938612 0.49861756090487286
4.652289842999999 0.49859154473425793
4.6536410749999995 0.4980196535415838
4.6549923060000005 0.4974467630640866
4.656343538 0.4968704101689648
4.657694769 0.4962971336681571
4.659046001 0.4957264162919126
4.660397232 0.4951587546807055
4.661748463 0.494592368204143
4.663099695 0.4940288825501492
4.664450926000001 0.493472978615343
4.665802158 0.49292216944024614
4.667153389 0.4923764481630173
4.668504621 0.4918329901221882
4.6698558519999995 0.4912971287927247
4.6712070830000005 0.49077055249788654
4.672558315 0.49024992542840456
4.673909546 0.489735216260229
4.675260778 0.4892251075815409
4.676612009 0.488724776285309
4.6779632410000005 0.48823229959907155
4.679314472 0.487744499304672
4.680665704 0.48726338052248586
4.682016935 0.4867899467988774
4.683368166 0.48632845245339706
4.684719398 0.4858750323589426
4.686070629 0.4854296082420658
4.687421861 0.4849940443644749
4.688773092 0.4845707800911002
4.690124324 0.48416137558199246
4.691475555 0.483759000905476
4.6928267869999996 0.48336555214498234
4.694178018 0.4829822104753141
4.695529249 0.4826107934890499
4.696880481 0.48224969669702433
4.698231712 0.4824410640864151
4.699582943999999 0.4820940983120078
4.700934175 0.48175658781937936
4.702285407000001 0.4814291684120332
4.703636638 0.48110850016604173
4.704987869 0.48079230652226596
4.706339100999999 0.4804864399289945
4.707690332 0.4801899714127851
4.7090415640000005 0.47990257019294086
4.710392795 0.47963884014526803
4.711744027 0.47942645560176916
4.713095258 0.4792234791943796
4.71444649 0.47902779047822575
4.7157977209999995 0.47883797836920927
4.717148952 0.47864931490413976
4.718500184000001 0.4784644413466905
4.719851415 0.4782853673812598
4.721202647 0.47805081408131445
4.722553877999999 0.4778103112766507
4.72390511 0.47756916213902373
4.725256341000001 0.4773312593579988
4.726607572 0.4770966604753938
4.727958804 0.4768607207388986
4.729310035 0.47662388335892947
4.730661267 0.4763858070361224
4.7320124980000005 0.4761507124182763
4.73336373 0.47591656150281414
4.734714961 0.47605055811582286
4.736066193 0.4759574518806814
4.737417424 0.4757140507575159
4.738768654999999 0.47547123287003024
4.740119887 0.4752248667050125
4.741471118000001 0.47497192140755917
4.74282235 0.47471412643136834
4.744173581 0.47445268619892467
4.745524813 0.4741889752892633
4.7468760439999995 0.4739174572420365
4.748227276 0.47363742100392114
4.749578507 0.4733523431207278
4.750929738 0.47306307296192984
4.75228097 0.47277055391078615
4.753632201 0.47246963844032275
4.7549834330000005 0.47216175079650957
4.756334664 0.47185129799366915
4.757685896 0.4715378955895935
4.759037127 0.4712206464120464
4.760388358 0.4708952782204429
4.76173959 0.47056444378684825
4.763090821 0.4702132903899239
4.764442053 0.4698542657492837
4.765793284 0.46948969232985216
4.767144516 0.4691168211288884
4.768495747 0.4687401501434918
4.7698469789999995 0.4683620029383021
4.77119821 0.4679804052932941
4.772549441 0.4675940985744338
4.773900673 0.4672020297871618
4.775251904 0.4668097540006011
4.776603135999999 0.46641846312376445
4.777954367 0.4660244686180328
4.779305599000001 0.46562796874072676
4.78065683 0.46522918778268985
4.782008061000001 0.4648337372823788
4.783359293 0.4644416051627077
4.784710524 0.46404840231631617
4.7860617560000005 0.46365469123906544
4.787412987 0.46326195212231347
4.788764219 0.4628744788494312
4.79011545 0.46249043051887406
4.791466682 0.4621059258526812
4.7928179129999995 0.4617220902974965
4.7941691440000005 0.4613411476419418
4.795520376000001 0.4609661902103659
4.796871607 0.46059455089656454
4.798222839 0.46022313399295944
4.799574069999999 0.4598545353685513
4.800925302 0.45949085650328214
4.802276533000001 0.45913358930779946
4.803627764 0.4587793605978233
4.804978996 0.4584256129435393
4.806330227 0.45807660656266
4.807681459 0.45773416830666713
4.80903269 0.4578981991402675
4.810383922 0.45756530635500636
4.811735153 0.4572336157540262
4.813086384999999 0.4569072583181547
4.814437616 0.45658731416688625
4.815788846999999 0.4562714912989476
4.817140079 0.45595580217250753
4.818491310000001 0.45563895752234185
4.819842542 0.45532465773139935
4.821193773 0.4550132329084178
4.822545005 0.45470135731579897
4.8238962359999995 0.45438642251995476
4.825247468 0.4540683998213148
4.826598699 0.4537517065543927
4.82794993 0.453436020898039
4.829301162 0.4531167827541165
4.830652393 0.45279231590192187
4.8320036250000005 0.45246319210260544
4.833354856 0.4521340025523435
4.834706088 0.4518034885093517
4.836057318999999 0.4514659073328899
4.83740855 0.4511194486805649
4.838759782 0.45076443374198705
4.840111013 0.45040381256170814
4.841462245 0.45003568843626246
4.842813476 0.449654141888545
4.844164708 0.44925868362170746
4.845515939 0.4488506185346932
4.8468671709999995 0.44843284123439475
4.8482184020000005 0.4480039915344568
4.849569633 0.44755827776703366
4.850920865 0.447097633661893
4.852272096 0.44662377684345844
4.853623327999999 0.44613928492692845
4.854974559 0.4456424051943853
4.856325791000001 0.4451272049429893
4.857677022 0.4445962492267349
4.859028253 0.4440513720281667
4.860379485 0.4434947551116991
4.861730716 0.44292426460398593
4.863081948 0.44233505323428834
4.864433179 0.44172962379362507
4.865784411 0.44110975718285794
4.867135642 0.4404769577915433
4.868486874 0.4398284829744843
4.8698381049999995 0.4391615882817884
4.8711893360000005 0.43847949732028435
4.872540568000001 0.4377852861892938
4.873891799 0.43708057495877745
4.875243031 0.43636273207376464
4.876594261999999 0.43591342426205004
4.8779454939999995 0.4353630768974165
4.879296725000001 0.43443753005964414
4.880647956 0.43349888412988224
4.881999188 0.43255182204961806
4.883350419 0.4315957919491099
4.884701651 0.4306340560968692
4.8860528819999995 0.4296708520847903
4.887404114 0.4287055469809959
4.888755345 0.42773560772056185
4.890106576999999 0.42676106277016906
4.891457808 0.42578471033721854
4.892809038999999 0.42481074625668813
4.894160271 0.42383794514305906
4.895511502000001 0.42286367568331573
4.896862734 0.4218880600911461
4.898213965 0.4209142714887887
4.899565197 0.4199459473836842
4.900916428 0.41898226594257526
4.902267660000001 0.4180205348040048
4.903618891 0.41706096967592043
4.904970122 0.41610723669354127
4.906321354 0.41516098691644765
4.907672585 0.4142205137333229
4.9090238170000005 0.41328156692180806
4.910375048 0.41234321172720595
4.91172628 0.41140857299782846
4.913077511 0.41047793325141263
4.914428742 0.4095482626433079
4.915779974 0.40861395136628265
4.917131205 0.4076740251381232
4.918482437 0.4067288820841407
4.919833668 0.4057791956086329
4.9211849 0.40481958654572797
4.922536131 0.4038441142507102
4.9238873629999995 0.4028511550915522
4.9252385940000005 0.40183977553880873
4.926589825 0.4008116005052792
4.927941057 0.399757036878279
4.929292288 0.39867315340250986
4.930643519999999 0.39755493652891016
4.931994751 0.396402726591887
4.933345983000001 0.3952153086968325
4.934697214 0.3939816848723489
4.936048445 0.3927002740216052
4.937399677 0.39135788249933007
4.938750908 0.38996058896464686
4.94010214 0.38850025041541403
4.941453371 0.38716136613938573
4.942804603 0.3857861218376486
4.944155834 0.3840936196567578
4.945507066 0.38232453146906864
4.9468582969999995 0.38046312683073436
4.9482095280000005 0.3785150795535217
4.949560760000001 0.3764677690314867
4.950911991 0.3743188335189273
4.952263223 0.3720735794852902
4.953614453999999 0.3697190472117148
4.9549656859999995 0.36726733215281304
4.9563169170000005 0.3646944935137878
4.957668148 0.36201479138482107
4.95901938 0.3592210272150652
4.960370611 0.3563162950343719
4.961721843 0.3533045817848927
4.9630730739999995 0.35017023973534517
4.964424306 0.34693297565025505
4.965775537000001 0.3435735247591897
4.967126769 0.34011643934924124
4.968478 0.3365494421888161
4.969829230999999 0.33287750865186716
4.971180463 0.3291063580898719
4.972531694000001 0.3252307081992815
4.973882926 0.3212756266013796
4.975234157 0.3172188157096931
4.976585389 0.31308616615118073
4.97793662 0.3088657985400756
4.979287852000001 0.3045734487056293
4.980639083 0.30021506232158995
4.981990314 0.2957891988229979
4.983341545999999 0.29131171182065596
4.984692777 0.28676791679940394
4.986044009 0.282188535687809
4.98739524 0.27756239708304453
4.988746472 0.27290770485793314
4.990097703 0.26822178855218337
4.991448934 0.2635092127411327
4.992800166 0.25878313174685286
4.9941513969999995 0.2540393223318877
4.995502629 0.2492999043898093
4.99685386 0.24454972784245085
4.998205092 0.23980724690663208
4.999556323 0.23506868774263512
5.0009075549999995 0.2303712862739675
5.0022587860000005 0.22570445331412703
5.003610017 0.2210538939335444
5.004961249 0.21642979457823594
5.006312479999999 0.21182476755774887
5.007663711999999 0.2072585947520929
5.009014943 0.20294330243634595
5.010366175 0.19844282551963086
5.011717406 0.19397960841039835
5.013068637 0.18955757580019908
5.014419869 0.1851821233879421
5.0157711 0.18085100843208599
5.017122332 0.1765723516185369
5.018473563 0.17233811690177442
5.019824795000001 0.1681590324357504
5.021176026 0.1640297209575181
5.022527258 0.1599573611520704
5.0238784889999994 0.15593856345013818
5.0252297200000005 0.15197333763550328
5.026580952000001 0.14806329219111733
5.027932183 0.14420506751854012
5.029283415 0.14040564257645827
5.030634646 0.13665626668596645
5.031985878 0.13296354957003448
5.033337109 0.12931850048520907
5.034688341 0.125727215319317
5.036039572 0.12218683504880093
5.037390803 0.11869851420122617
5.038742035 0.11526195712120685
5.0400932659999995 0.11187297354782987
5.041444498 0.1085374143380725
5.042795729000001 0.1052480578406865
5.044146961 0.10201466457839647
5.045498192 0.09882690520833257
5.046849422999999 0.09569148677863465
5.048200655 0.09260316707279319
5.049551886000001 0.08956541072342415
5.050903118 0.08657780232377646
5.052254349 0.08363843532456128
5.053605581 0.08075054663892245
5.054956812 0.07790808655853014
5.056308044000001 0.0751202631871114
5.057659275 0.07237895757686737
5.059010506 0.06969293774091637
5.060361737999999 0.06705419211875094
5.061712969 0.06446875121803221
5.063064201 0.061935464248183414
5.064415432 0.05947361734285863
5.065766664 0.05706561152874652
5.067117895 0.054709487582171555
5.068469126 0.05241052853912823
5.069820358 0.0501641785050857
5.0711715889999995 0.04797906464730642
5.072522821 0.045849796645625926
5.073874052 0.043782749132997054
5.075225284 0.04177348687875302
5.076576515 0.039825906005082234
5.0779277469999995 0.03797721499606392
5.0792789780000005 0.03615279645923512
5.080630209 0.03438762408938306
5.081981441 0.03268295376566343
5.083332671999999 0.031040939459798078
5.084683904 0.02945838453298178
5.086035135 0.02793873439448026
5.087386367 0.0264783324916915
5.088737598 0.025079120210880615
5.090088829 0.023738092364136973
5.091440061 0.0224560347260835
5.092791292 0.021231142179866866
5.094142524 0.02006281415920835
5.095493755000001 0.018949606917040174
5.096844987000001 0.01788966136018512
5.098196218 0.01688200820902298
5.09954745 0.015924373890176025
