microns throughput
2.0004663860000003 9.943665827424046e-16
2.002074478 3.907111409816849e-16
2.00368257 5.211977767689014e-16
2.005290662 5.670247485457447e-16
2.006898754 1.0077688660115867e-15
2.008506846 7.478813325297862e-16
2.010114938 6.266156657200676e-16
2.01172303 6.398821304773838e-16
2.013331122 4.76261851556206e-16
2.014939214 4.225652783152439e-16
2.016547306 4.3371740645817255e-16
2.018155398 4.907781947704925e-16
2.01976349 4.45352232016252e-16
2.021371582 3.903479974243729e-16
2.022979674 2.67773650569539e-16
2.0245877660000002 2.590146714966953e-16
2.026195858 3.8200544435196216e-16
2.027803949 4.342974461357557e-16
2.029412041 3.408274763852146e-16
2.031020133 3.255301669551874e-16
2.032628225 3.0553023710765664e-16
2.034236317 2.832480866534272e-16
2.035844409 2.2851336819803755e-16
2.037452501 3.1336576254687197e-16
2.039060593 4.723143953571635e-16
2.040668685 5.765802889261183e-16
2.042276777 6.233189346849032e-16
2.0438848689999998 6.93698169122324e-16
2.045492961 2.7953143604735693e-16
2.047101053 1.6804139257514636e-16
2.0487091449999997 2.252384204468835e-16
2.0503172370000002 4.074458914757189e-16
2.0519253290000004 4.989342470863632e-16
2.053533421 5.411019140209157e-16
2.055141513 6.882391279696802e-16
2.056749605 8.276217120053678e-16
2.058357697 8.092117399372432e-16
2.059965788 7.941368299126338e-16
2.06157388 8.027659500765227e-16
2.0631819719999998 8.310879401163858e-16
2.064790064 8.459585442612989e-16
2.066398156 9.06677620265762e-16
2.068006248 8.828544411748515e-16
2.06961434 8.737230318520346e-16
2.071222432 1.1620232874840162e-15
2.072830524 1.0736887003930063e-15
2.074438616 1.1268037149933308e-15
2.076046708 1.2526702129812944e-15
2.0776548 1.6236533264045042e-15
2.079262892 1.9282313417003884e-15
2.080870984 2.653056769178009e-15
2.0824790760000003 2.3824398928297783e-15
2.084087168 2.3049113593613283e-15
2.08569526 2.581267343311765e-15
2.0873033519999997 3.0325063299614578e-15
2.088911444 2.8672934618177287e-15
2.090519536 3.4040960772916616e-15
2.092127627 2.232999194375727e-15
2.0937357189999997 4.016673385591057e-15
2.0953438110000002 5.3761684718695706e-15
2.0969519030000003 7.974760275937588e-15
2.098559995 1.1033850480495063e-14
2.100168087 1.425521305529762e-14
2.101776179 1.2998203847376785e-14
2.103384271 1.121242049137826e-14
2.104992363 1.0466925765926248e-14
2.1066004549999997 1.0833772903509409e-14
2.1082085470000003 1.4757873699332175e-14
2.109816639 2.05472060882388e-14
2.111424731 2.6264606195219384e-14
2.113032823 2.805434128327473e-14
2.114640915 3.150677827489669e-14
2.116249007 3.39005563453401e-14
2.1178570989999996 4.9032116815686295e-14
2.1194651909999997 2.6523578030518438e-14
2.1210732830000003 1.8732530654401184e-14
2.122681375 2.147865968900503e-14
2.124289466 2.9579624900368953e-14
2.125897558 1.596387619259115e-14
2.1275056500000002 1.1630812640923102e-14
2.129113742 1.172369682138884e-14
2.130721834 1.4448404475039893e-14
2.1323299259999997 1.8303513076039802e-14
2.133938018 1.8982633356438824e-14
2.1355461100000004 2.3149838788227303e-14
2.137154202 1.7374108017633766e-14
2.138762294 1.5291828255405105e-14
2.140370386 1.616746113161451e-14
2.141978478 2.1420460758588915e-14
2.14358657 1.1244302604738974e-14
2.1451946619999998 5.7121204431970885e-15
2.146802754 3.902292479694183e-15
2.1484108460000004 7.027019971246537e-15
2.150018938 1.3365942936545385e-14
2.15162703 1.0741047198587826e-14
2.153235122 1.0994436293912531e-14
2.154843214 1.544046839468644e-14
2.156451305 2.8356408799251312e-14
2.158059397 2.5572889568371132e-14
2.159667489 2.124827017141098e-14
2.161275581 1.4702652022646526e-14
2.1628836729999996 1.2105805485152004e-14
2.164491765 1.1528797385636337e-14
2.1660998570000003 1.417898637737073e-14
2.167707949 1.955832917565185e-14
2.169316041 1.4435601315557315e-14
2.170924133 1.3308918508689684e-14
2.172532225 2.0524899674839406e-14
2.174140317 3.472418889233677e-14
2.1757484089999997 3.174086602748766e-14
2.177356501 2.2938848782538892e-14
2.1789645930000003 2.112323278858278e-14
2.180572685 2.6708226073171908e-14
2.182180777 3.343344341223447e-14
2.183788869 1.5773916099872173e-14
2.185396961 1.3157776609366354e-14
2.187005053 7.291112433667089e-15
2.1886131449999997 8.032052692206322e-15
2.1902212359999997 1.2966954423838931e-14
2.191829328 1.2858772057860406e-14
2.1934374200000004 1.0792906412181741e-14
2.195045512 7.475698251827862e-15
2.196653604 1.3683371969389802e-14
2.198261696 2.2076442379315798e-14
2.199869788 4.167200582070626e-14
2.20147788 3.604401837390934e-14
2.203085972 1.937167153616519e-14
2.204694064 1.3753199979776173e-14
2.206302156 2.0044249381506072e-14
2.207910248 5.287726362073677e-14
2.2095183400000002 3.074969620794921e-14
2.211126432 2.619694273077871e-14
2.212734524 2.1297374228218736e-14
2.2143426159999997 2.3269568215503667e-14
2.215950708 3.6221577962292994e-14
2.2175588 5.0728292180758667e-14
2.219166892 1.2265806271136719e-13
2.220774984 1.4801936385484164e-13
2.222383075 1.8224856070461123e-13
2.2239911670000003 2.542908932089003e-13
2.225599259 4.057052865485243e-13
2.227207351 8.076908643369046e-13
2.228815443 4.824354034878091e-13
2.230423535 2.988982145708771e-13
2.232031627 2.6273858168608437e-13
2.2336397189999997 3.55473670511226e-13
2.2352478110000003 3.2859459138490725e-13
2.236855903 1.668981127413575e-13
2.238463995 1.0465167435223639e-13
2.240072087 1.6345339165083534e-13
2.241680179 3.124638006165429e-13
2.243288271 5.170759497778038e-13
2.2448963629999996 6.009948463108175e-13
2.2465044549999997 8.608204864670112e-13
2.2481125470000003 6.801976221590719e-13
2.249720639 6.498279179607538e-13
2.251328731 8.404910571578131e-13
2.252936823 1.240699188256925e-12
2.2545449140000002 1.4338251568573945e-12
2.256153006 9.967258547850076e-13
2.257761098 8.867749659724881e-13
2.2593691899999997 1.2907271733418598e-12
2.260977282 2.358996640043707e-12
2.262585374 2.5791751436185758e-12
2.264193466 8.182155797045602e-13
2.265801558 3.524019103832684e-13
2.2674096500000003 3.928540387775654e-13
2.269017742 1.3456129246126267e-12
2.270625834 2.8692227809302846e-12
2.2722339259999997 2.9405131174774092e-12
2.273842018 4.00145048413617e-12
2.2754501100000004 4.431087803790521e-12
2.277058202 5.078331190218436e-12
2.278666294 6.837392387898192e-12
2.280274386 8.079332348994126e-12
2.281882478 9.940138924277229e-12
2.28349057 5.111233331612255e-12
2.285098662 4.4541919692457604e-12
2.286706753 4.688826168012237e-12
2.288314845 5.864594042343252e-12
2.2899229369999996 1.0731015148276043e-11
2.291531029 5.528303370888055e-12
2.2931391210000003 4.637986066949906e-12
2.294747213 4.632473229434935e-12
2.296355305 5.860178225832765e-12
2.297963397 1.1080310189853514e-11
2.299571489 9.538993475450607e-12
2.301179581 8.618036301313575e-12
2.3027876729999996 1.1090830017136612e-11
2.304395765 2.1513680003360554e-11
2.3060038570000003 4.760530047261851e-11
2.307611949 8.65614989282876e-11
2.309220041 1.4621064311000752e-10
2.310828133 2.4222875719855894e-10
2.312436225 3.374247568177757e-10
2.314044317 4.739192550528257e-10
2.3156524089999997 6.524243987122359e-10
2.3172605010000003 8.932543487391308e-10
2.318868592 1.2113132546454104e-09
2.3204766840000004 1.4939577482683365e-09
2.322084776 1.8324473128148187e-09
2.323692868 2.2567829393986178e-09
2.32530096 2.76753550374606e-09
2.326909052 3.3489207886805142e-09
2.328517144 3.621675312284058e-09
2.3301252359999998 3.850359958023579e-09
2.331733328 4.037018323712091e-09
2.33334142 4.1492745914528365e-09
2.334949512 4.228458093632743e-09
2.3365576040000002 4.0491036442990674e-09
2.338165696 3.7770703453973625e-09
2.339773788 3.420137868763306e-09
2.3413818799999997 2.6563227481618076e-09
2.342989972 2.058015795194383e-09
2.344598064 1.585406501777631e-09
2.346206156 1.2180723368629552e-09
2.347814248 9.396007416404428e-10
2.3494223400000003 3.1623712084972524e-10
2.3510304310000003 1.2491877991027907e-10
2.352638523 6.161159716440268e-11
2.354246615 6.062674363013563e-11
2.3558547069999998 1.176086370385442e-10
2.357462799 1.589728688736815e-10
2.359070891 1.1962616796378667e-10
2.3606789829999997 1.2112323426063976e-10
2.3622870750000002 1.3938180142557118e-10
2.363895167 1.6982387644863906e-10
2.365503259 1.9924573539119768e-10
2.367111351 1.5513098290777693e-10
2.368719443 1.6707684384090336e-10
2.370327535 2.161752360071581e-10
2.371935627 2.0939440620494525e-10
2.3735437189999997 2.1312898963917908e-10
2.3751518110000003 1.1954509527687194e-10
2.376759903 1.481257275958207e-10
2.378367995 2.67419953273731e-10
2.379976087 1.484010930508312e-10
2.381584179 9.808332968774836e-11
2.383192271 8.939512437714085e-11
2.384800362 1.4497533322068022e-10
2.3864084539999997 2.958350823643463e-10
2.388016546 1.5673571185293432e-10
2.389624638 6.024443600081015e-11
2.39123273 3.1489662357792565e-11
2.392840822 5.491281247107578e-11
2.3944489140000003 1.3094315440925915e-10
2.396057006 3.524344937195489e-10
2.397665098 1.8506654436917405e-10
2.3992731899999997 1.531335660478269e-10
2.400881282 1.5820646548803642e-10
2.4024893740000004 1.9413143400339136e-10
2.404097466 2.7675037166154637e-10
2.405705558 3.4844403645358037e-10
2.40731365 3.8182019933211813e-10
2.408921742 4.5109664549993826e-10
2.410529834 3.494933901152764e-10
2.4121379259999998 2.895539266369828e-10
2.413746018 2.5405864131854346e-10
2.41535411 3.093009065100894e-10
2.416962201 4.197654390645268e-10
2.418570293 4.0577656036641413e-10
2.4201783850000003 1.0903855126494696e-10
2.421786477 3.744875394671699e-11
2.423394569 3.095001863816829e-11
2.425002661 7.314914211135201e-11
2.426610753 2.5513364185112475e-10
2.428218845 2.901007878788423e-10
2.4298269369999996 2.4106986962566005e-10
2.431435029 2.362503447764665e-10
2.4330431210000003 2.34204106071606e-10
2.434651213 2.442867069172644e-10
2.436259305 3.032021803276084e-10
2.4378673969999998 3.0698062076824506e-10
2.439475489 3.4222425868534597e-10
2.441083581 3.715599532297602e-10
2.4426916729999997 2.629330604231475e-10
2.4442997650000002 2.1848636344997202e-10
2.4459078570000004 2.302438092960989e-10
2.447515949 2.995055017572066e-10
2.44912404 4.241394260132474e-10
2.450732132 3.4795560395764983e-10
2.452340224 1.2805462888120744e-10
2.453948316 7.071450331522185e-11
2.455556408 6.8557014252678e-11
2.4571644999999998 1.1825312139905785e-10
2.458772592 2.818566693767309e-10
2.460380684 2.9538714216272144e-10
2.461988776 1.9919696585482005e-10
2.463596868 1.6498688968631328e-10
2.46520496 8.484621614784164e-11
2.466813052 5.7036877557954395e-11
2.468421144 1.4024263986269585e-10
2.470029236 2.3313287887590023e-10
2.471637328 2.599175104779005e-10
2.47324542 3.300919370224927e-10
2.474853512 2.884452903745099e-10
2.4764616040000003 2.3281828650408175e-10
2.478069696 1.9290568476385146e-10
2.479677788 2.7234080815529283e-10
2.481285879 4.2858735275958966e-10
2.4828939709999998 8.044166116349303e-10
2.484502063 5.972469408243384e-10
2.486110155 5.10962321280497e-10
2.4877182469999997 4.694252973137176e-10
2.489326339 5.092081985677901e-10
2.4909344310000003 5.961400256030976e-10
2.492542523 8.01978864527427e-10
2.494150615 1.1695639543111008e-08
2.495758707 9.667391452910104e-09
2.497366799 8.28811825159966e-09
2.498974891 8.382664728845299e-09
2.499778162 1.2035319041778584e-08
2.5011293930000003 7.492628076301222e-10
2.502480624 3.769300816878917e-09
2.5038318559999997 7.666190142594015e-09
2.505183087 1.2418947102250943e-09
2.506534319 1.4071089296860987e-09
2.50788555 1.5179382349309502e-09
2.509236782 1.4891872628533081e-09
2.510588013 1.4997224160405657e-09
2.511939244 3.2946137456589967e-09
2.5132904760000003 3.242656718841234e-09
2.514641707 9.647566213693803e-10
2.515992939 1.3525927579182371e-09
2.51734417 2.2144875490394224e-09
2.5186954019999996 2.201443974193043e-09
2.5200466329999998 6.845429757508577e-10
2.521397865 9.083126172279358e-10
2.522749096 4.599426203225299e-10
2.524100327 6.571987066570856e-12
2.525451559 6.932887551033345e-10
2.52680279 1.4886297649839214e-09
2.5281540220000003 7.116587950595749e-10
2.529505253 1.5979872288939706e-09
2.5308564849999997 2.266748580349775e-10
2.532207716 5.234913886958108e-10
2.533558948 1.0911295719144629e-09
2.534910179 1.0026909957182057e-09
2.5362614100000003 4.559185390955806e-10
2.537612642 2.4531941840828984e-10
2.538963873 2.677608446334755e-10
2.5403151050000004 4.671075314894185e-10
2.5416663359999996 3.6501535535146835e-10
2.5430175680000002 1.7873391299555265e-10
2.544368799 2.3581128193669436e-10
2.54572003 2.9526539752303313e-10
2.547071262 2.578819939701202e-10
2.548422493 2.8854408343324105e-10
2.549773725 3.016643089542663e-10
2.551124956 2.32232486429698e-10
2.552476188 1.302811154583796e-10
2.553827419 1.3564513049147185e-10
2.5551786510000003 1.206658946631904e-10
2.556529882 1.0793016205237308e-10
2.557881113 2.011736869784846e-10
2.559232345 1.1881083589605702e-10
2.560583576 6.860907674034228e-11
2.561934808 8.146138634113225e-11
2.5632860390000003 5.079743526852726e-11
2.564637271 7.551497671968312e-11
2.565988502 6.777782766113878e-11
2.567339733 4.9391767596914955e-11
2.5686909649999996 7.208138753443187e-11
2.5700421959999997 1.9183663524268717e-11
2.571393428 6.022376585238342e-11
2.572744659 6.483185445103757e-11
2.574095891 2.627454632848162e-11
2.575447122 2.2401536731142917e-11
2.576798354 3.5996460482118385e-11
2.5781495850000002 1.8059149540350552e-11
2.5795008160000004 1.4500102290253445e-11
2.580852048 3.4425822109635707e-12
2.582203279 1.416007286094037e-11
2.583554511 1.9342270145639965e-11
2.584905742 2.9773013510511775e-11
2.586256974 3.090065040929183e-11
2.587608205 2.364269183195403e-11
2.588959437 1.6556869183276138e-11
2.590310668 9.029329992591127e-12
2.591661899 9.939687798059976e-12
2.593013131 9.7222107647471e-12
2.594364362 7.914182856246045e-12
2.5957155939999996 9.320118893308376e-12
2.5970668249999997 9.167283293850007e-12
2.598418057 8.491723463651332e-12
2.599769288 1.079032437788949e-11
2.601120519 1.961374668090173e-11
2.602471751 1.6035807500426793e-11
2.603822982 8.79376794052059e-12
2.6051742140000003 1.2897872252760646e-11
2.6065254450000004 2.5204978647910963e-11
2.607876677 3.0646997959426647e-11
2.609227908 8.09304536747155e-12
2.61057914 1.7388092279291502e-11
2.611930371 1.2323049584465888e-11
2.613281602 5.114405264510815e-12
2.614632834 1.0642478540796954e-12
2.615984065 1.0931903010905164e-11
2.617335297 6.7106751566514254e-12
2.618686528 4.5831502005753086e-12
2.62003776 7.858641231258425e-12
2.621388991 8.443298459053835e-13
2.622740222 8.03013482799222e-12
2.6240914539999998 1.6947372978967724e-11
2.625442685 1.0140764730713438e-11
2.626793917 7.619579949715616e-12
2.628145148 6.0187436316557496e-12
2.62949638 8.227451925211919e-12
2.630847611 8.517354315959656e-12
2.6321988430000003 6.972170584395419e-12
2.6335500740000004 1.1755388492662996e-11
2.634901305 6.594292121713723e-12
2.636252537 9.375736643962512e-12
2.637603768 2.825204174089521e-12
2.6389549999999997 1.5147437969191534e-11
2.640306231 1.3267124259020536e-11
2.641657463 1.5419929236815568e-11
2.643008694 2.057249422476268e-11
2.6443599250000003 1.5509984560271308e-11
2.645711157 9.0938960536977e-12
2.6470623879999997 5.740180809296144e-12
2.64841362 1.5025078650657657e-11
2.649764851 7.525531941830631e-12
2.651116083 7.466660814120835e-12
2.652467314 7.371750459057167e-12
2.653818546 1.1348879356209544e-11
2.6551697770000002 7.386584779127736e-12
2.6565210080000004 2.352926106070152e-12
2.65787224 9.694331066666838e-12
2.659223471 1.890212444251033e-11
2.6605747030000004 3.307488782461458e-11
2.6619259339999997 2.940440030289626e-11
2.663277166 1.5428505400416035e-11
2.664628397 1.3848779300316211e-11
2.6659796289999997 1.80066570649499e-11
2.66733086 2.502819817930785e-11
2.668682091 2.2906811248238656e-11
2.670033323 7.38782655067718e-12
2.6713845540000003 1.909494981835253e-11
2.672735786 4.9927934772080495e-11
2.6740870169999997 3.254207504222868e-11
2.675438249 1.917782144591369e-11
2.67678948 1.5880238905969908e-11
2.678140711 1.4609957688747962e-11
2.679491943 1.9111082076896694e-11
2.680843174 1.028730272794047e-11
2.6821944060000003 7.172395095711136e-12
2.6835456370000004 6.012977758410601e-12
2.684896869 9.551346566031158e-12
2.6862481 1.1147097619944224e-11
2.6875993319999996 9.536883919202766e-12
2.6889505629999997 8.577820185810553e-12
2.690301794 5.075812282635076e-12
2.691653026 2.3170816290199335e-13
2.693004257 1.4835260725100795e-12
2.694355489 6.1324724080493186e-12
2.69570672 9.30798414019961e-12
2.697057952 3.0653700775240693e-12
2.6984091830000003 2.886192457898821e-12
2.699760414 6.85577614597426e-13
2.7011116459999998 1.1569925293665642e-12
2.702462877 4.918685583243145e-12
2.703814109 9.947856558155888e-12
2.70516534 7.662792078330225e-12
2.706516572 3.0310771900996308e-12
2.707867803 1.0431655764779928e-11
2.7092190350000003 7.906153014830591e-12
2.7105702660000004 4.556965934630168e-12
2.7119214969999996 6.479072247408017e-12
2.713272729 9.285179102242427e-12
2.71462396 7.5017829601455e-12
2.7159751919999997 2.8097229913633995e-12
2.717326423 3.4479879469670205e-12
2.718677655 4.2137158095290055e-12
2.720028886 9.767019561580196e-12
2.7213801170000003 4.795635363900526e-12
2.722731349 3.956609648097777e-12
2.7240825799999997 1.9831141481431734e-12
2.7254338120000003 2.0209294020151804e-12
2.726785043 7.52910368661605e-12
2.7281362749999998 4.205761614766916e-12
2.729487506 7.133434672889673e-13
2.730838738 1.0424573236285859e-11
2.732189969 9.937199593095925e-12
2.7335412000000003 3.4236182880081435e-12
2.734892432 4.209444994837086e-12
2.736243663 1.2032028796967801e-13
2.737594895 1.3300132371376613e-12
2.7389461259999996 3.573648094636659e-12
2.740297358 3.0631392676758224e-12
2.741648589 9.568088019322712e-13
2.7429998209999997 4.70200368705345e-12
2.744351052 1.2649398615378436e-11
2.745702283 4.33272757530688e-12
2.747053515 7.6446563195359e-12
2.7484047460000003 4.062165479403199e-12
2.749755978 6.5859195709508815e-12
2.7511072089999997 2.9356948028086424e-12
2.7524584410000004 1.8282444122380108e-14
2.753809672 1.2103259953192703e-14
2.755160903 5.40298847190608e-13
2.756512135 4.717816094247681e-12
2.757863366 3.536422819353506e-12
2.7592145980000002 8.229244667013938e-12
2.760565829 2.7106347640417755e-12
2.761917061 2.4055201401821046e-12
2.7632682920000002 1.8685883124747997e-12
2.764619524 1.200591328914115e-12
2.7659707549999997 3.199932886664056e-12
2.767321986 2.6898354531196507e-12
2.768673218 1.670020361537834e-14
2.770024449 3.540742410512647e-13
2.771375681 5.222224025047976e-13
2.772726912 4.4690948517465476e-13
2.774078144 1.7006926970163913e-12
2.7754293750000003 1.3855546491944175e-12
2.776780606 7.209708249141547e-13
2.7781318379999997 1.2418368588583684e-13
2.779483069 1.5531111853540488e-14
2.780834301 7.86578010771727e-13
2.782185532 6.140147182698161e-12
2.783536764 1.2535383461618937e-12
2.784887995 2.238065293177571e-12
2.786239227 5.427266394163825e-13
2.787590458 3.4197077770941367e-12
2.788941689 5.4057186273127915e-12
2.7902929210000003 2.8248868160758867e-12
2.791644152 4.519861964535687e-12
2.7929953839999997 6.053530541368116e-12
2.794346615 7.287616676964721e-13
2.795697847 4.661161396786256e-13
2.797049078 3.4387309459568837e-12
2.7984003090000003 2.784358678109344e-12
2.799751541 1.0264412066175508e-12
2.801102772 1.2082699966602737e-12
2.8024540040000003 4.9448405669921425e-12
2.803805235 2.2263983765934877e-12
2.8051564669999998 4.607294996916424e-12
2.806507698 4.528166419411895e-12
2.80785893 2.2081011949590977e-12
2.8092101609999998 4.759149744215743e-12
2.810561392 2.91540749161906e-12
2.811912624 4.887690574039081e-12
2.813263855 7.180582258318628e-12
2.814615087 5.378491003451756e-12
2.8159663179999996 2.8856663865989746e-12
2.8173175500000003 5.087150977272166e-13
2.818668781 2.466430707030872e-12
2.8200200129999997 6.304550316483289e-12
2.821371244 4.021138862176992e-12
2.822722475 5.502161708658373e-12
2.824073707 5.2020472452067e-12
2.8254249380000003 4.507888673443069e-12
2.82677617 4.3509826173107964e-12
2.828127401 6.423976493848069e-13
2.8294786330000004 1.0964140100854833e-12
2.830829864 4.80748614513269e-13
2.8321810949999997 1.6235016370497898e-12
2.833532327 8.314333392086274e-13
2.834883558 1.6889001120237812e-13
2.83623479 7.244619016061403e-13
2.837586021 1.2951841338053125e-12
2.838937253 1.7411870569550563e-12
2.8402884840000002 1.628155824436539e-12
2.841639716 1.7877784652243822e-12
2.8429909469999997 3.773261103596793e-12
2.8443421779999998 4.072130333297623e-12
2.84569341 3.7070045125303925e-12
2.847044641 6.068298969845572e-12
2.848395873 2.766332734072647e-12
2.849747104 1.8541219750773734e-12
2.851098336 4.4816874386695564e-12
2.8524495670000003 2.2413430500584374e-12
2.8538007980000004 1.3125448802338278e-12
2.85515203 1.7941265707709856e-12
2.856503261 8.286497453835145e-13
2.8578544929999996 1.9375756170300815e-12
2.8592057239999997 1.0106814334758714e-12
2.860556956 1.679580029100414e-12
2.861908187 8.195543127817021e-13
2.863259419 8.658674456346595e-13
2.86461065 8.468358136403668e-13
2.865961881 1.2997512475798498e-12
2.8673131130000002 1.4359472800419863e-12
2.868664344 2.552552855426307e-12
2.8700155759999997 1.4923230709438805e-12
2.871366807 1.459228366478026e-14
2.872718039 7.914652179128753e-14
2.87406927 2.699163054050006e-12
2.8754205010000002 7.641949352085102e-12
2.876771733 1.6059310231071502e-12
2.878122964 2.5576138520497737e-14
2.8794741960000003 5.505560978120404e-12
2.8808254270000004 4.70324617650642e-12
2.882176659 2.1653772366611922e-12
2.88352789 4.283887411371829e-12
2.8848791219999996 4.265072255292182e-14
2.8862303529999997 9.54821823789231e-13
2.887581584 4.575476013652963e-13
2.888932816 6.311429848121273e-13
2.890284047 5.802117241223812e-13
2.891635279 3.3772364527541953e-13
2.89298651 5.521024468998546e-13
2.8943377420000003 5.667565751476686e-13
2.895688973 2.2487741778920422e-13
2.8970402049999997 1.4318805361787848e-12
2.898391436 2.0081577856493406e-12
2.899742667 1.3068800499640225e-12
2.901093899 5.955320738369739e-13
2.9024451300000003 9.325799571298054e-13
2.903796362 5.185892762822606e-13
2.905147593 9.425470211752297e-13
2.9064988250000003 3.956551986769447e-13
2.907850056 1.1312354728518499e-12
2.9092012869999997 2.3792568906323136e-12
2.910552519 1.2694976620198118e-12
2.91190375 1.2497027829050741e-12
2.9132549819999998 1.8502039407684085e-12
2.914606213 1.213762778188851e-12
2.915957445 3.1659609939344657e-12
2.917308676 1.9630287046187718e-12
2.918659908 2.546209379958176e-12
2.920011139 6.187738064202258e-12
2.9213623699999998 5.620638324951102e-12
2.922713602 1.910865435628682e-12
2.924064833 3.837439983460098e-12
2.925416065 6.6162985304244796e-12
2.926767296 5.492411065665788e-12
2.928118528 7.530082221481913e-13
2.9294697590000003 4.065421739692364e-12
2.93082099 5.386313341988073e-12
2.932172222 8.539542916197547e-12
2.933523453 2.7155971138777822e-12
2.934874685 7.822088189018589e-13
2.9362259159999997 1.6868583069430388e-12
2.937577148 9.439783856333681e-12
2.938928379 4.195243606871563e-12
2.940279611 9.409277685617708e-12
2.941630842 1.8023291476268208e-12
2.942982073 3.53415785388582e-13
2.9443333050000002 8.397319046650456e-13
2.9456845360000004 2.6393446366143204e-12
2.947035768 3.5849079974985985e-12
2.948386999 1.3153548741405171e-11
2.949738231 9.953560165586996e-12
2.951089462 4.699210740747718e-12
2.952440694 4.436614717395925e-12
2.953791925 1.1875010171844065e-12
2.955143156 8.977499126604123e-13
2.956494388 7.57805031034958e-12
2.957845619 1.3367512342217114e-13
2.959196851 1.2232766031610015e-12
2.960548082 7.991956365602957e-13
2.9618993139999996 7.006881018179097e-13
2.9632505449999997 1.5091230151622715e-14
2.964601776 1.648758991099761e-13
2.965953008 4.420762711663644e-12
2.967304239 5.180901319950824e-12
2.968655471 2.7056168644809503e-12
2.970006702 4.425625903784845e-12
2.9713579340000003 4.681436636375208e-12
2.9727091650000004 1.1964718845922357e-11
2.974060397 1.112761794900513e-11
2.975411628 1.0472295217187347e-11
2.976762859 6.768608983523432e-12
2.978114091 1.2747146699028004e-12
2.979465322 3.125851628602246e-12
2.980816554 1.874079718206612e-12
2.982167785 5.562109296669659e-12
2.983519017 9.64122036637916e-12
2.984870248 3.0176478007053453e-12
2.9862214789999997 5.447412094031897e-13
2.987572711 9.563449076228284e-12
2.988923942 4.3621163655726584e-12
2.9902751739999998 5.312458041801202e-12
2.991626405 3.706037072083526e-12
2.992977637 3.330303323366412e-12
2.994328868 1.1707862068932558e-11
2.9956801 9.121430880719256e-12
2.997031331 3.306171224544269e-12
2.9983825619999998 2.5741246098327325e-12
2.9997337940000004 5.151700653071717e-12
3.001085025 1.2894059736109424e-12
3.002436257 1.7557670684163906e-12
3.003787488 3.832564127193821e-12
3.0051387199999997 2.066942879530518e-12
3.006489951 3.6183514533989112e-12
3.007841182 7.892521590763234e-13
3.009192414 3.4508709607979167e-12
3.0105436450000003 5.841730541605984e-12
3.011894877 6.456509164723148e-12
3.0132461079999997 6.630623862286295e-12
3.01459734 1.8148472459194093e-12
3.015948571 4.530347118170201e-12
3.017299803 5.811960729668334e-12
3.018651034 1.252589272427435e-12
3.020002265 4.2409423429749764e-12
3.021353497 4.657626788755874e-12
3.0227047280000003 2.7502305553617613e-12
3.02405596 6.658348112694473e-12
3.0254071909999998 4.854990966163523e-12
3.0267584230000004 2.2780670663742403e-12
3.0281096539999997 4.1328854615090675e-12
3.029460886 4.237907512850138e-12
3.030812117 2.1616951840838842e-12
3.032163348 4.942199675107518e-12
3.03351458 1.1661239894724934e-11
3.034865811 1.2743521562874819e-11
3.036217043 8.361894635980816e-12
3.0375682740000003 2.5383569100283956e-12
3.038919506 7.234190753315488e-12
3.0402707369999997 7.75627724811216e-12
3.041621968 6.82427756834172e-12
3.0429732 7.339391673057999e-12
3.044324431 1.1122375936355943e-11
3.045675663 1.5506748820067108e-11
3.047026894 2.3580714357714533e-11
3.0483781260000002 1.7110685477121933e-11
3.0497293570000004 8.670029406875785e-12
3.051080589 9.107800272405069e-12
3.05243182 6.500753730591261e-12
3.053783051 4.580948835414402e-12
3.0551342829999997 5.7128350250076705e-12
3.056485514 9.449622277984545e-12
3.057836746 6.35003941260388e-12
3.059187977 5.0322364968249524e-12
3.060539209 9.732756553493563e-12
3.06189044 7.682990173925485e-12
3.063241671 7.000902621398647e-12
3.0645929030000003 9.146795533663713e-12
3.065944134 1.0461605055503342e-11
3.0672953659999997 7.237604147817242e-12
3.068646597 3.257120014576597e-12
3.069997829 7.667900830469501e-12
3.07134906 1.921444339144298e-11
3.072700292 1.5408323036795087e-11
3.074051523 6.211929121290578e-12
3.075402754 3.7639866001659055e-12
3.0767539860000004 7.161830920784167e-12
3.0781052169999996 1.1378120212734611e-11
3.079456449 6.845191877446799e-12
3.08080768 6.0563830366628595e-12
3.0821589119999997 8.805816939401203e-12
3.083510143 1.1246426509417607e-11
3.084861374 6.7255724623388955e-12
3.086212606 4.126385233756617e-12
3.0875638370000003 1.772296972815503e-12
3.088915069 2.2211013257643636e-12
3.0902662999999997 8.047141552473346e-13
3.0916175320000003 8.930326047182071e-12
3.092968763 1.3051606364247386e-11
3.0943199949999998 1.1841015237596014e-11
3.095671226 7.96607971691569e-12
3.097022457 1.610723822787532e-13
3.098373689 7.656969344337375e-12
3.0997249200000003 4.659367903415796e-12
3.101076152 5.781425295792065e-12
3.102427383 6.441983782526772e-12
3.103778615 9.22643957217652e-12
3.1051298459999996 6.5417928671024585e-12
3.106481078 3.3659776179191243e-12
3.107832309 7.940780407734147e-13
3.10918354 1.9952252234046015e-12
3.110534772 5.167324379486779e-12
3.111886003 7.91960420993628e-12
3.113237235 6.950931079056392e-12
3.1145884660000003 1.1041529595450449e-11
3.115939698 9.886225311479186e-12
3.1172909289999997 2.751567582313414e-12
3.11864216 9.668521207754174e-13
3.119993392 1.4209754286221018e-11
3.121344623 1.3310028619780238e-11
3.122695855 1.164165847056826e-11
3.124047086 8.252004863561703e-12
3.1253983180000002 1.0509312125449108e-11
3.126749549 1.1317574023461655e-11
3.128100781 2.160104821979059e-11
3.1294520120000002 1.3757698529210118e-11
3.130803243 1.8155575200598653e-11
3.1321544749999997 9.577575748238623e-12
3.133505706 2.571759695990058e-11
3.134856938 2.4670768324241935e-11
3.136208169 2.094218016332369e-11
3.137559401 6.9370356784060725e-12
3.138910632 1.0400128862275726e-11
3.140261863 9.628746971401145e-12
3.1416130950000003 1.9594671949677187e-11
3.142964326 4.55366644572409e-11
3.1443155579999997 1.808432182198328e-11
3.145666789 8.909878266898042e-12
3.147018021 2.8111480646252103e-11
3.148369252 4.851420116211865e-11
3.149720484 3.70252730601288e-11
3.151071715 2.8800764150172034e-11
3.152422946 3.0410871726397987e-11
3.153774178 2.2116461264552622e-11
3.155125409 1.4870979366028987e-11
3.1564766410000002 2.1241401905201745e-11
3.157827872 2.0754826672373664e-11
3.1591791039999997 2.221491639311196e-11
3.160530335 4.0278795732872676e-11
3.161881566 3.676025185351354e-11
3.163232798 4.1899668960658374e-11
3.1645840290000002 1.4035897944925578e-11
3.165935261 7.980500143952785e-12
3.167286492 1.837800838097939e-11
3.1686377240000003 1.9312289741742344e-11
3.169988955 7.697911945179875e-12
3.1713401869999998 7.043396266770687e-12
3.172691418 9.131577655219716e-12
3.174042649 6.812951276773759e-12
3.1753938809999998 6.020873225145516e-12
3.176745112 9.474704540192398e-12
3.178096344 3.375777633367543e-12
3.179447575 1.1156869263541083e-12
3.180798807 3.5953612547960664e-12
3.182150038 3.510626377656256e-12
3.1835012700000003 1.4217527449302757e-12
3.184852501 2.2367162807045432e-13
3.186203732 1.960874316801739e-12
3.187554964 2.093195387120384e-12
3.188906195 3.726915353869309e-14
3.190257427 2.6370626496841794e-12
3.1916086580000003 1.3095997244401932e-11
3.19295989 1.225512524337266e-11
3.194311121 7.25827460205516e-12
3.195662352 4.254077709072321e-12
3.197013584 1.3951804050475427e-11
3.1983648149999997 1.049398900663199e-11
3.199716047 2.2250123782466562e-12
3.201067278 9.171166427561374e-12
3.2024185099999998 1.7226999671056564e-11
3.203769741 1.25571844102611e-11
3.205120973 5.075832390837862e-12
3.206472204 5.275066599702994e-12
3.207823435 8.898548444925384e-12
3.209174667 1.1961529318918696e-11
3.2105258979999998 2.1494157735779136e-11
3.21187713 2.0159704214029783e-11
3.213228361 1.0574176425675645e-11
3.214579593 1.887314213687742e-11
3.215930824 1.857059929011166e-11
3.217282055 7.96474378995074e-12
3.2186332870000003 6.286876545052653e-12
3.2199845180000004 8.061489393584464e-12
3.22133575 1.9356597525511057e-11
3.222686981 2.5348522344998902e-11
3.2240382129999996 2.5486326580359003e-11
3.2253894439999997 1.768395130444247e-11
3.226740676 3.694965510145008e-12
3.228091907 3.974615367269026e-12
3.229443138 1.0208980095270017e-11
3.23079437 1.010368485739925e-11
3.232145601 1.557982444338369e-11
3.2334968330000002 1.0459138301967238e-11
3.234848064 1.0202849120726415e-11
3.2361992959999997 2.021410078261783e-11
3.237550527 1.71034011977393e-11
3.238901759 5.342656946669223e-12
3.24025299 3.1280908882709227e-14
3.2416042210000002 2.8072039653127354e-12
3.242955453 6.034692289293685e-12
3.244306684 1.148026686847289e-11
3.2456579160000003 1.4692380205201228e-11
3.2470091470000004 1.8058012483670763e-11
3.248360379 3.345503773918123e-11
3.24971161 4.628509982424559e-11
3.251062841 2.9866605118380416e-11
3.2524140729999997 1.7702161005195994e-11
3.253765304 2.9271468445468794e-11
3.255116536 5.840106412446244e-12
3.256467767 7.928688524213876e-12
3.257818999 1.204313420149155e-12
3.25917023 8.17515512829021e-12
3.2605214620000003 1.736407123641684e-11
3.261872693 2.5182928669002697e-11
3.263223924 2.3822769025096098e-11
3.264575156 1.1360591080058636e-11
3.265926387 6.011239183989488e-12
3.267277619 8.145573866946192e-12
3.2686288500000003 8.257657049970539e-12
3.269980082 1.4968658327243074e-12
3.271331313 1.3232557401952174e-11
3.272682544 6.953365056160651e-12
3.274033776 3.640911076818973e-12
3.2753850069999997 1.3080133955894038e-11
3.276736239 1.6744792618935162e-11
3.27808747 3.141897579688782e-11
3.2794387019999998 2.1429133625322914e-11
3.280789933 5.026862001700809e-12
3.282141165 8.947878152184783e-12
3.283492396 1.869379438093366e-11
3.2848436270000003 1.633347657712553e-11
3.286194859 2.1713144753060994e-11
3.2875460899999998 3.95661357061278e-11
3.288897322 3.714927988654818e-11
3.290248553 2.7633385347820082e-11
3.291599785 1.8755226487593272e-11
3.292951016 1.1027352355063534e-11
3.294302247 1.4657739473455708e-11
3.2956534790000003 1.9485101309528528e-11
3.29700471 2.7888203598263633e-12
3.298355942 8.783657933194997e-13
3.299707173 1.5775611671509777e-12
3.301058405 1.122965958119332e-11
3.3024096359999997 1.8794386118638307e-11
3.303760868 1.5358646086380745e-11
3.305112099 6.241875066695025e-12
3.30646333 7.163588091636276e-14
3.307814562 1.2561620154817244e-11
3.309165793 1.802528632396218e-11
3.3105170250000002 1.7737472720954818e-11
3.3118682560000003 3.264417264580461e-11
3.313219488 1.2167886878242413e-11
3.3145707189999998 3.751394030483013e-12
3.315921951 8.97546609681292e-12
3.317273182 1.2561972958991385e-11
3.318624413 1.6638451165086452e-11
3.319975645 1.405464131660605e-11
3.321326876 2.3350980856353288e-11
3.322678108 1.1276228795045225e-11
3.324029339 1.1396999201216205e-11
3.325380571 1.0366417222506e-11
3.326731802 9.352323761623756e-12
3.328083033 3.0121736793764585e-12
3.3294342649999997 1.1270329833674807e-13
3.330785496 2.628566785116485e-12
3.332136728 5.373285010078135e-12
3.333487959 4.0276602488609315e-12
3.334839191 2.822935121283447e-12
3.336190422 6.392597004062519e-12
3.3375416540000002 1.9408951543469582e-11
3.3388928850000004 8.346367470471396e-13
3.340244116 1.8084194782639945e-13
3.341595348 1.1679628435677275e-11
3.342946579 3.219484259430518e-11
3.344297811 2.5017469706164914e-11
3.345649042 1.4380319104564176e-11
3.347000274 2.0509922128751573e-11
3.348351505 1.9462921042311257e-11
3.3497027360000002 2.2486742346659728e-11
3.351053968 1.771185725855632e-11
3.3524051989999997 9.721474135709351e-12
3.353756431 4.204305564483163e-14
3.355107662 5.1344768702289844e-14
3.3564588939999997 8.35940689439465e-14
3.357810125 6.845690867868389e-12
3.359161357 1.384389975096014e-11
3.360512588 1.3223034225789583e-11
3.3618638190000003 3.117383474560319e-11
3.363215051 3.805121872735834e-11
3.3645662819999997 1.0310677930897475e-11
3.3659175140000004 1.849921351749054e-11
3.367268745 4.654433044505495e-11
3.368619977 6.043646695555854e-11
3.369971208 5.947115088520578e-11
3.371322439 4.423775036115604e-11
3.372673671 3.3915230929209454e-11
3.374024902 2.274464314161201e-11
3.375376134 2.576593301215504e-11
3.3767273650000003 4.093981143050021e-11
3.378078597 7.046447819065564e-11
3.3794298279999997 4.063038010766678e-11
3.38078106 1.9263472165544486e-12
3.382132291 2.779348007419333e-12
3.383483522 6.053600266554466e-11
3.384834754 5.678626944682897e-11
3.386185985 4.2458382443156634e-11
3.387537217 5.165504667466682e-11
3.3888884480000003 6.111290697207546e-11
3.39023968 2.2683248445912182e-11
3.3915909109999998 3.5855345036870123e-12
3.3929421430000004 5.5506938948852774e-11
3.3942933739999996 1.2296478415793201e-11
3.3956446049999998 1.1437797989567226e-12
3.396995837 3.844831156286357e-12
3.398347068 6.949178255106182e-11
3.3996983 6.399130947530625e-11
3.401049531 3.657998794641446e-11
3.402400763 3.329058323222108e-11
3.4037519940000003 3.217559100406381e-11
3.405103225 2.8973632070210064e-11
3.4064544569999997 2.970921107238898e-11
3.407805688 2.8409533930253796e-11
3.40915692 2.050520789577749e-11
3.410508151 5.0979926303938104e-11
3.411859383 5.047683150963926e-11
3.413210614 4.238738309378306e-11
3.4145618460000002 3.94613078559858e-11
3.4159130770000004 2.7233423588631292e-11
3.4172643079999996 2.5660363120104804e-11
3.41861554 5.919160417347451e-12
3.419966771 3.625553835934426e-11
3.4213180029999997 3.903123775055011e-11
3.422669234 1.9816188778208185e-11
3.424020466 3.251692240861148e-11
3.425371697 4.119297258293201e-11
3.4267229280000002 4.8335637351252644e-11
3.42807416 1.7455655375585486e-11
3.429425391 1.95435131674635e-12
3.4307766230000003 1.1315768611725721e-12
3.432127854 1.1728299313977044e-11
3.4334790859999997 4.002888840967488e-11
3.434830317 8.33000522235198e-14
3.436181549 1.9531767702174422e-13
3.43753278 8.858853228881717e-13
3.4388840110000003 2.945668114728669e-11
3.440235243 3.0783389638326265e-11
3.441586474 1.515482226267605e-11
3.4429377060000004 5.4635611904262605e-11
3.4442889369999996 7.937946034785501e-11
3.445640169 5.010533103924654e-11
3.4469914 2.4911710872515803e-11
3.448342631 2.574810368212683e-11
3.449693863 2.5465437409755283e-11
3.451045094 4.366159526483095e-11
3.452396326 3.7056249423943013e-11
3.4537475570000002 2.0048844796462585e-11
3.455098789 2.3295909445790722e-11
3.45645002 1.999256913799526e-11
3.4578012520000003 6.16542977124884e-11
3.459152483 2.763104457377479e-11
3.460503714 7.771408333611778e-12
3.461854946 1.1825384406458608e-11
3.463206177 6.849736873220611e-11
3.464557409 7.126920964001683e-11
3.4659086400000003 3.1829463143960305e-11
3.467259872 2.5009019358343473e-12
3.468611103 3.732826095947818e-12
3.469962335 5.222109179925917e-12
3.4713135659999996 1.1889325558090543e-11
3.4726647969999997 2.8914107126596777e-11
3.474016029 6.9179036490541944e-12
3.47536726 5.506588640726656e-12
3.476718492 2.171914683537877e-12
3.478069723 6.014748453633144e-12
3.479420955 1.5075853606585103e-11
3.4807721860000003 1.0066179156426159e-12
3.482123417 1.1919701272024571e-12
3.483474649 2.8135740954535553e-12
3.48482588 1.0901454038509075e-11
3.486177112 4.4355604987557716e-11
3.487528343 3.15626791690741e-11
3.488879575 1.904666122452046e-11
3.490230806 1.3834858734929988e-11
3.491582038 4.363776734836358e-12
3.492933269 2.248926910840847e-11
3.4942845 3.651467281921061e-11
3.495635732 2.6646837662988156e-11
3.496986963 1.909989775599437e-11
3.4983381949999997 6.939388785604928e-12
3.4996894259999998 3.4693285242545407e-12
3.501040658 1.1738872697531205e-12
3.502391889 1.2269925296557372e-11
3.50374312 1.5476280641467223e-11
3.505094352 4.4644737146366305e-12
3.506445583 3.2493709603570958e-12
3.5077968150000003 1.6452494373556394e-11
3.509148046 2.5678353294393898e-11
3.5104992779999997 2.567665855581836e-12
3.511850509 8.726962378368247e-13
3.513201741 9.837981847370777e-13
3.514552972 1.673617237899245e-11
3.515904203 1.1690960426830375e-11
3.517255435 2.428510341486374e-11
3.518606666 2.9258872519053914e-11
3.519957898 1.3987121649873796e-11
3.521309129 1.3388689033710652e-11
3.5226603610000002 6.1917688425860255e-12
3.524011592 9.548148756289944e-12
3.5253628239999997 7.007232245631989e-12
3.526714055 3.4476779907840844e-11
3.528065286 2.5109802709670372e-11
3.529416518 1.2910586129202676e-11
3.5307677490000002 1.3754363262838511e-11
3.532118981 2.6271873869744544e-11
3.533470212 3.882258943884401e-11
3.5348214440000003 2.7879893584731323e-11
3.536172675 1.1582333878622807e-11
3.537523906 1.2878965944726938e-11
3.538875138 1.2856309920660586e-11
3.540226369 3.638105420671941e-11
3.5415776009999997 4.429063290106988e-11
3.542928832 4.166699613428418e-11
3.544280064 3.310710235269509e-11
3.545631295 1.2776422725804483e-12
3.546982527 2.333220217258408e-11
3.548333758 2.956447757538582e-11
3.5496849889999997 3.424787596691667e-11
3.551036221 1.794602865065739e-11
3.552387452 1.9069284670897304e-11
3.553738684 3.9461262104693785e-11
3.555089915 4.1712467730372744e-11
3.556441147 3.441044552284876e-11
3.5577923780000003 3.628992617774773e-11
3.5591436090000004 3.783040769759504e-11
3.560494841 3.1779470545647775e-11
3.561846072 4.8115863470655055e-11
3.563197304 5.153721338106096e-11
3.5645485349999997 1.2440498677248767e-11
3.565899767 1.8974695066440497e-11
3.567250998 4.8983278124914115e-11
3.5686022299999998 7.715511124063463e-11
3.569953461 7.34898733524385e-12
3.571304692 3.8292989283583406e-11
3.572655924 6.653252774400142e-11
3.574007155 7.35783923643806e-11
3.575358387 5.385169754646732e-11
3.5767096179999998 3.985681206208237e-11
3.57806085 2.7340147393703812e-11
3.579412081 4.8009552929954066e-11
3.580763312 7.590425543489517e-11
3.582114544 5.3437336093586024e-11
3.583465775 3.724065385624478e-11
3.5848170070000003 3.514100746388217e-11
3.5861682380000004 3.653156104149172e-11
3.58751947 4.1684919450334135e-11
3.588870701 6.36558713174434e-11
3.5902219329999996 3.059172650960136e-11
3.5915731639999997 2.9056258818445352e-11
3.592924395 4.89867845125122e-11
3.594275627 2.1709352247312478e-11
3.595626858 1.5310247227259424e-11
3.59697809 2.7077772179561335e-11
3.598329321 3.434744774305775e-11
3.5996805530000002 2.5954381539506363e-12
3.601031784 2.9080492196876797e-11
3.602383016 1.4090183718158178e-11
3.603734247 1.2770343306605344e-11
3.605085478 9.565184015595113e-11
3.60643671 1.978885020705493e-10
3.607787941 1.3263429482739288e-10
3.609139173 8.468440868119658e-11
3.610490404 6.033018536007177e-11
3.6118416360000003 6.739584288601711e-11
3.6131928670000004 6.728856894109942e-11
3.6145440979999997 6.163998618775755e-11
3.61589533 7.992858792137621e-11
3.617246561 1.1409785539212627e-10
3.6185977929999997 6.2896162571479e-11
3.619949024 2.040494898977802e-12
3.621300256 3.4597651946019683e-11
3.622651487 1.6211252141242287e-10
3.624002719 1.5655290100130168e-10
3.62535395 9.546193100800011e-11
3.6267051809999997 4.6531540205796065e-11
3.628056413 5.306862501929181e-11
3.629407644 5.70749991453855e-11
3.630758876 6.41361843145591e-11
3.632110107 3.482338964762189e-11
3.633461339 2.360584587653941e-11
3.6348125700000002 9.388885460157534e-11
3.6361638010000004 9.132117888513839e-11
3.637515033 6.950261666455002e-11
3.638866264 5.448846893255696e-11
3.640217496 1.1094304341369662e-11
3.6415687269999997 4.4217313237193714e-11
3.642919959 1.7236375604074253e-10
3.64427119 2.2393238170364152e-10
3.6456224219999998 2.1263806913357095e-10
3.646973653 1.1787998196866137e-10
3.648324884 1.1728280785316535e-11
3.649676116 3.149021565071422e-11
3.6510273470000003 1.065792553797539e-10
3.652378579 1.585434645445783e-10
3.6537298099999997 1.4303767074465148e-10
3.655081042 2.0223975938765679e-10
3.656432273 1.1518830743535913e-10
3.657783504 8.834357236677054e-11
3.659134736 4.745307102596914e-11
3.660485967 3.5283766500620753e-11
3.6618371990000003 7.35750033155188e-11
3.66318843 8.454800673229057e-11
3.664539662 6.053849842273937e-11
3.665890893 3.244548223241257e-11
3.667242125 1.5715309511687632e-12
3.6685933559999997 1.1311045797153513e-12
3.669944587 1.8316122936880687e-11
3.671295819 9.38005418001068e-11
3.67264705 1.1341200798677825e-10
3.673998282 1.7292398884287632e-10
3.675349513 1.3271100137631179e-10
3.676700745 1.9230421440492643e-10
3.6780519760000003 2.7824486636236996e-10
3.679403208 2.4313488597088454e-10
3.6807544389999998 1.2581382244707041e-10
3.68210567 8.853350495006078e-11
3.683456902 1.3185658851412668e-10
3.684808133 1.7761177412901787e-10
3.686159365 1.1216210270328518e-10
3.687510596 1.366019555870996e-11
3.688861828 6.255676789164506e-11
3.690213059 1.3977344566585735e-10
3.6915642899999996 2.1292819369093574e-10
3.692915522 2.0146318941490888e-10
3.694266753 1.2622158771581744e-10
3.6956179849999997 6.684353226795577e-11
3.696969216 8.205767747928731e-11
3.698320448 1.6229027449086204e-10
3.699671679 2.767280293551162e-10
3.701022911 2.9859335040263547e-10
3.702374142 4.4203587568881334e-10
3.703725373 6.987087500731649e-10
3.7050766050000004 8.60525685046074e-10
3.706427836 6.08103221785584e-10
3.707779068 2.882705511436207e-10
3.709130299 4.628440636132029e-10
3.710481531 3.6197232928135374e-10
3.711832762 1.8793628206052288e-10
3.713183993 1.2923856808629629e-11
3.714535225 1.531842956247319e-10
3.7158864560000002 7.826813932767413e-10
3.717237688 5.692888764264373e-10
3.7185889189999997 3.958766238805622e-10
3.719940151 3.2581292784397106e-10
3.721291382 6.867472904762955e-10
3.7226426139999997 9.37195754474521e-10
3.723993845 9.610103937314195e-10
3.725345076 8.985532113415661e-10
3.726696308 3.541179596018028e-10
3.7280475390000003 6.175821746654083e-11
3.729398771 8.807700841889803e-10
3.730750002 6.571744404745056e-10
3.7321012340000004 7.396737708396623e-10
3.733452465 9.919834976192605e-10
3.7348036959999997 1.0049352107276691e-09
3.736154928 9.980442776249846e-10
3.737506159 1.4955468613009288e-09
3.738857391 3.3225252201225264e-09
3.740208622 5.311272751450616e-09
3.741559854 6.354029296931466e-09
3.7429110850000002 4.5431927091813664e-09
3.744262317 2.793592642233077e-09
3.7456135479999997 2.1774774115872074e-09
3.746964779 3.293049289863977e-09
3.748316011 4.235822386990858e-09
3.749667242 4.977324304084289e-09
3.751018474 4.571658400086033e-09
3.752369705 4.0027798405808675e-09
3.753720937 2.6071402949700485e-09
3.7550721680000003 1.1316657082805829e-09
3.7564234 1.1016469028051635e-09
3.757774631 1.8178777322753366e-09
3.759125862 1.856987219024142e-09
3.7604770939999996 2.336223759163581e-10
3.7618283249999998 3.6626894369389973e-09
3.763179557 2.478779472635121e-09
3.764530788 8.061512006002933e-10
3.76588202 5.190054965485065e-09
3.767233251 1.1139856618049177e-08
3.768584482 1.1503985372975237e-08
3.7699357140000003 2.870056526279288e-09
3.771286945 2.2299470313880276e-09
3.7726381769999997 1.9702023028780393e-09
3.773989408 1.85917707206617e-09
3.77534064 2.815099851804984e-09
3.776691871 2.820787004934288e-09
3.778043103 8.353462102926374e-09
3.779394334 1.5129589847695703e-08
3.780745565 1.5478788037626177e-08
3.7820967970000003 1.2596963004426368e-08
3.7834480279999996 1.1421278814574482e-08
3.7847992599999998 1.0524998912515757e-08
3.786150491 1.1655027520251363e-08
3.7875017229999997 1.4798384089971388e-08
3.7888529539999998 2.045476932933842e-08
3.790204185 1.8162083129147568e-08
3.791555417 1.6217899372338635e-08
3.792906648 1.602184473620919e-08
3.79425788 2.2692295585436655e-08
3.795609111 2.041768243903676e-08
3.7969603430000003 1.7583634992472392e-08
3.798311574 2.3670991532258565e-08
3.7996628059999997 2.5792045801444795e-08
3.801014037 1.0330862225991198e-08
3.802365268 1.1149707716221928e-08
3.8037165 1.9475741893328964e-08
3.8050677310000003 3.3366324766738505e-08
3.806418963 5.431751539399409e-08
3.807770194 8.532905461866582e-08
3.8091214260000004 8.111250375267711e-08
3.8104726569999996 4.645214727416997e-08
3.811823889 1.6087009095092663e-08
3.81317512 1.1617866445039171e-08
3.814526351 5.497191676221654e-09
3.815877583 1.713345906389889e-08
3.817228814 4.225765724422099e-08
3.818580046 5.892261691906717e-08
3.8199312770000002 5.515298226620186e-08
3.821282509 6.093356932340055e-08
3.82263374 5.1903311681218785e-08
3.823984971 2.5479060127133116e-08
3.825336203 1.809150103236976e-08
3.826687434 1.3646711007423443e-08
3.828038666 1.1733744963096041e-08
3.829389897 1.264113016212829e-08
3.830741129 2.9220638863061062e-08
3.8320923600000003 5.900675499465189e-08
3.833443592 9.929809201798053e-08
3.834794823 2.3811342264959113e-07
3.836146054 3.508158929794596e-07
3.8374972859999996 3.459127533274215e-07
3.8388485169999997 3.021785293817892e-07
3.840199749 2.5214367731454577e-07
3.84155098 2.1709302373581106e-07
3.842902212 2.9677326029492835e-07
3.844253443 2.9985429799864666e-07
3.845604674 2.3160015692652693e-07
3.8469559060000003 3.895014688183437e-07
3.848307137 4.5146153992132215e-07
3.849658369 4.3480671116650883e-07
3.8510096 4.2357396723666256e-07
3.852360832 4.009761968990497e-07
3.853712063 4.2148279911637293e-07
3.855063295 6.608328424822133e-07
3.856414526 1.0002224462366126e-06
3.857765757 9.459843372294462e-07
3.859116989 7.449770516884186e-07
3.86046822 7.501096303212138e-07
3.861819452 7.78544029931776e-07
3.863170683 6.82049196637813e-07
3.8645219149999996 5.746301866513829e-07
3.8658731459999998 1.208660739214445e-06
3.867224377 2.218729313635059e-06
3.868575609 1.6749214982478563e-06
3.86992684 4.759237808598922e-07
3.871278072 3.695126370416914e-07
3.872629303 4.0021772744104787e-07
3.8739805350000003 4.413240058333085e-08
3.875331766 1.3758397074698125e-07
3.876682998 2.254081073911454e-08
3.878034229 1.4879176803362615e-07
3.87938546 8.902372126969784e-07
3.880736692 1.7786692541433672e-06
3.882087923 2.301366848157437e-06
3.883439155 2.132905880630287e-06
3.884790386 2.5250426004692265e-06
3.886141618 2.5659622833734257e-06
3.887492849 1.3937203160255227e-06
3.8888440810000002 9.513752580963516e-07
3.890195312 8.427653052369694e-07
3.891546543 1.350398094677657e-06
3.892897775 1.2986541398312965e-06
3.894249006 1.1176365498720238e-06
3.895600238 7.499404131578037e-07
3.8969514690000002 7.713995131256665e-07
3.898302701 4.586393719238626e-07
3.899653932 6.649804063224858e-07
3.9010051629999998 4.2169400648242776e-07
3.902356395 4.341336188727757e-07
3.903707626 1.1124019406857494e-06
3.905058858 1.7074704379084708e-06
3.906410089 1.6581336244444448e-06
3.9077613209999997 1.524640575712922e-06
3.909112552 1.33093664136012e-06
3.910463784 8.47330373271645e-07
3.911815015 1.6712481917921e-06
3.913166246 2.9133364037198308e-06
3.914517478 4.072511046737553e-06
3.9158687089999997 5.176479956263519e-06
3.917219941 4.138298147952116e-06
3.918571172 1.8246175312498786e-06
3.919922404 1.2047119270689066e-06
3.921273635 2.231947869119905e-06
3.922624866 2.2708281918339376e-06
3.9239760980000002 2.3213705055851e-06
3.9253273290000004 2.1521161952907187e-06
3.926678561 3.76221086684924e-07
3.928029792 4.025962809997091e-07
3.929381024 3.0878759844524713e-06
3.9307322549999997 3.817749530582452e-06
3.932083487 2.7423098690610792e-06
3.933434718 2.287254657836259e-06
3.934785949 1.9993912714321715e-06
3.936137181 1.4467579817004183e-06
3.937488412 1.2853505271632266e-06
3.938839644 2.8001934442873943e-06
3.940190875 3.0295165659565092e-06
3.941542107 2.5222933305609566e-06
3.9428933379999997 2.579491030342477e-06
3.944244569 3.978681804910766e-06
3.945595801 4.026963562862951e-06
3.946947032 3.03595658491066e-06
3.948298264 2.9499325700041485e-06
3.949649495 2.890272938695515e-06
3.9510007270000003 3.2185520621181966e-06
3.9523519580000004 4.540226142849029e-06
3.95370319 3.792827980427395e-06
3.955054421 3.278725222645867e-06
3.956405652 2.703362940200142e-06
3.9577568839999997 2.6294700818334205e-06
3.959108115 1.968602180417724e-06
3.960459347 2.13326308583676e-06
3.961810578 3.451545955156252e-06
3.96316181 3.820217406701651e-06
3.964513041 3.4201192294748677e-06
3.965864273 2.0059896264913954e-06
3.967215504 1.4059026845072679e-06
3.968566735 2.995598032648306e-07
3.9699179669999998 9.736066993280272e-07
3.971269198 3.101005412082621e-06
3.97262043 5.2495541236413185e-06
3.973971661 6.060227860179675e-06
3.975322893 5.1525842459542325e-06
3.976674124 5.457287571428264e-06
3.978025355 5.860623595395927e-06
3.9793765870000004 6.3035214642872405e-06
3.9807278179999996 6.318461537324228e-06
3.98207905 5.265659380431582e-06
3.983430281 4.741156329320742e-06
3.9847815129999997 4.7578592101059366e-06
3.986132744 4.572545704947467e-06
3.987483976 5.067004361766712e-06
3.988835207 5.416430075696765e-06
3.9901864380000003 4.966915553623334e-06
3.99153767 4.082687331438939e-06
3.9928889009999997 2.288895181406334e-06
3.994240133 2.2546572533403586e-06
3.995591364 1.2583992324603836e-06
3.996942596 4.681909191335416e-07
3.998293827 6.409353605543085e-07
3.999645058 1.745390334309838e-06
4.00099629 2.4611374270945814e-06
4.002347521 3.30835186986287e-06
4.003698753 4.3676571457435e-06
4.005049984 4.084336460998943e-06
4.006401216 2.651494343187285e-06
4.007752447 1.8152973242634874e-06
4.009103679 2.4531897125045746e-06
4.01045491 2.262263769867158e-06
4.011806141 2.293231564548069e-06
4.013157373 2.6676532020603017e-06
4.014508604 2.5423479128487697e-06
4.015859836 2.811951582288469e-06
4.017211067 3.994569080777774e-06
4.018562299 4.50023032462557e-06
4.01991353 3.164655633011373e-06
4.021264761 2.3569348191541973e-06
4.022615993 2.4470598630404043e-06
4.023967224 2.2790885509180724e-06
4.025318456 2.208466450591421e-06
4.026669687 2.055502981535081e-06
4.028020919 2.7954024943982142e-06
4.02937215 3.54813057484602e-06
4.030723382 2.8818605645414887e-06
4.032074613 2.03770162273694e-06
4.033425844 2.9072747454540582e-06
4.034777076 2.9748671598047174e-06
4.036128307 2.1570017640984814e-06
4.037479539 1.6067298817473707e-06
4.03883077 1.6139586788843847e-06
4.040182002 2.441429216095539e-06
4.041533233 3.995293465839937e-06
4.042884465 4.444410880834857e-06
4.044235696 3.1810857725727882e-06
4.0455869269999996 1.4647880680539461e-06
4.046938159 9.69253626538554e-07
4.04828939 1.1267343309236386e-06
4.049640622 2.4588425071844277e-06
4.050991853 1.5010866933651868e-06
4.052343085 1.3340747119823328e-06
4.053694316 2.840360788971175e-06
4.055045547 3.5755601491423306e-06
4.056396779 2.649266731691279e-06
4.05774801 1.5360672425323993e-06
4.059099241999999 1.1703065728158032e-06
4.0604504729999995 2.1056946340989815e-06
4.061801705 2.768296553848743e-06
4.063152936 2.882571849104802e-06
4.064504168 1.3881859734320022e-06
4.065855399 1.1814913778370856e-08
4.06720663 1.585995688964279e-08
4.0685578620000005 1.9411988703046797e-07
4.069909093000001 1.3779690654009218e-06
4.071260325 3.5172278585514714e-06
4.072611556 4.937758477828712e-06
4.073962788 4.806760080288835e-06
4.075314019 4.0772387053817245e-06
4.07666525 2.9436812622211835e-06
4.078016482 2.202415532269328e-06
4.079367713 1.605173956623305e-06
4.080718945 1.0806977882518181e-06
4.082070176 4.702909844884596e-07
4.083421408 9.677158823837746e-07
4.084772639 3.200511052741252e-06
4.086123871 4.41147035003777e-06
4.087475102 3.92951570923924e-06
4.088826333 4.3015394103463414e-06
4.090177565 4.69895615586323e-06
4.091528796 3.183459193052349e-06
4.092880028 1.1176699071383625e-06
4.094231259 8.656371458108392e-07
4.095582491 4.4067590184911305e-07
4.096933722 9.622333317444596e-07
4.098284953 1.5328088184294751e-06
4.0996361850000005 1.6938920727494082e-06
4.100987416 1.1750225895544649e-06
4.102338648 6.724193901245299e-07
4.103689878999999 3.4259768218635876e-07
4.105041110999999 1.294497746363595e-06
4.106392342 2.0800977917914523e-06
4.107743574 1.227497842888818e-06
4.109094805 3.7213052190430384e-08
4.110446036 1.8120801738989438e-08
4.111797268 3.3399678706524286e-07
4.113148499 1.3144281775651792e-06
4.1144997309999995 1.369954284620335e-06
4.115850962000001 9.787455747854481e-07
4.117202194000001 2.1665537644143915e-06
4.118553425 4.056474528560247e-06
4.119904657 2.4976283941246226e-06
4.121255887999999 1.187671536975637e-06
4.122607119 1.0983313438253356e-06
4.123958351000001 1.1895356354895107e-06
4.125309582 7.006138888841221e-07
4.126660814 7.522247672833477e-08
4.128012045 7.243674580240888e-09
4.129363277 2.383703118545258e-07
4.130714508 1.3839656939078569e-06
4.132065739 3.313804540599952e-06
4.133416971 2.795538411541929e-06
4.134768202 1.1559850374843017e-06
4.136119434 7.071657649726595e-07
4.1374706649999995 7.037096286314983e-07
4.138821897 5.425308471741267e-07
4.140173128000001 4.7439559127497684e-08
4.14152436 8.193964216123879e-08
4.142875591 6.715688758016649e-08
4.144226821999999 5.9933256185758964e-09
4.145578054 2.11720502426475e-07
4.146929285000001 1.382351018612387e-06
4.148280517 1.5912407260099298e-06
4.149631748 1.5600220952319959e-06
4.15098298 1.1264391467630126e-06
4.152334211 7.803397097841247e-07
4.153685442 8.737306865523594e-07
4.155036674 1.210056594709678e-06
4.156387905 1.5199146354082395e-06
4.157739136999999 1.2616748262022254e-06
4.159090368 5.12403279648978e-07
4.1604416 2.3367972984369821e-07
4.161792831 3.9216800977095443e-07
4.163144063 1.0401136848362118e-06
4.164495294 1.5816937586113349e-06
4.165846525 1.7345518154066433e-06
4.167197757 1.8180972037095613e-06
4.1685489879999995 2.1502947594901493e-06
4.169900220000001 2.691595628171718e-06
4.171251451 3.1683331603918093e-06
4.172602683 2.9425649622413673e-06
4.173953914 2.0091106724869903e-06
4.1753051459999995 1.6808176601113897e-06
4.1766563770000005 1.911595598876004e-06
4.178007608 2.648440471481024e-06
4.17935884 3.1722262572306045e-06
4.180710071 2.6251682304585168e-06
4.182061303 2.1015089401685603e-06
4.183412534 1.603990604292355e-06
4.184763766 1.2033419499040965e-06
4.186114997 1.2216920514443922e-06
4.187466228 1.9435157490029468e-06
4.18881746 2.6761538053401396e-06
4.190168691 2.82237224055991e-06
4.1915199229999995 2.132289177809982e-06
4.1928711540000005 1.7941102172805017e-06
4.194222386000001 6.92758687587438e-07
4.195573617 1.96900572776917e-08
4.196924849 1.4251266979319388e-08
4.198276079999999 2.7830653565189597e-07
4.199627311 1.011844389583853e-06
4.200978543 1.1402511235125667e-06
4.202329774 3.242932289131455e-06
4.203681006 3.856356039616351e-06
4.205032237 3.5787628480694654e-06
4.206383469 2.4641811426531616e-06
4.2077347 2.224825209752401e-06
4.209085931 2.6836264875912414e-06
4.210437163 2.428453329470853e-06
4.211788394 3.0087114430772572e-06
4.213139626 3.5221448852956562e-06
4.2144908569999995 3.0622980475292644e-06
4.215842089 2.9396879542974095e-06
4.217193320000001 3.645903746150841e-06
4.218544552 3.055275256383021e-06
4.219895783 2.318257769610795e-06
4.221247013999999 2.477946153286832e-06
4.2225982459999996 2.2079018871282033e-06
4.223949477 3.7619150832674203e-06
4.225300709 3.9241495662694885e-06
4.22665194 2.0607155328338354e-06
4.228003171999999 1.0451209574905594e-06
4.229354403 1.0230485858800061e-07
4.2307056339999995 1.3310820468970478e-07
4.232056866 5.94505133790836e-07
4.233408097000001 8.89104985641536e-07
4.234759329 2.141495852394111e-06
4.23611056 3.816055285046105e-06
4.237461792 4.954600145982768e-06
4.238813023 5.094091266251077e-06
4.240164255 4.921577864668443e-06
4.241515486 4.233490708653293e-06
4.242866717 3.757876670430754e-06
4.244217949 3.488629066254107e-06
4.24556918 3.555617418428513e-06
4.246920412000001 3.1269143277941765e-06
4.248271643 3.2930003730809294e-06
4.249622875 2.3071053694552745e-06
4.250974105999999 5.2102378704318e-07
4.2523253379999995 4.703392323475385e-07
4.2536765690000005 2.036224188499141e-06
4.2550278 2.523078286521694e-06
4.256379032 2.938859464051375e-06
4.257730263 3.3108237566680243e-06
4.259081495 2.220018709187819e-06
4.260432726 9.246310984224612e-07
4.261783958 2.6774609693139804e-07
4.263135189 3.543710909380019e-07
4.26448642 6.12078432559497e-07
4.265837652 1.9570809756960218e-06
4.267188883 3.065112629856809e-06
4.2685401149999995 1.8945227799189456e-06
4.2698913460000005 8.391162008277002e-07
4.271242578000001 3.9121170772392197e-07
4.272593809 4.524302162036353e-07
4.273945041 1.3871114075817355e-06
4.275296271999999 1.8026099761774315e-06
4.276647503 1.8021835066278638e-06
4.277998735 2.3001650113290755e-06
4.279349966 3.4738883688869147e-06
4.280701198 3.7711749740042873e-06
4.282052429 3.4928521384219608e-06
4.283403661 2.742106298488475e-06
4.284754892 2.001485391488711e-06
4.286106123 1.3074272851138253e-06
4.287457355 7.954352183978164e-07
4.288808586 8.08461409037648e-07
4.290159818 1.4928142837835857e-06
4.2915110489999995 1.7286484363983244e-06
4.292862281 1.5509731328155938e-06
4.294213512000001 2.069305748861292e-06
4.295564744 1.3811017364922807e-06
4.296915975 7.810117400754724e-08
4.298267206 4.418824026976492e-08
4.299618438 4.430614981495268e-08
4.300969669 5.631645258870813e-09
4.302320901 5.630329784231339e-09
4.303672132 2.4439104956867956e-08
4.305023363999999 1.7544970449768388e-07
4.306374595 3.1842562208598954e-07
4.3077258259999995 7.042888184416947e-07
4.309077058 6.939176051205826e-07
4.310428289000001 4.851894896122993e-07
4.311779521 4.0322504262460814e-07
4.313130752 2.1216701856894786e-07
4.314481984 1.2526012080436088e-08
4.315833215 5.17920955164656e-09
4.317184447 4.9574803459936006e-09
4.318535678 5.5320451665351335e-09
4.319886909 1.459370582110271e-07
4.321238141 9.18801670410738e-07
4.322589372 1.5537838038787012e-06
4.323940604000001 2.5962472689601586e-06
4.325291835 2.6935759060541656e-06
4.326643067 1.4854132860622664e-06
4.327994297999999 1.1058298915959427e-06
4.329345529999999 1.1438866648929697e-06
4.3306967610000004 1.0138059764894281e-06
4.332047992 5.516957516061181e-08
4.333399224 7.146485491695576e-09
4.334750455 1.6111644385335257e-07
4.336101687 1.0908733282419814e-08
4.337452918 5.593498031995352e-09
4.33880415 6.736238509511756e-09
4.340155381 9.802714789674045e-08
4.341506612 3.42058165238722e-08
4.342857844 2.6293570385919195e-08
4.344209075 5.585629749440566e-09
4.3455603069999995 5.587389645987389e-09
4.3469115380000005 5.588385560796085e-09
4.34826277 1.14188448082347e-08
4.349614001 2.826378741793655e-07
4.350965233 8.363582397679913e-07
4.352316464 7.706808917118285e-07
4.353667695 3.5722300954499834e-07
4.355018927 9.000649643891184e-08
4.356370158 1.810725253996142e-07
4.35772139 3.5002024893220985e-07
4.359072621 9.133067133312241e-07
4.360423853 1.937050677595865e-06
4.361775084 1.7929597711201867e-06
4.363126315000001 1.7566965513770905e-06
4.364477547000001 1.9380440123030742e-06
4.365828778 1.047499424012875e-06
4.36718001 1.7155639039550612e-07
4.3685312409999995 9.808878734779084e-07
4.369882473 2.084940051384165e-06
4.371233704 2.1753370741418706e-06
4.372584936 1.9488189155548493e-06
4.373936167 2.151740493863954e-06
4.375287398 2.2031945314518037e-06
4.37663863 1.5178885656934028e-06
4.377989861 1.604779085210747e-07
4.379341093 1.0280280332234044e-06
4.380692324 1.26034822304015e-06
4.382043555999999 1.3357874021110192e-06
4.383394787 1.3929926392108614e-06
4.3847460179999995 1.0173689976694214e-06
4.38609725 6.165985852745868e-07
4.387448481000001 1.3665598571254532e-08
4.388799713 5.512012084073965e-09
4.390150944 5.508674916207374e-09
4.391502176 5.505345200486395e-09
4.392853407 5.502024292740611e-09
4.394204639 9.970039195731479e-09
4.39555587 1.583246980182184e-07
4.396907101 4.941530069160486e-07
4.398258332999999 1.0095050063407622e-06
4.399609564 8.927540096790276e-07
4.400960796000001 4.4988935219950595e-07
4.402312027 1.313292515082039e-08
4.403663259 5.479137126691585e-09
4.405014489999999 5.4766373557971615e-09
4.406365721999999 5.4800328404028105e-09
4.407716953 5.477542875899927e-09
4.409068184 5.4751272975183385e-09
4.410419416 5.472768321858872e-09
4.411770647 5.470490226270569e-09
4.413121879 5.4690328452737205e-09
4.41447311 5.472357052677582e-09
4.415824342 5.470268001849933e-09
4.417175573000001 1.7300354372141407e-08
4.418526804 2.397036077275563e-07
4.419878036 2.1831966585525696e-06
4.421229266999999 2.213662593781193e-06
4.4225804989999995 1.497836201416858e-06
4.4239317300000005 2.9654012205252907e-07
4.425282962 6.895874394369921e-09
4.426634193 5.455426682440279e-09
4.427985425 5.453780535142315e-09
4.429336656 5.452193641356998e-09
4.430687887 5.450641618223256e-09
4.432039119 5.449142983521094e-09
4.43339035 5.447675142687535e-09
4.434741582 5.4462603241930194e-09
4.436092813 5.4448795132292995e-09
4.437444045 5.443534700188692e-09
4.438795276 5.4422196248015e-09
4.440146507000001 5.440936548603092e-09
4.441497739000001 5.4396895475007885e-09
4.44284897 5.43845856647491e-09
4.444200202 5.437221662601575e-09
4.445551432999999 3.233989866924075e-08
4.446902665 1.1192875501583345e-07
4.448253896 5.743673183228228e-09
4.449605128 5.431556200183549e-09
4.450956359 5.430157397868033e-09
4.45230759 5.4287777514092375e-09
4.453658822 5.4273846537861675e-09
4.455010053 5.425989995893616e-09
4.456361285 5.4245943791781e-09
4.457712516 5.423200159857981e-09
4.459063747999999 5.421803456196785e-09
4.460414979 5.42039250587363e-09
4.4617662110000005 5.41899331234194e-09
4.463117442 5.417588959649232e-09
4.464468673000001 5.416191749969008e-09
4.465819905 5.414763727507957e-09
4.467171136 5.413337170543192e-09
4.468522368 3.782809145386856e-08
4.469873599 9.507648961382661e-07
4.471224831000001 1.646431640531069e-06
4.472576062 4.4156382895197435e-07
4.473927293 4.9724552840476674e-08
4.475278524999999 5.4043845028724625e-09
4.476629756 5.406553615391665e-09
4.4779809880000006 5.407144681554594e-09
4.479332219 5.405535325498826e-09
4.480683451 5.403885231019862e-09
4.482034682 5.4022121190456904e-09
4.483385914 5.400490649080476e-09
4.484737145 5.40328334977657e-09
4.486088376 5.4031173573189816e-09
4.487439608 1.1079703022521734e-08
4.488790839 6.138571078855919e-07
4.490142071 1.2371802456605443e-06
4.491493302 1.7722382601797612e-06
4.492844534 1.8476658550485284e-06
4.494195765000001 1.296805906662471e-06
4.495546996 4.895042645896255e-07
4.496898228 7.906464137963463e-08
4.498249458999999 6.3085638246108255e-09
4.4996006909999995 5.383289038670958e-09
4.5009519220000005 5.381045388282689e-09
4.502303154 5.3787805050703815e-09
4.503654385 5.37646076004463e-09
4.505005617 5.374079494831234e-09
4.506356848 5.436179882848538e-09
4.507708079 1.2031078019981792e-07
4.509059311 1.0147033525316166e-06
4.510410542 6.345432507827037e-07
4.511761774 9.000587724337185e-09
4.513113005 5.358912168323936e-09
4.514464237 5.356244803800854e-09
4.5158154679999996 5.35352341800776e-09
4.517166699000001 5.350761416072039e-09
4.518517931 1.3850246269989615e-08
4.519869162 1.432023038463682e-06
4.521220394 2.538454259278743e-06
4.522571624999999 1.5737274460173683e-06
4.523922857 1.0512285412121024e-06
4.525274088 1.0716396811105438e-06
4.52662532 1.1734984590394384e-06
4.527976551 1.361503067907207e-06
4.529327782 8.115336845254432e-07
4.530679014 6.390930692900216e-08
4.532030245 5.317711317815185e-09
4.533381477 5.3144957128432815e-09
4.534732708 5.3112517747120625e-09
4.53608394 5.3080276458177335e-09
4.537435171 5.3047682845033246e-09
4.5387864030000005 5.301490470308049e-09
4.540137634 5.298187491321531e-09
4.541488865 5.294886064509204e-09
4.542840097 5.291569087996458e-09
4.544191328 5.8293163510280825e-09
4.5455425599999995 1.488566544116227e-08
4.5468937910000005 5.232702493891479e-08
4.548245023000001 1.4022616842297853e-07
4.549596254 3.429199242363345e-07
4.550947485 1.2541417866929116e-06
4.552298716999999 4.894392169338468e-06
4.553649948 8.45655633566284e-06
4.5550011800000005 1.1689695537080719e-05
4.556352411 1.7429570061564345e-05
4.557703643 2.2228661955815985e-05
4.559054874 2.78279792971672e-05
4.560406106 3.806499092050858e-05
4.561757337 5.076549758066591e-05
4.563108568 6.695305020404632e-05
4.5644598 8.901158452234538e-05
4.565811031 0.00011854032722814019
4.567162263 0.0001547651537676836
4.568513493999999 0.00020009964773722776
4.569864726 0.0002555532340404387
4.571215957000001 0.000322061288128245
4.572567188 0.0004029973915209787
4.57391842 0.0004999357789557974
4.575269650999999 0.0006044069442165548
4.5766208829999995 0.0007173556807817393
4.5779721140000005 0.0008356388153983204
4.579323346 0.000931673714305526
4.580674577 0.001015595048987783
4.582025809 0.0010837056088291968
4.58337704 0.001116162536425554
4.584728271 0.001141093478326367
4.586079503 0.0011598466110772933
4.587430734 0.0011885526629160747
4.588781966 0.0012336529357940807
4.590133197 0.001296164158417277
4.591484429 0.0013909241138359135
4.5928356599999995 0.0015116283000894313
4.5941868910000005 0.0016622905136021726
4.595538123 0.0018622101920094769
4.596889354 0.002102665728574769
4.598240586 0.002392716974338285
4.599591817 0.0027601801541636793
4.6009430490000005 0.0032054721306964597
4.60229428 0.0037484287455414322
4.603645512 0.004432070171607402
4.604996743 0.005270550229583981
4.606347974 0.006306999244235701
4.607699206 0.007614253620586738
4.609050437 0.009226904634695207
4.610401669 0.011228907677622987
4.611752900000001 0.013742012102210599
4.613104132 0.016855204948658917
4.614455363 0.020729728455499176
4.6158065950000005 0.025563747522786555
4.617157826 0.0315678544830042
4.618509057 0.03905669514764383
4.619860289 0.04837186029515829
4.62121152 0.05993569553252068
4.622562751999999 0.07425283548549787
4.6239139830000004 0.0916155667087842
4.625265215000001 0.11263952124248988
4.626616446 0.13712648980589764
4.627967677 0.16424447321654578
4.629318908999999 0.19452878683594788
4.63067014 0.22494625279997557
4.6320213720000005 0.25443630530839456
4.633372603 0.28353750462280813
4.634723835 0.3066932262616577
4.636075066 0.32586348054944086
4.637426298 0.3415782014334704
4.638777529 0.35002484796602035
4.64012876 0.35573011431421686
4.641479992 0.3588564465558599
4.642831223 0.3591934264590334
4.644182455 0.35916149071027814
4.645533685999999 0.35870611066588365
4.646884918 0.3585584252727121
4.648236149000001 0.3587257081644173
4.64958738 0.35935475070494743
4.650938612 0.3603792373913129
4.652289842999999 0.36188144164884045
4.6536410749999995 0.36298398501925544
4.6549923060000005 0.36375476350320707
4.656343538 0.36425498440332105
4.657694769 0.36412477667007453
4.659046001 0.3635108392007861
4.660397232 0.3626012988973819
4.661748463 0.361317813060852
4.663099695 0.35998281925375764
4.664450926000001 0.3586096372091694
4.665802158 0.3572408674823134
4.667153389 0.3555771208160283
4.668504621 0.3535467954420802
4.6698558519999995 0.34925681928525165
4.6712070830000005 0.34300922097194086
4.672558315 0.3335155571470456
4.673909546 0.3182120424609919
4.675260778 0.2999366740027686
4.676612009 0.27560485437097043
4.6779632410000005 0.24703879979702542
4.679314472 0.21787640297204558
4.680665704 0.18527438022690523
4.682016935 0.15450887603010083
4.683368166 0.1266367644377314
4.684719398 0.10075157890428443
4.686070629 0.07944768757086602
4.687421861 0.06188758563950106
4.688773092 0.04784161554430822
4.690124324 0.03694219936863208
4.691475555 0.028550017044254195
4.6928267869999996 0.022192406175565175
4.694178018 0.017321503233021153
4.695529249 0.013661072435188798
4.696880481 0.01085514684416158
4.698231712 0.00868924262183526
4.699582943999999 0.007040791197522555
4.700934175 0.005736405832284323
4.702285407000001 0.004709586027242771
4.703636638 0.0039044785896381103
4.704987869 0.0032529796643292106
4.706339100999999 0.0027332648325029394
4.707690332 0.002311258882741924
4.7090415640000005 0.001962481383089488
4.710392795 0.0016813954519505649
4.711744027 0.0014461276566503575
4.713095258 0.0012485807141620726
4.71444649 0.001080910439770907
4.7157977209999995 0.0009374961973226117
4.717148952 0.000815673898128492
4.718500184000001 0.0007125873223781241
4.719851415 0.0006237901857068276
4.721202647 0.0005474735204354679
4.722553877999999 0.00048225090750983896
4.72390511 0.0004260469304210705
4.725256341000001 0.0003793130490151494
4.726607572 0.00033968936966839383
4.727958804 0.0003070238275779543
4.729310035 0.0002831487912160441
4.730661267 0.00026326844011453465
4.7320124980000005 0.00024730050113745634
4.73336373 0.00023258877852511692
4.734714961 0.00021916077576850977
4.736066193 0.00020808869764624935
4.737417424 0.00019690468348843178
4.738768654999999 0.0001852799009889338
4.740119887 0.00017184486778009902
4.741471118000001 0.00015881570160855145
4.74282235 0.00014681205172725677
4.744173581 0.00013582727087241284
4.745524813 0.00012579277233560978
4.7468760439999995 0.00011678845905018688
4.748227276 0.00010852545908778262
4.749578507 0.00010083779877903357
4.750929738 9.099494409303493e-05
4.75228097 8.109034162455045e-05
4.753632201 7.073490698776517e-05
4.7549834330000005 6.282938150325572e-05
4.756334664 5.680777482114303e-05
4.757685896 5.1185789664376144e-05
4.759037127 4.572187730617568e-05
4.760388358 4.007982526644755e-05
4.76173959 3.525254266684542e-05
4.763090821 3.090844702041395e-05
4.764442053 2.5136712650445296e-05
4.765793284 1.807741177065935e-05
4.767144516 1.2887285899962691e-05
4.768495747 7.452303086355002e-06
4.7698469789999995 3.893859620712162e-06
4.77119821 1.4128770623979347e-06
4.772549441 1.0432972067127475e-07
4.773900673 5.059283002917745e-09
4.775251904 4.668097540006012e-09
4.776603135999999 4.664184631237644e-09
4.777954367 4.6602446861803285e-09
4.779305599000001 2.3320222233927876e-08
4.78065683 1.0740078044602023e-06
4.782008061000001 1.7059542012155924e-06
4.783359293 3.250129079634761e-06
4.784710524 4.1573196976077535e-06
4.7860617560000005 6.301912678361257e-06
4.787412987 8.147822114215207e-06
4.788764219 9.645616489053637e-06
4.79011545 1.0679604610166219e-05
4.791466682 1.1448562272466684e-05
4.7928179129999995 1.1597317306364522e-05
4.7941691440000005 1.1332238970962082e-05
4.795520376000001 1.052475112675537e-05
4.796871607 9.892528207974644e-06
4.798222839 9.58094421142632e-06
4.799574069999999 9.992127878337033e-06
4.800925302 1.050555398024711e-05
4.802276533000001 1.0493819765023161e-05
4.803627764 9.301540163083563e-06
4.804978996 8.705933980336385e-06
4.806330227 6.6559214872524105e-06
4.807681459 5.509153269559915e-06
4.80903269 4.009732809354904e-06
4.810383922 3.1543711153512605e-06
4.811735153 2.771457120334777e-06
4.813086384999999 3.047280064117953e-06
4.814437616 3.9232888317430665e-06
4.815788846999999 3.955356221201933e-06
4.817140079 3.684856693268945e-06
4.818491310000001 3.2657523651512797e-06
4.819842542 2.72710529921515e-06
4.821193773 2.2700053525241374e-06
4.822545005 1.8052550943248734e-06
4.8238962359999995 7.04236526226615e-08
4.825247468 4.5406839982131485e-09
4.826598699 4.537517065543927e-09
4.82794993 4.534360208980391e-09
4.829301162 4.5311678275411645e-09
4.830652393 9.460765104254975e-09
4.8320036250000005 4.157155393275775e-08
4.833354856 6.558215334566565e-09
4.834706088 4.518034885093517e-09
4.836057318999999 4.5146590733288994e-09
4.83740855 9.975901567316725e-09
4.838759782 8.404369421366138e-08
4.840111013 3.143657295555331e-07
4.841462245 1.0108715731769592e-07
4.842813476 5.4294918786540515e-09
4.844164708 1.4110535099669335e-08
4.845515939 2.471131789153484e-07
4.8468671709999995 5.01080966633196e-07
4.8482184020000005 8.249832805304639e-07
4.849569633 1.0743860896697482e-06
4.850920865 1.4934584172406855e-06
4.852272096 2.1482849819023873e-06
4.853623327999999 2.5504781131830884e-06
4.854974559 2.9280546142523356e-06
4.856325791000001 2.9573730611859295e-06
4.857677022 2.9329227610873767e-06
4.859028253 2.910985898548051e-06
4.860379485 3.036811104248735e-06
4.861730716 3.1596125126416498e-06
4.863081948 3.285099546280065e-06
4.864433179 3.0583287560351706e-06
4.865784411 3.38417147469325e-06
4.867135642 2.5621300463767555e-06
4.868486874 1.9159226917347113e-06
4.8698381049999995 1.1396737728818473e-06
4.8711893360000005 2.6020671341704727e-07
4.872540568000001 3.229398215512407e-08
4.873891799 7.189800522822215e-09
4.875243031 4.363627320737647e-09
4.876594261999999 4.3591342426205e-09
4.8779454939999995 4.3536307689741644e-09
4.879296725000001 4.3443753005964415e-09
4.880647956 4.334988841298823e-09
4.881999188 4.32551822049618e-09
4.883350419 4.315957919491099e-09
4.884701651 4.306340560968694e-09
4.8860528819999995 4.296708520847904e-09
4.887404114 4.287055469809959e-09
4.888755345 4.277356077205619e-09
4.890106576999999 4.26761062770169e-09
4.891457808 4.2578471033721854e-09
4.892809038999999 4.248107462566882e-09
4.894160271 4.238379451430591e-09
4.895511502000001 4.228636756833157e-09
4.896862734 4.218880600911461e-09
4.898213965 4.209142714887887e-09
4.899565197 4.1994594738368415e-09
4.900916428 4.189822659425753e-09
4.902267660000001 4.180205348040049e-09
4.903618891 4.170609696759205e-09
4.904970122 4.180484156065359e-09
4.906321354 1.4027908782234978e-08
4.907672585 1.1202223837996359e-07
4.9090238170000005 6.936316496899157e-07
4.910375048 2.321212480596628e-06
4.91172628 3.3811344475236784e-06
4.913077511 3.48907389540666e-06
4.914428742 3.357853816459752e-06
4.915779974 3.1553174555510784e-06
4.917131205 2.990216880682751e-06
4.918482437 3.2156337676620142e-06
4.919833668 2.708655795191492e-06
4.9211849 1.73659429103435e-06
4.922536131 5.808627092656803e-07
4.9238873629999995 4.625150595555825e-07
4.9252385940000005 5.582537549767381e-07
4.926589825 7.195606157558208e-07
4.927941057 1.1689100469512988e-06
4.929292288 1.6122519595411523e-06
4.930643519999999 1.7004818052228616e-06
4.931994751 1.1006276447906303e-06
4.933345983000001 6.661229493398004e-07
4.934697214 1.9148933045138545e-07
4.936048445 4.9344140186478347e-08
4.937399677 1.329148563750815e-08
4.938750908 4.428798612566326e-08
4.94010214 2.3113194101404167e-07
4.941453371 9.554525400283908e-09
4.942804603 3.857861218376486e-09
4.944155834 3.840936196567578e-09
4.945507066 6.6578966089681525e-09
4.9468582969999995 8.05922185911786e-08
4.9482095280000005 2.550470292729878e-07
4.949560760000001 5.27581922336219e-07
4.950911991 5.696007172594086e-07
4.952263223 5.429947904218503e-07
4.953614453999999 4.06484472507464e-07
4.9549656859999995 4.261687097090078e-08
4.9563169170000005 4.073987969197892e-09
4.957668148 3.6201479138482115e-09
4.95901938 3.5922102721506523e-09
4.960370611 3.5631629503437192e-09
4.961721843 3.533045817848927e-09
4.9630730739999995 3.501702397353452e-09
4.964424306 3.4693297565025507e-09
4.965775537000001 3.435735247591897e-09
4.967126769 3.401164393492413e-09
4.968478 3.3654944218881613e-09
4.969829230999999 3.3287750865186714e-09
4.971180463 3.2910635808987196e-09
4.972531694000001 3.252307081992815e-09
4.973882926 3.212756266013796e-09
4.975234157 3.1721881570969315e-09
4.976585389 3.130861661511808e-09
4.97793662 3.0886579854007558e-09
4.979287852000001 3.0457344870562937e-09
4.980639083 3.0021506232158994e-09
4.981990314 2.9578919882299786e-09
4.983341545999999 2.9131171182065595e-09
4.984692777 2.8676791679940394e-09
4.986044009 5.459794278999195e-09
4.98739524 4.067279117347037e-08
4.988746472 7.392077514124134e-09
4.990097703 2.682217885521834e-09
4.991448934 2.6350921274113267e-09
4.992800166 2.5878313174685285e-09
4.9941513969999995 2.540393223318877e-09
4.995502629 2.492999043898094e-09
4.99685386 2.4454972784245085e-09
4.998205092 2.3980724690663205e-09
4.999556323 2.3506868774263512e-09
5.0009075549999995 2.303712862739675e-09
5.0022587860000005 2.25704453314127e-09
5.003610017 2.2105389393354434e-09
5.004961249 2.1642979457823593e-09
5.006312479999999 2.118247675577488e-09
5.007663711999999 2.072585947520929e-09
5.009014943 2.0294330243634595e-09
5.010366175 1.9844282551963087e-09
5.011717406 1.939796084103984e-09
5.013068637 1.8955757580019906e-09
5.014419869 1.851821233879421e-09
5.0157711 1.8085100843208598e-09
5.017122332 1.7657235161853689e-09
5.018473563 1.7233811690177443e-09
5.019824795000001 1.6815903243575035e-09
5.021176026 1.6402972095751811e-09
5.022527258 1.5995736115207042e-09
5.0238784889999994 1.6015276782820364e-09
5.0252297200000005 7.321435668313552e-09
5.026580952000001 8.726006676196247e-08
5.027932183 1.4891944758796855e-07
5.029283415 1.9898706830023156e-07
5.030634646 2.0071482985390077e-07
5.031985878 1.4061174252032998e-08
5.033337109 1.3846572803073807e-09
5.034688341 1.2572721531931699e-09
5.036039572 1.2218683504880096e-09
5.037390803 1.1869851420122617e-09
5.038742035 1.1526195712120686e-09
5.0400932659999995 1.1187297354782987e-09
5.041444498 1.085374143380725e-09
5.042795729000001 1.0524805784068648e-09
5.044146961 1.0201466457839649e-09
5.045498192 9.882690520833256e-10
5.046849422999999 2.177625270614181e-09
5.048200655 4.6724624396096934e-08
5.049551886000001 1.481529369881563e-08
5.050903118 3.975723589835403e-09
5.052254349 1.0684836725128542e-09
5.053605581 1.3519899244685877e-09
5.054956812 3.5112834984641806e-08
5.056308044000001 2.0322835215749514e-07
5.057659275 1.6352707397509978e-07
5.059010506 1.2672747783886892e-08
5.060361737999999 7.939341410639503e-10
5.061712969 6.446875121803222e-10
5.063064201 6.193546424818341e-10
5.064415432 5.947361734285864e-10
5.065766664 5.706561152874653e-10
5.067117895 5.470948758217156e-10
5.068469126 5.241052853912824e-10
5.069820358 5.01641785050857e-10
5.0711715889999995 4.797906464730642e-10
5.072522821 4.5849796645625933e-10
5.073874052 4.3782749132997057e-10
5.075225284 4.1773486878753013e-10
5.076576515 3.9825906005082226e-10
5.0779277469999995 3.7977214996063927e-10
5.0792789780000005 3.6152796459235125e-10
5.080630209 3.4387624089383065e-10
5.081981441 3.268295376566343e-10
5.083332671999999 3.1040939459798077e-10
5.084683904 2.945838453298178e-10
5.086035135 2.7938734394480257e-10
5.087386367 2.64783324916915e-10
5.088737598 2.5079120210880613e-10
5.090088829 2.3738092364136975e-10
5.091440061 2.24560347260835e-10
5.092791292 2.1231142179866863e-10
5.094142524 2.0062814159208346e-10
5.095493755000001 1.934119619281089e-10
5.096844987000001 6.790521423113639e-10
5.098196218 8.893884309662293e-09
5.09954745 1.2880501611991849e-08
