microns throughput
2.0004663860000003 1.3591551934409204e-15
2.002074478 6.59196008963423e-16
2.00368257 5.056055029574882e-16
2.005290662 6.066989431967477e-16
2.006898754 1.1465637936264547e-15
2.008506846 7.905621175446024e-16
2.010114938 8.176588021245887e-16
2.01172303 6.04575431764011e-16
2.013331122 4.3355785560743466e-16
2.014939214 4.213876318324223e-16
2.016547306 7.306082521541141e-16
2.018155398 5.506439995473366e-16
2.01976349 2.52521357166625e-16
2.021371582 2.312550179596268e-16
2.022979674 2.1661045743819102e-16
2.0245877660000002 3.5404877960336865e-16
2.026195858 4.55612776878098e-16
2.027803949 4.4179488996002076e-16
2.029412041 3.3849335485583537e-16
2.031020133 1.9554804968045868e-16
2.032628225 1.2836538109069111e-16
2.034236317 2.084407504739759e-16
2.035844409 2.5183353248446353e-16
2.037452501 2.4670527375595766e-16
2.039060593 1.778027960249131e-16
2.040668685 2.5339843671316836e-16
2.042276777 2.608102006469673e-16
2.0438848689999998 2.7206891585580956e-16
2.045492961 3.2433545166592025e-16
2.047101053 3.3314101045608905e-16
2.0487091449999997 4.114825235454089e-16
2.0503172370000002 5.9463080470280495e-16
2.0519253290000004 5.156429111154616e-16
2.053533421 4.77835432335053e-16
2.055141513 5.3407367444524e-16
2.056749605 7.807870676309473e-16
2.058357697 1.0509178835451183e-15
2.059965788 1.0894347172734754e-15
2.06157388 9.0212493687304e-16
2.0631819719999998 9.61859021381101e-16
2.064790064 1.0152973363103516e-15
2.066398156 1.033372738586938e-15
2.068006248 9.194546882520987e-16
2.06961434 7.669420216829338e-16
2.071222432 5.415125378765317e-16
2.072830524 4.811134115809041e-16
2.074438616 6.458967151810834e-16
2.076046708 7.57854796492934e-16
2.0776548 1.0637087794720228e-15
2.079262892 1.246960760008169e-15
2.080870984 1.668047429041067e-15
2.0824790760000003 1.4550314012620546e-15
2.084087168 1.7225331212181709e-15
2.08569526 1.52683453239516e-15
2.0873033519999997 1.6490240031539895e-15
2.088911444 1.8245129137466925e-15
2.090519536 4.8061090457147455e-15
2.092127627 5.212756110738205e-15
2.0937357189999997 7.166513472735407e-15
2.0953438110000002 6.1555284204253715e-15
2.0969519030000003 8.357667532696815e-15
2.098559995 7.578368689475694e-15
2.100168087 8.195373262483172e-15
2.101776179 7.56407650782955e-15
2.103384271 9.269035974267125e-15
2.104992363 1.7181522861017283e-14
2.1066004549999997 2.056036007667287e-14
2.1082085470000003 1.662415556763665e-14
2.109816639 1.8326594637688224e-14
2.111424731 1.970260386782857e-14
2.113032823 2.021306890243797e-14
2.114640915 2.8674351612056746e-14
2.116249007 2.6645980028529694e-14
2.1178570989999996 2.5021498727431393e-14
2.1194651909999997 2.466449953847162e-14
2.1210732830000003 3.2249106298242634e-14
2.122681375 2.510366905187643e-14
2.124289466 3.0667515759779387e-14
2.125897558 1.1216937374924033e-14
2.1275056500000002 1.0813319196430517e-14
2.129113742 9.383593493257005e-15
2.130721834 8.551734856380637e-15
2.1323299259999997 1.193093312906325e-14
2.133938018 1.0141704373933364e-14
2.1355461100000004 1.4379435133664237e-14
2.137154202 1.5365545607631496e-14
2.138762294 2.310552204224277e-14
2.140370386 2.1341238561683188e-14
2.141978478 2.1320796327449828e-14
2.14358657 1.967213708230538e-14
2.1451946619999998 2.1834615880764768e-14
2.146802754 2.589075709624938e-14
2.1484108460000004 2.917762803920686e-14
2.150018938 2.530376975334296e-14
2.15162703 2.0401532170695025e-14
2.153235122 1.8624855744971326e-14
2.154843214 1.734199966955991e-14
2.156451305 2.637687798537995e-14
2.158059397 1.6892676793586332e-14
2.159667489 1.339083043480482e-14
2.161275581 1.428920481371826e-14
2.1628836729999996 1.7833530243353492e-14
2.164491765 1.741306504552707e-14
2.1660998570000003 1.5094966249497485e-14
2.167707949 1.658439722421049e-14
2.169316041 1.7078918385259835e-14
2.170924133 1.9123499976384423e-14
2.172532225 2.0908077490441462e-14
2.174140317 2.994476099932539e-14
2.1757484089999997 2.5499132574389666e-14
2.177356501 2.1774629506457045e-14
2.1789645930000003 3.0467263668627386e-14
2.180572685 4.1769549149858765e-14
2.182180777 4.017275493774968e-14
2.183788869 2.6314405142626518e-14
2.185396961 2.3546238730644618e-14
2.187005053 2.083656527038547e-14
2.1886131449999997 2.5456589557062236e-14
2.1902212359999997 2.5336548083962327e-14
2.191829328 2.2740486335443085e-14
2.1934374200000004 2.1981310692518142e-14
2.195045512 2.533381694787702e-14
2.196653604 3.63692096265446e-14
2.198261696 4.4646848644476335e-14
2.199869788 5.623540080412037e-14
2.20147788 5.4330984472566e-14
2.203085972 5.908981037574288e-14
2.204694064 6.295368444183758e-14
2.206302156 6.871381535620939e-14
2.207910248 7.51973393691591e-14
2.2095183400000002 6.478937046872484e-14
2.211126432 7.706451553706437e-14
2.212734524 9.020217408086556e-14
2.2143426159999997 1.2287939825240315e-13
2.215950708 1.35819536553448e-13
2.2175588 1.1907974915182934e-13
2.219166892 1.2575823212199225e-13
2.220774984 1.2133490423034536e-13
2.222383075 1.6711442195236651e-13
2.2239911670000003 1.8530168131245768e-13
2.225599259 1.9824626090297665e-13
2.227207351 2.0588388118110596e-13
2.228815443 1.7378279570416648e-13
2.230423535 1.7479120790819425e-13
2.232031627 1.9765498454089807e-13
2.2336397189999997 2.3540916303067713e-13
2.2352478110000003 1.3841468035470292e-13
2.236855903 1.291315816344253e-13
2.238463995 2.993193901182945e-13
2.240072087 2.3115793048312826e-13
2.241680179 3.721636239943079e-13
2.243288271 1.8762469271832427e-13
2.2448963629999996 2.6110305995074817e-13
2.2465044549999997 4.82004121203769e-13
2.2481125470000003 4.942623305980485e-13
2.249720639 9.378752773633638e-13
2.251328731 9.78269368575804e-13
2.252936823 1.1366050666556521e-12
2.2545449140000002 1.1364142969508344e-12
2.256153006 1.2485666602589006e-12
2.257761098 2.0642911692001643e-12
2.2593691899999997 1.6320529382337257e-12
2.260977282 1.4256252504722813e-12
2.262585374 5.434021373964499e-13
2.264193466 9.022570318532159e-13
2.265801558 2.395873686377276e-12
2.2674096500000003 1.3197759338701472e-12
2.269017742 3.42811717203063e-12
2.270625834 2.2585428691762852e-12
2.2722339259999997 1.660492541584007e-12
2.273842018 2.3674111131391377e-12
2.2754501100000004 2.647139133289709e-12
2.277058202 4.045613758205633e-12
2.278666294 2.791119406048336e-12
2.280274386 2.8144187311917257e-12
2.281882478 3.0584844644073297e-12
2.28349057 3.190478196422475e-12
2.285098662 3.857234716695164e-12
2.286706753 3.12389146924938e-12
2.288314845 2.752160655579518e-12
2.2899229369999996 3.2909374355122214e-12
2.291531029 3.5818091340632358e-12
2.2931391210000003 4.4708626911183006e-12
2.294747213 1.6205090709254547e-12
2.296355305 5.276670906515539e-13
2.297963397 6.429729983844811e-13
2.299571489 1.5821640214941186e-13
2.301179581 1.6224424866229746e-12
2.3027876729999996 8.647956203495677e-12
2.304395765 8.043144863268618e-12
2.3060038570000003 1.2422907501176793e-11
2.307611949 9.798817218942486e-12
2.309220041 9.046660441363242e-12
2.310828133 7.745657279623822e-12
2.312436225 9.026791562091504e-12
2.314044317 2.454543941448251e-11
2.3156524089999997 2.7980827754575767e-11
2.3172605010000003 3.3259786207411573e-11
2.318868592 1.4300442437020806e-11
2.3204766840000004 9.255397220104288e-12
2.322084776 1.8802944490750734e-11
2.323692868 4.893295351318789e-11
2.32530096 7.694759521918318e-11
2.326909052 1.1734240271688033e-10
2.328517144 1.1675591001103032e-10
2.3301252359999998 1.6685433837313583e-10
2.331733328 3.078617730470808e-10
2.33334142 4.475549788265156e-10
2.334949512 7.08845037820127e-10
2.3365576040000002 9.637962547094157e-10
2.338165696 1.346402195030938e-09
2.339773788 1.8943557333980793e-09
2.3413818799999997 2.4447415382382064e-09
2.342989972 3.1351288626770278e-09
2.344598064 3.6411532711322852e-09
2.346206156 4.1410355634056185e-09
2.347814248 4.627082466206905e-09
2.3494223400000003 5.011092507008969e-09
2.3510304310000003 5.430980412973543e-09
2.352638523 5.81364926922312e-09
2.354246615 5.99551967357054e-09
2.3558547069999998 6.1472217922889445e-09
2.357462799 5.960703096387585e-09
2.359070891 5.765898933685234e-09
2.3606789829999997 5.654113596032776e-09
2.3622870750000002 5.281488903542232e-09
2.363895167 4.958251218926367e-09
2.365503259 4.381385555952362e-09
2.367111351 3.892729859795035e-09
2.368719443 3.446859959897858e-09
2.370327535 2.9766501954913504e-09
2.371935627 2.523552794219423e-09
2.3735437189999997 1.9874135214533797e-09
2.3751518110000003 1.4696712923279269e-09
2.376759903 1.1002741993326338e-09
2.378367995 7.206186132843501e-10
2.379976087 5.989963221607942e-10
2.381584179 5.430856689235743e-10
2.383192271 4.827954453375012e-10
2.384800362 3.9213615704136795e-10
2.3864084539999997 2.725017479826105e-10
2.388016546 2.3033407594663118e-10
2.389624638 2.5469398795978845e-10
2.39123273 3.424725864524148e-10
2.392840822 2.8617451256539167e-10
2.3944489140000003 4.672645669816797e-10
2.396057006 1.3371710430268634e-10
2.397665098 1.4021155909525404e-10
2.3992731899999997 2.0864531711359822e-10
2.400881282 2.3299733133184513e-10
2.4024893740000004 2.0987604762565235e-10
2.404097466 3.121972597750993e-10
2.405705558 2.349683798122413e-10
2.40731365 1.9971602291863561e-10
2.408921742 2.2029382289875665e-10
2.410529834 2.669017413456158e-10
2.4121379259999998 3.245873903321308e-10
2.413746018 3.3467757111301593e-10
2.41535411 2.711990163098644e-10
2.416962201 2.519778979410668e-10
2.418570293 1.359376905193087e-10
2.4201783850000003 1.3723606951659622e-10
2.421786477 1.8978083005650933e-10
2.423394569 2.03166733125502e-10
2.425002661 2.698650732202507e-10
2.426610753 3.75420392717079e-10
2.428218845 2.730182153533926e-10
2.4298269369999996 2.521922987674841e-10
2.431435029 4.1083768325151826e-10
2.4330431210000003 4.4011863966988604e-10
2.434651213 5.385373320048062e-10
2.436259305 3.540031966501535e-10
2.4378673969999998 3.0985579546482183e-10
2.439475489 3.29094085497821e-10
2.441083581 4.0699208806724955e-10
2.4426916729999997 3.945693028530934e-10
2.4442997650000002 4.47848240377497e-10
2.4459078570000004 4.104516017247498e-10
2.447515949 3.539712888215069e-10
2.44912404 2.7334096461915914e-10
2.450732132 1.7322873528235687e-10
2.452340224 1.784542490994915e-10
2.453948316 2.3501036864052085e-10
2.455556408 2.763306041681121e-10
2.4571644999999998 2.542678798198127e-10
2.458772592 1.8569957013953817e-10
2.460380684 1.5835374809220698e-10
2.461988776 1.948830520277071e-10
2.463596868 2.6527167981224954e-10
2.46520496 2.4791016195467733e-10
2.466813052 2.5460611049152194e-10
2.468421144 2.468989005256431e-10
2.470029236 2.514673464203453e-10
2.471637328 3.028445672897806e-10
2.47324542 4.1233397929913996e-10
2.474853512 4.631051404582834e-10
2.4764616040000003 5.644934040840765e-10
2.478069696 5.646690844194237e-10
2.479677788 5.023875044024218e-10
2.481285879 4.5788598279395476e-10
2.4828939709999998 4.3141035830811126e-10
2.484502063 4.6363832173890376e-10
2.486110155 5.107266874828148e-10
2.4877182469999997 5.85911426101609e-10
2.489326339 5.327676875402429e-10
2.4909344310000003 5.624247946365817e-10
2.492542523 3.376039469667111e-10
2.494150615 3.6774806580063128e-09
2.495758707 2.751079325655324e-09
2.497366799 4.881035779912552e-09
2.498974891 7.870377286607572e-09
2.499778162 1.9764639417926588e-08
2.5005829829999997 1.3449666084900244e-08
2.5011293930000003 1.074883571656053e-08
2.5021910750000003 1.1405040299388063e-08
2.502480624 8.872831398350134e-09
2.5038318559999997 1.4301955308313081e-08
2.505183087 5.1188884188029645e-09
2.506534319 1.3429468174198654e-09
2.50788555 3.8409826372126555e-10
2.509236782 2.885373333047397e-09
2.510588013 3.1072171072567954e-09
2.511939244 2.9783852279887634e-09
2.5132904760000003 2.3705666686472204e-09
2.514641707 1.2180977001394644e-09
2.515992939 1.7296198034857629e-09
2.51734417 2.3354918173693068e-09
2.5186954019999996 2.4193163531064982e-09
2.5200466329999998 1.7393000845268058e-09
2.521397865 1.4837065914186997e-09
2.522749096 1.1080806616401985e-09
2.524100327 8.253195310112747e-10
2.525451559 2.8020940376274057e-09
2.52680279 7.680990562399743e-10
2.5281540220000003 1.451205427562309e-10
2.529505253 1.1996553999908673e-10
2.5308564849999997 4.020007918798405e-10
2.532207716 1.224695787258799e-10
2.533558948 1.101784588565e-09
2.534910179 7.718608070190038e-10
2.5362614100000003 9.582240971557152e-10
2.537612642 6.664211071552506e-10
2.538963873 5.242038689721135e-10
2.5403151050000004 9.184380722045299e-11
2.5416663359999996 7.3854596494176e-11
2.5430175680000002 2.1556961392679088e-11
2.544368799 5.482774924789776e-10
2.54572003 4.0318961864314767e-10
2.547071262 2.129777631414974e-10
2.548422493 5.135630114575709e-10
2.549773725 3.6074565655490036e-10
2.551124956 1.360600270522318e-10
2.552476188 1.1924353670367763e-10
2.553827419 1.4472536592364774e-10
2.5551786510000003 1.9825896635025578e-10
2.556529882 2.344496220979955e-10
2.557881113 9.871561153482296e-11
2.559232345 2.788177743138427e-11
2.560583576 9.86265929735683e-11
2.561934808 8.403549182007131e-11
2.5632860390000003 2.4489083166545276e-11
2.564637271 2.5634943425104395e-11
2.565988502 4.50901764437012e-11
2.567339733 1.220305302009551e-10
2.5686909649999996 9.330273476385636e-11
2.5700421959999997 7.568111798537818e-11
2.571393428 5.124287467308273e-11
2.572744659 6.213312940233052e-11
2.574095891 2.3586858598537127e-11
2.575447122 2.7150682114720093e-11
2.576798354 3.8561892198053974e-11
2.5781495850000002 1.3538999175170759e-11
2.5795008160000004 2.5120137020753103e-11
2.580852048 2.465016369209673e-11
2.582203279 2.6324499030912536e-11
2.583554511 4.375588421931954e-12
2.584905742 1.4116277109801751e-11
2.586256974 2.243091975143614e-11
2.587608205 1.541736901659639e-11
2.588959437 1.1728486570590149e-11
2.590310668 2.3094084149638676e-11
2.591661899 1.5149338572097114e-11
2.593013131 1.48009054825827e-11
2.594364362 5.072587483156851e-12
2.5957155939999996 1.7856927930772176e-11
2.5970668249999997 3.918495178188731e-12
2.598418057 5.327777849359048e-12
2.599769288 1.2009290669088432e-11
2.601120519 1.8163944130419513e-11
2.602471751 9.623257973337613e-12
2.603822982 4.738740710870264e-12
2.6051742140000003 1.1959627159603151e-11
2.6065254450000004 1.745564668038804e-11
2.607876677 1.0370223986232348e-11
2.609227908 1.726223978511826e-11
2.61057914 1.411495088780957e-11
2.611930371 2.7104051605543805e-11
2.613281602 1.2346952126492779e-11
2.614632834 2.2708181947893013e-11
2.615984065 2.0068374309961253e-12
2.617335297 7.315924082699974e-12
2.618686528 5.793779899164269e-12
2.62003776 1.2053209150580683e-11
2.621388991 1.0811123649124615e-11
2.622740222 1.2342100509296029e-11
2.6240914539999998 8.089931243694369e-12
2.625442685 1.0684960321693679e-11
2.626793917 8.655640510667369e-12
2.628145148 7.216904528875442e-12
2.62949638 5.99448549524264e-13
2.630847611 3.737339482872144e-12
2.6321988430000003 1.9554254810638305e-11
2.6335500740000004 2.0316869076393176e-11
2.634901305 7.022111080163662e-12
2.636252537 7.184589208062919e-12
2.637603768 5.509204078088566e-12
2.6389549999999997 1.0896874621177693e-11
2.640306231 8.488835828257667e-12
2.641657463 6.41181967363843e-12
2.643008694 1.4740459841255742e-11
2.6443599250000003 1.7797601342029465e-11
2.645711157 1.9403295806509848e-11
2.6470623879999997 1.0669264952938085e-11
2.64841362 7.597327473950367e-12
2.649764851 9.901771520740938e-12
2.651116083 9.64619069885982e-12
2.652467314 3.826665795237087e-12
2.653818546 1.1311839292769044e-11
2.6551697770000002 1.687895579101308e-11
2.6565210080000004 1.3821548523556101e-11
2.65787224 1.1906275732618468e-11
2.659223471 1.0615776186666437e-11
2.6605747030000004 1.5683581683478664e-11
2.6619259339999997 1.4953815813476982e-11
2.663277166 2.2744578136114867e-11
2.664628397 1.3744048840838597e-11
2.6659796289999997 8.77642757848106e-12
2.66733086 1.169578044878412e-11
2.668682091 1.5345527751302686e-11
2.670033323 1.0055760021627788e-11
2.6713845540000003 4.426354096521376e-12
2.672735786 2.130764147112252e-12
2.6740870169999997 6.841100681052756e-12
2.675438249 1.0174063923061226e-11
2.67678948 8.825947510048918e-12
2.678140711 2.4313636229073687e-12
2.679491943 4.926560503947485e-12
2.680843174 4.4493653358388935e-12
2.6821944060000003 5.587565339755091e-13
2.6835456370000004 4.267934136578188e-12
2.684896869 7.891134438682635e-12
2.6862481 8.358808374649791e-12
2.6875993319999996 1.7564161977993382e-12
2.6889505629999997 8.144617018237602e-12
2.690301794 8.239350239639398e-12
2.691653026 2.493638475664432e-12
2.693004257 2.926502121541171e-12
2.694355489 3.4170199062971938e-12
2.69570672 3.0728666863858395e-12
2.697057952 3.4022633915619536e-12
2.6984091830000003 3.8055586879819755e-12
2.699760414 1.7620904184180969e-12
2.7011116459999998 1.6486031763124487e-12
2.702462877 3.4364502510921786e-12
2.703814109 5.514935381836196e-12
2.70516534 3.2695930389495744e-12
2.706516572 3.3923368726949258e-12
2.707867803 1.2398086604907623e-12
2.7092190350000003 4.617422179091535e-13
2.7105702660000004 5.569623484494296e-14
2.7119214969999996 6.5119752684679235e-12
2.713272729 7.029978864933772e-12
2.71462396 4.208810528406196e-12
2.7159751919999997 5.105160897692766e-12
2.717326423 3.364052660839111e-12
2.718677655 1.1310478982781015e-12
2.720028886 6.211333457876376e-13
2.7213801170000003 1.1696764602952118e-12
2.722731349 4.772054341208578e-12
2.7240825799999997 2.2020620098999205e-12
2.7254338120000003 4.76818674778767e-12
2.726785043 7.4211394541855e-12
2.7281362749999998 7.811730945327258e-12
2.729487506 1.7757680862038848e-12
2.730838738 3.644536727525257e-12
2.732189969 5.8483934552163264e-12
2.7335412000000003 5.9651852247154685e-12
2.734892432 4.90533757263442e-12
2.736243663 5.011641900754619e-12
2.737594895 1.4386918433829926e-12
2.7389461259999996 3.544027464851502e-12
2.740297358 7.099036861829783e-12
2.741648589 3.3440692983291827e-12
2.7429998209999997 4.799878533002978e-12
2.744351052 4.380038366599633e-12
2.745702283 8.342760515048696e-13
2.747053515 1.2098952693866783e-13
2.7484047460000003 8.763277260272437e-12
2.749755978 4.096323083275504e-12
2.7511072089999997 8.965369826714005e-14
2.7524584410000004 4.373963286691731e-12
2.753809672 4.4505489865503155e-12
2.755160903 3.895728913441488e-12
2.756512135 2.264696064821627e-12
2.757863366 4.1450004743902013e-13
2.7592145980000002 3.686096510385257e-12
2.760565829 3.6319415771310023e-12
2.761917061 5.921338553317661e-12
2.7632682920000002 3.3632330412314143e-12
2.764619524 4.851371035159928e-12
2.7659707549999997 1.6971130240481061e-12
2.767321986 1.802141612537227e-12
2.768673218 1.8839402804905926e-12
2.770024449 5.093030456275847e-12
2.771375681 6.747380178463865e-12
2.772726912 5.498272162752656e-12
2.774078144 6.938839359154849e-12
2.7754293750000003 6.456187616421916e-12
2.776780606 1.0830016369485919e-11
2.7781318379999997 6.263196397185471e-12
2.779483069 2.5860713638824443e-12
2.780834301 8.645772355769302e-13
2.782185532 4.739793023592186e-12
2.783536764 5.819536201132529e-12
2.784887995 2.668728415638633e-13
2.786239227 6.795590538656639e-13
2.787590458 4.511286145582996e-12
2.788941689 8.975316686579694e-12
2.7902929210000003 5.969502853970078e-12
2.791644152 1.9405600580199397e-12
2.7929953839999997 1.5718726476765886e-12
2.794346615 6.581450807191182e-12
2.795697847 3.7878910464900074e-12
2.797049078 9.631592466206468e-13
2.7984003090000003 9.50374410099573e-13
2.799751541 2.7009055660074347e-12
2.801102772 5.614261343710724e-12
2.8024540040000003 8.146603316204083e-12
2.803805235 8.808313205125796e-12
2.8051564669999998 6.377378402790423e-12
2.806507698 7.757554890879886e-12
2.80785893 1.2249078975372804e-11
2.8092101609999998 6.827462123525415e-12
2.810561392 3.43749154649932e-12
2.811912624 4.986065200906767e-14
2.813263855 8.176657166304858e-12
2.814615087 2.6306148507914816e-12
2.8159663179999996 3.1164474400200932e-12
2.8173175500000003 6.630072794600383e-12
2.818668781 6.8970821712631574e-12
2.8200200129999997 5.436860714481817e-12
2.821371244 1.0629303516688452e-12
2.822722475 3.696591524449067e-12
2.824073707 1.387731392818789e-12
2.8254249380000003 1.79033043207399e-12
2.82677617 8.153992270335671e-12
2.828127401 1.6508247714531733e-12
2.8294786330000004 1.3198855033925108e-12
2.830829864 4.813874126428115e-13
2.8321810949999997 3.3740827700700834e-13
2.833532327 1.4242268266070032e-12
2.834883558 1.2392288709703083e-13
2.83623479 2.5516271179015993e-12
2.837586021 1.2438571013230942e-12
2.838937253 2.301247660237364e-12
2.8402884840000002 1.3773480069423173e-12
2.841639716 6.484448557977356e-15
2.8429909469999997 1.5414412025074794e-13
2.8443421779999998 7.825616970014882e-13
2.84569341 2.702572973196338e-13
2.847044641 4.5462531067250375e-12
2.848395873 2.131029139742646e-12
2.849747104 2.6994336033313395e-12
2.851098336 3.829420718593228e-12
2.8524495670000003 8.945312590015874e-12
2.8538007980000004 5.1046793107042386e-12
2.85515203 3.1788518265233995e-12
2.856503261 2.105735479301659e-12
2.8578544929999996 3.4127895263579763e-12
2.8592057239999997 5.599253423168373e-13
2.860556956 2.4447139477792844e-13
2.861908187 8.224487721183494e-13
2.863259419 1.0388824311293882e-12
2.86461065 3.695676168058892e-12
2.865961881 4.211504425484545e-12
2.8673131130000002 1.8441559047146283e-12
2.868664344 3.967675693318415e-12
2.8700155759999997 4.883475972006244e-12
2.871366807 2.3982143563803464e-12
2.872718039 1.0623887276645143e-12
2.87406927 3.8565632220182555e-12
2.8754205010000002 4.174126874160908e-12
2.876771733 5.3560535026706556e-12
2.878122964 6.637046875694409e-12
2.8794741960000003 4.536784446568538e-12
2.8808254270000004 6.423311207102307e-13
2.882176659 1.1387519070899777e-13
2.88352789 2.0568459137122224e-12
2.8848791219999996 2.290656415933419e-12
2.8862303529999997 2.774970940292527e-12
2.887581584 2.658998006372154e-12
2.888932816 1.2496608319773503e-12
2.890284047 4.4339340529359275e-14
2.891635279 1.006350038511475e-12
2.89298651 3.2554882840270448e-12
2.8943377420000003 8.754676115576547e-13
2.895688973 2.3078341999253383e-13
2.8970402049999997 7.26483411916878e-13
2.898391436 2.06537358514696e-12
2.899742667 1.7241353437965211e-12
2.901093899 8.035596849848697e-13
2.9024451300000003 8.679648673505571e-13
2.903796362 1.679213649362056e-12
2.905147593 2.405955351898697e-12
2.9064988250000003 2.9693861124103437e-12
2.907850056 3.139259053168308e-12
2.9092012869999997 1.8913059465891567e-12
2.910552519 6.695663277119801e-12
2.91190375 2.8217520609194656e-12
2.9132549819999998 1.483347427614784e-12
2.914606213 5.967215290943131e-13
2.915957445 7.566182378953335e-12
2.917308676 2.638184030610974e-12
2.918659908 4.050706790503731e-12
2.920011139 5.587038907587973e-12
2.9213623699999998 3.807648514404869e-12
2.922713602 4.616351745153069e-12
2.924064833 1.0507477222302307e-11
2.925416065 9.743248411738945e-12
2.926767296 3.4683132086409456e-12
2.928118528 4.626820788792967e-12
2.9294697590000003 1.3370536165279561e-12
2.93082099 8.404173713439427e-12
2.932172222 5.777580797035597e-12
2.933523453 5.250219455793283e-12
2.934874685 1.1575949441187033e-11
2.9362259159999997 7.702059455359292e-12
2.937577148 7.98529120717052e-12
2.938928379 1.163836733532056e-11
2.940279611 7.311394036753672e-12
2.941630842 4.566234974088896e-12
2.942982073 3.332859574444875e-12
2.9443333050000002 3.902516310402417e-12
2.9456845360000004 2.136760576323562e-12
2.947035768 1.2153560138472285e-12
2.948386999 5.191235933732444e-13
2.949738231 1.3464095528169321e-12
2.951089462 1.5694111942032333e-13
2.952440694 1.0267822695720021e-11
2.953791925 8.70997506427879e-12
2.955143156 5.2225799867134136e-12
2.956494388 8.128807290575119e-12
2.957845619 1.2482269981140237e-11
2.959196851 1.9531991130308626e-11
2.960548082 1.1734245244854765e-11
2.9618993139999996 1.2812408875386281e-11
2.9632505449999997 9.904369362291635e-12
2.964601776 9.966878276600369e-12
2.965953008 7.31119456445963e-12
2.967304239 2.2598451391639896e-12
2.968655471 1.2391126985384877e-12
2.970006702 7.182692632535802e-12
2.9713579340000003 1.4903489355225716e-12
2.9727091650000004 6.357659655560948e-13
2.974060397 3.07854560348127e-12
2.975411628 6.867379662216297e-12
2.976762859 1.153243235195567e-11
2.978114091 9.681669520007328e-12
2.979465322 6.5116484300139435e-12
2.980816554 7.455902201767511e-12
2.982167785 1.189112929402344e-11
2.983519017 2.583845432648953e-12
2.984870248 2.914289741554573e-12
2.9862214789999997 1.5610494025475254e-12
2.987572711 3.621468283891743e-12
2.988923942 4.966292914126738e-12
2.9902751739999998 2.7633533893846037e-12
2.991626405 2.4806247330729947e-12
2.992977637 3.122591147793149e-12
2.994328868 4.557619793068764e-12
2.9956801 1.3213481446961297e-11
2.997031331 1.422674203552043e-11
2.9983825619999998 1.0884496076111794e-11
2.9997337940000004 6.583236422305967e-12
3.001085025 6.678308849621658e-12
3.002436257 1.1627470519604437e-11
3.003787488 1.6710753051972296e-11
3.0051387199999997 8.929874944611759e-12
3.006489951 1.992755574343968e-12
3.007841182 8.101257716341449e-14
3.009192414 4.838430220019366e-12
3.0105436450000003 2.6911567051033398e-12
3.011894877 4.973225500194122e-12
3.0132461079999997 2.5510481007238624e-12
3.01459734 1.9166031958550553e-12
3.015948571 1.1064475336134654e-12
3.017299803 9.741418992148047e-13
3.018651034 6.789522389442645e-12
3.020002265 5.6011218431939645e-12
3.021353497 4.962426230091533e-12
3.0227047280000003 4.8625929465304425e-12
3.02405596 9.43188116436167e-12
3.0254071909999998 9.63439693183565e-12
3.0267584230000004 6.081261008312546e-12
3.0281096539999997 6.290424112831978e-12
3.029460886 5.479675051408406e-12
3.030812117 3.733881246153241e-12
3.032163348 6.663968647158663e-12
3.03351458 4.7024068155401765e-12
3.034865811 8.646564778792913e-12
3.036217043 1.776921024954372e-11
3.0375682740000003 1.800525925237086e-11
3.038919506 1.4771686531516986e-11
3.0402707369999997 7.520902521417794e-12
3.041621968 3.0699327253761285e-12
3.0429732 5.107659363776931e-12
3.044324431 4.539904790229333e-12
3.045675663 1.0108405141050576e-11
3.047026894 1.503905878053748e-11
3.0483781260000002 1.7148448909016614e-11
3.0497293570000004 1.4335300983448285e-11
3.051080589 1.2187939565661377e-11
3.05243182 1.3731006137008773e-11
3.053783051 1.5403665501585084e-11
3.0551342829999997 1.126589107670621e-11
3.056485514 5.460098679196882e-12
3.057836746 4.365212549149279e-12
3.059187977 1.0121598979289249e-11
3.060539209 1.4948589130488676e-11
3.06189044 2.088834066991159e-12
3.063241671 3.23355243476525e-12
3.0645929030000003 8.114526064064223e-12
3.065944134 1.1666742064747241e-11
3.0672953659999997 8.450191120216822e-12
3.068646597 3.90930141041197e-12
3.069997829 9.271134828853924e-12
3.07134906 1.104640213890624e-11
3.072700292 1.0743475141982188e-11
3.074051523 8.213342694997897e-12
3.075402754 6.3020427719377144e-12
3.0767539860000004 1.749834440210901e-11
3.0781052169999996 1.8388165501531665e-11
3.079456449 1.4516201800290743e-11
3.08080768 1.0721989564471335e-11
3.0821589119999997 8.053341094421265e-12
3.083510143 6.3154359205319864e-12
3.084861374 1.4174950894873353e-12
3.086212606 3.3098480672788584e-12
3.0875638370000003 7.10170639124201e-12
3.088915069 1.0470582234089661e-11
3.0902662999999997 7.42684281066377e-12
3.0916175320000003 5.011980650667257e-12
3.092968763 7.833248613139127e-12
3.0943199949999998 1.1368280298570891e-11
3.095671226 1.4594608840003785e-11
3.097022457 1.6217022658026297e-11
3.098373689 2.99674568801444e-12
3.0997249200000003 1.2354913321762891e-11
3.101076152 2.578748785781048e-11
3.102427383 2.6019097307982177e-11
3.103778615 1.507706847163951e-11
3.1051298459999996 9.099468478270668e-12
3.106481078 1.661133223497581e-11
3.107832309 2.614870649773749e-11
3.10918354 1.0888290912601838e-11
3.110534772 5.203428418381345e-12
3.111886003 7.770793180618415e-12
3.113237235 8.174317850341274e-12
3.1145884660000003 1.5094548969760146e-11
3.115939698 1.860232279493356e-11
3.1172909289999997 1.0260056830596544e-11
3.11864216 6.588252147471046e-12
3.119993392 1.681067321508993e-11
3.121344623 2.0078051073563116e-11
3.122695855 1.2740725593975975e-11
3.124047086 2.6000369237691484e-11
3.1253983180000002 3.770428834827518e-11
3.126749549 3.0918698885197173e-11
3.128100781 6.1071237006949755e-12
3.1294520120000002 1.913813698098763e-12
3.130803243 3.3184507149363046e-11
3.1321544749999997 1.609918019749208e-11
3.133505706 3.935728221426674e-12
3.134856938 3.557436694982098e-12
3.136208169 1.3875090002763453e-11
3.137559401 2.142149177598227e-11
3.138910632 2.171526172589002e-11
3.140261863 1.2155135080511285e-11
3.1416130950000003 1.2067149140339803e-11
3.142964326 2.315123298179634e-11
3.1443155579999997 1.8378731662318718e-11
3.145666789 4.9627433624281615e-11
3.147018021 4.021236825906146e-11
3.148369252 2.393582343278706e-11
3.149720484 2.929360019035996e-11
3.151071715 3.499577468064801e-11
3.152422946 2.529701689518721e-11
3.153774178 8.190843024605455e-12
3.155125409 4.328068136614788e-12
3.1564766410000002 1.8982905410776088e-11
3.157827872 2.29701910424576e-11
3.1591791039999997 4.81206800928373e-11
3.160530335 6.59287536898586e-11
3.161881566 6.210329274429514e-11
3.163232798 1.9742053134952604e-11
3.1645840290000002 5.062341572206762e-13
3.165935261 1.7534704496945313e-12
3.167286492 1.1488675864391145e-11
3.1686377240000003 1.982767620439181e-11
3.169988955 1.9231024672815198e-11
3.1713401869999998 1.642433857046313e-11
3.172691418 2.7057380768150857e-12
3.174042649 4.0949361751993426e-12
3.1753938809999998 6.164529721373257e-14
3.176745112 4.780485602042312e-13
3.178096344 1.869147354155212e-12
3.179447575 3.0198921162981956e-12
3.180798807 5.4301383131615865e-12
3.182150038 4.532364654734625e-12
3.1835012700000003 2.342469275748406e-12
3.184852501 1.6997022049298789e-12
3.186203732 1.7609330403867371e-12
3.187554964 2.416504152895768e-12
3.188906195 6.04907016824772e-12
3.190257427 1.0233534502690227e-11
3.1916086580000003 1.2555112648593993e-11
3.19295989 3.4874957741161513e-12
3.194311121 1.6845965668825026e-12
3.195662352 6.7612699872175464e-12
3.197013584 9.150810365925563e-12
3.1983648149999997 1.464510960681493e-11
3.199716047 2.5379783772733563e-11
3.201067278 2.456504117223078e-11
3.2024185099999998 2.9093132919683834e-11
3.203769741 2.360583563648966e-11
3.205120973 1.7199520385596337e-11
3.206472204 2.5683701957396037e-11
3.207823435 2.7549844268823665e-11
3.209174667 3.035253385643435e-11
3.2105258979999998 3.5568149696383483e-11
3.21187713 2.1070605702521316e-11
3.213228361 1.7907218600030657e-11
3.214579593 3.155566765564091e-11
3.215930824 2.5435095670464205e-11
3.217282055 9.77118607838574e-12
3.2186332870000003 4.531633446917651e-12
3.2199845180000004 1.7046477736796013e-11
3.22133575 2.4465664876649356e-11
3.222686981 8.935934219899166e-12
3.2240382129999996 2.8608130815645097e-12
3.2253894439999997 2.9328459726356255e-12
3.226740676 1.420600063779009e-11
3.228091907 2.229317113524615e-11
3.229443138 1.1468726852156656e-11
3.23079437 1.100283095595121e-11
3.232145601 1.2061242253587947e-11
3.2334968330000002 1.6113031849418706e-11
3.234848064 1.585868805247298e-11
3.2361992959999997 8.471083996859332e-12
3.237550527 1.3627569959299955e-11
3.238901759 1.2229926490823847e-11
3.24025299 1.7225386471295273e-11
3.2416042210000002 1.821357544434498e-11
3.242955453 2.0766528916363367e-11
3.244306684 2.2944979233713548e-11
3.2456579160000003 2.2489113955012393e-11
3.2470091470000004 2.4064080325880548e-11
3.248360379 3.4680649122168104e-11
3.24971161 2.1995607593632376e-11
3.251062841 7.972825572812496e-12
3.2524140729999997 9.725120948414045e-12
3.253765304 1.7830204937170133e-11
3.255116536 1.706128106310683e-11
3.256467767 9.175156359100188e-12
3.257818999 2.1449485388873596e-12
3.25917023 7.943427350850723e-12
3.2605214620000003 5.8550525414887696e-12
3.261872693 2.3528592715423468e-11
3.263223924 4.104249224671539e-11
3.264575156 2.712261902007005e-11
3.265926387 4.157164461996388e-11
3.267277619 4.1479287762400736e-11
3.2686288500000003 2.8776284465813976e-11
3.269980082 4.656416170648523e-11
3.271331313 5.742268338749592e-11
3.272682544 2.7238766111782687e-11
3.274033776 1.2645992333251549e-11
3.2753850069999997 5.015398360741243e-12
3.276736239 1.0864535392170465e-11
3.27808747 2.329017241694265e-11
3.2794387019999998 3.1792048636935935e-11
3.280789933 5.770660552583702e-11
3.282141165 5.723895914744837e-11
3.283492396 3.5420337272488015e-11
3.2848436270000003 2.7415546852209936e-11
3.286194859 2.310892873151264e-11
3.2875460899999998 1.592301929070392e-11
3.288897322 5.379932278811566e-12
3.290248553 6.4478558195056135e-12
3.291599785 1.2509153347241606e-11
3.292951016 2.4804964286283727e-11
3.294302247 1.631932257603415e-11
3.2956534790000003 1.9141515456705215e-11
3.29700471 2.1651377349583727e-11
3.298355942 1.455936036047463e-11
3.299707173 2.111184652252108e-11
3.301058405 1.6652726002613492e-11
3.3024096359999997 5.079984221695232e-12
3.303760868 6.926611576511214e-12
3.305112099 1.477210636863419e-11
3.30646333 1.845307833397302e-12
3.307814562 7.0941158018127026e-12
3.309165793 1.2317909205231049e-11
3.3105170250000002 8.167864716407048e-12
3.3118682560000003 4.685375168253569e-12
3.313219488 1.346588020048704e-11
3.3145707189999998 5.720807097379506e-13
3.315921951 7.17757402763434e-12
3.317273182 9.878135656556497e-12
3.318624413 1.6305452307881934e-11
3.319975645 2.4145985043797906e-11
3.321326876 3.872752742575313e-11
3.322678108 3.398962144137811e-11
3.324029339 2.337457255455665e-11
3.325380571 1.073655005094121e-11
3.326731802 1.428322363689572e-11
3.328083033 6.061915341360057e-12
3.3294342649999997 1.600805394586922e-12
3.330785496 4.41565278776614e-12
3.332136728 3.4881157787082308e-12
3.333487959 3.6065231186910646e-13
3.334839191 2.8468984745346582e-12
3.336190422 7.141466030971105e-12
3.3375416540000002 1.1515536423795579e-11
3.3388928850000004 4.89520120395571e-13
3.340244116 6.914873419571462e-14
3.341595348 3.9210025199696835e-13
3.342946579 1.5558996038700864e-11
3.344297811 4.2964943178055916e-11
3.345649042 2.9196279889118014e-11
3.347000274 1.717715941189734e-11
3.348351505 2.0940695646554238e-12
3.3497027360000002 1.0608293551154999e-13
3.351053968 1.0343026088432216e-12
3.3524051989999997 1.1885156703968402e-11
3.353756431 2.100238092828507e-11
3.355107662 2.45798687653243e-11
3.3564588939999997 3.736072493045058e-11
3.357810125 5.18194363037649e-11
3.359161357 4.237464980179458e-11
3.360512588 3.529134102645818e-11
3.3618638190000003 2.86838254152105e-11
3.363215051 4.6114259660738987e-11
3.3645662819999997 5.82186759242001e-11
3.3659175140000004 6.356026527848285e-11
3.367268745 6.359153895559511e-11
3.368619977 2.439388562638489e-11
3.369971208 2.5429075887801354e-12
3.371322439 3.5572216801997454e-11
3.372673671 3.343738936498836e-11
3.374024902 1.128320124493913e-11
3.375376134 2.1796638542993048e-11
3.3767273650000003 4.853310207219191e-11
3.378078597 5.839930117273722e-11
3.3794298279999997 3.523696219025246e-11
3.38078106 4.0280903922008326e-11
3.382132291 1.2793292990004052e-11
3.383483522 8.466360751651536e-12
3.384834754 4.5228406295654816e-11
3.386185985 1.0935173139918066e-10
3.387537217 8.49853023420687e-11
3.3888884480000003 7.145755322991355e-11
3.39023968 6.270366375637115e-11
3.3915909109999998 3.0722768459265126e-11
3.3929421430000004 2.6615191909735703e-11
3.3942933739999996 5.3017128338285927e-11
3.3956446049999998 5.6604785759019424e-11
3.396995837 5.190843593596916e-11
3.398347068 3.3376344316055703e-11
3.3996983 2.097674013875476e-11
3.401049531 1.8866667794090742e-11
3.402400763 2.7763995472166674e-11
3.4037519940000003 8.516013094162498e-12
3.405103225 4.959719543443602e-12
3.4064544569999997 4.5194368990301317e-11
3.407805688 4.210029076562919e-11
3.40915692 4.2944108943091767e-11
3.410508151 1.330545963501868e-11
3.411859383 6.898708781409017e-11
3.413210614 5.984727216036408e-11
3.4145618460000002 3.180280242374052e-11
3.4159130770000004 2.6353241558917666e-11
3.4172643079999996 3.857575492438488e-11
3.41861554 3.420074995746802e-11
3.419966771 4.848530396418368e-11
3.4213180029999997 2.2954875128193626e-11
3.422669234 2.054617370079488e-12
3.424020466 2.1661168280198415e-13
3.425371697 1.1893217335636733e-13
3.4267229280000002 3.287502891730928e-11
3.42807416 3.515705670169786e-11
3.429425391 4.703195932834807e-11
3.4307766230000003 3.123607976371011e-11
3.432127854 3.388371039957394e-11
3.4334790859999997 6.653366232579505e-11
3.434830317 1.3875506813949943e-11
3.436181549 4.418166131929281e-12
3.43753278 3.878792922324574e-11
3.4388840110000003 4.273721760916933e-11
3.440235243 1.8958413789513457e-11
3.441586474 2.4075531219749223e-11
3.4429377060000004 9.70339553969765e-12
3.4442889369999996 8.348033021125556e-12
3.445640169 1.0341251096521075e-11
3.4469914 2.1374959936051404e-12
3.448342631 6.815242749711711e-14
3.449693863 3.1760130857920094e-12
3.451045094 2.5303759268834902e-11
3.452396326 2.8947795027145416e-11
3.4537475570000002 4.7336298582756765e-11
3.455098789 6.251767537508032e-11
3.45645002 6.5826600176903e-11
3.4578012520000003 3.4337739285419615e-11
3.459152483 4.275268133400756e-11
3.460503714 2.981799026174195e-11
3.461854946 2.1059766606106035e-11
3.463206177 4.1668995441693934e-11
3.464557409 2.1920399017092532e-11
3.4659086400000003 1.5789505398276468e-12
3.467259872 2.8179552956029053e-11
3.468611103 5.5391041875189945e-11
3.469962335 2.988238013842817e-11
3.4713135659999996 1.7022413467766702e-12
3.4726647969999997 5.988423423059928e-12
3.474016029 7.240243949497647e-12
3.47536726 2.8484017341046116e-13
3.476718492 4.005312503252492e-12
3.478069723 2.0786100813911066e-11
3.479420955 1.9999509486723816e-11
3.4807721860000003 2.8101057402327523e-11
3.482123417 2.970719835311357e-11
3.483474649 1.5170304572713786e-11
3.48482588 1.429315340786105e-12
3.486177112 1.0656175098390503e-12
3.487528343 5.109814443447259e-12
3.488879575 4.470844029577892e-11
3.490230806 3.218847271962016e-11
3.491582038 5.688405240282021e-12
3.492933269 3.24140512163251e-12
3.4942845 5.5500420464431335e-12
3.495635732 2.985305182122723e-11
3.496986963 9.709742548545697e-12
3.4983381949999997 4.524627295790955e-12
3.4996894259999998 1.2266414601386947e-11
3.501040658 2.5296686183226098e-11
3.502391889 1.4416368388584275e-11
3.50374312 5.723311624558021e-12
3.505094352 1.9365982395922047e-13
3.506445583 1.1037741995225977e-12
3.5077968150000003 2.2037969774882775e-12
3.509148046 5.84193756357654e-12
3.5104992779999997 2.695363054257685e-11
3.511850509 2.3029402883086772e-11
3.513201741 9.850519317888071e-12
3.514552972 2.8161402328646207e-12
3.515904203 1.0815878468107228e-11
3.517255435 1.0284987360401606e-11
3.518606666 1.641616319069105e-11
3.519957898 3.452434401923351e-11
3.521309129 3.75481302754239e-11
3.5226603610000002 3.730450347653377e-11
3.524011592 6.080847310059918e-11
3.5253628239999997 5.703812261827901e-11
3.526714055 4.5928567714335796e-11
3.528065286 3.0658193215677966e-11
3.529416518 1.42289795431293e-11
3.5307677490000002 7.61679150231609e-12
3.532118981 2.671111677068156e-12
3.533470212 5.84137798763385e-12
3.5348214440000003 2.0980623893328245e-13
3.536172675 1.2840379274178714e-12
3.537523906 1.8451996538314965e-11
3.538875138 4.877023195859744e-11
3.540226369 9.657865854916192e-11
3.5415776009999997 9.34422495557881e-11
3.542928832 7.991396676208481e-11
3.544280064 9.137645830638832e-11
3.545631295 7.904329110985209e-11
3.546982527 4.2865161041247925e-11
3.548333758 3.738068839026381e-11
3.5496849889999997 2.7182083147481602e-11
3.551036221 3.075229577002029e-11
3.552387452 5.864071912225374e-11
3.553738684 8.200030995896249e-12
3.555089915 3.783993170784585e-13
3.556441147 8.825277054926254e-14
3.5577923780000003 6.6654945188246e-13
3.5591436090000004 1.7206951319180227e-11
3.560494841 1.943873752767371e-11
3.561846072 1.0814784764291909e-12
3.563197304 3.0045395143516e-12
3.5645485349999997 3.902767683227767e-12
3.565899767 3.9168735087707334e-12
3.567250998 2.8647466071026358e-11
3.5686022299999998 3.945325030864824e-11
3.569953461 1.0734303699115731e-10
3.571304692 1.918169314511023e-10
3.572655924 2.0103779532715312e-10
3.574007155 1.1846081520686007e-10
3.575358387 3.034371133765415e-11
3.5767096179999998 1.619163132811434e-13
3.57806085 1.057783660054463e-11
3.579412081 3.375841962064093e-11
3.580763312 6.147681445804933e-11
3.582114544 3.846227363518738e-11
3.583465775 8.775170342771563e-12
3.5848170070000003 5.891578026973418e-12
3.5861682380000004 4.7580970947491515e-11
3.58751947 9.015754075139216e-11
3.588870701 9.837624931537645e-11
3.5902219329999996 9.044952245113512e-11
3.5915731639999997 6.540176542703019e-11
3.592924395 3.9764729289143926e-11
3.594275627 1.258440228955599e-11
3.595626858 1.6989988672510253e-11
3.59697809 4.491545570506536e-11
3.598329321 3.849648341497512e-11
3.5996805530000002 3.954774076274505e-11
3.601031784 6.989975545397556e-11
3.602383016 9.674014083710623e-11
3.603734247 8.14753611463247e-11
3.605085478 4.282307662841352e-11
3.60643671 4.292982179674416e-11
3.607787941 1.1111409018598723e-10
3.609139173 1.1765058054023112e-10
3.610490404 5.333199426536468e-11
3.6118416360000003 9.399084634813481e-11
3.6131928670000004 1.8400997196688582e-10
3.6145440979999997 1.6359251359345044e-10
3.61589533 4.962891544387893e-11
3.617246561 7.178381403450879e-12
3.6185977929999997 8.742537003651286e-12
3.619949024 2.0141191775295625e-11
3.621300256 1.400912339195636e-11
3.622651487 4.180469538558408e-11
3.624002719 3.765098536919622e-11
3.62535395 4.7845476068654357e-11
3.6267051809999997 1.215042906835524e-10
3.628056413 1.7921346654453033e-10
3.629407644 8.261836240448467e-11
3.630758876 4.108634673312787e-11
3.632110107 7.234878399373339e-11
3.633461339 9.897568559163929e-11
3.6348125700000002 1.2404457289415835e-10
3.6361638010000004 3.422793393599426e-11
3.637515033 3.7708642626162543e-11
3.638866264 3.518656802276254e-11
3.640217496 1.917965028621673e-11
3.6415687269999997 2.5700146161680318e-11
3.642919959 4.940877554669459e-11
3.64427119 1.5497225424478139e-10
3.6456224219999998 1.4890996506382792e-10
3.646973653 1.269204046728168e-10
3.648324884 7.752244683095395e-11
3.649676116 5.1044381345675315e-11
3.6510273470000003 8.798175269689053e-11
3.652378579 1.408863887922799e-10
3.6537298099999997 1.6829986051211522e-10
3.655081042 2.2156371275192158e-10
3.656432273 2.2975396724407047e-10
3.657783504 1.6772611443201345e-10
3.659134736 8.079744843537644e-11
3.660485967 1.4473439417074793e-10
3.6618371990000003 2.456464069916553e-10
3.66318843 1.288613328740256e-10
3.664539662 1.2774979795719565e-10
3.665890893 1.0632913954475136e-10
3.667242125 1.5931401166923741e-10
3.6685933559999997 2.089803228284311e-10
3.669944587 1.5857489555453482e-10
3.671295819 1.357387869619251e-10
3.67264705 1.2059165132637786e-10
3.673998282 9.143629708312379e-11
3.675349513 1.2870312251135839e-10
3.676700745 1.7781266211657614e-10
3.6780519760000003 1.49962889008294e-10
3.679403208 1.555055976596616e-10
3.6807544389999998 2.411198775118962e-10
3.68210567 3.594182313826006e-10
3.683456902 3.316511977220928e-10
3.684808133 2.1228768855054795e-10
3.686159365 1.2010221851275999e-10
3.687510596 2.7147297362786846e-11
3.688861828 7.390011388314095e-11
3.690213059 1.2704050566202184e-10
3.6915642899999996 7.136490305243664e-11
3.692915522 8.042633211729366e-11
3.694266753 1.1926736078892953e-10
3.6956179849999997 2.147929102847794e-11
3.696969216 8.530475683948598e-11
3.698320448 7.481735637816158e-11
3.699671679 1.800070405866007e-10
3.701022911 3.8057233345275414e-10
3.702374142 2.136510833591096e-10
3.703725373 1.0450273560237945e-10
3.7050766050000004 7.338632029879054e-11
3.706427836 1.5738206925803465e-10
3.707779068 1.6750222380285017e-10
3.709130299 4.153067579083987e-10
3.710481531 6.919475950685555e-10
3.711832762 8.100268792126666e-10
3.713183993 7.140854242709767e-10
3.714535225 4.1860196102244795e-10
3.7158864560000002 1.7602981042165717e-10
3.717237688 3.4526948568489006e-11
3.7185889189999997 1.1629227453603576e-10
3.719940151 2.587910793216009e-10
3.721291382 3.8536371001800435e-10
3.7226426139999997 2.3062444967607612e-10
3.723993845 3.0780559012178595e-10
3.725345076 8.114830811370374e-10
3.726696308 5.356879696168179e-10
3.7280475390000003 1.2529794194584938e-11
3.729398771 8.216371377823956e-11
3.730750002 1.505647786244875e-09
3.7321012340000004 2.1220689705988098e-09
3.733452465 1.969529001154743e-09
3.7348036959999997 1.0812816615186306e-09
3.736154928 9.44591218036723e-10
3.737506159 9.659774524857657e-10
3.738857391 1.067579385233654e-09
3.740208622 1.7145579489486316e-09
3.741559854 1.2931583011255587e-09
3.7429110850000002 1.3846745539075178e-09
3.744262317 1.656598694763708e-09
3.7456135479999997 2.622435309046229e-09
3.746964779 4.4160919767448924e-09
3.748316011 5.999461364199416e-09
3.749667242 4.4523535196644755e-09
3.751018474 2.7690916961641403e-09
3.752369705 3.6475225623731163e-09
3.753720937 3.680273168883029e-09
3.7550721680000003 4.628855789241578e-09
3.7564234 3.5989897904123168e-09
3.757774631 7.601037012670273e-09
3.759125862 8.851193049014349e-09
3.7604770939999996 6.1718613007577895e-09
3.7618283249999998 2.4665883501321216e-09
3.763179557 1.0642078376731683e-10
3.764530788 4.957875652883511e-10
3.76588202 4.07293905732478e-09
3.767233251 8.393367801959193e-09
3.768584482 8.06973022088872e-09
3.7699357140000003 6.566800229081759e-09
3.771286945 4.643550491568399e-09
3.7726381769999997 1.8148462330764927e-10
3.773989408 7.938555035813043e-11
3.77534064 2.424119128559682e-09
3.776691871 4.5130495669209105e-09
3.778043103 1.7351077474080452e-09
3.779394334 8.497610417405401e-10
3.780745565 2.2726730399672466e-09
3.7820967970000003 6.190901295191448e-09
3.7834480279999996 1.2512602740367167e-08
3.7847992599999998 1.373028011842012e-08
3.786150491 1.6334922808277155e-08
3.7875017229999997 1.5732069177519898e-08
3.7888529539999998 1.795442522095873e-08
3.790204185 1.5075834979465168e-08
3.791555417 1.4254716742433186e-08
3.792906648 1.7109868264612845e-08
3.79425788 2.6084013764993496e-08
3.795609111 4.786165064146213e-08
3.7969603430000003 4.733967677660619e-08
3.798311574 3.052416416303308e-08
3.7996628059999997 2.389194797804495e-08
3.801014037 2.626492877749752e-08
3.802365268 3.2778612314249396e-08
3.8037165 3.448966161734631e-08
3.8050677310000003 3.950130796015002e-08
3.806418963 6.285723042139629e-08
3.807770194 7.971802711955882e-08
3.8091214260000004 5.0169493620534616e-08
3.8104726569999996 9.548949330736619e-09
3.811823889 3.053227850062772e-09
3.81317512 4.720132971802031e-09
3.814526351 1.0760859039364828e-08
3.815877583 1.0701432693017562e-08
3.817228814 1.0725553147443163e-08
3.818580046 4.562598583289885e-08
3.8199312770000002 2.7771499582577338e-08
3.821282509 2.6233476688662555e-08
3.82263374 3.3266200464948355e-08
3.823984971 6.908639046608983e-08
3.825336203 8.670949318364862e-08
3.826687434 6.563139395567421e-08
3.828038666 5.531802267038767e-08
3.829389897 5.4168423028859635e-08
3.830741129 6.49500043521632e-08
3.8320923600000003 7.075645519297451e-08
3.833443592 4.3969319802115486e-08
3.834794823 1.761748789362462e-08
3.836146054 3.0636579073077086e-10
3.8374972859999996 3.298754482175059e-10
3.8388485169999997 2.318123197235283e-08
3.840199749 1.3810244671056295e-07
3.84155098 2.9566537165144207e-07
3.842902212 3.20070513093199e-07
3.844253443 3.2880552618419066e-07
3.845604674 2.7470815787575873e-07
3.8469559060000003 2.6057284140719636e-07
3.848307137 2.4274064613439107e-07
3.849658369 2.4975449297300555e-07
3.8510096 2.3084860453249218e-07
3.852360832 3.9562441353492646e-07
3.853712063 4.975191023582661e-07
3.855063295 4.273519608309604e-07
3.856414526 4.1517282723197116e-07
3.857765757 5.688643992259116e-07
3.859116989 9.297480605239613e-07
3.86046822 1.1342272985170514e-06
3.861819452 1.444722036356015e-06
3.863170683 1.4701218627720295e-06
3.8645219149999996 1.650219520291516e-06
3.8658731459999998 1.9072747398023967e-06
3.867224377 1.927113367883568e-06
3.868575609 1.7279147484125077e-06
3.86992684 1.227490361394643e-06
3.871278072 1.0614970470193228e-06
3.872629303 7.47358993279553e-07
3.8739805350000003 8.430716203995603e-07
3.875331766 2.0162492969446462e-06
3.876682998 3.4634482218469005e-06
3.878034229 2.4505625123697157e-06
3.87938546 1.2329262836344834e-06
3.880736692 1.195687172851218e-06
3.882087923 2.037832119604303e-06
3.883439155 1.9734351662962603e-06
3.884790386 1.511023963763598e-06
3.886141618 1.2698514957529109e-06
3.887492849 9.34977441686952e-07
3.8888440810000002 3.2910193230794e-07
3.890195312 3.29144437235056e-07
3.891546543 7.095011618695053e-07
3.892897775 1.9835486146859824e-06
3.894249006 2.7256684987443292e-06
3.895600238 2.1703343758770066e-06
3.8969514690000002 1.1520124560819276e-06
3.898302701 7.515269849822748e-07
3.899653932 9.720969443965704e-07
3.9010051629999998 7.326513660869446e-07
3.902356395 1.2996165193880301e-06
3.903707626 3.362500288540038e-06
3.905058858 3.436066613173058e-06
3.906410089 2.488157330448212e-06
3.9077613209999997 1.6070885045312528e-06
3.909112552 1.1974780043286187e-06
3.910463784 1.4725724440396478e-06
3.911815015 3.437428064491941e-06
3.913166246 4.032306562468745e-06
3.914517478 4.874288768325279e-06
3.9158687089999997 4.912840167482577e-06
3.917219941 3.0033229133362125e-06
3.918571172 1.0440316810078115e-06
3.919922404 1.1569374797011633e-06
3.921273635 1.1019131537530554e-06
3.922624866 1.7691566589879913e-06
3.9239760980000002 1.5105133703772771e-06
3.9253273290000004 2.0012297289973074e-06
3.926678561 7.521123956541033e-07
3.928029792 8.385485658082695e-07
3.929381024 7.511312788694185e-07
3.9307322549999997 1.1971468430192206e-06
3.932083487 1.6233935190858526e-06
3.933434718 2.2612152705373265e-06
3.934785949 3.06685604959945e-06
3.936137181 2.8525959690117116e-06
3.937488412 2.9016073543916e-06
3.938839644 3.037527722009635e-06
3.940190875 2.651166685328326e-06
3.941542107 1.4497177313537152e-06
3.9428933379999997 7.827095193355345e-07
3.944244569 1.3369471122441226e-06
3.945595801 1.5814618358281434e-06
3.946947032 1.3242244341950317e-06
3.948298264 1.9662100831367884e-06
3.949649495 2.4800219272608125e-06
3.9510007270000003 1.8797501953596212e-06
3.9523519580000004 1.1811194878078868e-06
3.95370319 9.321334341833817e-07
3.955054421 1.3047823197999465e-06
3.956405652 3.222633259794902e-06
3.9577568839999997 2.47005765712147e-06
3.959108115 1.4105637403112967e-06
3.960459347 1.7641420401356172e-06
3.961810578 2.62918465202056e-06
3.96316181 2.3390811185921083e-06
3.964513041 2.7166187595426804e-06
3.965864273 2.552604552774343e-06
3.967215504 3.3843209507858246e-06
3.968566735 3.1859175046858348e-06
3.9699179669999998 2.557071264165633e-06
3.971269198 1.6366354991575086e-06
3.97262043 2.136328521942246e-06
3.973971661 3.801167799316585e-06
3.975322893 3.3936972686829593e-06
3.976674124 2.302374621138587e-06
3.978025355 9.18258234616294e-07
3.9793765870000004 3.680850648554357e-06
3.9807278179999996 5.068676016452777e-06
3.98207905 5.72698473067848e-06
3.983430281 6.615850813984102e-06
3.9847815129999997 7.825824328276715e-06
3.986132744 8.052373827552276e-06
3.987483976 6.025122395026744e-06
3.988835207 4.176805838736739e-06
3.9901864380000003 3.176569160180779e-06
3.99153767 1.9878708437606477e-06
3.9928889009999997 2.643679182935534e-06
3.994240133 3.057014446823941e-06
3.995591364 2.670712566741113e-06
3.996942596 3.4236693393523795e-06
3.998293827 2.628640060265134e-06
3.999645058 1.4704105433649047e-06
4.00099629 1.3677690521860466e-06
4.002347521 1.257665474759201e-06
4.003698753 1.7750875005750817e-06
4.005049984 2.9977602528756327e-06
4.006401216 3.267270714250417e-06
4.007752447 2.60925348260512e-06
4.009103679 1.3693969417658658e-06
4.01045491 1.4684657535733225e-06
4.011806141 2.5235587809004014e-06
4.013157373 3.377453634146611e-06
4.014508604 3.795189781400865e-06
4.015859836 4.106616922790176e-06
4.017211067 3.763209065151602e-06
4.018562299 3.4559469621866913e-06
4.01991353 2.8019998610266975e-06
4.021264761 1.0848135998274666e-06
4.022615993 1.539113587778304e-06
4.023967224 2.0429664949119648e-06
4.025318456 3.1917642322455747e-06
4.026669687 4.5280935932167225e-06
4.028020919 5.342498540690665e-06
4.02937215 6.0405449196569046e-06
4.030723382 4.928033687894985e-06
4.032074613 2.995524867404772e-06
4.033425844 2.9661291450729317e-06
4.034777076 3.7844914115707636e-06
4.036128307 3.108217989059108e-06
4.037479539 2.4678364283596924e-06
4.03883077 3.26146010185588e-06
4.040182002 3.9090623524372556e-06
4.041533233 1.8357937593749685e-06
4.042884465 1.2100473358377e-06
4.044235696 2.2330480370741934e-06
4.0455869269999996 4.091682641287716e-06
4.046938159 4.628168949932163e-06
4.04828939 3.408014416980423e-06
4.049640622 3.824483007835001e-06
4.050991853 3.1054957209719516e-06
4.052343085 2.1009078584036544e-06
4.053694316 2.358480882927604e-06
4.055045547 3.3557449730079717e-06
4.056396779 3.731673877263968e-06
4.05774801 3.2542809076914815e-06
4.059099241999999 1.5193617085365094e-06
4.0604504729999995 2.2120164344344693e-06
4.061801705 3.03552551356182e-06
4.063152936 4.520344886047342e-06
4.064504168 5.59707818722003e-06
4.065855399 5.283404250859983e-06
4.06720663 3.686580917907903e-06
4.0685578620000005 3.2483251885027503e-06
4.069909093000001 3.552937574455687e-06
4.071260325 2.5107973734429058e-06
4.072611556 1.5880509320317036e-06
4.073962788 1.9708287165860056e-06
4.075314019 2.2244155612162186e-06
4.07666525 2.3845037517818114e-06
4.078016482 2.701295787950621e-06
4.079367713 3.9342978249751055e-06
4.080718945 5.009945555605817e-06
4.082070176 4.098554992403701e-06
4.083421408 4.258182486149117e-06
4.084772639 5.249364517206231e-06
4.086123871 4.300882878660774e-06
4.087475102 2.4933059575874006e-06
4.088826333 1.823878208053756e-06
4.090177565 1.6325429973022275e-06
4.091528796 1.5813954682430757e-06
4.092880028 2.0151031709526222e-06
4.094231259 7.422798794330067e-07
4.095582491 8.779508134585637e-07
4.096933722 7.513107792124719e-07
4.098284953 6.006636561261699e-07
4.0996361850000005 1.467919508901604e-06
4.100987416 1.7323725326686372e-06
4.102338648 1.5419881449192878e-06
4.103689878999999 5.988594961198265e-07
4.105041110999999 1.1580525453603182e-06
4.106392342 1.601154474252457e-06
4.107743574 2.748852372090117e-06
4.109094805 3.7246458838340136e-06
4.110446036 2.8914877950339364e-06
4.111797268 3.056092462584009e-06
4.113148499 5.174580444531599e-06
4.1144997309999995 6.747177479891035e-06
4.115850962000001 5.556931626085195e-06
4.117202194000001 3.528368864285117e-06
4.118553425 1.8137712027940466e-06
4.119904657 9.147221992675654e-07
4.121255887999999 1.2999861825916204e-06
4.122607119 2.5369348830075e-06
4.123958351000001 3.1338266549310305e-06
4.125309582 3.2015679476849048e-06
4.126660814 3.8864530672287346e-06
4.128012045 5.13938511806133e-06
4.129363277 5.074004737654046e-06
4.130714508 3.5221428505050996e-06
4.132065739 1.8286195735819374e-06
4.133416971 1.8394491166339535e-06
4.134768202 1.8394145753348749e-06
4.136119434 1.9672985393770517e-06
4.1374706649999995 1.433317848136242e-06
4.138821897 1.3517106103960068e-06
4.140173128000001 5.502320716636537e-07
4.14152436 1.7549752048102944e-06
4.142875591 2.792104884288655e-06
4.144226821999999 2.875008888095984e-06
4.145578054 3.065489419246657e-06
4.146929285000001 4.186856221312895e-06
4.148280517 2.7745712028176164e-06
4.149631748 1.6093125499285043e-06
4.15098298 1.6593989323329552e-06
4.152334211 2.4276161267431847e-06
4.153685442 5.457848660724591e-06
4.155036674 5.969268013805732e-06
4.156387905 4.292686802354863e-06
4.157739136999999 2.7055312820969983e-06
4.159090368 2.34319063275143e-06
4.1604416 4.297354095137606e-06
4.161792831 6.361012179696144e-06
4.163144063 6.251357463087001e-06
4.164495294 5.83181248476631e-06
4.165846525 5.053516374570367e-06
4.167197757 4.729059390552249e-06
4.1685489879999995 4.84155428209864e-06
4.169900220000001 4.530367351485035e-06
4.171251451 4.693636333144212e-06
4.172602683 5.714262075784273e-06
4.173953914 6.506641658993567e-06
4.1753051459999995 6.656890321373772e-06
4.1766563770000005 7.88772534010511e-06
4.178007608 8.195546467313175e-06
4.17935884 8.29713537392754e-06
4.180710071 5.824499852414101e-06
4.182061303 3.2388215604863626e-06
4.183412534 3.001571887947931e-06
4.184763766 3.3399563154292524e-06
4.186114997 3.0393628849630342e-06
4.187466228 2.95864519913992e-06
4.18881746 2.706737398309333e-06
4.190168691 3.101072720329366e-06
4.1915199229999995 3.3880388583375512e-06
4.1928711540000005 5.267964627748177e-06
4.194222386000001 6.0226169117086385e-06
4.195573617 5.801464658603786e-06
4.196924849 5.791365558056115e-06
4.198276079999999 6.3276185154636046e-06
4.199627311 7.168011962204105e-06
4.200978543 7.418118561906573e-06
4.202329774 7.4997195086569736e-06
4.203681006 8.343171621444633e-06
4.205032237 8.762941558734044e-06
4.206383469 8.520756734409372e-06
4.2077347 7.791350118991501e-06
4.209085931 7.349977244240919e-06
4.210437163 6.787167546981413e-06
4.211788394 5.658549994714172e-06
4.213139626 5.472512957350412e-06
4.2144908569999995 6.655100964996024e-06
4.215842089 7.265772497988658e-06
4.217193320000001 7.86806771733419e-06
4.218544552 7.211574451486785e-06
4.219895783 5.147639164085183e-06
4.221247013999999 4.659755711026311e-06
4.2225982459999996 4.9655372312683945e-06
4.223949477 6.731175042916905e-06
4.225300709 8.607035683378465e-06
4.22665194 8.813330215397386e-06
4.228003171999999 7.98078244793086e-06
4.229354403 6.510856072221103e-06
4.2307056339999995 4.20083685384537e-06
4.232056866 2.905784627442312e-06
4.233408097000001 3.124490719624902e-06
4.234759329 4.2279217769147244e-06
4.23611056 4.019065053795154e-06
4.237461792 2.5515063759458626e-06
4.238813023 1.2167082478083116e-06
4.240164255 1.0584178626967203e-06
4.241515486 9.200887821655554e-07
4.242866717 1.1798101693713166e-06
4.244217949 1.3475906143975298e-06
4.24556918 1.2252585173261114e-06
4.246920412000001 1.8970794555040584e-06
4.248271643 1.2347862778299431e-06
4.249622875 7.910224547838032e-07
4.250974105999999 1.3009248649551053e-07
4.2523253379999995 1.1290544359766076e-08
4.2536765690000005 5.657729947593238e-09
4.2550278 5.656809590214578e-09
4.256379032 5.655886191980612e-09
4.257730263 1.9233584209024297e-08
4.259081495 1.253123936410185e-07
4.260432726 1.044216569691166e-07
4.261783958 1.1623267677207227e-07
4.263135189 5.605062395949208e-07
4.26448642 9.437792819456551e-07
4.265837652 1.435057295935897e-06
4.267188883 1.1534504062004266e-06
4.2685401149999995 1.0090523371715022e-06
4.2698913460000005 1.1589071088242666e-06
4.271242578000001 1.4484002820697366e-06
4.272593809 1.9515316249187087e-06
4.273945041 3.188813375081485e-06
4.275296271999999 2.1326998698842878e-06
4.276647503 1.0044394888838276e-06
4.277998735 4.811708948703219e-07
4.279349966 4.442298477065265e-07
4.280701198 3.990695128717518e-07
4.282052429 4.819192632324518e-07
4.283403661 8.41239423884779e-07
4.284754892 1.8109222440761911e-06
4.286106123 1.9628409900160114e-06
4.287457355 1.5211191039496742e-06
4.288808586 1.4963534102164203e-07
4.290159818 5.62380116508003e-09
4.2915110489999995 5.623284050263997e-09
4.292862281 5.622744880246483e-09
4.294213512000001 1.764604566970438e-08
4.295564744 8.51026560773221e-07
4.296915975 1.439220972695187e-06
4.298267206 2.8948217389673645e-08
4.299618438 5.632720150402274e-09
4.300969669 5.631645258870813e-09
4.302320901 5.630329784231339e-09
4.303672132 9.681480889952745e-09
4.305023363999999 6.75207100093682e-08
4.306374595 7.373512781955707e-07
4.3077258259999995 9.969917089855204e-07
4.309077058 6.038259247759098e-07
4.310428289000001 1.7453087326403425e-06
4.311779521 5.069127308483788e-07
4.313130752 6.84664849226899e-09
4.314481984 8.065111124551531e-08
4.315833215 7.670576406436028e-07
4.317184447 1.1442886223765167e-06
4.318535678 8.654152751303986e-07
4.319886909 3.9058741255181617e-07
4.321238141 3.6113536982850524e-08
4.322589372 2.392134248009154e-07
4.323940604000001 1.0259230172073106e-06
4.325291835 2.6187212183644e-07
4.326643067 2.1338870669339522e-08
4.327994297999999 5.6039941305163255e-09
4.329345529999999 5.602504710271353e-09
4.3306967610000004 1.3945148250010508e-07
4.332047992 1.4910305794265184e-06
4.333399224 2.4197293237121367e-06
4.334750455 2.297739429953141e-06
4.336101687 2.03384849003941e-06
4.337452918 2.2142291445046315e-06
4.33880415 7.508797528712893e-07
4.340155381 8.259624712744099e-09
4.341506612 5.5888646040941175e-09
4.342857844 1.4742877629053712e-08
4.344209075 4.4598779933530937e-07
4.3455603069999995 2.238520674101623e-07
4.3469115380000005 2.5926801723369357e-08
4.34826277 1.2964066659801929e-07
4.349614001 1.4201431318457646e-07
4.350965233 6.946332328837332e-09
4.352316464 4.726575969275046e-08
4.353667695 9.677001221291739e-07
4.355018927 1.847270997451951e-06
4.356370158 2.287280446089233e-06
4.35772139 3.260703880391159e-06
4.359072621 3.393771427754243e-06
4.360423853 2.6355661910832444e-06
4.361775084 3.83081013664932e-07
4.363126315000001 3.2358203060600654e-08
4.364477547000001 1.1823416409484213e-08
4.365828778 3.608402741364804e-07
4.36718001 8.9992158076413e-07
4.3685312409999995 1.3939222601869266e-06
4.369882473 1.4991426675464718e-06
4.371233704 8.906852210309731e-07
4.372584936 4.4298107094783477e-07
4.373936167 9.127382564856259e-07
4.375287398 1.1806281306708666e-06
4.37663863 8.753229679478518e-07
4.377989861 7.015457685372364e-07
4.379341093 1.5828063701262413e-06
4.380692324 1.4990414819222234e-06
4.382043555999999 1.142413296595747e-08
4.383394787 5.5252468780341435e-09
4.3847460179999995 5.52196371460998e-09
4.38609725 5.518665276701208e-09
4.387448481000001 5.515339761371708e-09
4.388799713 6.851456069928649e-09
4.390150944 1.2189571941833329e-08
4.391502176 5.966317308916649e-09
4.392853407 5.502024292740611e-09
4.394204639 5.498726653807725e-09
4.39555587 5.495451714860492e-09
4.396907101 5.492533029755475e-09
4.398258332999999 5.489802524554954e-09
4.399609564 5.487092362693175e-09
4.400960796000001 5.484413750548783e-09
4.402312027 5.481753882425266e-09
4.403663259 5.479137126691585e-09
4.405014489999999 5.4766373557971615e-09
4.406365721999999 5.4800328404028105e-09
4.407716953 5.477542875899927e-09
4.409068184 5.4751272975183385e-09
4.410419416 5.472768321858872e-09
4.411770647 5.470490226270569e-09
4.413121879 5.4690328452737205e-09
4.41447311 5.472357052677582e-09
4.415824342 5.470268001849933e-09
4.417175573000001 5.468244962719264e-09
4.418526804 5.466270703364927e-09
4.419878036 5.464342086352415e-09
4.421229266999999 4.6582892464625894e-08
4.4225804989999995 3.521105686767188e-07
4.4239317300000005 6.680437634048079e-07
4.425282962 5.551179113617668e-07
4.426634193 4.1578343452956944e-07
4.427985425 6.640476627327557e-08
4.429336656 5.455341126116765e-09
4.430687887 5.450641618223256e-09
4.432039119 1.6519855742478653e-08
4.43339035 1.7661651141401837e-07
4.434741582 6.71941948007824e-09
4.436092813 5.4448795132292995e-09
4.437444045 5.443534700188692e-09
4.438795276 5.4422196248015e-09
4.440146507000001 1.2558397355101563e-07
4.441497739000001 1.089848681296076e-06
4.44284897 2.2143471686866677e-06
4.444200202 2.402732704906671e-06
4.445551432999999 1.5536930958128116e-06
4.446902665 2.5952042961568734e-07
4.448253896 6.23583202342508e-09
4.449605128 5.431556200183549e-09
4.450956359 5.430157397868033e-09
4.45230759 5.4287777514092375e-09
4.453658822 5.4273846537861675e-09
4.455010053 5.425989995893616e-09
4.456361285 5.4245943791781e-09
4.457712516 5.423200159857981e-09
4.459063747999999 5.421803456196785e-09
4.460414979 5.42039250587363e-09
4.4617662110000005 5.41899331234194e-09
4.463117442 5.417588959649232e-09
4.464468673000001 5.416191749969008e-09
4.465819905 5.414763727507957e-09
4.467171136 5.413337170543192e-09
4.468522368 3.245377191976613e-08
4.469873599 5.451352052982637e-07
4.471224831000001 4.01979832966745e-07
4.472576062 4.1844307271402305e-07
4.473927293 1.1195114862562734e-06
4.475278524999999 1.2520333232063335e-06
4.476629756 9.027376617651073e-07
4.4779809880000006 1.951580419150481e-06
4.479332219 1.5048554614641689e-06
4.480683451 3.63647451426931e-07
4.482034682 2.2343957939977146e-08
4.483385914 5.400490649080476e-09
4.484737145 5.40328334977657e-09
4.486088376 5.4031173573189816e-09
4.487439608 5.401310916123494e-09
4.488790839 5.399477409868143e-09
4.490142071 5.397625612595467e-09
4.491493302 5.395756058544959e-09
4.492844534 5.3938379715776166e-09
4.494195765000001 5.3918796816230405e-09
4.495546996 5.3897788044972706e-09
4.496898228 5.38766457909871e-09
4.498249458999999 5.385492844365794e-09
4.4996006909999995 5.383289038670958e-09
4.5009519220000005 6.654365190770413e-09
4.502303154 3.21865526085765e-08
4.503654385 7.872545517006982e-09
4.505005617 5.374079494831234e-09
4.506356848 5.371670366279652e-09
4.507708079 5.369212044355846e-09
4.509059311 5.366718371896484e-09
4.510410542 5.952505833065107e-09
4.511761774 1.5448426626061354e-07
4.513113005 9.606705164925958e-07
4.514464237 1.3597922063026444e-06
4.5158154679999996 1.4705101019031335e-06
4.517166699000001 1.5589073954907491e-06
4.518517931 2.7240134102270622e-06
4.519869162 2.9115411374205104e-06
4.521220394 2.6595348477791025e-07
4.522571624999999 2.6702111136812896e-08
4.523922857 5.56668333097109e-09
4.525274088 5.176566165665868e-08
4.52662532 5.150293894841495e-07
4.527976551 6.023672450639887e-07
4.529327782 1.180486480353154e-08
4.530679014 5.320908727241573e-09
4.532030245 5.505335099370577e-09
4.533381477 2.6281300540188537e-08
4.534732708 1.6297409563176393e-08
4.53608394 5.3080276458177335e-09
4.537435171 5.3047682845033246e-09
4.5387864030000005 5.301490470308049e-09
4.540137634 6.083363624824663e-09
4.541488865 4.467805555667988e-08
4.542840097 3.1841284581143485e-07
4.544191328 1.024541273357003e-06
4.5455425599999995 8.542456400381034e-07
4.5468937910000005 2.7758017730242524e-08
4.548245023000001 5.277958609441375e-09
4.549596254 5.274513257934952e-09
4.550947485 5.271073443524909e-09
4.552298716999999 9.142783294885888e-09
4.553649948 7.583352498056163e-07
4.5550011800000005 2.1597171437088585e-06
4.556352411 2.7600731669495137e-06
4.557703643 2.6843018233718096e-06
4.559054874 1.979321649639748e-06
4.560406106 1.1216315567773112e-06
4.561757337 4.610238177610173e-07
4.563108568 1.2825445836453537e-08
4.5644598 5.242861513674696e-09
4.565811031 5.239523602119152e-09
4.567162263 5.236191559424565e-09
4.568513493999999 5.232852615864142e-09
4.569864726 5.229562531290895e-09
4.571215957000001 5.227556361542929e-09
4.572567188 5.228931871001498e-09
4.57391842 5.225628560542061e-09
4.575269650999999 6.690255766168555e-08
4.5766208829999995 8.23761030738211e-07
4.5779721140000005 3.4641195124224133e-06
4.579323346 3.886020700185052e-06
4.580674577 4.24696850368668e-06
4.582025809 4.603120357291127e-06
4.58337704 5.89310196785432e-06
4.584728271 7.157378496271952e-06
4.586079503 8.287238643616768e-06
4.587430734 6.992338344045159e-06
4.588781966 3.7871127935542656e-06
4.590133197 3.246360235290903e-06
4.591484429 2.5862801874287816e-06
4.5928356599999995 2.3443716548786013e-06
4.5941868910000005 2.410475559128914e-06
4.595538123 3.9266706328838935e-06
4.596889354 6.08841033177144e-06
4.598240586 1.1889907329138543e-05
4.599591817 1.912132534152567e-05
4.6009430490000005 2.976495618802297e-05
4.60229428 4.287735583984398e-05
4.603645512 5.503870423481485e-05
4.604996743 6.98614329629365e-05
4.606347974 8.491104900831141e-05
4.607699206 9.560489746428887e-05
4.609050437 0.00010345040189403537
4.610401669 0.00010682558439443478
4.611752900000001 0.00010765300260130342
4.613104132 0.00010799664334305121
4.614455363 0.00010756560624818244
4.6158065950000005 0.00010643030374994215
4.617157826 0.00010677251763080671
4.618509057 0.00011002496281667406
4.619860289 0.00011611126601599322
4.62121152 0.00012349924623630067
4.622562751999999 0.00013182064493072096
4.6239139830000004 0.00014242065037014113
4.625265215000001 0.0001545536377388263
4.626616446 0.00016821795925766464
4.627967677 0.00018380842739086135
4.629318908999999 0.00020164146727618272
4.63067014 0.00022329292912909003
4.6320213720000005 0.0002470537049502789
4.633372603 0.00027342191808917194
4.634723835 0.00030345956715144696
4.636075066 0.0003391228345590574
4.637426298 0.0003810352888345198
4.638777529 0.0004332794159269178
4.64012876 0.0004982029149921192
4.641479992 0.0005784452670686512
4.642831223 0.0006806586429389953
4.644182455 0.0008026861720006151
4.645533685999999 0.0009490032831006848
4.646884918 0.001129556946546218
4.648236149000001 0.0013466070902085992
4.64958738 0.0016080271762612928
4.650938612 0.00191593886053853
4.652289842999999 0.0022833347764320195
4.6536410749999995 0.0027150011684442003
4.6549923060000005 0.0032209272436757117
4.656343538 0.0038156054270854648
4.657694769 0.004508231736112004
4.659046001 0.00532331856313186
4.660397232 0.006282834057889795
4.661748463 0.007408121551348032
4.663099695 0.008732716378156879
4.664450926000001 0.01029325413970087
4.665802158 0.01216311652915514
4.667153389 0.014406298320587041
4.668504621 0.017114126041139537
4.6698558519999995 0.020473167520206084
4.6712070830000005 0.024616754000588666
4.672558315 0.029834646052897387
4.673909546 0.03653544071161778
4.675260778 0.045023267857315585
4.676612009 0.05603707412442827
4.6779632410000005 0.070127853865302
4.679314472 0.08801269147152394
4.680665704 0.1101366715917252
4.682016935 0.13646079367356218
4.683368166 0.16756215424274457
4.684719398 0.19883605243453428
4.686070629 0.23138670889910934
4.687421861 0.2619610825111789
4.688773092 0.28533685321108393
4.690124324 0.30533609914015136
4.691475555 0.31774195079109196
4.6928267869999996 0.325026683072955
4.694178018 0.32947619337557327
4.695529249 0.3304475198946608
4.696880481 0.33087180012742623
4.698231712 0.33121481222016735
4.699582943999999 0.33157200516490404
4.700934175 0.332201721667285
4.702285407000001 0.33322820116616025
4.703636638 0.33442565104995303
4.704987869 0.335531459840577
4.706339100999999 0.33621454498039827
4.707690332 0.3361776784192627
4.7090415640000005 0.33568380798045083
4.710392795 0.33414346566160286
4.711744027 0.3322706218726721
4.713095258 0.33003245211803345
4.71444649 0.3278598432382153
4.7157977209999995 0.32598548668200195
4.717148952 0.3246951125111692
4.718500184000001 0.32412138474630037
4.719851415 0.32378052515463207
4.721202647 0.32324114843846835
4.722553877999999 0.320988227373041
4.72390511 0.3174072435237903
4.725256341000001 0.3071619682842762
4.726607572 0.29322672226927604
4.727958804 0.2738900484752794
4.729310035 0.24738756293267566
4.730661267 0.2195114775143046
4.7320124980000005 0.18752220862425184
4.73336373 0.15628086378740397
4.734714961 0.12806401979320603
4.736066193 0.10148318742049975
4.737417424 0.0797571599575756
4.738768654999999 0.0619152092873833
4.740119887 0.04785037418755907
4.741471118000001 0.03696976905261057
4.74282235 0.028678713462546593
4.744173581 0.022386882693665892
4.745524813 0.017558431098101412
4.7468760439999995 0.013953466473685346
4.748227276 0.011150588130538663
4.749578507 0.008992361701538148
4.750929738 0.007323676339445253
4.75228097 0.0059954550335468
4.753632201 0.004963160230161371
4.7549834330000005 0.0041344151862046305
4.756334664 0.0034639083900640808
4.757685896 0.0029279970708457593
4.759037127 0.0024845363115760534
4.760388358 0.0021230137179906097
4.76173959 0.0018243863748698581
4.763090821 0.0015724083534442144
4.764442053 0.001360204841020088
4.765793284 0.0011786464729544406
4.767144516 0.001023516911780928
4.768495747 0.0008908225292138924
4.7698469789999995 0.0007759839375614944
4.77119821 0.0006767568307663382
4.772549441 0.0005934131179361093
4.773900673 0.0005225365138405205
4.775251904 0.00046526733176357663
4.776603135999999 0.0004159862120883943
4.777954367 0.00037452837480713363
4.779305599000001 0.00034115890221015315
4.78065683 0.00031262902861441946
4.782008061000001 0.00028905914664118225
4.783359293 0.00026726226846568153
4.784710524 0.0002470748323960288
4.7860617560000005 0.00022846292896731724
4.787412987 0.00021089601234949062
4.788764219 0.0001926755130636292
4.79011545 0.00017491602642732192
4.791466682 0.00015787766261290807
4.7928179129999995 0.00014247306399230462
4.7941691440000005 0.00012823454588284405
4.795520376000001 0.00011446949410449596
4.796871607 0.00010267029065263731
4.798222839 9.241418288709897e-05
4.799574069999999 8.504531871399338e-05
4.800925302 7.749531059902281e-05
4.802276533000001 6.892685957627604e-05
4.803627764 5.98396287002218e-05
4.804978996 5.1440501310631125e-05
4.806330227 4.503484872570102e-05
4.807681459 3.917167579825196e-05
4.80903269 3.3771072711775266e-05
4.810383922 2.834921521563061e-05
4.811735153 2.4093107765532793e-05
4.813086384999999 2.089434202984502e-05
4.814437616 1.738898295206589e-05
4.815788846999999 1.3561320754271027e-05
4.817140079 8.551541345498122e-06
4.818491310000001 5.405058277142901e-06
4.819842542 2.6776750839476026e-06
4.821193773 1.3275140845254425e-06
4.822545005 7.03250679760487e-07
4.8238962359999995 2.798913082206001e-08
4.825247468 4.5406839982131485e-09
4.826598699 4.537517065543927e-09
4.82794993 1.418421856866521e-08
4.829301162 8.035538766246342e-07
4.830652393 2.8738693663846455e-06
4.8320036250000005 5.512612169134271e-06
4.833354856 7.2961498466240855e-06
4.834706088 9.01534248987515e-06
4.836057318999999 1.0234920059415549e-05
4.83740855 1.0872194508570324e-05
4.838759782 1.1385333612964508e-05
4.840111013 1.12081906104724e-05
4.841462245 1.1778231241752678e-05
4.842813476 1.1224537719380886e-05
4.844164708 9.959667954280012e-06
4.845515939 8.665087194295887e-06
4.8468671709999995 7.300372249087754e-06
4.8482184020000005 6.362187226226111e-06
4.849569633 6.253519548911903e-06
4.850920865 5.8084397693284284e-06
4.852272096 6.024362169635306e-06
4.853623327999999 5.314997144745719e-06
4.854974559 4.7802219542643245e-06
4.856325791000001 4.664767321298196e-06
4.857677022 4.919327674915988e-06
4.859028253 5.314290187338893e-06
4.860379485 4.489249593983822e-06
4.861730716 2.7356181489268805e-06
4.863081948 2.714358645623013e-06
4.864433179 3.194485715106945e-06
4.865784411 4.052249170470481e-06
4.867135642 3.4191103026123416e-06
4.868486874 2.530564371200992e-06
4.8698381049999995 1.5320225224819154e-06
4.8711893360000005 8.676796210196149e-07
4.872540568000001 7.195573900106522e-07
4.873891799 2.2381886859396248e-07
4.875243031 6.348762645263495e-08
4.876594261999999 6.6230775169649606e-09
4.8779454939999995 4.3536307689741644e-09
4.879296725000001 4.3443753005964415e-09
4.880647956 1.535907902121842e-08
4.881999188 2.5362009708074463e-07
4.883350419 3.7274466527004074e-07
4.884701651 5.549643356829015e-07
4.8860528819999995 8.636332599910663e-07
4.887404114 1.287773424551702e-06
4.888755345 2.448604840474435e-06
4.890106576999999 2.659281289971909e-06
4.891457808 2.9417467688606346e-06
4.892809038999999 3.4359130864628817e-06
4.894160271 3.7718836801145916e-06
4.895511502000001 3.940898432704794e-06
4.896862734 3.013670806121596e-06
4.898213965 1.803551248763989e-06
4.899565197 3.467923346026936e-07
4.900916428 4.575135431000884e-08
4.902267660000001 5.797714873885882e-09
4.903618891 4.170609696759205e-09
4.904970122 4.161072366935413e-09
4.906321354 4.151609869164477e-09
4.907672585 4.142205137333229e-09
4.9090238170000005 4.13281566921808e-09
4.910375048 4.12343211727206e-09
4.91172628 4.114085729978284e-09
4.913077511 4.104779332514126e-09
4.914428742 4.095482626433079e-09
4.915779974 4.086139513662826e-09
4.917131205 4.076740251381232e-09
4.918482437 4.067288820841408e-09
4.919833668 4.0577919560863285e-09
4.9211849 4.04819586545728e-09
4.922536131 4.038441142507102e-09
4.9238873629999995 4.028511550915522e-09
4.9252385940000005 4.018397755388088e-09
4.926589825 4.008116005052792e-09
4.927941057 3.99757036878279e-09
4.929292288 3.986731534025099e-09
4.930643519999999 3.9755493652891025e-09
4.931994751 3.96402726591887e-09
4.933345983000001 3.952153086968326e-09
4.934697214 3.939816848723489e-09
4.936048445 3.927002740216051e-09
4.937399677 3.9135788249933e-09
4.938750908 3.8996058896464684e-09
4.94010214 3.8850025041541404e-09
4.941453371 3.871613661393858e-09
4.942804603 3.857861218376486e-09
4.944155834 3.840936196567578e-09
4.945507066 3.799959195832425e-09
4.9468582969999995 3.743226897553508e-09
4.9482095280000005 3.749248960077103e-09
4.949560760000001 3.7646776903148664e-09
4.950911991 3.743188335189273e-09
4.952263223 3.720735794852902e-09
4.953614453999999 3.6971904721171472e-09
4.9549656859999995 9.562496444680567e-09
4.9563169170000005 2.910063081142471e-07
4.957668148 2.5661677602145156e-08
4.95901938 3.5922102721506523e-09
4.960370611 3.5631629503437192e-09
4.961721843 3.533045817848927e-09
4.9630730739999995 3.501702397353452e-09
4.964424306 3.4693297565025507e-09
4.965775537000001 3.435735247591897e-09
4.967126769 3.401164393492413e-09
4.968478 3.3654944218881613e-09
4.969829230999999 3.3287750865186714e-09
4.971180463 4.575316629920846e-09
4.972531694000001 8.512311199002216e-08
4.973882926 7.291586522676541e-08
4.975234157 4.1648486785418126e-09
4.976585389 3.130861661511808e-09
4.97793662 3.0886579854007558e-09
4.979287852000001 3.0457344870562937e-09
4.980639083 3.0021506232158994e-09
4.981990314 2.9578919882299786e-09
4.983341545999999 2.9131171182065595e-09
4.984692777 2.8676791679940394e-09
4.986044009 7.202628014984991e-09
4.98739524 1.1414873311111837e-07
4.988746472 1.1334194751857508e-08
4.990097703 2.682217885521834e-09
4.991448934 2.6350921274113267e-09
4.992800166 2.5878313174685285e-09
4.9941513969999995 2.540393223318877e-09
4.995502629 7.1440013736987756e-09
4.99685386 2.7060147221068933e-07
4.998205092 4.599749378488646e-07
4.999556323 3.0567424771442423e-07
5.0009075549999995 1.0309508097817346e-08
5.0022587860000005 2.25704453314127e-09
5.003610017 2.2105389393354434e-09
5.004961249 2.1642979457823593e-09
5.006312479999999 2.118247675577488e-09
5.007663711999999 2.072585947520929e-09
5.009014943 2.0294330243634595e-09
5.010366175 1.9844282551963087e-09
5.011717406 1.939796084103984e-09
5.013068637 1.8955757580019906e-09
5.014419869 1.851821233879421e-09
5.0157711 1.8085100843208598e-09
5.017122332 1.7657235161853689e-09
5.018473563 1.7233811690177443e-09
5.019824795000001 1.6815903243575035e-09
5.021176026 1.6402972095751811e-09
5.022527258 1.5995736115207042e-09
5.0238784889999994 1.5593856345013818e-09
5.0252297200000005 1.5197333763550326e-09
5.026580952000001 1.660215250745653e-09
5.027932183 3.4311016663037183e-09
5.029283415 4.552436072148508e-09
5.030634646 4.671760744437194e-08
5.031985878 1.6955620600991033e-07
5.033337109 1.8052369338176604e-07
5.034688341 9.61033761719577e-08
5.036039572 4.195608465462009e-08
5.037390803 2.4168335120983686e-09
5.038742035 1.1526195712120686e-09
5.0400932659999995 1.1187297354782987e-09
5.041444498 1.085374143380725e-09
5.042795729000001 1.0524805784068648e-09
5.044146961 1.0201466457839649e-09
5.045498192 9.882690520833256e-10
5.046849422999999 9.569148677863465e-10
5.048200655 9.260316707279319e-10
5.049551886000001 8.956541072342415e-10
5.050903118 8.657780232377646e-10
5.052254349 8.363843532456131e-10
5.053605581 1.392773238013271e-09
5.054956812 2.7438297127698e-08
5.056308044000001 2.055199548254707e-07
5.057659275 4.3394999257116566e-07
5.059010506 5.316340851640923e-07
5.060361737999999 4.933340337138695e-07
5.061712969 3.5036639841597655e-07
5.063064201 2.461031807084481e-07
5.064415432 2.2305846863356147e-07
5.065766664 2.104150220376065e-07
5.067117895 1.8595141622276204e-07
5.068469126 1.5600590715182103e-07
5.069820358 1.0826543408336317e-07
5.0711715889999995 6.031042917073586e-08
5.072522821 3.4194071213696e-08
5.073874052 4.200145050821827e-09
5.075225284 4.880939957539248e-10
5.076576515 1.1041849152724517e-09
5.0779277469999995 3.590550426506859e-08
5.0792789780000005 3.5724662649034075e-08
5.080630209 6.493035197985006e-08
5.081981441 5.18109740210426e-08
5.083332671999999 1.58241945279407e-08
5.084683904 7.321371992909026e-10
5.086035135 2.7938734394480257e-10
5.087386367 2.64783324916915e-10
5.088737598 2.5079120210880613e-10
5.090088829 2.3738092364136975e-10
5.091440061 2.24560347260835e-10
5.092791292 2.1231142179866863e-10
5.094142524 2.0062814159208346e-10
5.095493755000001 1.894960691704018e-10
5.096844987000001 1.7889661360185116e-10
5.098196218 1.6882008209022977e-10
5.09954745 1.5924373890176026e-10
