Wavelength_microns Throughput
0.5505499877929687 5.437528622317364e-10
0.5515499877929687 5.634085433292228e-11
0.5525499877929687 1.7308599852302023e-09
0.5535499877929687 3.6882685170849156e-09
0.5545499877929687 1.0215654871415438e-10
0.5555499877929687 1.525333127889741e-09
0.5565499877929687 1.8553378161340065e-09
0.5575499877929687 3.527181704061647e-09
0.5585499877929687 2.3614643865295573e-09
0.5595499877929687 2.3134562260274357e-09
0.5605499877929687 1.414911689800971e-12
0.5615499877929687 5.168000826835525e-09
0.5625499877929687 7.482770802141562e-09
0.5635499877929687 4.5303073968755794e-09
0.5645499877929687 6.35229364383461e-09
0.5655499877929687 1.3977218755734582e-09
0.5665499877929687 1.0102411110184928e-09
0.5675499877929687 4.599328154063979e-09
0.5685499877929687 4.215594380042582e-09
0.5695499877929687 4.9275926114338375e-09
0.5705499877929687 9.058496342134043e-10
0.5715499877929687 7.237348004454651e-10
0.5725499877929687 1.135457895495617e-09
0.5735499877929687 4.128165265532749e-09
0.5745499877929687 2.556086941627617e-09
0.5755499877929687 3.1483558630864154e-09
0.5765499877929687 2.3930355339728393e-09
0.5775499877929687 3.298375487914644e-12
0.5785499877929687 4.7260893801551744e-09
0.5795499877929687 3.354474268015353e-09
0.5805499877929687 1.2942578726792843e-08
0.5815499877929687 4.996168459592747e-09
0.5825499877929687 1.08717991717116e-08
0.5835499877929687 9.432924025981035e-09
0.5845499877929687 1.0318437231899129e-08
0.5855499877929687 4.78163958039659e-09
0.5865499877929687 1.689681385638478e-08
0.5875499877929687 1.3670725846257388e-08
0.5885499877929687 1.5969485176985143e-09
0.5895499877929687 8.192589278237949e-12
0.5905499877929687 6.884590401332393e-10
0.5915499877929687 2.716927370629198e-09
0.5925499877929687 1.2560427036088927e-08
0.5935499877929687 1.329178354551749e-09
0.5945499877929687 1.7802543970998314e-08
0.5955499877929687 2.477694014643973e-08
0.5965499877929688 1.161417002360938e-08
0.5975499877929688 9.441335740689467e-12
0.5985499877929688 9.551683389890599e-12
0.5995499877929688 1.7916581864939364e-09
0.6005499877929688 2.778257068118904e-08
0.6015499877929688 1.2792879198288876e-08
0.6025499877929688 1.6145304068133657e-08
0.6035499877929688 1.3052417415868639e-08
0.6045499877929688 1.4158801110942422e-08
0.6055499877929688 1.5468987692237997e-08
0.6065499877929688 1.9691587639898537e-09
0.6075499877929688 8.494012499711908e-09
0.6085499877929688 3.814788827252102e-08
0.6095499877929688 3.7272615621380715e-08
0.6105499877929688 1.7672633111589862e-08
0.6115499877929688 2.1663801627342383e-08
0.6125499877929688 1.4919711114088467e-08
0.6135499877929688 5.310202797443761e-08
0.6145499877929688 2.2349058628782695e-08
0.6155499877929688 2.8033333578852543e-08
0.6165499877929688 2.5276038252275707e-08
0.6175499877929688 2.6395862749920844e-08
0.6185499877929688 2.1752415368530644e-09
0.6195499877929688 3.712863596698458e-08
0.6205499877929688 3.861980650774781e-08
0.6215499877929688 4.769597441781341e-08
0.6225499877929688 3.704799784980994e-08
0.6235499877929688 2.6731921071827106e-08
0.6245499877929688 3.925243226667036e-08
0.6255499877929688 6.510343696670236e-08
0.6265499877929688 2.3338365846315144e-08
0.6275499877929688 1.67399827254201e-08
0.6285499877929688 3.561768826506716e-08
0.6295499877929688 8.00651541758493e-08
0.6305499877929688 7.78609755578161e-08
0.6315499877929688 4.141247761691472e-08
0.6325499877929688 8.492476233677326e-08
0.6335499877929688 8.64097012947297e-08
0.6345499877929688 5.079259817600481e-08
0.6355499877929688 1.1632957886341197e-07
0.6365499877929688 7.397940622862522e-08
0.6375499877929688 1.1682407071056123e-07
0.6385499877929688 1.4828067597948677e-08
0.6395499877929688 6.17322649981146e-08
0.6405499877929688 1.0956414122105973e-07
0.6415499877929688 6.384889144505826e-08
0.6425499877929688 6.449775503395061e-08
0.6435499877929688 7.386270124880703e-08
0.6445499877929688 5.898917481216663e-08
0.6455499877929688 9.199664470733794e-08
0.6465499877929688 8.665491199533241e-08
0.6475499877929688 7.020315532546273e-08
0.6485499877929688 7.064632344423257e-08
0.6495499877929688 1.2696062685642433e-07
0.6505499877929688 7.811199414679036e-08
0.6515499877929688 1.0945852953201361e-07
0.6525499877929688 1.0063812044255598e-07
0.6535499877929688 6.438229881868798e-08
0.6545499877929688 1.2759525790508327e-07
0.6555499877929688 1.077638284552287e-07
0.6565499877929688 1.52224026620338e-07
0.6575499877929688 1.2821651248930078e-07
0.6585499877929688 1.0979244488441458e-07
0.6595499877929687 1.0025788981358287e-07
0.6605499877929687 1.1033637776368733e-07
0.6615499877929687 1.1789879330263244e-07
0.6625499877929687 1.456367079738137e-07
0.6635499877929687 1.6229004316643425e-07
0.6645499877929687 1.6056470403121035e-07
0.6655499877929687 1.793391904716815e-07
0.6665499877929687 1.3360630616210507e-07
0.6675499877929687 1.780472776224849e-07
0.6685499877929687 1.821030098460347e-07
0.6695499877929687 1.5883680346934006e-07
0.6705499877929687 2.2463497123805424e-07
0.6715499877929687 2.0748333771918517e-07
0.6725499877929687 1.4377513089700103e-07
0.6735499877929687 2.3099111282934165e-07
0.6745499877929687 2.3706063725287654e-07
0.6755499877929687 2.2327410230217767e-07
0.6765499877929687 1.877550515579221e-07
0.6775499877929687 1.718260852221438e-07
0.6785499877929687 2.3435822444283412e-07
0.6795499877929687 1.782474641137979e-07
0.6805499877929687 1.913478343765909e-07
0.6815499877929687 2.160501263996231e-07
0.6825499877929687 2.2985172601545946e-07
0.6835499877929687 2.1668659486283487e-07
0.6845499877929687 2.0647500109451014e-07
0.6855499877929687 2.2939863099005863e-07
0.6865499877929687 2.3419009897415705e-07
0.6875499877929687 2.0238024374939323e-07
0.6885499877929687 2.365281621729293e-07
0.6895499877929687 2.2294727897884233e-07
0.6905499877929687 2.4504676288431436e-07
0.6915499877929687 2.396620596117153e-07
0.6925499877929687 2.447663623457968e-07
0.6935499877929687 2.295667708135231e-07
0.6945499877929687 2.651289477963862e-07
0.6955499877929687 2.7046408156001724e-07
0.6965499877929687 2.7000646751815045e-07
0.6975499877929687 3.2582966919747024e-07
0.6985499877929687 3.315157680199429e-07
0.6995499877929687 2.758933664308337e-07
0.7005499877929687 2.2918891671057357e-07
0.7015499877929687 2.3352268183722076e-07
0.7025499877929687 3.0184378834051454e-07
0.7035499877929687 2.801804031738993e-07
0.7045499877929687 3.0648358872876785e-07
0.7055499877929687 2.7954138261707e-07
0.7065499877929687 3.316037520881741e-07
0.7075499877929687 3.318860164795846e-07
0.7085499877929687 3.4918811401743655e-07
0.7095499877929687 3.5627773140366645e-07
0.7105499877929687 3.986204028692944e-07
0.7115499877929687 3.464723627213376e-07
0.7125499877929687 3.138398491765775e-07
0.7135499877929687 3.6252628294305564e-07
0.7145499877929687 3.903838604035024e-07
0.7155499877929687 3.5452509652563443e-07
0.7165499877929687 3.9345881319768993e-07
0.7175499877929687 4.887676208480262e-07
0.7185499877929687 4.062027878881257e-07
0.7195499877929687 4.2781489658298836e-07
0.7205499877929687 4.532466923280828e-07
0.7215499877929688 4.3331420660714646e-07
0.7225499877929688 4.647216917160107e-07
0.7235499877929688 4.048128367533334e-07
0.7245499877929688 4.06348017361591e-07
0.7255499877929688 4.817261605751029e-07
0.7265499877929688 3.8789636280718525e-07
0.7275499877929688 3.8682940119144536e-07
0.7285499877929688 4.2883794223164717e-07
0.7295499877929688 3.542890306537697e-07
0.7305499877929688 3.0436899411040796e-07
0.7315499877929688 3.411878810709006e-07
0.7325499877929688 4.347935123626413e-07
0.7335499877929688 3.4940905225850525e-07
0.7345499877929688 2.6250437569113374e-07
0.7355499877929688 3.054550144491476e-07
0.7365499877929688 3.1232229549171453e-07
0.7375499877929688 3.140786330637336e-07
0.7385499877929688 3.096624609144579e-07
0.7395499877929688 4.0842508223306415e-07
0.7405499877929688 3.896470198312562e-07
0.7415499877929688 3.5349995513463957e-07
0.7425499877929688 3.5135719261273646e-07
0.7435499877929688 4.272111517144516e-07
0.7445499877929688 3.8048050563237384e-07
0.7455499877929688 3.5262096423477683e-07
0.7465499877929688 4.1407625119563917e-07
0.7475499877929688 3.6507247178565227e-07
0.7485499877929688 4.791423875387683e-07
0.7495499877929688 3.674227295421802e-07
0.7505499877929688 4.4126668592684396e-07
0.7515499877929688 4.740577415484498e-07
0.7525499877929688 4.362576871570824e-07
0.7535499877929688 4.273079812580057e-07
0.7545499877929688 5.037985562366295e-07
0.7555499877929688 3.9942767612137136e-07
0.7565499877929688 3.813369183572771e-07
0.7575499877929688 3.990192526540534e-07
0.7585499877929688 4.5183763168813463e-07
0.7595499877929688 5.295110059100998e-07
0.7605499877929688 5.492507625283298e-07
0.7615499877929688 5.156971295589419e-07
0.7625499877929688 5.251383080690094e-07
0.7635499877929688 5.812882178835632e-07
0.7645499877929688 6.310405535673304e-07
0.7655499877929688 6.350556845249674e-07
0.7665499877929688 6.067594667006895e-07
0.7675499877929688 7.15971586147441e-07
0.7685499877929688 8.512379052354417e-07
0.7695499877929688 1.1958711159798058e-06
0.7705499877929688 1.5062339954372446e-06
0.7715499877929688 2.2684707369150985e-06
0.7725499877929688 3.3310497650341498e-06
0.7735499877929688 5.248978801358653e-06
0.7745499877929688 8.314660968925944e-06
0.7755499877929688 1.2599067022033393e-05
0.7765499877929688 1.8618746271051913e-05
0.7775499877929688 2.6792674580212545e-05
0.7785499877929688 3.7867910067763975e-05
0.7795499877929688 5.154694646239069e-05
0.7805499877929688 7.208886283371251e-05
0.7815499877929688 0.00010212038402833508
0.7825499877929688 0.00015194688124789567
0.7835499877929688 0.00024741375724449957
0.7845499877929687 0.0004184924856659784
0.7855499877929687 0.0007976156480388205
0.7865499877929687 0.0017067107213936154
0.7875499877929687 0.003793823984281903
0.7885499877929687 0.008719596895836403
0.7895499877929687 0.019899882476251508
0.7905499877929687 0.039976395717747755
0.7915499877929687 0.07074322868930737
0.7925499877929687 0.10920298492075751
0.7935499877929687 0.15240082685102205
0.7945499877929687 0.18988921548224239
0.7955499877929687 0.2193672795637033
0.7965499877929687 0.2411347251098168
0.7975499877929687 0.25321916988227366
0.7985499877929687 0.25970099951965925
0.7995499877929687 0.2626007266290018
0.8005499877929687 0.26460161411781136
0.8015499877929687 0.26453333193684453
0.8025499877929687 0.2625246034599793
0.8035499877929687 0.26047702308386966
0.8045499877929687 0.2577021282297269
0.8055499877929687 0.2554317350898843
0.8065499877929687 0.2519672066032026
0.8075499877929687 0.2483217217913423
0.8085499877929687 0.24555921336500897
0.8095499877929687 0.2457187124229714
0.8105499877929687 0.2476483695524842
0.8115499877929687 0.2513280258144417
0.8125499877929687 0.2557794637181535
0.8135499877929687 0.25931306375894153
0.8145499877929687 0.2640601807867503
0.8155499877929687 0.26579544319272896
0.8165499877929687 0.268175128815534
0.8175499877929687 0.2704323984250137
0.8185499877929687 0.2727001459149701
0.8195499877929687 0.27380958357729096
0.8205499877929687 0.2749030649579108
0.8215499877929687 0.27615649619419597
0.8225499877929687 0.2745322818670025
0.8235499877929687 0.2735753198678049
0.8245499877929687 0.2718894203308091
0.8255499877929687 0.26914843925045734
0.8265499877929687 0.2675387714067415
0.8275499877929687 0.26630478452328865
0.8285499877929687 0.26622366230869116
0.8295499877929687 0.266532572592367
0.8305499877929687 0.26570022084314826
0.8315499877929687 0.2666321026086294
0.8325499877929687 0.2669357967320871
0.8335499877929687 0.2668150330544263
0.8345499877929687 0.26667360719540956
0.8355499877929687 0.2698155455661462
0.8365499877929687 0.2726665161665023
0.8375499877929687 0.27592871038706507
0.8385499877929687 0.2786695589280196
0.8395499877929687 0.28016505019860627
0.8405499877929687 0.281582538569775
0.8415499877929687 0.2836901273963207
0.8425499877929687 0.28388119396703315
0.8435499877929687 0.28307386565967113
0.8445499877929687 0.2823335494076395
0.8455499877929687 0.2798754058120406
0.8465499877929688 0.27866414435841763
0.8475499877929688 0.2761622690125658
0.8485499877929688 0.27473743869883654
0.8495499877929688 0.2752216236423318
0.8505499877929688 0.2763175280508162
0.8515499877929688 0.2781585109479678
0.8525499877929688 0.27873260580898546
0.8535499877929688 0.2790054240572513
0.8545499877929688 0.2804191022876416
0.8555499877929688 0.2796562287552513
0.8565499877929688 0.2816218006756217
0.8575499877929688 0.28356260914922776
0.8585499877929688 0.28588946602155324
0.8595499877929688 0.287496872397373
0.8605499877929688 0.29157148846673403
0.8615499877929688 0.2934582427772645
0.8625499877929688 0.29318459144199255
0.8635499877929688 0.2918865873311198
0.8645499877929688 0.2920951720709412
0.8655499877929688 0.29291483745419256
0.8665499877929688 0.29622701954489467
0.8675499877929688 0.29291118337853017
0.8685499877929688 0.29039160549911053
0.8695499877929688 0.2905869598878689
0.8705499877929688 0.29064642655379247
0.8715499877929688 0.2868232957470635
0.8725499877929688 0.2891683267813118
0.8735499877929688 0.2890408885140182
0.8745499877929688 0.290226800524565
0.8755499877929688 0.28777256189907513
0.8765499877929688 0.28851315770535757
0.8775499877929688 0.293537717890364
0.8785499877929688 0.29419133120038987
0.8795499877929688 0.2933011214900425
0.8805499877929688 0.2982068192665
0.8815499877929688 0.29600104624504664
0.8825499877929688 0.29979292186437795
0.8835499877929688 0.2972427946712071
0.8845499877929688 0.3020339510506728
0.8855499877929688 0.2972983253174427
0.8865499877929688 0.2937275112444885
0.8875499877929688 0.30286186285067473
0.8885499877929688 0.3060947569731525
0.8895499877929688 0.3035220273896412
0.8905499877929688 0.2969826068784614
0.8915499877929688 0.3008059867833097
0.8925499877929688 0.29959040078038285
0.8935499877929688 0.29909584447514925
0.8945499877929688 0.29955785292104964
0.8955499877929688 0.29737577659701175
0.8965499877929688 0.29212661424133
0.8975499877929688 0.29680775692917977
0.8985499877929688 0.2973594324037501
0.8995499877929688 0.2958512442453794
0.9005499877929688 0.29699301627429986
0.9015499877929688 0.2970191127517383
0.9025499877929688 0.29833649220411024
0.9035499877929688 0.2975968068575078
0.9045499877929688 0.2980061709450501
0.9055499877929688 0.30112351631926804
0.9065499877929688 0.30103129711880916
0.9075499877929688 0.3003837133998507
0.9085499877929688 0.3030475342880641
0.9095499877929687 0.30379907127081474
0.9105499877929687 0.3042950917407894
0.9115499877929687 0.3052593162124934
0.9125499877929687 0.30620633800442737
0.9135499877929687 0.30654282269990774
0.9145499877929687 0.3079397420734852
0.9155499877929687 0.3073978029988219
0.9165499877929687 0.30951789033892196
0.9175499877929687 0.3081134115501591
0.9185499877929687 0.30989664053876337
0.9195499877929687 0.3096311666233598
0.9205499877929687 0.30874148149672326
0.9215499877929687 0.3082682953952496
0.9225499877929687 0.3079031035301144
0.9235499877929687 0.3074128344558486
0.9245499877929687 0.30568895859439327
0.9255499877929687 0.30605892637118803
0.9265499877929687 0.30535458216678246
0.9275499877929687 0.30520509761521697
0.9285499877929687 0.3066005269373989
0.9295499877929687 0.30785116693505293
0.9305499877929687 0.30893157086670925
0.9315499877929687 0.3100013358314169
0.9325499877929687 0.310643156614822
0.9335499877929687 0.3104294106303933
0.9345499877929687 0.311183902435967
0.9355499877929687 0.31095249581193385
0.9365499877929687 0.3112160642308176
0.9375499877929687 0.3106932291201934
0.9385499877929687 0.3097299793666907
0.9395499877929687 0.30996589953186054
0.9405499877929687 0.3096884945618357
0.9415499877929687 0.3085698543319031
0.9425499877929687 0.30803075571622646
0.9435499877929687 0.3072908459746809
0.9445499877929687 0.3064981413483606
0.9455499877929687 0.30612863948219804
0.9465499877929687 0.3051874746413297
0.9475499877929687 0.3046162505989436
0.9485499877929687 0.30582233890943844
0.9495499877929687 0.30733571642522917
0.9505499877929687 0.3078285488793464
0.9515499877929687 0.3112656201476289
0.9525499877929687 0.3100303156445769
0.9535499877929687 0.3106881749157948
0.9545499877929687 0.3110718494151041
0.9555499877929687 0.31143733382309746
0.9565499877929687 0.31143983684917437
0.9575499877929687 0.31099528661366915
0.9585499877929687 0.3130414063232173
0.9595499877929687 0.3110501998561069
0.9605499877929687 0.3106770966134468
0.9615499877929687 0.3106529410435971
0.9625499877929687 0.3105215403726658
0.9635499877929687 0.31026323366244396
0.9645499877929687 0.31073338909785114
0.9655499877929687 0.30959148420187727
0.9665499877929687 0.3083880704036598
0.9675499877929687 0.3090936292584475
0.9685499877929687 0.3090138052069651
0.9695499877929687 0.3092259067895962
0.9705499877929687 0.3097493775645093
0.9715499877929688 0.31027021750013445
0.9725499877929688 0.3107666408502161
0.9735499877929688 0.3113166993554439
0.9745499877929688 0.30926107287714855
0.9755499877929688 0.3117203141955081
0.9765499877929688 0.30997555673716204
0.9775499877929688 0.30981617748098866
0.9785499877929688 0.31083782047182507
0.9795499877929688 0.3099401973050193
0.9805499877929688 0.30900510216152366
0.9815499877929688 0.3117619642276287
0.9825499877929688 0.3113523051072517
0.9835499877929688 0.3115689012450341
0.9845499877929688 0.31179898741410117
0.9855499877929688 0.31276445904533035
0.9865499877929688 0.3117657688187399
0.9875499877929688 0.3122588710992575
0.9885499877929688 0.31361746580775035
0.9895499877929688 0.31351968257467216
0.9905499877929688 0.3145672978715659
0.9915499877929688 0.31320794118149325
0.9925499877929688 0.3138194559167344
0.9935499877929688 0.3125729748612949
0.9945499877929688 0.3126548730408204
0.9955499877929688 0.31192858853027006
0.9965499877929688 0.31108344758320344
0.9975499877929688 0.3083858995629389
0.9985499877929688 0.30199200328913084
0.9995499877929688 0.2923335176433388
1.0005499877929687 0.273726049241852
1.0015499877929688 0.25117930381369236
1.0025499877929687 0.2209455584410561
1.0035499877929688 0.1870482175030528
1.0045499877929687 0.16216597609140762
1.0055499877929688 0.13451916986146034
1.0065499877929687 0.11264786462779378
1.0075499877929688 0.09122742087715122
1.0085499877929687 0.07736085231625746
1.0095499877929688 0.06385196124064828
1.0105499877929687 0.05414242856195544
1.0115499877929688 0.047048822316857995
1.0125499877929687 0.03996254431159798
1.0135499877929688 0.034014363113003994
1.0145499877929687 0.03022363903234856
1.0155499877929688 0.026193594013499417
1.0165499877929687 0.022231407096455224
1.0175499877929688 0.0185768360428515
1.0185499877929687 0.014877740040123332
1.0195499877929688 0.011453797880945419
1.0205499877929687 0.008778829773031831
1.0215499877929688 0.006566887181406013
1.0225499877929687 0.00456915489866629
1.0235499877929688 0.003617187992003257
1.024550048828125 0.0025741125988839627
1.025550048828125 0.0018852173563606775
1.026550048828125 0.0013322715115787296
1.027550048828125 0.0009977992224395403
1.028550048828125 0.0007399275350131111
1.029550048828125 0.0005264156108376516
1.030550048828125 0.00043112956333717117
1.031550048828125 0.0003193214668453045
1.032550048828125 0.0002458091009332418
1.033550048828125 0.00018826984974504925
1.034550048828125 0.00014845215729392475
1.035550048828125 0.00011373134555696032
1.036550048828125 9.187296441071903e-05
1.037550048828125 7.518214487375561e-05
1.038550048828125 5.822400094208622e-05
1.039550048828125 4.7642863713574276e-05
1.040550048828125 3.861414979104308e-05
1.041550048828125 3.155476252328126e-05
1.042550048828125 2.58551014185618e-05
1.043550048828125 2.1062112795184596e-05
1.044550048828125 1.8051666324188388e-05
1.045550048828125 1.4347704339456903e-05
1.046550048828125 1.2191753546967191e-05
1.047550048828125 1.050938759345685e-05
1.048550048828125 8.307974210117734e-06
1.049550048828125 8.399031333290384e-06
1.050550048828125 6.796272684993154e-06
1.051550048828125 5.822722367504021e-06
1.052550048828125 4.928518825854042e-06
1.053550048828125 4.418220758661513e-06
1.054550048828125 2.606482183271237e-06
1.055550048828125 4.095085017583073e-06
1.056550048828125 4.220214240903984e-06
1.057550048828125 3.0048710743225655e-06
1.058550048828125 3.108266809627347e-06
1.059550048828125 2.4750229262544554e-06
1.060550048828125 2.2147076576100186e-06
1.061550048828125 2.641779550937545e-06
1.062550048828125 1.7211437368773323e-06
1.063550048828125 1.3017674168758536e-06
1.064550048828125 1.7859502017046347e-06
1.065550048828125 1.5647290448302064e-06
1.066550048828125 2.630079921378756e-06
1.067550048828125 1.0978678219143642e-06
1.068550048828125 2.8565460764911092e-06
1.069550048828125 2.174698084043241e-06
1.070550048828125 1.925690104434266e-06
1.071550048828125 1.235239108547102e-06
1.072550048828125 2.176653803436909e-06
1.073550048828125 1.8631788448578804e-06
1.074550048828125 1.612988210250603e-06
1.075550048828125 5.239051415823962e-07
1.076550048828125 2.937078116595217e-06
1.077550048828125 7.671653675558083e-07
1.078550048828125 1.3818723981565983e-06
1.079550048828125 1.500652675202082e-06
1.080550048828125 2.246780789682115e-06
1.081550048828125 6.046244708347713e-07
1.082550048828125 8.259334337535517e-07
1.083550048828125 4.7577084242891834e-07
1.084550048828125 8.72255158329017e-07
1.085550048828125 5.6401681550357e-07
1.086550048828125 8.317937607131825e-07
1.087550048828125 1.560725772291915e-06
1.088550048828125 6.86699641115209e-07
1.089550048828125 2.6069435100345183e-06
1.090550048828125 1.0645349710292125e-06
1.091550048828125 6.4550503851679e-07
1.092550048828125 5.746495856955091e-07
1.093550048828125 1.8239940230533e-06
1.094550048828125 1.4329599457282922e-06
1.095550048828125 4.68647761754126e-07
1.096550048828125 3.593229903785994e-07
1.097550048828125 2.1481704993926153e-06
1.098550048828125 6.744152876185346e-07
1.099550048828125 3.5507524474398263e-07
1.100550048828125 1.2651375208237704e-06
1.101550048828125 1.758341588559419e-06
1.102550048828125 1.468122498478716e-06
1.103550048828125 1.4501584874873836e-07
1.104550048828125 8.091148873529204e-07
1.105550048828125 6.572620859215518e-07
1.106550048828125 1.4334484466695581e-07
1.107550048828125 7.986995976311108e-07
1.108550048828125 9.113753078943939e-07
1.109550048828125 6.42390045513336e-07
1.110550048828125 2.2625677428491923e-06
1.111550048828125 4.489404242832799e-07
1.112550048828125 1.873864826935283e-06
1.113550048828125 5.052903903263419e-07
1.114550048828125 1.1345697126753404e-06
1.115550048828125 9.30724349731883e-07
1.116550048828125 1.5988271266978044e-06
1.117550048828125 2.0366189233232513e-06
1.118550048828125 1.3371087758322633e-06
1.119550048828125 1.2440722197037088e-06
1.120550048828125 1.0600703296744088e-06
1.121550048828125 2.031392648830158e-06
1.122550048828125 1.6752502221067134e-06
1.123550048828125 2.206891399534559e-08
1.124550048828125 9.740723351775627e-07
1.125550048828125 6.602524890000338e-07
1.126550048828125 1.2029619447150055e-06
1.127550048828125 1.4018975920559154e-06
1.128550048828125 4.554389949229832e-07
1.129550048828125 2.669255311249383e-06
1.130550048828125 1.4861559432565032e-06
1.131550048828125 6.872746498597029e-07
1.132550048828125 6.804480884218674e-07
1.133550048828125 9.598076484361895e-07
1.134550048828125 3.8763761866453963e-07
1.135550048828125 1.6975535959015213e-06
1.136550048828125 6.929595091554894e-07
1.137550048828125 1.3062616995621999e-06
1.138550048828125 1.9055917736441289e-06
1.139550048828125 6.49794936124529e-07
1.140550048828125 1.6063635271291458e-06
1.141550048828125 7.237881574373618e-07
1.142550048828125 1.7481629640309124e-06
1.143550048828125 1.5535127319339635e-06
1.144550048828125 9.800820812595487e-07
1.145550048828125 7.796166079440613e-07
1.146550048828125 1.2070796546337631e-06
1.147550048828125 4.517864924098025e-07
1.148550048828125 1.8154100541354707e-06
1.149550048828125 1.2270193541613231e-06
1.150550048828125 9.952938094555306e-07
1.151550048828125 7.174603304793623e-07
1.152550048828125 1.5748704194418642e-06
1.153550048828125 1.003376351979781e-06
1.154550048828125 6.621530555833531e-07
1.155550048828125 1.4417826080281324e-06
1.156550048828125 2.45209811935584e-07
1.157550048828125 1.800829624164212e-06
1.158550048828125 1.2412354125796083e-06
1.159550048828125 1.5905571890630545e-06
1.160550048828125 8.925348376170243e-07
1.161550048828125 5.776287399290474e-07
1.162550048828125 9.056114765804622e-07
1.163550048828125 1.6191425860353405e-06
1.164550048828125 1.0536968315241883e-06
1.165550048828125 9.134400167839645e-07
1.166550048828125 1.790853745913575e-06
1.167550048828125 1.3129582293871599e-06
1.168550048828125 1.1911820814111015e-06
1.169550048828125 8.603882145851954e-07
1.170550048828125 1.827432073533344e-06
1.171550048828125 3.689797612264577e-11
1.172550048828125 2.250345471551081e-06
1.173550048828125 2.567456082608504e-06
1.174550048828125 5.449907541445757e-07
1.175550048828125 1.097306716806319e-06
1.176550048828125 1.5065124435020212e-06
1.177550048828125 1.4767425857490397e-06
1.178550048828125 6.030723372747739e-07
1.179550048828125 1.4412248040057715e-06
1.180550048828125 1.0265178874496907e-06
1.181550048828125 5.898872774956311e-07
1.182550048828125 1.5335246283557176e-06
1.183550048828125 1.519834656097816e-06
1.184550048828125 1.0391221743860074e-06
1.185550048828125 8.545259123967516e-07
1.186550048828125 8.839300342209737e-07
1.187550048828125 1.7893325275659162e-06
1.188550048828125 1.9561801112779877e-06
1.189550048828125 9.187664008304993e-07
1.190550048828125 1.7883204343594447e-06
1.191550048828125 1.3272269337549666e-06
1.192550048828125 2.104850589760991e-06
1.193550048828125 7.779486008412467e-07
1.194550048828125 1.103399895384499e-06
1.195550048828125 1.2791328635337987e-06
1.196550048828125 9.603187384700372e-07
1.197550048828125 1.876146409649684e-06
1.198550048828125 6.124631769192485e-07
1.199550048828125 1.529850597299328e-06
1.200550048828125 1.360983263335943e-06
1.201550048828125 1.399930191923392e-06
1.202550048828125 1.7619370269377058e-06
1.203550048828125 1.2771393532435236e-06
1.204550048828125 9.723096660576356e-07
1.205550048828125 5.866446558701944e-07
1.206550048828125 9.635590151604205e-07
1.207550048828125 2.303328965904026e-06
1.208550048828125 1.2588073831851075e-06
1.209550048828125 1.8023724118852907e-06
1.210550048828125 1.1881988668975678e-06
1.211550048828125 1.5588318726095626e-06
1.212550048828125 1.186810419651776e-06
1.213550048828125 1.5044993008274919e-06
1.214550048828125 1.4389725198288277e-06
1.215550048828125 9.717064530805206e-07
1.216550048828125 2.4308427562861093e-06
1.217550048828125 1.086906364521342e-06
1.218550048828125 5.152544551399266e-07
1.219550048828125 1.0471302540265762e-06
1.220550048828125 2.6015410473192276e-06
1.221550048828125 9.338294014425772e-07
1.222550048828125 1.777981266916942e-06
1.223550048828125 1.7282402842428798e-06
1.224550048828125 1.5770600840446392e-06
1.225550048828125 1.1638323785218508e-06
1.226550048828125 8.74433788310579e-07
1.227550048828125 6.830887900431737e-07
1.228550048828125 1.3632873832491903e-06
1.229550048828125 6.095946172368833e-07
1.230550048828125 1.997455677889688e-06
1.231550048828125 2.511642876779832e-07
1.232550048828125 1.6078560284668874e-06
1.233550048828125 9.016566666113853e-07
1.234550048828125 1.636682662866638e-06
1.235550048828125 1.6974387840971906e-06
1.236550048828125 7.3854226462918e-07
1.237550048828125 4.210715839027309e-07
1.238550048828125 7.023412639641637e-07
1.239550048828125 2.3168766168287215e-06
1.240550048828125 2.1155224760321937e-06
1.241550048828125 1.93303843383038e-06
1.242550048828125 2.6057693462327054e-06
1.243550048828125 6.587181142264801e-07
1.244550048828125 1.2166053464782116e-06
1.245550048828125 2.2542347420954576e-06
1.246550048828125 1.6989013465878419e-06
1.247550048828125 7.346715384460816e-07
1.248550048828125 2.7839964437306932e-06
1.249550048828125 1.8061447534059753e-06
1.250550048828125 2.164595879145286e-06
1.251550048828125 1.2511215214514213e-06
1.252550048828125 1.5545662064581052e-06
1.253550048828125 5.266159517247527e-07
1.254550048828125 1.0258937527266105e-06
1.255550048828125 1.1817990395584794e-06
1.256550048828125 1.4066061430505394e-06
1.257550048828125 1.9492412265909564e-06
1.258550048828125 1.4706577020777469e-06
1.259550048828125 1.2316653756664774e-06
1.260550048828125 1.5829721611791263e-06
1.261550048828125 2.2986061924743905e-06
1.262550048828125 1.4505059088334306e-06
1.263550048828125 4.311922163153672e-07
1.264550048828125 4.0656204960818186e-07
1.265550048828125 2.4402379588965808e-06
1.266550048828125 1.9610747633084625e-06
1.267550048828125 2.14170156803186e-06
1.268550048828125 1.3029735287339062e-06
1.269550048828125 1.646624591277637e-06
1.270550048828125 1.5496337115685217e-06
1.271550048828125 2.3948463748091886e-06
1.272550048828125 1.8986121782491542e-06
1.273550048828125 6.769532453885164e-07
1.274550048828125 1.2985028022068204e-06
1.275550048828125 1.2176755631778138e-06
1.276550048828125 1.4288250407102955e-06
1.277550048828125 2.1178073855714557e-06
1.278550048828125 1.3106051397889552e-06
1.279550048828125 9.086759614559115e-07
1.280550048828125 1.966136975685334e-06
1.281550048828125 2.76191827669245e-06
1.282550048828125 1.82885115943996e-06
1.283550048828125 7.651487582742013e-07
1.284550048828125 1.0014613480791553e-06
1.285550048828125 2.3628497474075493e-06
1.286550048828125 1.2068587027275595e-06
1.287550048828125 1.5962736794120214e-06
1.288550048828125 1.780961241753042e-06
1.289550048828125 2.3350154998251737e-06
1.290550048828125 1.959626464316183e-06
1.291550048828125 2.0371345463793866e-06
1.292550048828125 1.909507193214384e-06
1.293550048828125 1.6016454947167096e-06
1.294550048828125 5.592100071260765e-07
1.295550048828125 1.5650968360674886e-06
1.296550048828125 1.9301015419489987e-06
1.297550048828125 1.2801355119000875e-06
1.298550048828125 1.302666738968165e-06
1.299550048828125 2.8113027184681212e-06
1.300550048828125 2.6440197271707433e-06
1.301550048828125 1.0327020194141575e-06
1.302550048828125 1.5878889161266739e-06
1.303550048828125 1.8565362638103074e-06
1.304550048828125 1.697562221737219e-06
1.305550048828125 1.4453986151140684e-06
1.306550048828125 1.989720090081385e-06
1.307550048828125 1.9036984633108536e-06
1.308550048828125 2.691298264091959e-06
1.309550048828125 1.495926921913529e-06
1.310550048828125 1.8583544244878606e-06
1.311550048828125 1.3272716612619958e-06
1.312550048828125 1.7817283298654858e-06
1.313550048828125 1.9556046601638377e-06
1.314550048828125 2.2732789671982027e-06
1.315550048828125 1.160006016169467e-06
1.316550048828125 1.8134431062006534e-06
1.317550048828125 1.727782273028406e-06
1.318550048828125 1.9609326573804083e-06
1.319550048828125 2.5630318248286194e-06
1.320550048828125 2.650747853422872e-06
1.321550048828125 2.277558946933039e-06
1.322550048828125 2.6928983477128012e-06
1.323550048828125 1.1016170201728899e-06
1.324550048828125 1.6164318113573746e-06
1.325550048828125 2.4492306447917128e-06
1.326550048828125 1.6405390005343383e-06
1.327550048828125 1.7844456362313353e-06
1.328550048828125 1.6051957560825965e-06
1.329550048828125 2.618387622380344e-06
1.330550048828125 1.8607187736598283e-06
1.331550048828125 1.264551441160135e-06
1.332550048828125 1.2025155302121124e-06
1.333550048828125 2.6364348251357763e-06
1.334550048828125 2.0668322965028916e-06
1.335550048828125 8.056075759542045e-07
1.336550048828125 1.804651229713176e-06
1.337550048828125 2.6840378367980788e-06
1.338550048828125 2.648969992898658e-06
1.339550048828125 2.107304882809434e-06
1.340550048828125 1.4005029650733541e-06
1.341550048828125 2.260987027191065e-06
1.342550048828125 1.8018077550428928e-06
1.343550048828125 2.2169552940739662e-06
1.344550048828125 2.5364557646803524e-06
1.345550048828125 8.984869663298774e-07
1.346550048828125 2.52729574469722e-06
1.347550048828125 2.4722266667251337e-06
1.348550048828125 1.3843097745962848e-06
1.349550048828125 9.980100156952201e-07
1.350550048828125 2.5217572104632408e-06
1.351550048828125 2.1724743328361456e-06
1.352550048828125 2.575281564915927e-06
1.353550048828125 3.2630762900746582e-06
1.354550048828125 3.1698868353957377e-07
1.355550048828125 2.113032973024956e-06
1.356550048828125 1.5642100269505863e-06
1.357550048828125 2.9432687057453663e-06
1.358550048828125 1.1665466536087466e-06
1.359550048828125 2.0593713149928336e-06
1.360550048828125 8.211926961765171e-07
1.361550048828125 2.8879268026918548e-06
1.362550048828125 2.192919399853414e-06
1.363550048828125 1.118047274344083e-06
1.364550048828125 1.7757982304346301e-06
1.365550048828125 1.3069319254083533e-06
1.366550048828125 2.0318484096350184e-06
1.367550048828125 1.045176838191774e-06
1.368550048828125 1.8914532903624056e-06
1.369550048828125 1.3062756442014264e-06
1.370550048828125 1.5676162667323963e-06
1.371550048828125 2.106620508392903e-06
1.372550048828125 1.6171153822766402e-06
1.373550048828125 1.7178040464106428e-06
1.374550048828125 1.3966099649762108e-06
1.375550048828125 1.6734629818332678e-06
1.376550048828125 2.569071206324666e-06
1.377550048828125 2.0875398261463264e-06
1.378550048828125 1.8350982921177045e-06
1.379550048828125 4.040178476674055e-11
1.380550048828125 2.571935499389634e-06
1.381550048828125 2.610429103721261e-06
1.382550048828125 1.4515882149279397e-06
1.383550048828125 2.111043974766256e-06
1.384550048828125 2.59605044286362e-06
1.385550048828125 1.9543367708047675e-06
1.386550048828125 2.8040542102923527e-06
1.387550048828125 2.019849634845096e-06
1.388550048828125 9.120171492007691e-07
1.389550048828125 2.013667209564367e-06
1.390550048828125 1.8132003917039652e-06
1.391550048828125 1.2137618199816636e-06
1.392550048828125 2.0556115239470326e-06
1.393550048828125 2.030866796647744e-06
1.394550048828125 2.4790473370900663e-06
1.395550048828125 3.014422214699122e-06
1.396550048828125 2.2348986348597265e-06
1.397550048828125 1.008566558827423e-06
1.398550048828125 2.261009742830556e-06
1.399550048828125 2.616618597287924e-06
1.400550048828125 1.8468798342582707e-06
1.401550048828125 2.7011220742768257e-06
1.402550048828125 1.1070559350377197e-06
1.403550048828125 6.582381860577899e-07
1.404550048828125 1.2368853788884423e-06
1.405550048828125 2.068263897830108e-06
1.406550048828125 3.2420465238161822e-06
1.407550048828125 7.887899987442239e-07
1.408550048828125 1.552323008098944e-06
1.409550048828125 1.1551538303118998e-06
1.410550048828125 2.0735415349411623e-06
1.411550048828125 3.5552317648429074e-06
1.412550048828125 4.4755610699262857e-07
1.413550048828125 2.1105343610085605e-06
1.414550048828125 3.1413023866597377e-06
1.415550048828125 1.7952415320372522e-06
1.416550048828125 1.361355310731167e-06
1.417550048828125 3.0330313589080287e-06
1.418550048828125 2.533932499360295e-06
1.419550048828125 2.8186647122836206e-06
1.420550048828125 2.2840263140377853e-06
1.421550048828125 1.3863167639166841e-06
1.422550048828125 2.4769212200005445e-06
1.423550048828125 2.006146689979584e-06
1.424550048828125 2.9595625349226457e-06
1.425550048828125 9.075645097852096e-07
1.426550048828125 3.3717111504043492e-06
1.427550048828125 9.249881519939216e-07
1.428550048828125 2.6700063628050623e-06
1.429550048828125 1.9549772387013582e-06
1.430550048828125 2.6269744475933527e-06
1.431550048828125 1.4996487791746394e-06
1.432550048828125 2.426085558837763e-06
1.433550048828125 2.243036348475269e-06
1.434550048828125 8.824850208856218e-07
1.435550048828125 3.3470278356558574e-06
1.436550048828125 1.2068146913877912e-06
1.437550048828125 2.9481433130057324e-06
1.438550048828125 1.1848585060092804e-06
1.439550048828125 1.9610154942084083e-06
1.440550048828125 1.401922316721618e-06
1.441550048828125 2.8569358291461652e-06
1.442550048828125 1.4342039778286755e-06
1.443550048828125 2.084925006077347e-06
1.444550048828125 2.545175262952958e-06
1.445550048828125 7.380000871274872e-07
1.446550048828125 2.8296187331045053e-06
1.447550048828125 1.862440347390391e-06
1.448550048828125 2.4783901745439747e-06
1.449550048828125 1.269732791854499e-06
1.450550048828125 2.9278663675139746e-07
1.451550048828125 1.4395318443084892e-06
1.452550048828125 2.085744351616027e-06
1.453550048828125 2.519470059501772e-06
1.454550048828125 1.0215822538988735e-06
1.455550048828125 2.903897330522885e-06
1.456550048828125 3.557877691332328e-06
1.457550048828125 2.5528081954054684e-06
1.458550048828125 1.5907879524248736e-06
1.459550048828125 1.8781511977813478e-06
1.460550048828125 2.52322909322195e-06
1.461550048828125 2.8223711293813343e-06
1.462550048828125 2.0526082157137137e-06
1.463550048828125 9.175565379099124e-07
1.464550048828125 3.786172417759272e-06
1.465550048828125 2.6226977543903937e-06
1.466550048828125 1.171289059059137e-06
1.467550048828125 2.981894771860272e-06
1.468550048828125 2.915334555708835e-06
1.469550048828125 1.8884621298800973e-06
1.470550048828125 1.7278711823682517e-06
1.471550048828125 2.496648096874268e-06
1.472550048828125 2.6083066555985175e-06
1.473550048828125 2.119391051934506e-06
1.474550048828125 2.4733678842583517e-06
1.475550048828125 3.5285113586850422e-06
1.476550048828125 1.7202984243407743e-06
1.477550048828125 2.90636371997814e-06
1.478550048828125 3.0547397871283015e-06
1.479550048828125 1.7875263074323132e-06
1.480550048828125 4.708060141206416e-06
1.481550048828125 3.3060351759991194e-06
1.482550048828125 2.3332712916792204e-06
1.483550048828125 4.154893817983132e-06
1.484550048828125 3.9446937997213525e-06
1.485550048828125 1.0052902578212531e-06
1.486550048828125 2.1984050663789638e-06
1.487550048828125 4.494313320693049e-06
1.488550048828125 3.7730032384608107e-06
1.489550048828125 4.01946269389298e-06
1.490550048828125 4.3566193780480375e-06
1.491550048828125 4.210486629086643e-06
1.492550048828125 3.985802545957944e-06
1.493550048828125 2.823340807944821e-06
1.494550048828125 4.551729673792858e-06
1.495550048828125 2.2679003190987144e-06
1.496550048828125 3.5732141250079996e-06
1.497550048828125 2.326539314762196e-06
1.498550048828125 3.039601205230114e-06
1.499550048828125 2.090019627840028e-06
1.500550048828125 2.909208613850362e-06
1.501550048828125 1.5517139958989969e-06
1.502550048828125 2.8195501391821135e-06
1.503550048828125 3.173933743660711e-06
1.504550048828125 3.3034229967262443e-06
1.505550048828125 2.377723298830626e-06
1.506550048828125 1.754286655362254e-06
1.507550048828125 2.665041037183723e-06
1.508550048828125 3.309105332173531e-06
1.509550048828125 3.047253584210799e-06
1.510550048828125 1.9991949051258377e-06
1.511550048828125 3.1620484760742188e-06
1.512550048828125 2.3597712362688975e-06
1.513550048828125 3.2012931933327136e-06
1.514550048828125 2.4323271179783387e-06
1.515550048828125 3.4024858927491842e-06
1.516550048828125 2.7098674366474975e-06
1.517550048828125 2.8039491755669612e-06
1.518550048828125 2.969585186360353e-06
1.519550048828125 2.5428283436427392e-06
1.520550048828125 1.987737659171675e-06
1.521550048828125 2.6941538332884775e-06
1.522550048828125 3.0200336970788194e-06
1.523550048828125 2.797766385048688e-06
1.524550048828125 2.029627127457623e-06
1.525550048828125 3.170015642372785e-06
1.526550048828125 2.661578653827699e-06
1.527550048828125 2.1630763636692628e-06
1.528550048828125 4.5952747308787885e-06
1.529550048828125 2.3085357434381928e-06
1.530550048828125 2.67923079554994e-06
1.531550048828125 2.117959491057268e-06
1.532550048828125 3.808792592574126e-06
1.533550048828125 2.3297927516875195e-06
1.534550048828125 2.824437026751617e-06
1.535550048828125 2.4210815178317925e-06
1.536550048828125 3.999254680257135e-06
1.537550048828125 3.5026481036339883e-06
1.538550048828125 2.06170168581614e-06
1.539550048828125 2.6447799977297916e-06
1.540550048828125 2.7293819532831734e-06
1.541550048828125 4.570870379091426e-06
1.542550048828125 1.7394975461573792e-06
1.543550048828125 2.9119087379736502e-06
1.544550048828125 2.6621086679286222e-06
1.545550048828125 2.076621055117978e-06
1.546550048828125 3.891039483770564e-06
1.547550048828125 2.7570633247875456e-06
1.548550048828125 5.495619638335089e-06
1.549550048828125 2.9533638421913586e-06
1.550550048828125 4.373164773664344e-07
1.551550048828125 3.6695086960359692e-06
1.552550048828125 2.5823088739710925e-06
1.553550048828125 1.9147292812713274e-06
1.554550048828125 1.6356770138664662e-06
1.555550048828125 3.367518651610376e-06
1.556550048828125 1.950253549244591e-06
1.557550048828125 4.641147457609735e-06
1.558550048828125 3.158321328928651e-06
1.559550048828125 2.896314372032705e-06
1.560550048828125 4.330562560096127e-06
1.561550048828125 2.6103976656237173e-06
1.562550048828125 3.974411062740805e-06
1.563550048828125 5.225831533857302e-06
1.564550048828125 3.7083814694960652e-06
1.565550048828125 4.5039477798035725e-06
1.566550048828125 2.733138945711054e-06
1.567550048828125 3.8493052562964405e-06
1.568550048828125 2.707448450050547e-06
1.569550048828125 3.4743143293332652e-06
1.570550048828125 2.398767687145909e-06
1.571550048828125 1.3985998845861125e-06
1.572550048828125 4.378048713563793e-06
1.573550048828125 2.4904152930074283e-06
1.574550048828125 3.7395956345357862e-06
1.575550048828125 2.8188015056936224e-06
1.576550048828125 4.764710323252869e-06
1.577550048828125 2.312652332826079e-06
1.578550048828125 3.924572617083361e-06
1.579550048828125 4.807472216578381e-06
1.580550048828125 3.1112731927858652e-06
1.581550048828125 2.854663107062447e-06
1.582550048828125 4.135839434682655e-06
1.583550048828125 3.0383152666617016e-06
1.584550048828125 3.531295262438618e-06
1.585550048828125 3.8905761014801754e-06
1.586550048828125 4.461301962843152e-06
1.587550048828125 3.663178891619402e-06
1.588550048828125 1.9998768026633264e-06
1.589550048828125 4.003633094113057e-06
1.590550048828125 4.37280588780789e-06
1.591550048828125 1.6476131050022278e-06
1.592550048828125 2.897513411020204e-06
1.593550048828125 7.998551879604205e-07
1.594550048828125 2.5141441335598148e-06
1.595550048828125 4.204241906314717e-06
1.596550048828125 3.7256548501332778e-06
1.597550048828125 3.125548702649978e-06
1.598550048828125 3.5319043754734337e-06
1.599550048828125 4.189661983089056e-06
1.600550048828125 4.2417083010764455e-06
1.601550048828125 6.877199970845391e-07
1.602550048828125 4.079302376400913e-06
1.603550048828125 1.6990708646572352e-06
1.604550048828125 4.923201318829523e-06
1.605550048828125 1.7009527431344503e-06
1.606550048828125 5.5688303963751455e-06
1.607550048828125 3.170305662446364e-06
1.608550048828125 3.1950649544554774e-06
1.609550048828125 1.2654345464194134e-06
1.610550048828125 5.538649784084673e-06
1.611550048828125 5.924405635768063e-06
1.612550048828125 2.3998621107040344e-06
1.613550048828125 1.8161948070369852e-06
1.614550048828125 4.886105260018995e-06
1.615550048828125 5.436640442037817e-06
1.616550048828125 3.2068663417789077e-06
1.617550048828125 1.174141595947062e-06
1.618550048828125 5.463079381166209e-06
1.619550048828125 5.390848095496083e-06
1.620550048828125 3.1591279088060145e-06
1.621550048828125 2.302253699737285e-06
1.622550048828125 3.652223123162332e-06
1.623550048828125 3.0473409985790663e-06
1.624550048828125 3.147604080999089e-06
1.625550048828125 3.808053812538074e-06
1.626550048828125 3.6162064671209356e-06
1.627550048828125 4.484775453608555e-06
1.628550048828125 2.3281604355132564e-06
1.629550048828125 4.235408496608904e-06
1.630550048828125 4.205302077198497e-06
1.631550048828125 4.580005677194958e-06
1.632550048828125 4.4260286342506124e-06
1.633550048828125 3.074283185769576e-06
1.634550048828125 5.574842285039314e-06
1.635550048828125 2.9446943519002456e-06
1.636550048828125 5.924418471937827e-06
1.637550048828125 3.3153918437139516e-06
1.638550048828125 3.3585329370309295e-06
1.639550048828125 1.9433247839050394e-06
1.640550048828125 2.9618028199746214e-06
1.641550048828125 3.6540276259835406e-06
1.642550048828125 2.1920441777460484e-06
1.643550048828125 6.165663069689151e-06
1.644550048828125 2.812824013432535e-06
1.645550048828125 5.070913699228961e-06
1.646550048828125 5.10819973340856e-06
1.647550048828125 4.912894304711167e-06
1.648550048828125 4.2877919649796825e-06
1.649550048828125 2.67258221929122e-06
1.650550048828125 6.509971458402111e-06
1.651550048828125 5.065875268263669e-06
1.652550048828125 5.318257320981207e-06
1.653550048828125 2.7150241124066187e-06
1.654550048828125 7.946500918040386e-06
1.655550048828125 4.683386109836356e-06
1.656550048828125 3.4133434984078464e-06
1.657550048828125 2.4920609677577906e-06
1.658550048828125 3.992700089523711e-06
1.659550048828125 4.311163933854545e-06
1.660550048828125 4.888067279720374e-06
1.661550048828125 3.392144514026927e-06
1.662550048828125 2.617818564145097e-06
1.663550048828125 2.9185769768260306e-06
1.664550048828125 5.274689779382848e-06
1.665550048828125 1.8752474188384704e-06
1.666550048828125 3.210832825828489e-06
1.667550048828125 2.8051599817374627e-06
1.668550048828125 4.0050549877291415e-06
1.669550048828125 1.7528162689114298e-06
1.670550048828125 2.051049538126224e-06
1.671550048828125 3.1644974815396816e-06
1.672550048828125 5.29201605142622e-06
1.673550048828125 3.246599378158536e-06
1.674550048828125 3.954722318149031e-06
1.675550048828125 1.976779146331144e-06
1.676550048828125 5.298606461484625e-06
1.677550048828125 3.7347336556581626e-06
1.678550048828125 5.354887175693798e-06
1.679550048828125 6.818517720478371e-06
1.680550048828125 4.463334576648388e-11
1.681550048828125 2.3187504276027063e-06
1.682550048828125 2.6927738828795647e-06
1.683550048828125 2.8485186990457594e-06
1.684550048828125 4.4105652990944045e-06
1.685550048828125 1.772017297444182e-06
1.686550048828125 5.320195024105761e-06
1.687550048828125 2.2960914922041057e-06
1.688550048828125 1.681436445286478e-06
1.689550048828125 4.867154762701017e-06
1.690550048828125 4.701576308978184e-06
1.691550048828125 4.586487030178824e-07
1.692550048828125 5.412690000601811e-06
1.693550048828125 1.6070268054096134e-06
1.694550048828125 5.264114175277296e-06
1.695550048828125 3.2079377424482944e-06
1.696550048828125 5.605397364282826e-06
1.697550048828125 3.5024538317144624e-06
1.698550048828125 6.444955694638332e-07
1.699550048828125 4.224291768675469e-06
1.700550048828125 1.7592672166526646e-06
1.701550048828125 3.0968680340668955e-06
1.702550048828125 1.5423107548442817e-06
1.703550048828125 3.4475864249926804e-06
1.704550048828125 2.599997248520044e-06
1.705550048828125 2.580199149780437e-06
1.706550048828125 3.139097939763956e-06
1.707550048828125 2.5259857921959354e-06
1.708550048828125 2.6451008154946164e-06
1.709550048828125 6.210154473049795e-06
1.710550048828125 4.327733912410076e-06
1.711550048828125 1.5734264212906886e-06
1.712550048828125 3.7087715513123157e-06
1.713550048828125 2.7166565126447284e-06
1.714550048828125 4.981213206920124e-06
1.715550048828125 3.974984374499313e-06
1.716550048828125 2.0153132807384144e-06
1.717550048828125 3.529843996521838e-06
1.718550048828125 8.300837907251108e-07
1.719550048828125 1.8639967418802205e-06
1.720550048828125 4.540600766786842e-06
1.721550048828125 3.4998881842395287e-06
1.722550048828125 4.683977637914503e-06
1.723550048828125 4.1469064874615715e-06
1.724550048828125 3.0774365061667148e-06
1.725550048828125 4.596841355040025e-06
1.726550048828125 4.6985773002747026e-06
1.727550048828125 2.540708978935011e-06
1.728550048828125 7.382943674418668e-06
1.729550048828125 5.924684708409786e-06
1.730550048828125 2.280537586007711e-06
1.731550048828125 4.695134449821565e-06
1.732550048828125 4.5386822229668825e-06
1.733550048828125 3.5123465223073334e-06
1.734550048828125 5.523450335519667e-06
1.735550048828125 4.750112360502739e-06
1.736550048828125 5.731589215832766e-06
1.737550048828125 5.444844350359559e-06
1.738550048828125 4.334980679548058e-06
1.739550048828125 4.2845829851438525e-06
1.740550048828125 8.356730918872208e-06
1.741550048828125 4.639819962931515e-06
1.742550048828125 3.807069861630044e-06
1.743550048828125 2.511204758522521e-06
1.744550048828125 4.237515521228696e-06
1.745550048828125 5.3572944168224025e-06
1.746550048828125 5.0619884718840485e-06
1.747550048828125 3.3551387867330686e-06
1.748550048828125 7.502883604902767e-06
1.749550048828125 4.452701305869348e-06
1.750550048828125 4.4063559718474754e-06
1.751550048828125 2.8872519079260226e-06
1.752550048828125 1.7618277301401556e-06
1.753550048828125 7.27842021235456e-06
1.754550048828125 2.955326364973118e-06
1.755550048828125 8.455942500999351e-06
1.756550048828125 1.7741718197266332e-06
1.757550048828125 6.1355131025508995e-06
1.758550048828125 3.872947608335388e-06
1.759550048828125 6.865510462716556e-06
1.760550048828125 1.2392160738152712e-06
1.761550048828125 3.8112187710177915e-06
1.762550048828125 1.6139764640827806e-06
1.763550048828125 5.957864341851579e-06
1.764550048828125 4.351950123144297e-06
1.765550048828125 2.7584235662835323e-06
1.766550048828125 4.199015528100712e-06
1.767550048828125 3.880900201648493e-06
1.768550048828125 3.332886344611624e-06
1.769550048828125 2.192664792269484e-06
1.770550048828125 6.0204126381102975e-06
1.771550048828125 4.229681667744417e-06
1.772550048828125 4.480377766346433e-06
1.773550048828125 3.5924549608186713e-06
1.774550048828125 1.9945683079166026e-06
1.775550048828125 7.18510877711832e-06
1.776550048828125 5.08795689902708e-06
1.777550048828125 4.1898621581628044e-06
1.778550048828125 6.9657623940987005e-06
1.779550048828125 4.206459661016997e-06
1.780550048828125 3.6972798710668395e-06
1.781550048828125 4.0468107577791465e-06
1.782550048828125 5.654341994305142e-06
1.783550048828125 5.712716222576291e-06
1.784550048828125 3.2869662615102107e-06
1.785550048828125 4.971866295962303e-06
1.786550048828125 6.4131053270203356e-06
1.787550048828125 5.011130373510022e-06
1.788550048828125 3.509812572066562e-06
1.789550048828125 2.2462371121266976e-06
1.790550048828125 1.4522406207504665e-06
1.791550048828125 7.178748679710878e-06
1.792550048828125 3.017260994070585e-06
1.793550048828125 5.407955369949977e-06
1.794550048828125 2.436089017122955e-06
1.795550048828125 5.270989415423792e-06
1.796550048828125 6.911100239383528e-06
1.797550048828125 2.3333516937920368e-06
1.798550048828125 4.729160273318324e-06
1.799550048828125 6.091705026615585e-06
1.800550048828125 1.620985351748414e-06
1.801550048828125 3.982442117569743e-06
1.802550048828125 5.127926425864868e-06
1.803550048828125 5.8889719529033545e-06
1.804550048828125 2.1224824827861446e-06
1.805550048828125 5.322749300758822e-06
1.806550048828125 4.613396048078171e-06
1.807550048828125 4.7788140066812865e-06
1.808550048828125 6.635665202796418e-06
1.809550048828125 4.981618323774947e-06
1.810550048828125 8.418304558121086e-06
1.811550048828125 5.345163800983538e-06
1.812550048828125 9.293285916061928e-06
1.813550048828125 5.577766157543013e-06
1.814550048828125 7.748904674544046e-06
1.815550048828125 7.820158209994753e-06
1.816550048828125 3.191079883967706e-06
1.817550048828125 5.297822978686714e-06
1.818550048828125 5.975630543821942e-06
1.819550048828125 6.0153539412053646e-06
1.820550048828125 2.476515333436005e-06
1.821550048828125 3.2488809377925223e-06
1.822550048828125 4.39519231782411e-06
1.823550048828125 1.0593729802397426e-05
1.824550048828125 3.7951235409018725e-06
1.825550048828125 6.259969010700418e-06
1.826550048828125 2.0466618997228768e-06
1.827550048828125 7.396208664848919e-06
1.828550048828125 6.278197316937961e-06
1.829550048828125 2.2891083259816009e-07
1.830550048828125 9.827485170048535e-06
1.831550048828125 6.584128047112007e-06
1.832550048828125 1.1442189799966403e-05
1.833550048828125 2.4512416314682846e-06
1.834550048828125 2.2887873008286562e-06
1.835550048828125 9.467901674493819e-06
1.836550048828125 7.633083069909293e-06
1.837550048828125 4.3040661245769924e-06
1.838550048828125 5.058751097007472e-06
1.839550048828125 7.970530796210042e-06
1.840550048828125 1.1150801885236542e-05
1.841550048828125 1.381598566197182e-06
1.842550048828125 1.3391505825881106e-06
1.843550048828125 6.803919882914355e-06
1.844550048828125 7.765115413854715e-06
1.845550048828125 7.189030448726366e-06
1.846550048828125 1.028009248807497e-05
1.847550048828125 8.42555314715217e-06
1.848550048828125 4.42802044032672e-06
1.849550048828125 1.1469922465432987e-05
1.850550048828125 1.8819746608774522e-06
1.851550048828125 7.399335737571712e-06
1.852550048828125 7.664587252691603e-06
1.853550048828125 8.671901610823365e-06
1.854550048828125 3.818890265107943e-06
1.855550048828125 4.875545685716759e-06
1.856550048828125 1.0528929848080325e-05
1.857550048828125 2.807763831555734e-06
1.858550048828125 6.5705493699143745e-06
1.859550048828125 8.46316794033488e-06
1.860550048828125 4.143652585608368e-06
1.861550048828125 1.0914867660531995e-06
1.862550048828125 9.017524683361943e-06
1.863550048828125 7.434636373063065e-06
1.864550048828125 5.115781671621693e-06
1.865550048828125 9.830355644883935e-07
1.866550048828125 5.802229431448485e-06
1.867550048828125 8.473652814573481e-06
1.868550048828125 6.5513655643068365e-06
1.869550048828125 5.39769895174518e-06
1.870550048828125 4.59802472204281e-06
1.871550048828125 8.509060600180148e-06
1.872550048828125 6.6257471306715536e-06
1.873550048828125 4.223736902679827e-06
1.874550048828125 7.122617294246834e-06
1.875550048828125 9.943916370451091e-06
1.876550048828125 1.039433272313881e-05
1.877550048828125 2.9563931037112407e-06
1.878550048828125 1.122832032783114e-05
1.879550048828125 5.8183850118246645e-06
1.880550048828125 4.518686488199805e-06
1.881550048828125 5.082728133560311e-06
1.882550048828125 3.699565807077583e-06
1.883550048828125 4.6391144258782075e-06
1.884550048828125 6.909461501523086e-06
1.885550048828125 6.131082971411255e-06
1.886550048828125 6.897279872168348e-06
1.887550048828125 6.350841904381129e-06
1.888550048828125 4.913807600925802e-06
1.889550048828125 8.543926077552369e-06
1.890550048828125 7.6189159702314485e-06
1.891550048828125 5.134796430093782e-06
1.892550048828125 6.040528421084432e-06
1.893550048828125 8.316678860062343e-06
1.894550048828125 7.678815522410575e-06
1.895550048828125 4.757350590953915e-06
1.896550048828125 5.071934743765001e-06
1.897550048828125 5.163675286940362e-06
1.898550048828125 5.464397915178559e-06
1.899550048828125 1.2629948863541024e-05
1.900550048828125 6.208040332434296e-06
1.901550048828125 3.273829762587027e-06
1.902550048828125 6.446617258578855e-06
1.903550048828125 5.862112569163005e-06
1.904550048828125 5.768673540046418e-06
1.905550048828125 3.4531907038550333e-06
1.906550048828125 7.636512726851613e-06
1.907550048828125 5.38088036307446e-06
1.908550048828125 5.464695818231024e-06
1.909550048828125 1.0022456856608679e-05
1.910550048828125 1.045278869481864e-05
1.911550048828125 5.536419431114198e-06
1.912550048828125 8.104421716720568e-06
1.913550048828125 9.188475860254737e-06
1.914550048828125 8.408176204586595e-06
1.915550048828125 6.323425055554581e-06
1.916550048828125 5.6911119149324e-06
1.917550048828125 1.0702217755674376e-05
1.918550048828125 5.992802462324241e-06
1.919550048828125 4.385054738506646e-06
1.920550048828125 1.4257496662432692e-05
1.921550048828125 5.63467869065068e-06
1.922550048828125 1.1014546100033e-05
1.923550048828125 7.590400405804415e-06
1.924550048828125 8.184169709727726e-06
1.925550048828125 7.0036999637310525e-06
1.926550048828125 1.2843578200464923e-05
1.927550048828125 7.080480096469967e-06
1.928550048828125 6.476791273958878e-06
1.929550048828125 1.4408357148435695e-05
1.930550048828125 1.2040868483153225e-05
1.931550048828125 1.2015121594844427e-05
1.932550048828125 2.043145453802873e-06
1.933550048828125 8.699047956090163e-06
1.934550048828125 1.0575331316096502e-05
1.935550048828125 5.940260361164981e-06
1.936550048828125 5.374617136293861e-06
1.937550048828125 6.126006028582201e-06
1.938550048828125 4.629042117841826e-06
1.939550048828125 1.2853214855535546e-05
1.940550048828125 6.057859527088742e-06
1.941550048828125 1.037490329025586e-05
1.942550048828125 2.845057696163137e-06
1.943550048828125 8.836365765467073e-06
1.944550048828125 8.496072987152966e-06
1.945550048828125 5.7813707101398046e-06
1.946550048828125 5.299031854118614e-06
1.947550048828125 8.574957660966959e-06
1.948550048828125 6.0242543254198085e-06
1.949550048828125 9.391616076946574e-06
1.950550048828125 8.007493519024707e-06
1.951550048828125 6.617961665046314e-06
1.952550048828125 6.579355562806373e-06
1.953550048828125 6.989508304946425e-06
1.954550048828125 1.094667850735846e-05
1.955550048828125 9.80296775361538e-06
1.956550048828125 1.154114509588402e-05
1.957550048828125 8.18391512452935e-06
1.958550048828125 9.138770664951407e-06
1.959550048828125 8.51791924204484e-06
1.960550048828125 8.74561765338754e-06
1.961550048828125 5.63689421331925e-06
1.962550048828125 5.749951474025538e-06
1.963550048828125 6.8484022261768645e-06
1.964550048828125 4.733866650178754e-06
1.965550048828125 2.9063663685051525e-06
1.966550048828125 7.681293185068266e-06
1.967550048828125 8.069113623601281e-06
1.968550048828125 1.4921337045234252e-06
1.969550048828125 1.0733502995677277e-05
1.970550048828125 6.187655424765357e-06
1.971550048828125 8.4326137207159e-06
1.972550048828125 8.115873121239936e-06
1.973550048828125 1.0151133257574348e-05
1.974550048828125 6.744993114309293e-08
1.975550048828125 7.93386431983406e-06
1.976550048828125 5.6525154609069625e-06
1.977550048828125 8.80124520185814e-06
1.978550048828125 3.5134116978064877e-06
1.979550048828125 8.688748220553329e-06
1.980550048828125 1.3753765667491447e-05
1.981550048828125 5.81080473091538e-07
1.982550048828125 7.690509737608904e-06
1.983550048828125 5.115970260301909e-06
1.984550048828125 1.0907180437759554e-05
1.985550048828125 7.99603792478297e-07
1.986550048828125 4.531878482745518e-06
1.987550048828125 8.15028160142592e-06
1.988550048828125 8.741967880973564e-06
1.989550048828125 2.334749668781383e-07
1.990550048828125 3.917548680297139e-06
1.991550048828125 6.698608755250864e-06
1.992550048828125 1.5802622638968154e-05
1.993550048828125 3.848192325564594e-06
1.994550048828125 3.8219787270503345e-06
1.995550048828125 9.591117691294317e-06
1.996550048828125 3.0725786911247852e-06
1.997550048828125 6.944335960159794e-06
1.998550048828125 5.422158928975255e-06
1.999550048828125 7.566274578766049e-06
2.000550048828125 8.842117623791083e-06
2.001550048828125 4.903097564545315e-06
2.002550048828125 5.681088053157417e-06
2.003550048828125 5.090495851313125e-06
2.004550048828125 1.1148005936276628e-05
2.005550048828125 6.286917516613628e-06
2.006550048828125 4.391008808741821e-06
2.007550048828125 2.1463951568172243e-06
2.008550048828125 7.69976892775312e-06
2.009550048828125 9.996253524421224e-06
2.010550048828125 1.0660557652692196e-05
2.011550048828125 6.329519279782793e-06
2.012550048828125 3.2932837272291337e-06
2.013550048828125 1.0644339784378854e-05
2.014550048828125 4.982774721880279e-06
2.015550048828125 8.8928917433325e-06
2.016550048828125 8.556550356658933e-06
2.017550048828125 1.98944217572742e-06
2.018550048828125 1.2702119630688517e-05
2.019550048828125 5.106300616106151e-06
2.020550048828125 1.6299940858819237e-05
2.021550048828125 4.711465530655185e-11
2.022550048828125 1.2273287528739263e-05
2.023550048828125 9.079442657482562e-08
2.024550048828125 9.447654591760932e-06
2.025550048828125 7.772268060765082e-06
2.026550048828125 6.512634992590484e-06
2.027550048828125 8.388354145654646e-06
2.028550048828125 7.99724546325126e-06
2.029550048828125 6.946518185994939e-06
2.030550048828125 6.145218314075877e-06
2.031550048828125 3.924712170972383e-06
2.032550048828125 6.6002812393400875e-06
2.033550048828125 7.047476334505645e-06
2.034550048828125 4.964524191786358e-06
2.035550048828125 6.927762577629047e-06
2.036550048828125 1.7012880922631775e-06
2.037550048828125 5.793536575694046e-06
2.038550048828125 1.103033552277548e-05
2.039550048828125 8.933119888887221e-06
2.040550048828125 6.628456544917003e-06
2.041550048828125 3.049903268839614e-06
2.042550048828125 5.2905794053632166e-06
2.043550048828125 8.498824309109019e-06
2.044550048828125 2.8454426612121995e-06
2.045550048828125 6.4020318830908625e-06
2.046550048828125 1.1406649170085645e-05
2.047550048828125 7.434622503691677e-06
2.048550048828125 9.625574648149869e-06
2.049550048828125 6.481762091271142e-06
2.050550048828125 7.153662975925552e-06
2.051550048828125 5.151492660183183e-06
2.052550048828125 6.582545749029362e-06
2.053550048828125 1.2290044253152213e-05
2.054550048828125 1.5834136673192113e-05
2.055550048828125 7.490902806977952e-06
2.056550048828125 5.124044314115232e-06
2.057550048828125 5.398283609425905e-06
2.058550048828125 8.238654530313573e-06
2.059550048828125 3.893907901417566e-06
2.060550048828125 3.120945014402839e-06
2.061550048828125 6.118660434856061e-06
2.062550048828125 6.512810745668472e-06
2.063550048828125 1.35236713806879e-05
2.064550048828125 7.148647158210694e-06
2.065550048828125 1.1658399200652382e-06
2.066550048828125 1.145066177597053e-05
2.067550048828125 1.25364696955689e-05
2.068550048828125 2.362817160148809e-06
2.069550048828125 8.43621730753865e-06
2.070550048828125 7.257555150047644e-06
2.071550048828125 5.931188459662119e-06
2.072550048828125 3.1288599378968627e-06
2.073550048828125 3.8495411365439725e-06
2.074550048828125 1.1543791422577968e-05
2.075550048828125 1.4590165245023623e-06
2.076550048828125 8.21024000038166e-06
2.077550048828125 4.424562170254507e-06
2.078550048828125 1.2437377554920919e-05
2.079550048828125 2.5195750322539083e-06
2.080550048828125 1.1494903039827801e-05
2.081550048828125 1.3636719206812513e-05
2.082550048828125 3.7259961469167694e-06
2.083550048828125 5.741726066429747e-06
2.084550048828125 5.273129525347893e-06
2.085550048828125 1.0380635199603478e-05
2.086550048828125 5.755451666590381e-06
2.087550048828125 3.942919019219439e-06
2.088550048828125 1.4085038548395736e-05
2.089550048828125 4.782426814935028e-11
2.090550048828125 4.448194150556902e-06
2.091550048828125 1.2715637692687481e-05
2.092550048828125 9.784896182498821e-06
2.093550048828125 6.50167294625436e-06
2.094550048828125 1.2044591476986621e-05
2.095550048828125 2.7012719046428824e-06
2.096550048828125 1.8187525068463627e-05
2.097550048828125 6.339286114345654e-06
2.098550048828125 4.19787452191248e-06
2.099550048828125 1.3340761225366429e-05
2.100550048828125 6.08784803581915e-06
2.101550048828125 6.58764815854207e-06
2.102550048828125 8.932169642174755e-06
2.103550048828125 1.3910745599209747e-05
2.104550048828125 4.540484682696075e-06
2.105550048828125 6.07013496845893e-06
2.106550048828125 1.3801872059577266e-05
2.107550048828125 7.571374174825732e-06
2.108550048828125 1.0227713907833356e-05
2.109550048828125 8.34544175936999e-06
2.110550048828125 1.6216696932834714e-05
2.111550048828125 3.5015001186866884e-06
2.112550048828125 1.1100598391744913e-05
2.113550048828125 2.533432040730088e-06
2.114550048828125 9.78136530346107e-06
2.115550048828125 1.1521931082715436e-05
2.116550048828125 1.3628124820879787e-05
2.117550048828125 3.402951309889488e-06
2.118550048828125 5.159101834689949e-06
2.119550048828125 9.050659711239426e-06
2.120550048828125 5.780184120515498e-06
2.121550048828125 5.240409864865085e-06
2.122550048828125 1.9230178524961772e-05
2.123550048828125 1.2680774391817217e-05
2.124550048828125 1.3741411404386789e-05
2.125550048828125 9.03980830539022e-06
2.126550048828125 8.025523588521967e-06
2.127550048828125 7.941302760765483e-06
2.128550048828125 5.755239832235686e-06
2.129550048828125 1.3860216291526313e-05
2.130550048828125 3.065823972358829e-06
2.131550048828125 3.4538081837788485e-06
2.132550048828125 7.57138528410077e-06
2.133550048828125 6.777503978242165e-06
2.134550048828125 9.40816625554127e-06
2.135550048828125 1.4252183844739764e-05
2.136550048828125 1.5727579478269223e-05
2.137550048828125 1.612754453344619e-05
2.138550048828125 1.480547262681291e-05
2.139550048828125 1.9625938147133282e-06
2.140550048828125 1.1609655023320535e-05
2.141550048828125 6.208957690564214e-06
2.142550048828125 1.5173543196748112e-05
2.143550048828125 9.288978317900601e-06
2.144550048828125 7.309422239605367e-06
2.145550048828125 8.280061327656024e-06
2.146550048828125 1.5628235689525832e-05
2.147550048828125 3.371295533194428e-06
2.148550048828125 7.263093943895355e-06
2.149550048828125 1.2574808360478004e-05
2.150550048828125 3.959489629640973e-06
2.151550048828125 1.2192477770112045e-05
2.152550048828125 1.770772193662868e-05
2.153550048828125 8.495130927563063e-06
2.154550048828125 1.8398847201689996e-05
2.155550048828125 1.4199712015831068e-05
2.156550048828125 1.1822103840295457e-05
2.157550048828125 9.498009965037509e-06
2.158550048828125 8.422267200354999e-06
2.159550048828125 1.0660572061134274e-05
2.160550048828125 3.378640748619697e-06
2.161550048828125 1.683942240418795e-05
2.162550048828125 3.989540104236492e-06
2.163550048828125 9.21884837698211e-06
2.164550048828125 2.194119562732647e-06
2.165550048828125 1.5280626390835847e-05
2.166550048828125 1.2038922358547799e-05
2.167550048828125 8.437701845294485e-06
2.168550048828125 1.1234711008916461e-05
2.169550048828125 2.8462368015028893e-06
2.170550048828125 7.992799024112332e-06
2.171550048828125 2.484634013097841e-05
2.172550048828125 1.3152194158197898e-06
2.173550048828125 1.5833919746399954e-05
2.174550048828125 1.6144544631069512e-05
2.175550048828125 5.123519480707993e-06
2.176550048828125 3.9711188051585e-06
2.177550048828125 1.2205156294117647e-05
2.178550048828125 1.0469747782999262e-05
2.179550048828125 1.1665920385902713e-05
2.180550048828125 1.3248316961953157e-05
2.181550048828125 1.3695284737069377e-05
2.182550048828125 6.521018439897268e-06
2.183550048828125 1.257069673013917e-05
2.184550048828125 1.4200634679591575e-05
2.185550048828125 1.9581632656191684e-05
2.186550048828125 3.726044853783152e-06
2.187550048828125 6.027011544334503e-06
2.188550048828125 1.2689904683741996e-05
2.189550048828125 1.5028825111698707e-05
2.190550048828125 1.0054323381611959e-05
2.191550048828125 8.333232158293882e-06
2.192550048828125 1.0759365365587679e-05
2.193550048828125 1.4873529190245697e-05
2.194550048828125 1.0869529150616594e-05
2.195550048828125 8.361731243120916e-07
2.196550048828125 7.929367765712996e-06
2.197550048828125 3.0937408887859303e-06
2.198550048828125 1.3470329028061613e-05
2.199550048828125 6.524048419738667e-06
2.200550048828125 1.881303164115405e-05
2.201550048828125 4.849520428372357e-06
2.202550048828125 2.615138634166637e-05
2.203550048828125 4.8290929112850094e-11
2.204550048828125 9.06088361487747e-06
2.205550048828125 1.60468700912479e-05
2.206550048828125 7.721032219620963e-06
2.207550048828125 1.0764991882989433e-05
2.208550048828125 1.6319801823441465e-05
2.209550048828125 7.9788697837782e-07
2.210550048828125 1.2874596050045982e-05
2.211550048828125 2.197925338207259e-05
2.212550048828125 1.4509147158934652e-05
2.213550048828125 1.4169152491280307e-05
2.214550048828125 1.0798700205593623e-05
2.215550048828125 1.1630821276563455e-05
2.216550048828125 7.806621748794415e-06
2.217550048828125 3.5500432213237617e-06
2.218550048828125 1.9015477351229552e-05
2.219550048828125 1.0783369146923299e-05
2.220550048828125 2.6580095015964076e-06
2.221550048828125 9.794278162307818e-06
2.222550048828125 1.6500675484069478e-05
2.223550048828125 2.5351178735016067e-05
2.224550048828125 8.47494363923755e-07
2.225550048828125 1.5965083108956193e-05
2.226550048828125 6.335602904562314e-06
2.227550048828125 6.929827766377151e-06
2.228550048828125 5.471771254085846e-06
2.229550048828125 5.033963681411209e-06
2.230550048828125 2.4366489823420167e-05
2.231550048828125 1.6082752738931845e-05
2.232550048828125 9.917778943531252e-06
2.233550048828125 2.276474442621735e-05
2.234550048828125 3.950905510300029e-06
2.235550048828125 2.1092276925274555e-05
2.236550048828125 2.8033732280136774e-05
2.237550048828125 8.058333341539243e-06
2.238550048828125 1.1187666733131946e-05
2.239550048828125 2.5363653902228413e-05
2.240550048828125 1.1711252493098376e-05
2.241550048828125 1.6595385489917497e-05
2.242550048828125 2.7417735234772257e-05
2.243550048828125 1.7938313237822944e-05
2.244550048828125 2.5831678197465496e-05
2.245550048828125 3.2240088006790545e-05
2.246550048828125 1.6398611044889737e-05
2.247550048828125 1.4112078613245872e-05
2.248550048828125 2.2982394994290126e-05
2.249550048828125 3.801549927335563e-06
2.250550048828125 2.0253246882208207e-05
2.251550048828125 1.4463676611443673e-05
2.252550048828125 1.338815472060108e-05
2.253550048828125 2.4620687772947963e-05
2.254550048828125 1.2381609826344894e-05
2.255550048828125 3.084602448347591e-05
2.256550048828125 3.574841358485282e-05
2.257550048828125 3.314207710403899e-05
2.258550048828125 4.742618325659306e-11
2.259550048828125 1.272566558753468e-05
2.260550048828125 1.8775081265887468e-05
2.261550048828125 2.3181671775213335e-05
2.262550048828125 2.5341351115216643e-06
2.263550048828125 1.5953331301493056e-05
2.264550048828125 2.132763806111568e-05
2.265550048828125 1.4009323658912396e-05
2.266550048828125 1.138782568290873e-05
2.267550048828125 2.7550990676868765e-05
2.268550048828125 1.0766638146602564e-05
2.269550048828125 1.1089720442759083e-05
2.270550048828125 6.253012946642178e-06
2.271550048828125 2.677621461520033e-05
2.272550048828125 2.383037652650961e-05
2.273550048828125 2.4468549794393726e-06
2.274550048828125 2.2127924600136126e-05
2.275550048828125 1.10992751947994e-05
2.276550048828125 4.690579781339637e-06
2.277550048828125 2.4209815100105394e-05
2.278550048828125 5.525510197747452e-06
2.279550048828125 1.4357828855449404e-05
2.280550048828125 1.0066149993471848e-05
2.281550048828125 8.987537463175943e-06
2.282550048828125 1.034082886642434e-05
2.283550048828125 1.538051047729332e-05
2.284550048828125 3.748858381626022e-06
2.285550048828125 9.934346371356657e-06
2.286550048828125 3.568583561106885e-06
2.287550048828125 1.2045171744505999e-05
2.288550048828125 1.2409776195215499e-05
2.289550048828125 7.511466426253526e-06
2.290550048828125 1.1997199365582942e-05
2.291550048828125 1.4819239163422507e-06
2.292550048828125 1.2053685389797617e-05
2.293550048828125 1.1878315589528647e-05
2.294550048828125 6.515051748975127e-06
2.295550048828125 6.781295389721827e-06
2.296550048828125 9.357856831864497e-06
2.297550048828125 1.011466404608694e-05
2.298550048828125 7.628305539779417e-06
2.299550048828125 5.861284578623332e-06
2.300550048828125 7.837406137979158e-06
2.301550048828125 5.237423172557848e-06
2.302550048828125 9.41082922365493e-06
2.303550048828125 8.804008327325675e-06
2.304550048828125 6.821811758004196e-06
2.305550048828125 2.2961578602090708e-07
2.306550048828125 1.0660522553645955e-05
2.307550048828125 6.561914662599789e-06
2.308550048828125 7.78081693995258e-06
2.309550048828125 5.678066087976897e-06
2.310550048828125 9.061290531721651e-06
2.311550048828125 6.274909317475144e-06
2.312550048828125 4.637962117955509e-07
2.313550048828125 5.167283849121871e-06
2.314550048828125 7.464705065621747e-06
2.315550048828125 3.326968721672365e-06
2.316550048828125 3.485052330943631e-06
2.317550048828125 8.061848483330777e-06
2.318550048828125 4.126777936993997e-06
2.319550048828125 5.428815670067878e-06
2.320550048828125 4.631705637207053e-06
2.321550048828125 9.688768312130732e-06
2.322550048828125 1.0135961493731297e-06
2.323550048828125 4.738409243947355e-06
2.324550048828125 4.665415403972566e-06
2.325550048828125 5.003834174530524e-06
2.326550048828125 4.151082925228557e-06
2.327550048828125 2.6503938031172087e-06
2.328550048828125 3.574893422287564e-06
2.329550048828125 4.792493632166498e-06
2.330550048828125 5.353885610159109e-06
2.331550048828125 1.743957428184976e-06
2.332550048828125 4.923512706758482e-06
2.333550048828125 2.140108686530958e-06
2.334550048828125 3.234545959496259e-06
2.335550048828125 2.118568535359233e-06
2.336550048828125 3.975658514902956e-06
2.337550048828125 3.7376611830357144e-06
2.338550048828125 3.7516901308446333e-06
2.339550048828125 5.949132529884295e-07
2.340550048828125 2.0495826615708108e-06
2.341550048828125 3.1926972691344827e-06
2.342550048828125 2.4933518374677356e-06
2.343550048828125 1.1513713760410373e-06
2.344550048828125 3.41705806139977e-06
2.345550048828125 3.6617709422449413e-06
2.346550048828125 2.6099131117875285e-06
2.347550048828125 3.1430351968600023e-06
2.348550048828125 4.3211731770057884e-06
2.349550048828125 2.196776232243322e-06
2.350550048828125 4.4009689887165905e-07
2.351550048828125 4.379895132570529e-06
2.352550048828125 3.5727864881462208e-06
2.353550048828125 4.16117712536085e-06
2.354550048828125 1.3046967625740068e-06
2.355550048828125 2.7171270506481054e-06
2.356550048828125 2.2809601339217882e-06
2.357550048828125 2.0677110187635613e-06
2.358550048828125 3.0380806821265567e-06
2.359550048828125 3.239842643076385e-06
2.360550048828125 2.128949444488161e-06
2.361550048828125 2.463837856780593e-06
2.362550048828125 1.9975586290192763e-06
2.363550048828125 2.357651169224981e-06
2.364550048828125 2.4484917187564794e-06
2.365550048828125 1.4413436672661074e-06
2.366550048828125 1.5194608522479792e-06
2.367550048828125 1.8598196462635512e-06
2.368550048828125 1.7198830188899992e-06
2.369550048828125 1.5001894916051603e-06
2.370550048828125 1.191715575318068e-06
2.371550048828125 1.183045814272131e-06
2.372550048828125 1.0354578330425946e-06
2.373550048828125 8.22407293357063e-07
2.374550048828125 3.315191451787508e-07
2.375550048828125 9.812518604189424e-07
2.376550048828125 6.76017492984102e-07
2.377550048828125 6.181915096536829e-07
2.378550048828125 5.497167134413771e-07
2.379550048828125 4.908961739530581e-07
2.380550048828125 6.408144277407911e-07
2.381550048828125 4.6368826726786825e-07
2.382550048828125 4.744173079443914e-07
2.383550048828125 5.143991413065851e-07
2.384550048828125 5.04405761158445e-07
2.385550048828125 5.469948004611993e-07
2.386550048828125 4.702023914158517e-07
2.387550048828125 5.94837347322768e-07
2.388550048828125 5.782643866913647e-07
2.389550048828125 4.824719086817653e-07
2.390550048828125 5.35314167290129e-07
2.391550048828125 5.186607186052579e-07
2.392550048828125 5.70373502428909e-07
2.393550048828125 5.194866379265889e-07
2.394550048828125 5.530750631811703e-07
2.395550048828125 4.558882021308516e-07
2.396550048828125 4.5043509309857954e-07
2.397550048828125 5.279408745370712e-07
2.398550048828125 4.899010953424222e-07
2.399550048828125 4.1427462380068596e-07
2.400550048828125 4.7187455629887294e-07
2.401550048828125 3.9470957893137516e-07
2.402550048828125 4.389034415976498e-07
2.403550048828125 3.7714430317468016e-07
2.404550048828125 3.487083703909089e-07
2.405550048828125 3.492419535081131e-07
2.406550048828125 3.480474236238424e-07
2.407550048828125 2.767160873034536e-07
2.408550048828125 2.8918472949642457e-07
2.409550048828125 2.662253211639648e-07
2.410550048828125 2.346586619762007e-07
2.411550048828125 2.2799329282806023e-07
2.412550048828125 2.0649654937118684e-07
2.413550048828125 1.7511227094570693e-07
2.414550048828125 1.6313930148734998e-07
2.415550048828125 1.50253976298102e-07
2.416550048828125 1.3717355681705448e-07
2.417550048828125 1.22686723926144e-07
2.418550048828125 1.1854954843863604e-07
2.419550048828125 1.0410312801840013e-07
2.420550048828125 9.479284658395127e-08
2.421550048828125 8.684303579934744e-08
2.422550048828125 8.036199483773802e-08
2.423550048828125 7.325295895584146e-08
2.424550048828125 6.661042028680205e-08
2.425550048828125 6.324634527758955e-08
2.426550048828125 5.864672462023835e-08
2.427550048828125 5.5461913286539877e-08
2.428550048828125 5.182067007703018e-08
2.429550048828125 4.647002524382423e-08
2.430550048828125 4.660414115507109e-08
2.431550048828125 4.1969997203680163e-08
2.432550048828125 3.934985424308584e-08
2.433550048828125 3.784539853354965e-08
2.434550048828125 3.490116173958004e-08
2.435550048828125 3.315521054893419e-08
2.436550048828125 3.004878220136877e-08
2.437550048828125 2.9014071437233263e-08
2.438550048828125 2.681223749527037e-08
2.439550048828125 2.4472383667961797e-08
2.440550048828125 2.332261082933991e-08
2.441550048828125 2.1146754977556997e-08
2.442550048828125 1.9938924004071584e-08
2.443550048828125 1.7660065038443538e-08
2.444550048828125 1.6827436165604082e-08
2.445550048828125 1.49958236118321e-08
2.446550048828125 1.3945813201596604e-08
2.447550048828125 1.2845379450204677e-08
2.448550048828125 1.1355302618040763e-08
2.449550048828125 1.0286974643277717e-08
2.450550048828125 9.48487709328365e-09
2.451550048828125 8.79506590433337e-09
2.452550048828125 7.905487659001988e-09
2.453550048828125 6.960955190360388e-09
2.454550048828125 6.196551082325797e-09
2.455550048828125 5.764678377092768e-09
2.456550048828125 4.937506071535588e-09
2.457550048828125 4.55294092812342e-09
2.458550048828125 4.148814655597217e-09
2.459550048828125 3.593791903620294e-09
2.460550048828125 3.3055265583623592e-09
2.461550048828125 2.9030572304730327e-09
2.462550048828125 2.5949861768406476e-09
2.463550048828125 2.298068108569293e-09
2.464550048828125 2.056707457931691e-09
2.465550048828125 1.893183414246285e-09
2.466550048828125 1.6580911152769784e-09
2.467550048828125 1.4898963887167054e-09
2.468550048828125 1.370972811963787e-09
2.469550048828125 1.1985814429370988e-09
2.470550048828125 1.0745228514949493e-09
2.471550048828125 1.0080786678077534e-09
2.472550048828125 8.887248117865838e-10
2.473550048828125 8.012406611967536e-10
2.474550048828125 7.373113415918914e-10
2.475550048828125 6.613296609917981e-10
2.476550048828125 6.147830210290099e-10
2.477550048828125 5.507732665414745e-10
2.478550048828125 5.057435209825057e-10
2.479550048828125 4.833413784795273e-10
2.480550048828125 4.3957898979837374e-10
2.481550048828125 4.202511878960756e-10
2.482550048828125 3.986651037656153e-10
2.483550048828125 3.6853569377702417e-10
2.484550048828125 3.4645493412670933e-10
2.485550048828125 3.3786514263997407e-10
2.486550048828125 3.2149772527690954e-10
2.487550048828125 3.164219743004457e-10
2.488550048828125 3.0548595982549544e-10
2.489550048828125 2.964477149388898e-10
2.490550048828125 2.913180600340835e-10
2.491550048828125 2.865843929107686e-10
2.492550048828125 2.869345851782076e-10
2.493550048828125 2.837847307278126e-10
2.494550048828125 2.766982780916148e-10
2.495550048828125 2.814345406503823e-10
2.496550048828125 2.802836165021886e-10
2.497550048828125 2.803013493340515e-10
2.498550048828125 2.8360374897672887e-10
2.499550048828125 2.84788089730125e-10
2.500550048828125 2.8924089922170256e-10
2.501550048828125 2.8538558497977684e-10
2.502550048828125 2.905948617187342e-10
2.503550048828125 2.92333354895853e-10
2.504550048828125 2.950441352133725e-10
2.505550048828125 2.9732647308535115e-10
2.506550048828125 2.9665724122811696e-10
2.507550048828125 3.0051263086873156e-10
2.508550048828125 3.000050281627965e-10
2.509550048828125 3.001195344607066e-10
2.510550048828125 2.9919494783717484e-10
2.511550048828125 2.98355523495085e-10
2.512550048828125 2.9858581480699635e-10
2.513550048828125 2.932594388648347e-10
2.514550048828125 2.8966981268631585e-10
2.515550048828125 2.855507301741556e-10
2.516550048828125 2.81017829891834e-10
2.517550048828125 2.7594074631449653e-10
2.518550048828125 2.7016542314310344e-10
2.519550048828125 2.6336217219545125e-10
2.520550048828125 2.549389562786242e-10
2.521550048828125 2.4910324309678136e-10
2.522550048828125 2.416124367835681e-10
2.523550048828125 2.3244925578853026e-10
2.524550048828125 2.2439097594329435e-10
2.525550048828125 2.160824925104375e-10
2.526550048828125 2.0788241492879905e-10
2.527550048828125 1.990527575101705e-10
2.528550048828125 1.8996289967732737e-10
2.529550048828125 1.8155067421818592e-10
2.530550048828125 1.7274106700626454e-10
2.531550048828125 1.657908259866799e-10
2.532550048828125 1.5782815884208857e-10
2.533550048828125 1.5026400441961222e-10
2.534550048828125 1.434264608613194e-10
2.535550048828125 1.3700299723350436e-10
2.536550048828125 1.3104696396856828e-10
2.537550048828125 1.2534842255686643e-10
2.538550048828125 1.203860060477913e-10
2.539550048828125 1.1626001247287887e-10
2.540550048828125 1.1094478348936324e-10
2.541550048828125 1.0682006363806527e-10
2.542550048828125 1.0095662761214584e-10
2.543550048828125 9.693438392054615e-11
2.544550048828125 9.287135359975871e-11
2.545550048828125 8.929328802695808e-11
2.546550048828125 8.56762667868958e-11
2.547550048828125 8.312270517758558e-11
2.548550048828125 8.074747886272606e-11
2.549550048828125 7.69385657739428e-11
2.550550048828125 7.468888527196985e-11
2.551550048828125 7.285590858055685e-11
2.552550048828125 7.068838395702944e-11
2.553550048828125 6.872395137136264e-11
2.554550048828125 6.712498373259218e-11
2.555550048828125 6.467973972251625e-11
2.556550048828125 6.289172171808522e-11
2.557550048828125 6.092748925434255e-11
2.558550048828125 5.917047813603762e-11
2.559550048828125 5.7430413611569396e-11
2.560550048828125 5.602203670024816e-11
2.561550048828125 5.312241739395423e-11
2.562550048828125 5.119354427060981e-11
2.563550048828125 4.8585609058266204e-11
2.564550048828125 4.671761014057429e-11
2.565550048828125 4.4081836633353413e-11
2.566550048828125 4.19589874386406e-11
2.567550048828125 3.950752442764914e-11
2.568550048828125 3.671222950556318e-11
2.569550048828125 3.444193778536208e-11
2.570550048828125 3.158667719558743e-11
2.571550048828125 2.937778923618415e-11
2.572550048828125 2.7024515862433635e-11
2.573550048828125 2.4608694863056116e-11
2.574550048828125 2.24214743512046e-11
2.575550048828125 2.026236721478464e-11
2.576550048828125 1.830334647212118e-11
2.577550048828125 1.6347562651983938e-11
2.578550048828125 1.456162817524956e-11
2.579550048828125 1.288939770060059e-11
2.580550048828125 1.1545835173010353e-11
2.581550048828125 1.0107184848787841e-11
2.582550048828125 8.90114697743242e-12
2.583550048828125 7.794212629513858e-12
2.584550048828125 6.850856762878381e-12
2.585550048828125 5.952292488647862e-12
2.586550048828125 5.149040812658797e-12
2.587550048828125 4.520461998574523e-12
2.588550048828125 3.904884877525804e-12
2.589550048828125 3.416603428001229e-12
2.590550048828125 2.9540526154080086e-12
2.591550048828125 2.5427028235180943e-12
2.592550048828125 2.218000889317331e-12
2.593550048828125 1.9212421077524466e-12
2.594550048828125 1.6525836479989926e-12
2.595550048828125 1.4457894378106608e-12
2.596550048828125 1.2504305714395475e-12
2.597550048828125 1.0930342012633308e-12
2.598550048828125 9.643261241151696e-13
