Wavelength_microns Throughput
0.5502000122070313 1.5813859167639546e-10
0.5512000122070313 6.902918150077392e-11
0.5522000122070313 2.568560412898826e-10
0.5532000122070313 3.267821911105554e-10
0.5542000122070313 3.415799273705728e-10
0.5552000122070313 2.012794584671789e-11
0.5562000122070313 2.2005901260232403e-11
0.5572000122070313 2.0711538150742598e-11
0.5582000122070313 8.774164498519247e-11
0.5592000122070313 7.640122485310022e-11
0.5602000122070312 3.623298902693529e-10
0.5612000122070312 3.4933519598964576e-10
0.5622000122070312 3.8488115430564076e-10
0.5632000122070312 3.617572707321342e-10
0.5642000122070312 7.793962952232897e-10
0.5652000122070312 1.3990611933298508e-09
0.5662000122070312 1.2308403948080429e-09
0.5672000122070312 9.956871051407112e-10
0.5682000122070312 4.228786309862371e-10
0.5692000122070312 4.757374259756819e-10
0.5702000122070312 2.455281720877849e-10
0.5712000122070312 9.914581712121463e-10
0.5722000122070312 1.2016994227416238e-09
0.5732000122070312 1.2372412266953626e-09
0.5742000122070312 6.579580970922194e-10
0.5752000122070312 2.519358118978975e-10
0.5762000122070312 3.781186485467104e-10
0.5772000122070312 6.467310374753303e-10
0.5782000122070312 1.3022421460902122e-09
0.5792000122070312 1.3068786679089881e-09
0.5802000122070312 7.264603123869989e-10
0.5812000122070312 4.904300093566621e-12
0.5822000122070312 5.30277759589434e-12
0.5832000122070312 1.658926175975961e-09
0.5842000122070312 2.0025530654260888e-09
0.5852000122070312 2.3456648837488952e-09
0.5862000122070312 1.6055311246507855e-09
0.5872000122070312 1.8862534911204614e-09
0.5882000122070312 2.9253194106172054e-09
0.5892000122070312 4.0249338058612315e-09
0.5902000122070312 3.891910324395072e-09
0.5912000122070312 3.92001654751054e-09
0.5922000122070312 1.4805610202488268e-09
0.5932000122070312 1.2449838017049333e-09
0.5942000122070312 6.690132429961986e-10
0.5952000122070312 3.2976606860162096e-09
0.5962000122070312 4.36786898472787e-09
0.5972000122070312 4.128922892391428e-09
0.5982000122070312 1.6162577102853995e-09
0.5992000122070312 3.1032367917320257e-09
0.6002000122070312 8.692876799794579e-09
0.6012000122070312 2.6730134944034973e-08
0.6022000122070312 5.5179520552525105e-08
0.6032000122070312 9.751639570257168e-08
0.6042000122070312 1.3625638308475582e-07
0.6052000122070312 1.6442009702431296e-07
0.6062000122070312 1.7859914878136963e-07
0.6072000122070312 1.7464859593062478e-07
0.6082000122070312 1.6823162270145996e-07
0.6092000122070312 1.5688683914988785e-07
0.6102000122070312 1.8078101056959204e-07
0.6112000122070312 2.2997981958254916e-07
0.6122000122070312 3.123751298720328e-07
0.6132000122070312 4.108051673110687e-07
0.6142000122070312 5.172936075959739e-07
0.6152000122070312 5.99423792887917e-07
0.6162000122070312 6.252544825303197e-07
0.6172000122070312 6.171996255043406e-07
0.6182000122070312 6.32160461962542e-07
0.6192000122070312 7.427929178439411e-07
0.6202000122070312 9.819588847916211e-07
0.6212000122070312 1.335919859697307e-06
0.6222000122070312 1.7066939979344855e-06
0.6232000122070313 1.974802821798588e-06
0.6242000122070313 2.021037426808624e-06
0.6252000122070313 1.8737120187839213e-06
0.6262000122070313 1.5604964012759084e-06
0.6272000122070313 1.2178945322246542e-06
0.6282000122070313 9.019032164174149e-07
0.6292000122070313 6.947459158036014e-07
0.6302000122070313 5.687314283747817e-07
0.6312000122070313 4.857155915780508e-07
0.6322000122070313 4.219881113709707e-07
0.6332000122070313 3.7367690337058436e-07
0.6342000122070313 3.506744588028923e-07
0.6352000122070313 3.5589771665976866e-07
0.6362000122070313 3.704739568659548e-07
0.6372000122070313 3.8580218796012224e-07
0.6382000122070313 3.7060867231583085e-07
0.6392000122070313 3.414843019151519e-07
0.6402000122070313 2.903093322036408e-07
0.6412000122070313 2.4483461082719194e-07
0.6422000122070313 2.0508761200885418e-07
0.6432000122070313 1.759837212956463e-07
0.6442000122070313 1.5737775317863647e-07
0.6452000122070313 1.4691339878751356e-07
0.6462000122070313 1.4762285674437314e-07
0.6472000122070313 1.5336301390971777e-07
0.6482000122070313 1.5102527476766493e-07
0.6492000122070313 1.5035166279547616e-07
0.6502000122070313 1.452672793595753e-07
0.6512000122070313 1.460983553623705e-07
0.6522000122070313 1.4330465048520358e-07
0.6532000122070313 1.4039519384627778e-07
0.6542000122070313 1.4250977637424365e-07
0.6552000122070313 1.5029594727852707e-07
0.6562000122070313 1.6233015891323237e-07
0.6572000122070313 1.6669474888545892e-07
0.6582000122070313 1.5455653761500904e-07
0.6592000122070313 1.4541197473918968e-07
0.6602000122070313 1.4826839108981702e-07
0.6612000122070313 1.589804796567754e-07
0.6622000122070313 1.6599676519724866e-07
0.6632000122070313 1.6648580218691298e-07
0.6642000122070313 1.7252494150671495e-07
0.6652000122070313 1.760740895625601e-07
0.6662000122070313 1.831597745933255e-07
0.6672000122070313 2.0559940306083096e-07
0.6682000122070313 2.3183362952574042e-07
0.6692000122070313 2.4921821803461554e-07
0.6702000122070313 2.479457805653167e-07
0.6712000122070313 2.4239273147859293e-07
0.6722000122070313 2.3973755595509786e-07
0.6732000122070313 2.412270922991575e-07
0.6742000122070313 2.3968890001597957e-07
0.6752000122070313 2.419579320037129e-07
0.6762000122070313 2.439359356516027e-07
0.6772000122070313 2.4317560045566647e-07
0.6782000122070313 2.4445074732078536e-07
0.6792000122070313 2.38807644030898e-07
0.6802000122070313 2.3028776089050223e-07
0.6812000122070313 2.071984757410492e-07
0.6822000122070313 1.970733717593442e-07
0.6832000122070313 1.901129486033757e-07
0.6842000122070313 1.9013666050841614e-07
0.6852000122070312 1.8767850463805218e-07
0.6862000122070312 1.9930059340477764e-07
0.6872000122070312 2.2099534882973295e-07
0.6882000122070312 2.4108466426000504e-07
0.6892000122070312 2.5906029110193156e-07
0.6902000122070312 2.467549359418341e-07
0.6912000122070312 2.5093738789529995e-07
0.6922000122070312 2.3028950151300222e-07
0.6932000122070312 2.3433233975072792e-07
0.6942000122070312 2.191212619857694e-07
0.6952000122070312 2.159393006368587e-07
0.6962000122070312 2.004401462630224e-07
0.6972000122070312 1.9338516351343266e-07
0.6982000122070312 1.8730026094892077e-07
0.6992000122070312 1.8690561805061523e-07
0.7002000122070312 1.7493983404364531e-07
0.7012000122070312 1.7617008606042893e-07
0.7022000122070312 1.8740251626146202e-07
0.7032000122070312 2.0604257752776719e-07
0.7042000122070312 2.0678540270737904e-07
0.7052000122070312 2.0564284926961328e-07
0.7062000122070312 1.9582538262283183e-07
0.7072000122070312 2.023207125477131e-07
0.7082000122070312 2.0403389583450237e-07
0.7092000122070312 2.223741188091432e-07
0.7102000122070312 2.291711718172616e-07
0.7112000122070312 2.140862047956545e-07
0.7122000122070312 1.8828492703585445e-07
0.7132000122070312 1.6658432491809032e-07
0.7142000122070312 1.792003846541429e-07
0.7152000122070312 1.7380046590704994e-07
0.7162000122070312 1.515296674282063e-07
0.7172000122070312 1.3838024404022026e-07
0.7182000122070312 1.3253294811841215e-07
0.7192000122070312 1.5689631016145397e-07
0.7202000122070312 1.703404766334813e-07
0.7212000122070312 2.0314650868122604e-07
0.7222000122070312 1.983981539915319e-07
0.7232000122070312 1.9193234522747857e-07
0.7242000122070312 1.6366257399361657e-07
0.7252000122070312 1.8306607756656805e-07
0.7262000122070312 1.8370937207785818e-07
0.7272000122070312 2.0504465572884923e-07
0.7282000122070312 1.8577420787055822e-07
0.7292000122070312 1.868849385703179e-07
0.7302000122070312 2.1097064171407862e-07
0.7312000122070312 2.3862686355459595e-07
0.7322000122070312 2.4632963852424126e-07
0.7332000122070312 2.3697040431517505e-07
0.7342000122070312 2.5698458272279536e-07
0.7352000122070312 2.6310198968605924e-07
0.7362000122070312 2.7122886573293394e-07
0.7372000122070312 2.537644140949599e-07
0.7382000122070312 2.3538467727907907e-07
0.7392000122070312 2.248199023915607e-07
0.7402000122070312 2.0461766816530338e-07
0.7412000122070312 2.3836109366503957e-07
0.7422000122070312 2.504246188187955e-07
0.7432000122070312 2.406447436268809e-07
0.7442000122070312 1.8510514938055965e-07
0.7452000122070312 1.131517752933559e-07
0.7462000122070312 1.0859796903484447e-07
0.7472000122070312 1.4542389378388442e-07
0.7482000122070313 1.945884672614194e-07
0.7492000122070313 2.0691368557814739e-07
0.7502000122070313 2.441257974846923e-07
0.7512000122070313 2.4736776074976603e-07
0.7522000122070313 2.83202564849601e-07
0.7532000122070313 1.961112029843582e-07
0.7542000122070313 1.99437584759807e-07
0.7552000122070313 2.1213836386952184e-07
0.7562000122070313 2.671527301185305e-07
0.7572000122070313 2.8097614265146135e-07
0.7582000122070313 2.590762204183678e-07
0.7592000122070313 2.470220481483658e-07
0.7602000122070313 2.467972087089501e-07
0.7612000122070313 2.2908012790856404e-07
0.7622000122070313 2.1077047153714239e-07
0.7632000122070313 1.9982718395167898e-07
0.7642000122070313 2.0696734934775732e-07
0.7652000122070313 2.3304546537032545e-07
0.7662000122070313 1.9433352923385604e-07
0.7672000122070313 1.8664526993439898e-07
0.7682000122070313 2.04006867614464e-07
0.7692000122070313 2.6986020271330773e-07
0.7702000122070313 2.743196342564609e-07
0.7712000122070313 2.5652018393735853e-07
0.7722000122070313 1.9185892414725955e-07
0.7732000122070313 1.3870574976919164e-07
0.7742000122070313 1.1951072602828074e-07
0.7752000122070313 1.8504144531042243e-07
0.7762000122070313 1.8036974950907692e-07
0.7772000122070313 1.9429376403239406e-07
0.7782000122070313 1.1127967002949415e-07
0.7792000122070313 1.94731516116246e-07
0.7802000122070313 2.2901135613492388e-07
0.7812000122070313 2.5345899258784885e-07
0.7822000122070313 2.1078914265567675e-07
0.7832000122070313 1.1840887919139311e-07
0.7842000122070313 8.9563054846885e-08
0.7852000122070313 1.081410471247119e-07
0.7862000122070313 1.1703098291804592e-07
0.7872000122070313 1.2463977220100767e-07
0.7882000122070313 6.753390815967192e-08
0.7892000122070313 7.294779620184374e-08
0.7902000122070313 4.288463413840033e-08
0.7912000122070313 2.423451338632135e-08
0.7922000122070313 2.2998021084414935e-08
0.7932000122070313 6.102367042385968e-08
0.7942000122070313 6.1273600425498e-08
0.7952000122070313 3.852529952261285e-08
0.7962000122070313 5.314293660074472e-08
0.7972000122070313 5.6269713394411156e-08
0.7982000122070313 5.753477770565917e-08
0.7992000122070313 1.0513233822477349e-08
0.8002000122070313 8.999707529841985e-09
0.8012000122070313 7.996236520207791e-09
0.8022000122070313 2.206461447141972e-09
0.8032000122070313 8.527165647237666e-10
0.8042000122070313 1.5244062657586674e-09
0.8052000122070313 6.998357556753812e-10
0.8062000122070313 7.016487607611738e-10
0.8072000122070313 1.0423723293586403e-08
0.8082000122070313 1.0436173592955534e-08
0.8092000122070313 1.0450819167763361e-08
0.8102000122070312 9.170126263890101e-09
0.8112000122070312 1.7787069080990913e-08
0.8122000122070312 4.235368479794013e-08
0.8132000122070312 3.8285765005992266e-08
0.8142000122070312 2.9694174498231424e-08
0.8152000122070312 5.097731982319874e-09
0.8162000122070312 1.5600876375848046e-08
0.8172000122070312 1.823719213813625e-08
0.8182000122070312 2.0558292629094184e-08
0.8192000122070312 4.964735832744059e-09
0.8202000122070312 2.335960934576401e-09
0.8212000122070312 7.798549781121715e-09
0.8222000122070312 7.806608108214018e-09
0.8232000122070312 2.0841337107799057e-08
0.8242000122070312 2.1014671141618957e-08
0.8252000122070312 3.3576676435633504e-08
0.8262000122070312 4.135699711684562e-08
0.8272000122070312 3.442328945893787e-08
0.8282000122070312 2.998864468622398e-08
0.8292000122070312 1.4010073062616389e-08
0.8302000122070312 3.153437963221334e-08
0.8312000122070312 3.440663915076193e-08
0.8322000122070312 3.2488090317900195e-08
0.8332000122070312 4.398363498466388e-08
0.8342000122070312 4.1889337840365895e-08
0.8352000122070312 3.95069896207177e-08
0.8362000122070312 1.936854426303972e-08
0.8372000122070312 2.0633358725362582e-08
0.8382000122070312 2.1222467143315063e-08
0.8392000122070312 2.9730311510368448e-08
0.8402000122070312 2.8853345698789236e-08
0.8412000122070312 4.626766926450099e-08
0.8422000122070312 2.7799856280808238e-08
0.8432000122070312 2.1565866172148484e-08
0.8442000122070312 3.037303091380054e-09
0.8452000122070312 3.0426068977943204e-09
0.8462000122070312 1.3605853850607983e-08
0.8472000122070312 2.6096787548757187e-08
0.8482000122070312 2.6125257529401498e-08
0.8492000122070312 3.7220511646753826e-08
0.8502000122070312 2.4788071173380987e-08
0.8512000122070312 3.423906732482085e-08
0.8522000122070312 2.963318133447421e-08
0.8532000122070312 2.9693864484162356e-08
0.8542000122070312 2.0271230024124925e-08
0.8552000122070312 3.01153806846086e-11
0.8562000122070312 1.721630099114737e-08
0.8572000122070312 1.7249491888988374e-08
0.8582000122070312 1.7273704039616533e-08
0.8592000122070312 2.4647668288196757e-08
0.8602000122070312 2.468538472088029e-08
0.8612000122070312 4.163468778018195e-08
0.8622000122070312 2.5906572140312865e-08
0.8632000122070312 2.9040676005619787e-08
0.8642000122070312 1.2059492978416061e-08
0.8652000122070312 3.1345945981209094e-09
0.8662000122070312 1.806022061919872e-08
0.8672000122070312 2.190107533302859e-08
0.8682000122070312 2.1897851617435724e-08
0.8692000122070312 2.1570501141971604e-08
0.8702000122070312 3.678635266402535e-08
0.8712000122070312 9.697806347679797e-08
0.8722000122070312 1.084500187705197e-07
0.8732000122070313 8.944132076451555e-08
0.8742000122070313 2.9121545212082523e-08
0.8752000122070313 4.529927369816583e-08
0.8762000122070313 4.537187237848392e-08
0.8772000122070313 7.165323572112812e-08
0.8782000122070313 2.625434962346646e-08
0.8792000122070313 7.851265243251139e-08
0.8802000122070313 5.232084284514504e-08
0.8812000122070313 1.3740454827143574e-07
0.8822000122070313 8.500814970436119e-08
0.8832000122070313 8.506307313266652e-08
0.8842000122070313 3.112662292999368e-11
0.8852000122070313 2.4566079506989872e-08
0.8862000122070313 9.397691184221165e-08
0.8872000122070313 1.347081524042104e-07
0.8882000122070313 1.101312671604683e-07
0.8892000122070313 4.081461384708018e-08
0.8902000122070313 7.486075473043795e-08
0.8912000122070313 7.512194074524073e-08
0.8922000122070313 7.52565928290406e-08
0.8932000122070313 3.143812984487601e-11
0.8942000122070313 3.1504188038233744e-11
0.8952000122070313 1.7541618148051288e-07
0.8962000122070313 5.422551590036168e-07
0.8972000122070313 5.425279460363471e-07
0.8982000122070313 3.906952654606435e-07
0.8992000122070313 4.111716630957476e-08
0.9002000122070313 7.905521562883681e-08
0.9012000122070313 6.562923561817964e-08
0.9022000122070313 7.188866622129503e-08
0.9032000122070313 4.0017674385849815e-08
0.9042000122070313 6.482054951921653e-08
0.9052000122070313 5.760382882180411e-08
0.9062000122070313 5.162667294883655e-08
0.9072000122070313 6.581846039870284e-08
0.9082000122070313 8.471558152025123e-08
0.9092000122070313 9.486277080027823e-08
0.9102000122070313 6.520253814165368e-08
0.9112000122070313 3.106557731021667e-08
0.9122000122070313 2.5588843044915373e-08
0.9132000122070313 2.852003658958065e-08
0.9142000122070313 4.9254801421321883e-08
0.9152000122070313 6.215294551319843e-08
0.9162000122070313 4.716392143798869e-08
0.9172000122070313 4.65566283560563e-08
0.9182000122070313 2.913586215621993e-08
0.9192000122070313 6.880046607715281e-08
0.9202000122070313 4.749839272101086e-08
0.9212000122070313 9.274659292396704e-08
0.9222000122070313 6.987012578642068e-08
0.9232000122070313 6.973508595681407e-08
0.9242000122070313 4.135820456856162e-08
0.9252000122070313 3.6857700725275655e-08
0.9262000122070313 5.140010293199493e-08
0.9272000122070313 4.303767083431909e-08
0.9282000122070313 5.152174111742525e-08
0.9292000122070313 3.6996369978997806e-08
0.9302000122070313 6.157452861656877e-08
0.9312000122070313 4.8007224554484575e-08
0.9322000122070313 8.811059408272121e-08
0.9332000122070313 8.470909178488907e-08
0.9342000122070313 8.79738197939079e-08
0.9352000122070312 5.555513022165013e-08
0.9362000122070312 2.768322103443777e-08
0.9372000122070312 4.260056504534073e-08
0.9382000122070312 3.6615747092815174e-08
0.9392000122070312 5.791968185435266e-08
0.9402000122070312 4.060548546808315e-08
0.9412000122070312 8.549305892685256e-08
0.9422000122070312 7.390146652651157e-08
0.9432000122070312 6.72808936901385e-08
0.9442000122070312 6.821875961312837e-08
0.9452000122070312 1.0781920161151112e-07
0.9462000122070312 1.400099243667203e-07
0.9472000122070312 1.6597668612388334e-07
0.9482000122070312 1.5310828689176558e-07
0.9492000122070312 1.9440450409556355e-07
0.9502000122070312 1.9302881710071984e-07
0.9512000122070312 2.387574045969059e-07
0.9522000122070312 2.599640456336998e-07
0.9532000122070312 2.432998366189412e-07
0.9542000122070312 2.5113104022518367e-07
0.9552000122070312 2.5843350134504725e-07
0.9562000122070312 3.415440755829456e-07
0.9572000122070312 4.1638557433288545e-07
0.9582000122070312 5.363535593149157e-07
0.9592000122070312 6.827273156731134e-07
0.9602000122070312 8.722267330638163e-07
0.9612000122070312 1.0970688158125717e-06
0.9622000122070312 1.3524916456674563e-06
0.9632000122070312 1.6209880267913789e-06
0.9642000122070312 1.8781283309491287e-06
0.9652000122070312 2.1565724650059464e-06
0.9662000122070312 2.4720533957614916e-06
0.9672000122070312 2.914905430758598e-06
0.9682000122070312 3.464310975414081e-06
0.9692000122070312 4.182717752127376e-06
0.9702000122070312 4.98559512912669e-06
0.9712000122070312 5.924963574497599e-06
0.9722000122070312 6.891356595328933e-06
0.9732000122070312 7.86524517456862e-06
0.9742000122070312 8.765698011164117e-06
0.9752000122070312 9.650825689237928e-06
0.9762000122070312 1.0557775962439239e-05
0.9772000122070312 1.1662383462800099e-05
0.9782000122070312 1.3087423075365687e-05
0.9792000122070312 1.5024681792818539e-05
0.9802000122070312 1.7631566810561825e-05
0.9812000122070312 2.1146083289979223e-05
0.9822000122070312 2.59028033031824e-05
0.9832000122070312 3.221968742974427e-05
0.9842000122070312 4.0373480498115554e-05
0.9852000122070312 5.077722888102873e-05
0.9862000122070312 6.347405925063381e-05
0.9872000122070312 7.868846249846836e-05
0.9882000122070312 9.647747203756147e-05
0.9892000122070312 0.00011684480992570117
0.9902000122070312 0.00014000327002527277
0.9912000122070312 0.00016579353588619871
0.9922000122070312 0.00019488742421082785
0.9932000122070312 0.00022807289270381826
0.9942000122070312 0.0002667275237156644
0.9952000122070312 0.00031239859063425903
0.9962000122070312 0.0003692965233535062
0.9972000122070312 0.0004419922811969551
0.9982000122070313 0.011057753605725596
0.9992000122070313 0.023173239501693768
1.0002000122070311 0.03655736179882151
1.0012000122070313 0.04043805466513141
1.0022000122070311 0.04480683582899258
1.0032000122070313 0.04953180487706409
1.0042000122070311 0.055667342867720265
1.0052000122070313 0.06243848156396935
1.0062000122070311 0.0709573032169393
1.0072000122070313 0.08057660707286002
1.0082000122070311 0.0922626547948303
1.0092000122070313 0.10610772932978889
1.0102000122070312 0.12248886458837491
1.0112000122070313 0.14143248457965385
1.0122000122070312 0.1622817602183797
1.0132000122070313 0.18356754077826862
1.0142000122070312 0.20314462205433437
1.0152000122070313 0.2203998536610404
1.0162000122070312 0.23389039136269058
1.0172000122070313 0.24393309871555766
1.0182000122070312 0.24975839227135607
1.0192000122070313 0.2532167610323662
1.0202000122070312 0.2547382048767462
1.0212000122070313 0.25522398915185235
1.0222000122070312 0.25572839756949783
1.0232000122070313 0.25560610322463845
1.024199951171875 0.25570956915628423
1.025199951171875 0.2556945008138761
1.026199951171875 0.2558966044171745
1.027199951171875 0.25732639414649655
1.028199951171875 0.2580788725828544
1.029199951171875 0.2587539112253688
1.030199951171875 0.2592788559916997
1.031199951171875 0.26028654267160595
1.032199951171875 0.26226710705970646
1.033199951171875 0.26252154108246795
1.034199951171875 0.2630994735180278
1.035199951171875 0.26375364030543
1.036199951171875 0.26490110728019184
1.037199951171875 0.2650248818237971
1.038199951171875 0.26530424777860045
1.039199951171875 0.2667714488496281
1.040199951171875 0.26781590494252
1.041199951171875 0.26820812963745344
1.042199951171875 0.26773955670610744
1.043199951171875 0.26753508887913835
1.044199951171875 0.26788682920670026
1.045199951171875 0.2686883790625498
1.046199951171875 0.26925589381838333
1.047199951171875 0.26964461855452343
1.048199951171875 0.27040381423352655
1.049199951171875 0.2706451678827314
1.050199951171875 0.27125449068594354
1.051199951171875 0.2725467179972951
1.052199951171875 0.2741186323810446
1.053199951171875 0.2752170853443335
1.054199951171875 0.2761527718324874
1.055199951171875 0.27720189980998167
1.056199951171875 0.2771540703216882
1.057199951171875 0.27632288177586806
1.058199951171875 0.27695458138470536
1.059199951171875 0.2774202582708329
1.060199951171875 0.27749477940816164
1.061199951171875 0.27697290371175437
1.062199951171875 0.27701897293161776
1.063199951171875 0.27622249267404136
1.064199951171875 0.2750505471839973
1.065199951171875 0.2740740664267769
1.066199951171875 0.27416229338984277
1.067199951171875 0.27265702408696757
1.068199951171875 0.27112001831456584
1.069199951171875 0.2698361351213094
1.070199951171875 0.2682737544292429
1.071199951171875 0.2664771330000309
1.072199951171875 0.26438483597485185
1.073199951171875 0.2626189540431112
1.074199951171875 0.2607430754625028
1.075199951171875 0.25909598732846617
1.076199951171875 0.2578967726393332
1.077199951171875 0.25622048740891545
1.078199951171875 0.25555521324860064
1.079199951171875 0.2545784591458614
1.080199951171875 0.2540620277262123
1.081199951171875 0.25383027656178536
1.082199951171875 0.25483832785772775
1.083199951171875 0.25531364537106077
1.084199951171875 0.25618823731371854
1.085199951171875 0.2567601257743215
1.086199951171875 0.2586112878781813
1.087199951171875 0.26024700742552553
1.088199951171875 0.26296517605037995
1.089199951171875 0.2650204967256673
1.090199951171875 0.2682976740261013
1.091199951171875 0.27071088495075524
1.092199951171875 0.27386754314682965
1.093199951171875 0.2760586449551954
1.094199951171875 0.27866214418972973
1.095199951171875 0.2812064033191263
1.096199951171875 0.28356737279101296
1.097199951171875 0.28605970126922886
1.098199951171875 0.28760806235473574
1.099199951171875 0.2894644520531176
1.100199951171875 0.29065885558636
1.101199951171875 0.2923715014945361
1.102199951171875 0.29322964196904455
1.103199951171875 0.2941999071051784
1.104199951171875 0.2947465850677086
1.105199951171875 0.2954579017502666
1.106199951171875 0.29565759447068446
1.107199951171875 0.2954144946142088
1.108199951171875 0.29554285267010066
1.109199951171875 0.295186186886755
1.110199951171875 0.2952893053010378
1.111199951171875 0.295176060315814
1.112199951171875 0.29538993843011757
1.113199951171875 0.29509435780279264
1.114199951171875 0.2948850172074733
1.115199951171875 0.29389366355213886
1.116199951171875 0.2931085592943483
1.117199951171875 0.2924123330281593
1.118199951171875 0.2916772390197509
1.119199951171875 0.2904105743833613
1.120199951171875 0.29009838629869816
1.121199951171875 0.2893434483974863
1.122199951171875 0.2893106360642879
1.123199951171875 0.28812113253820376
1.124199951171875 0.2887064394300955
1.125199951171875 0.2894127199142777
1.126199951171875 0.29098979911840733
1.127199951171875 0.2917171658067729
1.128199951171875 0.29365523904305224
1.129199951171875 0.2952595789434247
1.130199951171875 0.2974045835204338
1.131199951171875 0.29900759683673306
1.132199951171875 0.30082508886992626
1.133199951171875 0.3022501690325781
1.134199951171875 0.3041586198815451
1.135199951171875 0.3057634482383444
1.136199951171875 0.3072537279330334
1.137199951171875 0.30889216448306056
1.138199951171875 0.30985219525361407
1.139199951171875 0.31158072533646664
1.140199951171875 0.3119891650645703
1.141199951171875 0.3137939933249876
1.142199951171875 0.315469238926426
1.143199951171875 0.31709405561701604
1.144199951171875 0.31838492922652506
1.145199951171875 0.31946339335540286
1.146199951171875 0.3204014729927702
1.147199951171875 0.32152296895299476
1.148199951171875 0.3225098523653457
1.149199951171875 0.32382877602828386
1.150199951171875 0.32492493520655463
1.151199951171875 0.3263512152490813
1.152199951171875 0.327987048403243
1.153199951171875 0.32889044436151305
1.154199951171875 0.3300986175688852
1.155199951171875 0.3318632502083395
1.156199951171875 0.333766509547857
1.157199951171875 0.33632177354921555
1.158199951171875 0.33829117387166396
1.159199951171875 0.34180340595191144
1.160199951171875 0.3428719147997834
1.161199951171875 0.3443620378842194
1.162199951171875 0.3454026392424527
1.163199951171875 0.34756187506907715
1.164199951171875 0.34876898178946875
1.165199951171875 0.3501832724589469
1.166199951171875 0.3508097896788168
1.167199951171875 0.35181192181149656
1.168199951171875 0.35170406645157426
1.169199951171875 0.3523463940805891
1.170199951171875 0.35319103757232073
1.171199951171875 0.3533898733853562
1.172199951171875 0.35364070819656496
1.173199951171875 0.35309057850666536
1.174199951171875 0.35354653270338227
1.175199951171875 0.35412364506456234
1.176199951171875 0.35387829982669944
1.177199951171875 0.3540418565472299
1.178199951171875 0.35337613764356496
1.179199951171875 0.3534942493138894
1.180199951171875 0.35318312088712045
1.181199951171875 0.3534887539589151
1.182199951171875 0.35421510767045356
1.183199951171875 0.3537987602189605
1.184199951171875 0.3538825673397057
1.185199951171875 0.35295278732422397
1.186199951171875 0.35269717000651396
1.187199951171875 0.35072752675922175
1.188199951171875 0.35095671631918063
1.189199951171875 0.35236104752793895
1.190199951171875 0.3531832814687155
1.191199951171875 0.35154199618980425
1.192199951171875 0.3483576397463593
1.193199951171875 0.34793422381619366
1.194199951171875 0.3473740418741987
1.195199951171875 0.34678683018968465
1.196199951171875 0.3458555179278632
1.197199951171875 0.34599972104603055
1.198199951171875 0.3463259804785084
1.199199951171875 0.3470930608894773
1.200199951171875 0.3473635282799865
1.201199951171875 0.34817469031022524
1.202199951171875 0.3488142636064014
1.203199951171875 0.348008790915557
1.204199951171875 0.34863455529950005
1.205199951171875 0.3482592836299144
1.206199951171875 0.34926039497572486
1.207199951171875 0.3497416398477486
1.208199951171875 0.3500251684871121
1.209199951171875 0.3507791206422952
1.210199951171875 0.350215365808013
1.211199951171875 0.3509873170260068
1.212199951171875 0.35022024930639617
1.213199951171875 0.35031189149909536
1.214199951171875 0.34960813265615454
1.215199951171875 0.34984663944891947
1.216199951171875 0.3499670360446471
1.217199951171875 0.34872833170174544
1.218199951171875 0.34979825593204844
1.219199951171875 0.35003932452406317
1.220199951171875 0.35137122641974144
1.221199951171875 0.353066877630236
1.222199951171875 0.3549599992105916
1.223199951171875 0.3571820279637498
1.224199951171875 0.35753085725558786
1.225199951171875 0.3593396355268896
1.226199951171875 0.3615608490410997
1.227199951171875 0.3640720954038478
1.228199951171875 0.3660753292849353
1.229199951171875 0.3676708988134833
1.230199951171875 0.36901896382549154
1.231199951171875 0.3693394011828578
1.232199951171875 0.37026922761087594
1.233199951171875 0.3705883589572992
1.234199951171875 0.371991600095607
1.235199951171875 0.3720629086256797
1.236199951171875 0.37188102209253904
1.237199951171875 0.37193979522517634
1.238199951171875 0.3719419830660228
1.239199951171875 0.37213388212814347
1.240199951171875 0.3727916028012756
1.241199951171875 0.3734624716350522
1.242199951171875 0.3755425856471735
1.243199951171875 0.37633409646623406
1.244199951171875 0.3776302405293155
1.245199951171875 0.37857917136072344
1.246199951171875 0.3789894028984976
1.247199951171875 0.3795876342187003
1.248199951171875 0.3805996207306911
1.249199951171875 0.38214729797539665
1.250199951171875 0.3838763625147588
1.251199951171875 0.3856705692831066
1.252199951171875 0.38707503997610065
1.253199951171875 0.3884342205683084
1.254199951171875 0.3894596258175296
1.255199951171875 0.3902740337641072
1.256199951171875 0.3907883530900815
1.257199951171875 0.39099008094006643
1.258199951171875 0.3907656049546949
1.259199951171875 0.39060467830128215
1.260199951171875 0.3899800274854773
1.261199951171875 0.38972914430034644
1.262199951171875 0.389044285161894
1.263199951171875 0.389065436368831
1.264199951171875 0.389320001110437
1.265199951171875 0.38940818554074325
1.266199951171875 0.388068800681447
1.267199951171875 0.388036282788741
1.268199951171875 0.38832837746737897
1.269199951171875 0.3890682413898289
1.270199951171875 0.38744716917219313
1.271199951171875 0.3850952886035232
1.272199951171875 0.38084658421485557
1.273199951171875 0.37677692624370923
1.274199951171875 0.3686714675777796
1.275199951171875 0.3581119789386733
1.276199951171875 0.34123931006292174
1.277199951171875 0.32128920509916403
1.278199951171875 0.2963588865811142
1.279199951171875 0.2689109559865347
1.280199951171875 0.23985697214444102
1.281199951171875 0.21061571476881769
1.282199951171875 0.18241285800463744
1.283199951171875 0.15592874085919728
1.284199951171875 0.13247151601670232
1.285199951171875 0.11218647445978433
1.286199951171875 0.09511712213218763
1.287199951171875 0.0813091538370786
1.288199951171875 0.06937151037061107
1.289199951171875 0.059834747099483485
1.290199951171875 0.05153401245726675
1.291199951171875 0.04510326755519062
1.292199951171875 0.03942252296656142
1.293199951171875 0.03509364042510522
1.294199951171875 0.030979073692239945
1.295199951171875 0.027762752491073052
1.296199951171875 0.024399599116398475
1.297199951171875 0.021032757356517075
1.298199951171875 0.01741790926710428
1.299199951171875 0.014095620317210716
1.300199951171875 0.011339304846058797
1.301199951171875 0.009059193494929412
1.302199951171875 0.0072682432835662345
1.303199951171875 0.00582688975036745
1.304199951171875 0.00471615180953607
1.305199951171875 0.00381083117745066
1.306199951171875 0.003074255629475042
1.307199951171875 0.00250355536737268
1.308199951171875 0.0020513128047080706
1.309199951171875 0.001692972314660014
1.310199951171875 0.001407819464579561
1.311199951171875 0.001176028876058158
1.312199951171875 0.0009870568032792058
1.313199951171875 0.000832404432896087
1.314199951171875 0.0007026859804382235
1.315199951171875 0.0005967787175988722
1.316199951171875 0.000505845779878853
1.317199951171875 0.0004323698069838869
1.318199951171875 0.0003695304122021756
1.319199951171875 0.0003170865597703949
1.320199951171875 0.0002714047686525302
1.321199951171875 0.00023476282171976497
1.322199951171875 0.00020347551563316876
1.323199951171875 0.00017785484964494137
1.324199951171875 0.00015465191722313488
1.325199951171875 0.0001346246900420282
1.326199951171875 0.00011858314141342028
1.327199951171875 0.00010368377308814992
1.328199951171875 9.167572829123304e-05
1.329199951171875 8.002058178676092e-05
1.330199951171875 7.159692085083136e-05
1.331199951171875 6.380596131029839e-05
1.332199951171875 5.713014500792962e-05
1.333199951171875 5.137335548428548e-05
1.334199951171875 4.6503712839938436e-05
1.335199951171875 4.165456482569815e-05
1.336199951171875 3.723739711722946e-05
1.337199951171875 3.361006501726993e-05
1.338199951171875 3.0598670559594885e-05
1.339199951171875 2.8216820956948624e-05
1.340199951171875 2.5764547926834004e-05
1.341199951171875 2.365567324199445e-05
1.342199951171875 2.1257867283139907e-05
1.343199951171875 1.9636382854383267e-05
1.344199951171875 1.8572442174888753e-05
1.345199951171875 1.7311478516589397e-05
1.346199951171875 1.5602829580609987e-05
1.347199951171875 1.4789273087207146e-05
1.348199951171875 1.3720278897302092e-05
1.349199951171875 1.318436043752047e-05
1.350199951171875 1.1483663029247016e-05
1.351199951171875 1.0674211465312586e-05
1.352199951171875 1.0161120691780447e-05
1.353199951171875 9.844757197403046e-06
1.354199951171875 9.04608730924408e-06
1.355199951171875 8.294434934473154e-06
1.356199951171875 7.740503402651155e-06
1.357199951171875 7.601456145342121e-06
1.358199951171875 6.8466160644789205e-06
1.359199951171875 6.129919372073786e-06
1.360199951171875 5.765784421341308e-06
1.361199951171875 5.726907667413686e-06
1.362199951171875 5.517442304461113e-06
1.363199951171875 5.0915979038430055e-06
1.364199951171875 4.7180518543894215e-06
1.365199951171875 4.81978523584837e-06
1.366199951171875 4.562750230453443e-06
1.367199951171875 4.378428544632253e-06
1.368199951171875 4.51624269235325e-06
1.369199951171875 4.817545944719476e-06
1.370199951171875 4.6295489077659015e-06
1.371199951171875 4.229680472675946e-06
1.372199951171875 4.958659327334095e-06
1.373199951171875 4.343774051583184e-06
1.374199951171875 4.244155577245815e-06
1.375199951171875 2.81004110006224e-06
1.376199951171875 3.4341784072654476e-06
1.377199951171875 3.3792009298694608e-06
1.378199951171875 4.1355189543741925e-06
1.379199951171875 4.09912211221477e-06
1.380199951171875 3.7842237021087962e-06
1.381199951171875 3.5874922243885223e-06
1.382199951171875 3.3970559295635973e-06
1.383199951171875 3.2360498605339103e-06
1.384199951171875 3.1045645266786976e-06
1.385199951171875 3.1212739559213268e-06
1.386199951171875 3.179525330999738e-06
1.387199951171875 2.8713671052570217e-06
1.388199951171875 2.7562713199398314e-06
1.389199951171875 2.497368331550811e-06
1.390199951171875 2.3029985793067435e-06
1.391199951171875 2.5462525934148593e-06
1.392199951171875 3.0076997403826856e-06
1.393199951171875 2.9254453957465905e-06
1.394199951171875 2.7364881268177585e-06
1.395199951171875 2.751879814714012e-06
1.396199951171875 2.2608032702250933e-06
1.397199951171875 2.2429378963597023e-06
1.398199951171875 2.421533078545386e-06
1.399199951171875 3.061666060523562e-06
1.400199951171875 3.3032073587035792e-06
1.401199951171875 3.089687576109968e-06
1.402199951171875 2.98223204963295e-06
1.403199951171875 3.0234609023866906e-06
1.404199951171875 3.061707217984613e-06
1.405199951171875 3.5143003499651172e-06
1.406199951171875 3.273928252572e-06
1.407199951171875 3.2543236389557982e-06
1.408199951171875 3.186209684794131e-06
1.409199951171875 3.2645087708738124e-06
1.410199951171875 3.240409559077972e-06
1.411199951171875 3.2072937065130555e-06
1.412199951171875 3.379172279343102e-06
1.413199951171875 3.298130325377272e-06
1.414199951171875 2.901140443456839e-06
1.415199951171875 3.2482075930407457e-06
1.416199951171875 2.9588233495077097e-06
1.417199951171875 3.2932301932232396e-06
1.418199951171875 3.4128417881614217e-06
1.419199951171875 3.640676406933966e-06
1.420199951171875 3.696899069245138e-06
1.421199951171875 3.2389215224348527e-06
1.422199951171875 3.625082158078167e-06
1.423199951171875 3.516444301954847e-06
1.424199951171875 3.4261457339063357e-06
1.425199951171875 3.0094288294091946e-06
1.426199951171875 2.8478839108901077e-06
1.427199951171875 2.691621935857729e-06
1.428199951171875 2.8965933790376783e-06
1.429199951171875 2.8836054800052675e-06
1.430199951171875 2.867314288325295e-06
1.431199951171875 3.1572072163903873e-06
1.432199951171875 3.157432606016075e-06
1.433199951171875 2.9265473829782887e-06
1.434199951171875 2.475187371228031e-06
1.435199951171875 2.55739863406368e-06
1.436199951171875 3.0387383911709154e-06
1.437199951171875 2.7823154449783698e-06
1.438199951171875 3.015011743115584e-06
1.439199951171875 2.7163060100276558e-06
1.440199951171875 3.3436835088303245e-06
1.441199951171875 3.111456382092878e-06
1.442199951171875 3.3860455413285943e-06
1.443199951171875 2.6354421185180923e-06
1.444199951171875 3.2420119474719095e-06
1.445199951171875 2.6691019040441598e-06
1.446199951171875 2.775952985725618e-06
1.447199951171875 2.1293201596180864e-06
1.448199951171875 2.5744715986632456e-06
1.449199951171875 2.0934276735459314e-06
1.450199951171875 1.957565965181765e-06
1.451199951171875 1.8228948084250225e-06
1.452199951171875 2.5973115965989288e-06
1.453199951171875 2.907410960982463e-06
1.454199951171875 2.465855444229841e-06
1.455199951171875 2.347012788074365e-06
1.456199951171875 2.497822259104126e-06
1.457199951171875 2.6839528425221444e-06
1.458199951171875 2.847629575495635e-06
1.459199951171875 2.6441317521012092e-06
1.460199951171875 3.033504164091967e-06
1.461199951171875 2.543194658570878e-06
1.462199951171875 2.8781488965963454e-06
1.463199951171875 2.261991467320958e-06
1.464199951171875 2.8383995495553133e-06
1.465199951171875 2.3895696982528922e-06
1.466199951171875 2.473747577740908e-06
1.467199951171875 1.9297916750552343e-06
1.468199951171875 2.0944494910023157e-06
1.469199951171875 2.1035056005745944e-06
1.470199951171875 2.4614968331126405e-06
1.471199951171875 2.1296705289334103e-06
1.472199951171875 2.394395039420417e-06
1.473199951171875 2.2131555172865493e-06
1.474199951171875 1.9382071469191318e-06
1.475199951171875 2.6475947968776007e-06
1.476199951171875 3.0189592000080316e-06
1.477199951171875 3.2287630770609352e-06
1.478199951171875 2.5164735535598473e-06
1.479199951171875 2.1124374111457318e-06
1.480199951171875 2.1561713114871236e-06
1.481199951171875 1.936300546070889e-06
1.482199951171875 2.5654833112713605e-06
1.483199951171875 2.5146227559487405e-06
1.484199951171875 3.0311239843519513e-06
1.485199951171875 2.5851594973925754e-06
1.486199951171875 2.3037470673700757e-06
1.487199951171875 1.7384086845031885e-06
1.488199951171875 1.972889997902767e-06
1.489199951171875 2.3836969874350894e-06
1.490199951171875 2.556186230413879e-06
1.491199951171875 2.4285321252686955e-06
1.492199951171875 2.676490264083549e-06
1.493199951171875 2.548081127532927e-06
1.494199951171875 2.393383138182915e-06
1.495199951171875 2.526360326221959e-06
1.496199951171875 3.3140224649748012e-06
1.497199951171875 2.966088140822831e-06
1.498199951171875 2.8818519379539238e-06
1.499199951171875 2.8279390840385916e-06
1.500199951171875 3.7850042243048055e-06
1.501199951171875 3.746756477366544e-06
1.502199951171875 4.111133413912306e-06
1.503199951171875 4.240232090663971e-06
1.504199951171875 3.68547004853461e-06
1.505199951171875 2.9609533054665216e-06
1.506199951171875 2.846128172552818e-06
1.507199951171875 3.7493383052333523e-06
1.508199951171875 4.302560108920089e-06
1.509199951171875 4.065666145030634e-06
1.510199951171875 3.2727576763223905e-06
1.511199951171875 3.117401357455553e-06
1.512199951171875 2.9453529936861562e-06
1.513199951171875 3.092642504922161e-06
1.514199951171875 2.3426009754162524e-06
1.515199951171875 1.7872705573630752e-06
1.516199951171875 2.2423148141157507e-06
1.517199951171875 2.6196250261337264e-06
1.518199951171875 3.32942512577656e-06
1.519199951171875 2.7815069128175296e-06
1.520199951171875 3.2177609510844338e-06
1.521199951171875 3.3628024652536815e-06
1.522199951171875 3.774264975022667e-06
1.523199951171875 3.253811031775667e-06
1.524199951171875 3.2227273872734447e-06
1.525199951171875 3.2013557855713402e-06
1.526199951171875 3.3865749389912346e-06
1.527199951171875 3.1796695973426303e-06
1.528199951171875 3.7197040990415947e-06
1.529199951171875 3.6704554472784105e-06
1.530199951171875 4.070097104505142e-06
1.531199951171875 4.0149145066507e-06
1.532199951171875 3.8125037465722603e-06
1.533199951171875 3.6865110334062945e-06
1.534199951171875 3.3910174439305365e-06
1.535199951171875 4.194823253465115e-06
1.536199951171875 4.447663683554017e-06
1.537199951171875 4.270200974277451e-06
1.538199951171875 4.648114497365577e-06
1.539199951171875 4.46702027875464e-06
1.540199951171875 4.583697773417408e-06
1.541199951171875 3.5873027101644974e-06
1.542199951171875 3.0524109689810824e-06
1.543199951171875 3.3876275288099654e-06
1.544199951171875 3.360864560488333e-06
1.545199951171875 3.5601155135474237e-06
1.546199951171875 3.043232423084973e-06
1.547199951171875 3.479234422186138e-06
1.548199951171875 3.299428204736379e-06
1.549199951171875 4.05514992171515e-06
1.550199951171875 2.961601429576969e-06
1.551199951171875 3.0630393029589063e-06
1.552199951171875 2.7499287365287465e-06
1.553199951171875 3.331208791185769e-06
1.554199951171875 3.5508480464008905e-06
1.555199951171875 2.7267165712934323e-06
1.556199951171875 2.4546094391103885e-06
1.557199951171875 2.9778556368216363e-06
1.558199951171875 3.4571977103006815e-06
1.559199951171875 3.380699746624693e-06
1.560199951171875 2.484251298128853e-06
1.561199951171875 2.5527012517740544e-06
1.562199951171875 2.5677430494468825e-06
1.563199951171875 2.907761723647718e-06
1.564199951171875 3.0040997240207803e-06
1.565199951171875 2.781236603501498e-06
1.566199951171875 3.0739545985098727e-06
1.567199951171875 3.1343807612935465e-06
1.568199951171875 3.3206774650883965e-06
1.569199951171875 3.5519565275060632e-06
1.570199951171875 2.6635936040227842e-06
1.571199951171875 3.6523308098767037e-06
1.572199951171875 2.64753318764251e-06
1.573199951171875 3.4775125797162406e-06
1.574199951171875 3.3427787856599056e-06
1.575199951171875 3.548958062712624e-06
1.576199951171875 3.847087375955814e-06
1.577199951171875 2.895473756652194e-06
1.578199951171875 2.9976367202648e-06
1.579199951171875 2.005505067554009e-06
1.580199951171875 2.802187846911504e-06
1.581199951171875 3.1270956804005963e-06
1.582199951171875 3.835466537793847e-06
1.583199951171875 3.957471731586918e-06
1.584199951171875 3.4702992702424472e-06
1.585199951171875 3.3228384181470716e-06
1.586199951171875 3.011291100989275e-06
1.587199951171875 3.4672011807599364e-06
1.588199951171875 3.3654322673661785e-06
1.589199951171875 3.7251569140241274e-06
1.590199951171875 3.0954027910162335e-06
1.591199951171875 3.1239357033186757e-06
1.592199951171875 2.7740187013818975e-06
1.593199951171875 2.6135675627151234e-06
1.594199951171875 3.439024810651301e-06
1.595199951171875 3.300765709413919e-06
1.596199951171875 4.297238499614934e-06
1.597199951171875 3.7086450948298994e-06
1.598199951171875 3.918875831616019e-06
1.599199951171875 3.667234478739839e-06
1.600199951171875 3.0624731910043166e-06
1.601199951171875 3.7439095908105293e-06
1.602199951171875 3.0638031665776346e-06
1.603199951171875 3.866690067286386e-06
1.604199951171875 3.628952437631182e-06
1.605199951171875 4.213450787687061e-06
1.606199951171875 3.992083267258977e-06
1.607199951171875 3.442065984600734e-06
1.608199951171875 3.529918975628215e-06
1.609199951171875 3.0827131316157265e-06
1.610199951171875 2.5691656953423653e-06
1.611199951171875 2.0323901636161083e-06
1.612199951171875 2.2838923088290436e-06
1.613199951171875 2.955994154084378e-06
1.614199951171875 3.3284340728185274e-06
1.615199951171875 2.5589958475972292e-06
1.616199951171875 1.9482550998225896e-06
1.617199951171875 1.9966206982390856e-06
1.618199951171875 2.7840450880537807e-06
1.619199951171875 3.5029827043211086e-06
1.620199951171875 3.0217460492740404e-06
1.621199951171875 2.869255739623343e-06
1.622199951171875 1.869276752776242e-06
1.623199951171875 2.1140540377489248e-06
1.624199951171875 2.5529418073140445e-06
1.625199951171875 2.6150948888317527e-06
1.626199951171875 3.2420431813683576e-06
1.627199951171875 2.7335942286379155e-06
1.628199951171875 4.077303993523632e-06
1.629199951171875 4.189836214208412e-06
1.630199951171875 4.62715679841555e-06
1.631199951171875 3.646445294831765e-06
1.632199951171875 2.6259072332806296e-06
1.633199951171875 2.8481760799742254e-06
1.634199951171875 3.132333976938917e-06
1.635199951171875 3.5410612850126974e-06
1.636199951171875 2.6635353037711306e-06
1.637199951171875 3.0193245047663878e-06
1.638199951171875 3.210413778107626e-06
1.639199951171875 3.9987390160676e-06
1.640199951171875 4.229308731443637e-06
1.641199951171875 3.8114178330636514e-06
1.642199951171875 3.7360157851859583e-06
1.643199951171875 2.8232025330982047e-06
1.644199951171875 3.125738991593948e-06
1.645199951171875 2.6568462851242074e-06
1.646199951171875 3.0208605759910052e-06
1.647199951171875 3.335451730967639e-06
1.648199951171875 3.2374286127895755e-06
1.649199951171875 3.1191623606403213e-06
1.650199951171875 2.784080807697674e-06
1.651199951171875 2.3963405001417075e-06
1.652199951171875 2.3881183201264167e-06
1.653199951171875 2.2352635117855793e-06
1.654199951171875 2.9524863463903025e-06
1.655199951171875 3.4205444073783035e-06
1.656199951171875 3.436587253827649e-06
1.657199951171875 3.0330284502764915e-06
1.658199951171875 2.470656744182774e-06
1.659199951171875 2.7998413957954632e-06
1.660199951171875 2.255418607599639e-06
1.661199951171875 3.006386018410123e-06
1.662199951171875 3.7819886820814217e-06
1.663199951171875 4.208968928744698e-06
1.664199951171875 3.876738766327178e-06
1.665199951171875 2.571531341107235e-06
1.666199951171875 2.764249363217353e-06
1.667199951171875 3.5269734716991184e-06
1.668199951171875 3.944711725716246e-06
1.669199951171875 4.392912205054506e-06
1.670199951171875 3.7006802570072716e-06
1.671199951171875 3.1668162414933927e-06
1.672199951171875 3.5291762084475613e-06
1.673199951171875 3.3060433842699558e-06
1.674199951171875 3.881938174015574e-06
1.675199951171875 4.1655032947082945e-06
1.676199951171875 4.120405988748139e-06
1.677199951171875 3.880394698276213e-06
1.678199951171875 2.8918223041794562e-06
1.679199951171875 3.7761935131840184e-06
1.680199951171875 3.0118630940362827e-06
1.681199951171875 2.669951096617134e-06
1.682199951171875 1.3368053488012173e-06
1.683199951171875 1.7468065558616556e-06
1.684199951171875 2.486008416895778e-06
1.685199951171875 3.2049555894637793e-06
1.686199951171875 3.875604236604622e-06
1.687199951171875 2.9171266138831393e-06
1.688199951171875 1.869133639404839e-06
1.689199951171875 1.194837684160893e-06
1.690199951171875 1.7759296077646994e-06
1.691199951171875 2.0482693210465728e-06
1.692199951171875 1.935276024622275e-06
1.693199951171875 1.6244659189317414e-06
1.694199951171875 2.7065976082180892e-06
1.695199951171875 3.5949447241350777e-06
1.696199951171875 3.762753097191309e-06
1.697199951171875 3.0829681324110663e-06
1.698199951171875 2.440846144869469e-06
1.699199951171875 2.6989171884834803e-06
1.700199951171875 2.178542665504299e-06
1.701199951171875 2.8092844096972987e-06
1.702199951171875 2.0706417957612482e-06
1.703199951171875 2.230240139397872e-06
1.704199951171875 2.0315297893589454e-06
1.705199951171875 2.490424587924072e-06
1.706199951171875 2.035924577790136e-06
1.707199951171875 2.2120310462865766e-06
1.708199951171875 2.4018685314235196e-06
1.709199951171875 3.0559329862517944e-06
1.710199951171875 3.571557340281228e-06
1.711199951171875 2.7626171741222237e-06
1.712199951171875 3.7576980717731017e-06
1.713199951171875 1.9691339024691282e-06
1.714199951171875 2.632003823981842e-06
1.715199951171875 1.9211902059255807e-06
1.716199951171875 2.9409485528734316e-06
1.717199951171875 2.5358885931484846e-06
1.718199951171875 2.263011240229563e-06
1.719199951171875 2.211999528878888e-06
1.720199951171875 2.9319659527382428e-06
1.721199951171875 3.236669155728917e-06
1.722199951171875 3.95337133571197e-06
1.723199951171875 3.270492225637379e-06
1.724199951171875 3.441589818950977e-06
1.725199951171875 2.282616006368442e-06
1.726199951171875 3.7608510312227144e-06
1.727199951171875 3.2433729621458478e-06
1.728199951171875 3.6055479011188765e-06
1.729199951171875 2.664660243693705e-06
1.730199951171875 2.6158700340446164e-06
1.731199951171875 2.787104352044129e-06
1.732199951171875 2.740135486279537e-06
1.733199951171875 2.5203361155620844e-06
1.734199951171875 2.035754013428022e-06
1.735199951171875 2.5595903998205187e-06
1.736199951171875 2.82823295242598e-06
1.737199951171875 2.98554042498983e-06
1.738199951171875 3.4974568623915185e-06
1.739199951171875 3.279883448144671e-06
1.740199951171875 3.2246216516447372e-06
1.741199951171875 1.988497178630737e-06
1.742199951171875 2.463833703484036e-06
1.743199951171875 2.439572293081336e-06
1.744199951171875 1.9837802054905016e-06
1.745199951171875 3.058062602510217e-06
1.746199951171875 3.8794379743360616e-06
1.747199951171875 4.0330029858495235e-06
1.748199951171875 3.306581602471423e-06
1.749199951171875 2.264012909217061e-06
1.750199951171875 2.601138946735425e-06
1.751199951171875 3.0768355169872046e-06
1.752199951171875 3.1255484547631057e-06
1.753199951171875 3.364764562769424e-06
1.754199951171875 1.8986130523448765e-06
1.755199951171875 2.444203187838991e-06
1.756199951171875 2.1541346302231435e-06
1.757199951171875 3.3744666417823337e-06
1.758199951171875 2.769709849159134e-06
1.759199951171875 3.650099936138348e-06
1.760199951171875 2.992667437408345e-06
1.761199951171875 4.215913365865075e-06
1.762199951171875 3.1688839742837475e-06
1.763199951171875 3.82920724310281e-06
1.764199951171875 2.3474709661601183e-06
1.765199951171875 2.7958808405848997e-06
1.766199951171875 1.8156155673490924e-06
1.767199951171875 2.8106761690472825e-06
1.768199951171875 3.577706658880307e-06
1.769199951171875 3.4718731379036215e-06
1.770199951171875 3.6173041742370292e-06
1.771199951171875 3.808485669372055e-06
1.772199951171875 3.7960257442746677e-06
1.773199951171875 2.882526409429538e-06
1.774199951171875 2.519350941970057e-06
1.775199951171875 2.665891318778671e-06
1.776199951171875 3.7774988843432817e-06
1.777199951171875 2.8263565908399946e-06
1.778199951171875 3.876347587082223e-06
1.779199951171875 3.55072146268264e-06
1.780199951171875 4.7798119343191364e-06
1.781199951171875 4.534820439723277e-06
1.782199951171875 4.583732831206939e-06
1.783199951171875 4.07564479570401e-06
1.784199951171875 3.880747621562482e-06
1.785199951171875 4.216588837160103e-06
1.786199951171875 4.3754724900914235e-06
1.787199951171875 3.979736877596177e-06
1.788199951171875 5.289406783607027e-06
1.789199951171875 5.379682123094642e-06
1.790199951171875 5.6434586674467205e-06
1.791199951171875 3.84356210268998e-06
1.792199951171875 4.2206616688245726e-06
1.793199951171875 3.719552708417973e-06
1.794199951171875 4.578517390264407e-06
1.795199951171875 3.609874918655792e-06
1.796199951171875 3.5083052450567044e-06
1.797199951171875 3.432554697242792e-06
1.798199951171875 4.095051854170045e-06
1.799199951171875 5.378147883078826e-06
1.800199951171875 4.7792399940356355e-06
1.801199951171875 5.190360455414863e-06
1.802199951171875 4.079427405807016e-06
1.803199951171875 3.9316044207717615e-06
1.804199951171875 4.111223645121162e-06
1.805199951171875 5.165302931627507e-06
1.806199951171875 5.764352948352221e-06
1.807199951171875 4.794505311356659e-06
1.808199951171875 4.9516680319867275e-06
1.809199951171875 5.203684741982772e-06
1.810199951171875 6.626279428629181e-06
1.811199951171875 5.521915208559089e-06
1.812199951171875 3.8055316425308593e-06
1.813199951171875 2.9990654223566266e-06
1.814199951171875 4.754871236334959e-06
1.815199951171875 5.258096717287749e-06
1.816199951171875 3.3844158999356046e-06
1.817199951171875 3.363963128858453e-06
1.818199951171875 6.609011925247269e-06
1.819199951171875 8.724692401460867e-06
1.820199951171875 7.063837505521091e-06
1.821199951171875 4.905197258966074e-06
1.822199951171875 5.479469199456673e-06
1.823199951171875 5.291837662188693e-06
1.824199951171875 5.984775024442467e-06
1.825199951171875 3.9207273680297315e-06
1.826199951171875 6.036782123978723e-06
1.827199951171875 5.375759499893884e-06
1.828199951171875 6.451400173460893e-06
1.829199951171875 5.4834076600951524e-06
1.830199951171875 4.532014276304188e-06
1.831199951171875 4.115975570389877e-06
1.832199951171875 4.455434953527735e-06
1.833199951171875 6.980997309076534e-06
1.834199951171875 6.790888439173842e-06
1.835199951171875 6.936610063071457e-06
1.836199951171875 4.618720609825395e-06
1.837199951171875 6.488236797191541e-06
1.838199951171875 5.031501762183299e-06
1.839199951171875 4.92130973421332e-06
1.840199951171875 3.6411468935535775e-06
1.841199951171875 3.596139541985187e-06
1.842199951171875 4.844055393260937e-06
1.843199951171875 4.520704764374283e-06
1.844199951171875 8.071286661162819e-06
1.845199951171875 6.7350958620133456e-06
1.846199951171875 6.324578397369064e-06
1.847199951171875 5.006730753038474e-06
1.848199951171875 5.8131521969086736e-06
1.849199951171875 7.2766746338801646e-06
1.850199951171875 6.4585463709113375e-06
1.851199951171875 7.355320083805252e-06
1.852199951171875 8.61426434781833e-06
1.853199951171875 7.39383987339595e-06
1.854199951171875 1.0723441811932637e-05
1.855199951171875 7.12525862150588e-06
1.856199951171875 8.004539688921913e-06
1.857199951171875 3.259872829764972e-06
1.858199951171875 6.809689755023297e-06
1.859199951171875 5.703595502835803e-06
1.860199951171875 5.885588998719433e-06
1.861199951171875 3.663251351566479e-06
1.862199951171875 4.151166386813888e-06
1.863199951171875 6.078892099596542e-06
1.864199951171875 5.358502668345824e-06
1.865199951171875 5.147729039845329e-06
1.866199951171875 2.687599968868863e-06
1.867199951171875 4.225519873902047e-06
1.868199951171875 4.416778276934287e-06
1.869199951171875 5.662582740892267e-06
1.870199951171875 5.760511919054123e-06
1.871199951171875 6.9121330698345924e-06
1.872199951171875 5.469752989404185e-06
1.873199951171875 6.704701472881707e-06
1.874199951171875 6.336876391373291e-06
1.875199951171875 8.528819456173252e-06
1.876199951171875 7.395248428668334e-06
1.877199951171875 6.969000697482707e-06
1.878199951171875 6.019734382071605e-06
1.879199951171875 6.00606304084729e-06
1.880199951171875 5.121194227753982e-06
1.881199951171875 4.37027798349595e-06
1.882199951171875 5.571236481633093e-06
1.883199951171875 7.294805314802042e-06
1.884199951171875 8.389192650362657e-06
1.885199951171875 6.79384544249653e-06
1.886199951171875 8.226033336725382e-06
1.887199951171875 1.0170409901540457e-05
1.888199951171875 9.16843914584171e-06
1.889199951171875 7.271264555229904e-06
1.890199951171875 6.569016045139349e-06
1.891199951171875 7.635318013476188e-06
1.892199951171875 6.608017630010275e-06
1.893199951171875 7.940992082564501e-06
1.894199951171875 7.647094567214409e-06
1.895199951171875 9.07905403919302e-06
1.896199951171875 6.899635939409766e-06
1.897199951171875 6.337863849567991e-06
1.898199951171875 7.000790739815136e-06
1.899199951171875 6.9713550340218865e-06
1.900199951171875 8.270808347431035e-06
1.901199951171875 5.6588966585088e-06
1.902199951171875 7.640748739000943e-06
1.903199951171875 6.6418867970083595e-06
1.904199951171875 7.754517950662797e-06
1.905199951171875 6.055840005134293e-06
1.906199951171875 6.648341796823622e-06
1.907199951171875 8.448981287855087e-06
1.908199951171875 7.067634076396551e-06
1.909199951171875 8.400820305327277e-06
1.910199951171875 7.012565904327305e-06
1.911199951171875 7.757099482858268e-06
1.912199951171875 7.073046568777087e-06
1.913199951171875 9.167176774879872e-06
1.914199951171875 8.629143863926477e-06
1.915199951171875 8.242477020389631e-06
1.916199951171875 4.648262738747097e-06
1.917199951171875 3.277717035918846e-06
1.918199951171875 2.1914390568999603e-06
1.919199951171875 3.4310098374179136e-06
1.920199951171875 7.352955558977727e-06
1.921199951171875 7.766116523357427e-06
1.922199951171875 9.359834716040489e-06
1.923199951171875 6.200229316100328e-06
1.924199951171875 6.4441386179124955e-06
1.925199951171875 4.8885721367834595e-06
1.926199951171875 4.638813640859381e-06
1.927199951171875 3.0363070089261065e-06
1.928199951171875 2.4105223868088243e-06
1.929199951171875 2.8739698172423946e-06
1.930199951171875 3.829709345368653e-06
1.931199951171875 5.688177242680706e-06
1.932199951171875 4.284443500223456e-06
1.933199951171875 6.342122258908306e-06
1.934199951171875 5.897177556657425e-06
1.935199951171875 8.360825312189647e-06
1.936199951171875 6.836501935924712e-06
1.937199951171875 7.011154475230719e-06
1.938199951171875 4.594658676220497e-06
1.939199951171875 6.267973738696365e-06
1.940199951171875 5.8910264896951e-06
1.941199951171875 6.264437986979208e-06
1.942199951171875 5.226019269841757e-06
1.943199951171875 7.4506416756370196e-06
1.944199951171875 8.530636695609795e-06
1.945199951171875 8.18843402662207e-06
1.946199951171875 5.319215851565679e-06
1.947199951171875 6.380264512162822e-06
1.948199951171875 6.226155431288234e-06
1.949199951171875 6.723655972855397e-06
1.950199951171875 7.693843699336199e-06
1.951199951171875 6.013736770720872e-06
1.952199951171875 8.212150623838685e-06
1.953199951171875 4.845081050624534e-06
1.954199951171875 8.863379001586323e-06
1.955199951171875 8.423687448590883e-06
1.956199951171875 8.648782852049373e-06
1.957199951171875 7.57583925455811e-06
1.958199951171875 6.931477102148111e-06
1.959199951171875 8.631270117372837e-06
1.960199951171875 8.122226752024324e-06
1.961199951171875 8.180055023112312e-06
1.962199951171875 9.739526172541175e-06
1.963199951171875 9.642351954023026e-06
1.964199951171875 9.025698035812624e-06
1.965199951171875 1.1130150754121922e-05
1.966199951171875 1.1383651316400301e-05
1.967199951171875 9.585528670269829e-06
1.968199951171875 7.301492982023189e-06
1.969199951171875 6.7919821877529016e-06
1.970199951171875 6.594595072514175e-06
1.971199951171875 6.896529536283508e-06
1.972199951171875 1.0565022056803332e-05
1.973199951171875 1.1043605670617745e-05
1.974199951171875 8.225268536849704e-06
1.975199951171875 4.7351203627872135e-06
1.976199951171875 5.050831169653451e-06
1.977199951171875 6.121867808429068e-06
1.978199951171875 6.61767885883699e-06
1.979199951171875 7.213838906012529e-06
1.980199951171875 1.0260659153835453e-05
1.981199951171875 7.239459994536222e-06
1.982199951171875 7.267765196440329e-06
1.983199951171875 2.6931463399938184e-06
1.984199951171875 4.3863577533780245e-06
1.985199951171875 5.925332359132786e-06
1.986199951171875 7.780518700357187e-06
1.987199951171875 8.212608242804143e-06
1.988199951171875 4.5463921885929945e-06
1.989199951171875 4.00891763225151e-06
1.990199951171875 3.389665145860843e-06
1.991199951171875 5.969765092607122e-06
1.992199951171875 6.081621066879532e-06
1.993199951171875 5.746316180696374e-06
1.994199951171875 6.821215257122694e-06
1.995199951171875 7.085370197796723e-06
1.996199951171875 9.424113119809052e-06
1.997199951171875 8.303284172296298e-06
1.998199951171875 6.982032378063852e-06
1.999199951171875 5.550583126943241e-06
2.000199951171875 5.786525101063198e-06
2.001199951171875 5.374003630274539e-06
2.002199951171875 4.7008471494245894e-06
2.003199951171875 5.3326469700038586e-06
2.004199951171875 6.9265512958161805e-06
2.005199951171875 7.163044033816446e-06
2.006199951171875 5.530010944230588e-06
2.007199951171875 5.355207034477251e-06
2.008199951171875 5.783547137367782e-06
2.009199951171875 5.684789858371411e-06
2.010199951171875 4.405342874014221e-06
2.011199951171875 6.746505855369149e-06
2.012199951171875 6.655460844578271e-06
2.013199951171875 6.8353765808673626e-06
2.014199951171875 4.404259309798141e-06
2.015199951171875 2.912033966868593e-06
2.016199951171875 3.5345093887063933e-06
2.017199951171875 3.845537773854414e-06
2.018199951171875 6.152604922520693e-06
2.019199951171875 5.293452229457741e-06
2.020199951171875 3.8210522718404565e-06
2.021199951171875 4.627821687687365e-06
2.022199951171875 5.114633224620815e-06
2.023199951171875 6.955814553514693e-06
2.024199951171875 5.499025248018336e-06
2.025199951171875 7.25660052784962e-06
2.026199951171875 6.434282056851882e-06
2.027199951171875 6.2180870502800935e-06
2.028199951171875 9.51545611968243e-06
2.029199951171875 7.680002792782494e-06
2.030199951171875 1.0570911614290329e-05
2.031199951171875 5.20003714736814e-06
2.032199951171875 6.77477952746483e-06
2.033199951171875 4.183515878901535e-06
2.034199951171875 4.49305407500614e-06
2.035199951171875 4.055709287743806e-06
2.036199951171875 3.1118631028995265e-06
2.037199951171875 3.4498567702677567e-06
2.038199951171875 5.831382929326061e-06
2.039199951171875 6.048819055044729e-06
2.040199951171875 5.767842658918197e-06
2.041199951171875 4.4119515704185475e-06
2.042199951171875 5.6847917840831575e-06
2.043199951171875 5.389245891987739e-06
2.044199951171875 3.764499335006487e-06
2.045199951171875 5.635702553429226e-06
2.046199951171875 8.8094050221769e-06
2.047199951171875 1.096679579621383e-05
2.048199951171875 7.733602463391682e-06
2.049199951171875 7.520231472455722e-06
2.050199951171875 7.107055715629387e-06
2.051199951171875 6.110205810049729e-06
2.052199951171875 3.2370075465020493e-06
2.053199951171875 5.155557445860168e-06
2.054199951171875 9.244174631052294e-06
2.055199951171875 9.022871954061066e-06
2.056199951171875 8.852147221247079e-06
2.057199951171875 6.770082744751753e-06
2.058199951171875 9.194921656948816e-06
2.059199951171875 6.002531929651209e-06
2.060199951171875 3.996837746933442e-06
2.061199951171875 3.524483700413015e-06
2.062199951171875 6.220438956690861e-06
2.063199951171875 7.048267311729023e-06
2.064199951171875 7.736419916832138e-06
2.065199951171875 7.707065462153206e-06
2.066199951171875 7.121507916049144e-06
2.067199951171875 5.64914287765994e-06
2.068199951171875 2.853282688330961e-06
2.069199951171875 8.989291703158307e-06
2.070199951171875 9.235142179959343e-06
2.071199951171875 1.1625378061526852e-05
2.072199951171875 9.467370789843993e-06
2.073199951171875 9.142555091510878e-06
2.074199951171875 6.430375711347371e-06
2.075199951171875 2.715484139440894e-06
2.076199951171875 3.5430483802504494e-06
2.077199951171875 4.633645338319375e-06
2.078199951171875 6.5028776409281645e-06
2.079199951171875 5.733560758202162e-06
2.080199951171875 7.376945474778542e-06
2.081199951171875 7.4395297988997815e-06
2.082199951171875 7.2901532622200255e-06
2.083199951171875 9.32653129060721e-06
2.084199951171875 9.060413362700793e-06
2.085199951171875 8.967054706016324e-06
2.086199951171875 5.518139166099857e-06
2.087199951171875 4.990829855003777e-06
2.088199951171875 5.985665325046611e-06
2.089199951171875 4.272402639301417e-06
2.090199951171875 7.371011430583829e-06
2.091199951171875 6.458722163495263e-06
2.092199951171875 1.0819348578180017e-05
2.093199951171875 8.697208950979886e-06
2.094199951171875 1.0053305908325765e-05
2.095199951171875 8.122612142910837e-06
2.096199951171875 8.19907066351746e-06
2.097199951171875 5.129723742636295e-06
2.098199951171875 5.060748005942449e-06
2.099199951171875 3.801421639765847e-06
2.100199951171875 5.350438839082566e-06
2.101199951171875 5.073489736127511e-06
2.102199951171875 6.009025163651253e-06
2.103199951171875 5.853246341345163e-06
2.104199951171875 6.520056820410653e-06
2.105199951171875 6.727598524653894e-06
2.106199951171875 8.848945884683163e-06
2.107199951171875 8.779546536144898e-06
2.108199951171875 9.439560960237802e-06
2.109199951171875 6.530450299645247e-06
2.110199951171875 7.737146874518746e-06
2.111199951171875 5.420033363407374e-06
2.112199951171875 8.291761977293444e-06
2.113199951171875 5.24452971326008e-06
2.114199951171875 1.0465993342692954e-05
2.115199951171875 6.97818847339483e-06
2.116199951171875 9.045237551157594e-06
2.117199951171875 4.882897598336148e-06
2.118199951171875 6.280005855706074e-06
2.119199951171875 5.313196451093435e-06
2.120199951171875 4.382593621339088e-06
2.121199951171875 4.15456683447732e-06
2.122199951171875 6.607863464143224e-06
2.123199951171875 5.567467767634649e-06
2.124199951171875 5.713017749358123e-06
2.125199951171875 2.586588851704891e-06
2.126199951171875 3.8663721682605395e-06
2.127199951171875 5.063131641187928e-06
2.128199951171875 5.235587486253516e-06
2.129199951171875 8.237092426382632e-06
2.130199951171875 6.82186581862886e-06
2.131199951171875 7.119115551318502e-06
2.132199951171875 6.0583095734100774e-06
2.133199951171875 6.887178786965891e-06
2.134199951171875 7.455668485376697e-06
2.135199951171875 6.729604835133861e-06
2.136199951171875 6.365486603053739e-06
2.137199951171875 6.91945743147265e-06
2.138199951171875 7.529061805693387e-06
2.139199951171875 6.816427331269437e-06
2.140199951171875 3.946120042477511e-06
2.141199951171875 2.1634374960790586e-06
2.142199951171875 3.073497623618764e-06
2.143199951171875 6.580038335456126e-06
2.144199951171875 7.485254486180616e-06
2.145199951171875 8.775405467754137e-06
2.146199951171875 5.785692381874257e-06
2.147199951171875 4.660818329000552e-06
2.148199951171875 2.1847334579369228e-06
2.149199951171875 3.0057481550835545e-06
2.150199951171875 3.7169522575493276e-06
2.151199951171875 5.184637827008641e-06
2.152199951171875 5.183001901468767e-06
2.153199951171875 4.0167523410435875e-06
2.154199951171875 5.853435760776441e-06
2.155199951171875 9.47384598111021e-06
2.156199951171875 9.810490524060943e-06
2.157199951171875 9.378192641148085e-06
2.158199951171875 8.83540684754662e-06
2.159199951171875 1.1133381049968454e-05
2.160199951171875 1.2206067826973789e-05
2.161199951171875 1.2776571205168234e-05
2.162199951171875 9.809015951648748e-06
2.163199951171875 9.75900567589021e-06
2.164199951171875 8.65699923659305e-06
2.165199951171875 9.88466628894078e-06
2.166199951171875 9.269722518909484e-06
2.167199951171875 1.0032191143649164e-05
2.168199951171875 1.0464130784547365e-05
2.169199951171875 1.225997916253236e-05
2.170199951171875 8.714052608693275e-06
2.171199951171875 1.159186493944385e-05
2.172199951171875 1.0059157657368683e-05
2.173199951171875 1.2924172711637976e-05
2.174199951171875 1.100195213138866e-05
2.175199951171875 1.105188118786401e-05
2.176199951171875 7.35618118346745e-06
2.177199951171875 5.786016708975491e-06
2.178199951171875 5.17307914943726e-06
2.179199951171875 9.287160631257821e-06
2.180199951171875 9.438581444666857e-06
2.181199951171875 7.80283729648407e-06
2.182199951171875 5.902797918824552e-06
2.183199951171875 6.5498703410641725e-06
2.184199951171875 4.910270336013566e-06
2.185199951171875 4.42090546445268e-06
2.186199951171875 3.189013919585998e-06
2.187199951171875 6.436101019549153e-06
2.188199951171875 8.974647728169284e-06
2.189199951171875 1.1796037319536449e-05
2.190199951171875 1.013200513109309e-05
2.191199951171875 8.935905175854515e-06
2.192199951171875 5.842813013585181e-06
2.193199951171875 7.572137450800506e-06
2.194199951171875 7.60841711462144e-06
2.195199951171875 8.609843371499013e-06
2.196199951171875 5.755674399954915e-06
2.197199951171875 7.717036081053224e-06
2.198199951171875 1.1809097833339903e-05
2.199199951171875 1.1082623730030449e-05
2.200199951171875 8.368201839103636e-06
2.201199951171875 6.697966128418403e-06
2.202199951171875 1.243856940771958e-05
2.203199951171875 1.4345301369160781e-05
2.204199951171875 1.5907958573971473e-05
2.205199951171875 1.2905898020342415e-05
2.206199951171875 9.552258027039425e-06
2.207199951171875 7.909437467437607e-06
2.208199951171875 5.221432548687097e-06
2.209199951171875 7.85728970117482e-06
2.210199951171875 6.433165487866371e-06
2.211199951171875 1.064501691813178e-05
2.212199951171875 8.983874591767086e-06
2.213199951171875 1.439296902918584e-05
2.214199951171875 1.3557798855976369e-05
2.215199951171875 1.3113927759020705e-05
2.216199951171875 6.40631708631269e-06
2.217199951171875 6.39239094091622e-06
2.218199951171875 9.864791475141529e-06
2.219199951171875 1.0836497441855224e-05
2.220199951171875 1.2181072489039513e-05
2.221199951171875 9.18827974063859e-06
2.222199951171875 9.779652999698128e-06
2.223199951171875 6.277691404461871e-06
2.224199951171875 7.512464909749733e-06
2.225199951171875 1.1628977256927385e-05
2.226199951171875 1.420317397441035e-05
2.227199951171875 1.461501359896017e-05
2.228199951171875 8.556242805723665e-06
2.229199951171875 1.027024444083436e-05
2.230199951171875 7.319421399926818e-06
2.231199951171875 9.014938635747775e-06
2.232199951171875 6.37469844372961e-06
2.233199951171875 1.2511776696758215e-05
2.234199951171875 1.7525619053690002e-05
2.235199951171875 2.0016761052333366e-05
2.236199951171875 2.0418230962047705e-05
2.237199951171875 1.9318651461789997e-05
2.238199951171875 1.6378391504681218e-05
2.239199951171875 1.8451376014249658e-05
2.240199951171875 1.4892856224092831e-05
2.241199951171875 1.750895875570742e-05
2.242199951171875 1.2952852257008388e-05
2.243199951171875 1.7454972813070228e-05
2.244199951171875 2.364610490218094e-05
2.245199951171875 2.3286121645192075e-05
2.246199951171875 1.8980966762157624e-05
2.247199951171875 1.1463585344633346e-05
2.248199951171875 1.501020240792289e-05
2.249199951171875 1.827857870585283e-05
2.250199951171875 2.3616691028763015e-05
2.251199951171875 1.8796205273184092e-05
2.252199951171875 2.0148669832557738e-05
2.253199951171875 1.82023073580164e-05
2.254199951171875 2.3524449116968086e-05
2.255199951171875 2.1395569076463518e-05
2.256199951171875 1.4260404400549583e-05
2.257199951171875 1.4683048982370553e-05
2.258199951171875 1.7264460065818324e-05
2.259199951171875 2.7495825291484675e-05
2.260199951171875 2.9743819482666018e-05
2.261199951171875 2.809319674667099e-05
2.262199951171875 2.3845173369662562e-05
2.263199951171875 1.352603521501058e-05
2.264199951171875 9.692760815945368e-06
2.265199951171875 7.851016819114115e-06
2.266199951171875 8.89268291608139e-06
2.267199951171875 1.188062531177365e-05
2.268199951171875 1.860310233224782e-05
2.269199951171875 2.1297007700808693e-05
2.270199951171875 2.0473226666821094e-05
2.271199951171875 1.810420207682675e-05
2.272199951171875 1.944563869811936e-05
2.273199951171875 1.642070527357094e-05
2.274199951171875 1.5020884407836718e-05
2.275199951171875 1.1340749674373474e-05
2.276199951171875 1.2591635030103013e-05
2.277199951171875 1.309538266724715e-05
2.278199951171875 1.5226668712816242e-05
2.279199951171875 1.4555336933666101e-05
2.280199951171875 1.2909202299787102e-05
2.281199951171875 1.294891682563174e-05
2.282199951171875 1.6452829301633795e-05
2.283199951171875 1.1128765297154381e-05
2.284199951171875 1.0459933496892181e-05
2.285199951171875 6.249874153472407e-06
2.286199951171875 1.0758412704523135e-05
2.287199951171875 9.002390364696322e-06
2.288199951171875 9.716773920036279e-06
2.289199951171875 6.94502080449303e-06
2.290199951171875 9.82270835604976e-06
2.291199951171875 1.0026275290191071e-05
2.292199951171875 9.440134939670589e-06
2.293199951171875 8.022778373631729e-06
2.294199951171875 8.729691929368955e-06
2.295199951171875 8.488218717101258e-06
2.296199951171875 8.255604347079851e-06
2.297199951171875 7.0124352683093775e-06
2.298199951171875 6.424671006998198e-06
2.299199951171875 7.544991576405011e-06
2.300199951171875 9.66551040067796e-06
2.301199951171875 1.0495216675780979e-05
2.302199951171875 7.643728834468151e-06
2.303199951171875 6.8394665221532145e-06
2.304199951171875 6.7519974470484135e-06
2.305199951171875 7.429296877792804e-06
2.306199951171875 6.494831570512212e-06
2.307199951171875 6.391184880942682e-06
2.308199951171875 6.306423615917737e-06
2.309199951171875 5.0582837435121385e-06
2.310199951171875 4.555982859133851e-06
2.311199951171875 4.321013448565962e-06
2.312199951171875 4.993396774486556e-06
2.313199951171875 5.3884050329295886e-06
2.314199951171875 4.213378825875505e-06
2.315199951171875 5.193399140396737e-06
2.316199951171875 5.959314162457886e-06
2.317199951171875 6.592594090130581e-06
2.318199951171875 5.825940751255148e-06
2.319199951171875 5.476374377395177e-06
2.320199951171875 7.3282436459641795e-06
2.321199951171875 7.0891281075195e-06
2.322199951171875 6.10725547213675e-06
2.323199951171875 5.677567050965084e-06
2.324199951171875 5.565766949956967e-06
2.325199951171875 6.506116174680225e-06
2.326199951171875 4.8399503439493505e-06
2.327199951171875 4.410957022571808e-06
2.328199951171875 4.209927579373892e-06
2.329199951171875 4.7652884115591395e-06
2.330199951171875 5.059480107563194e-06
2.331199951171875 4.867798961436067e-06
2.332199951171875 4.250178871270426e-06
2.333199951171875 3.5198575334018053e-06
2.334199951171875 3.594864873401068e-06
2.335199951171875 3.1701074174993328e-06
2.336199951171875 2.7594839085161066e-06
2.337199951171875 2.3671061735492767e-06
2.338199951171875 2.9938018445210417e-06
2.339199951171875 3.4633574167034078e-06
2.340199951171875 3.0260173505610555e-06
2.341199951171875 2.715058991354971e-06
2.342199951171875 2.4842341419483376e-06
2.343199951171875 2.8003123943244517e-06
2.344199951171875 2.794355564337039e-06
2.345199951171875 2.846311217553074e-06
2.346199951171875 2.5919270863832607e-06
2.347199951171875 2.698879433174525e-06
2.348199951171875 2.43167383414579e-06
2.349199951171875 2.491410176076845e-06
2.350199951171875 2.4087420304714663e-06
2.351199951171875 2.6711309089163237e-06
2.352199951171875 2.917855959553299e-06
2.353199951171875 2.53787336007133e-06
2.354199951171875 2.7408410625126694e-06
2.355199951171875 2.7206050171391478e-06
2.356199951171875 2.278112801916047e-06
2.357199951171875 2.7808837626833054e-06
2.358199951171875 2.4366320723417257e-06
2.359199951171875 2.912377278794946e-06
2.360199951171875 2.6114100509697756e-06
2.361199951171875 2.4055813735231673e-06
2.362199951171875 2.518644325588732e-06
2.363199951171875 2.0885640339454176e-06
2.364199951171875 1.8517739498200626e-06
2.365199951171875 1.1537372453016127e-06
2.366199951171875 1.269915847697569e-06
2.367199951171875 1.07776332927266e-06
2.368199951171875 1.1645126243563945e-06
2.369199951171875 8.737220661133816e-07
2.370199951171875 7.708908613374138e-07
2.371199951171875 1.002765106806108e-06
2.372199951171875 8.286456656428182e-07
2.373199951171875 8.135327611498297e-07
2.374199951171875 3.881789991573945e-07
2.375199951171875 3.2575719341257546e-07
2.376199951171875 3.250421939671837e-07
2.377199951171875 3.6558121470929997e-07
2.378199951171875 4.0266186218818945e-07
2.379199951171875 3.6780684070878185e-07
2.380199951171875 2.9224180770165787e-07
2.381199951171875 2.508386088031807e-07
2.382199951171875 2.1846806277615107e-07
2.383199951171875 3.007997910857811e-07
2.384199951171875 2.8781140097237125e-07
2.385199951171875 3.2992106886425497e-07
2.386199951171875 2.8496836668840776e-07
2.387199951171875 2.573466963667193e-07
2.388199951171875 1.7981870862805532e-07
2.389199951171875 1.6023038448893809e-07
2.390199951171875 1.400934887222302e-07
2.391199951171875 1.0557785616962364e-07
2.392199951171875 1.0453877247631973e-07
2.393199951171875 1.0951261253227212e-07
2.394199951171875 1.348739515077469e-07
2.395199951171875 9.472652213075339e-08
2.396199951171875 7.935661630532075e-08
2.397199951171875 8.931082733066281e-08
2.398199951171875 1.1792641324344269e-07
2.399199951171875 1.1181515793722378e-07
2.400199951171875 8.40000171469904e-08
2.401199951171875 6.211350143265077e-08
2.402199951171875 4.675577365924886e-08
2.403199951171875 3.867844426212824e-08
2.404199951171875 4.223411767869556e-08
2.405199951171875 3.818514350772794e-08
2.406199951171875 4.2559465251766465e-08
2.407199951171875 3.196003031476684e-08
2.408199951171875 3.385683452756537e-08
2.409199951171875 2.821415588636988e-08
2.410199951171875 2.271975077745638e-08
2.411199951171875 1.593158056915698e-08
2.412199951171875 1.4684440470297083e-08
2.413199951171875 1.5606716121732688e-08
2.414199951171875 1.2946417634508152e-08
2.415199951171875 1.3875054485215744e-08
2.416199951171875 1.167250049693409e-08
2.417199951171875 1.1137796385085879e-08
2.418199951171875 7.726708194599606e-09
2.419199951171875 6.452077776207113e-09
2.420199951171875 5.639450343011648e-09
2.421199951171875 4.626207580971366e-09
2.422199951171875 4.2699456262634505e-09
2.423199951171875 5.834692319644076e-09
2.424199951171875 5.7126169589298224e-09
2.425199951171875 5.367097993342991e-09
2.426199951171875 3.622155274374769e-09
2.427199951171875 3.385899839744217e-09
2.428199951171875 3.041371553682811e-09
2.429199951171875 2.872820281756286e-09
2.430199951171875 2.1436781670932597e-09
2.431199951171875 2.4644238354114743e-09
2.432199951171875 2.5304178818320306e-09
2.433199951171875 2.4953504367093473e-09
2.434199951171875 2.135448922684437e-09
2.435199951171875 1.5863811521168203e-09
2.436199951171875 1.6159135751265342e-09
2.437199951171875 1.1890731651437624e-09
2.438199951171875 1.0700473571623963e-09
2.439199951171875 8.892253637374728e-10
2.440199951171875 8.759972133838791e-10
2.441199951171875 1.215408033617732e-09
2.442199951171875 1.0454451892516975e-09
2.443199951171875 1.1450532812407953e-09
2.444199951171875 8.496213851099319e-10
2.445199951171875 8.515220603233293e-10
2.446199951171875 6.55277865658496e-10
2.447199951171875 6.802041310536741e-10
2.448199951171875 6.078327537995908e-10
2.449199951171875 5.40730766737326e-10
2.450199951171875 3.8800895974334897e-10
2.451199951171875 3.171807583059179e-10
2.452199951171875 3.763680959989086e-10
2.453199951171875 3.873948984774807e-10
2.454199951171875 3.8502451776888146e-10
2.455199951171875 3.4155624664754953e-10
2.456199951171875 2.7089572462438757e-10
2.457199951171875 2.1680335354151726e-10
2.458199951171875 1.803394260828336e-10
2.459199951171875 1.4829214784207404e-10
2.460199951171875 1.6280656974027292e-10
2.461199951171875 9.095824798658954e-11
2.462199951171875 1.1552627999317924e-10
2.463199951171875 7.655930859096772e-11
2.464199951171875 8.887388618038169e-11
2.465199951171875 6.650570158575612e-11
2.466199951171875 5.676973269896225e-11
2.467199951171875 4.331103603063745e-11
2.468199951171875 3.684377711821132e-11
2.469199951171875 3.8651113364229705e-11
2.470199951171875 4.297657908333985e-11
2.471199951171875 3.2287012351211795e-11
2.472199951171875 3.0472844054332486e-11
2.473199951171875 2.6746635238142465e-11
2.474199951171875 2.8052242618438135e-11
2.475199951171875 2.235256168440595e-11
2.476199951171875 1.652539873705439e-11
2.477199951171875 1.540651272581078e-11
2.478199951171875 1.4570000108139507e-11
2.479199951171875 1.569136321122387e-11
2.480199951171875 1.1545096971701353e-11
2.481199951171875 1.1813897848306962e-11
2.482199951171875 9.302512905202662e-12
2.483199951171875 9.313659398699816e-12
2.484199951171875 6.390073426971542e-12
2.485199951171875 8.024116029286575e-12
2.486199951171875 5.970516203214088e-12
2.487199951171875 5.538964188687724e-12
2.488199951171875 3.5174597842281954e-12
2.489199951171875 4.138526794961202e-12
2.490199951171875 4.4180284200383035e-12
2.491199951171875 4.026268238185134e-12
2.492199951171875 3.652257442543628e-12
2.493199951171875 3.679192960913281e-12
2.494199951171875 3.4923634117267423e-12
2.495199951171875 3.3588477125318055e-12
2.496199951171875 2.736439671203459e-12
2.497199951171875 2.6757546689761126e-12
2.498199951171875 2.5748779273656324e-12
2.499199951171875 2.6134473919362977e-12
2.500199951171875 2.2149959497411226e-12
2.501199951171875 1.844798897717431e-12
2.502199951171875 1.5088087107225831e-12
2.503199951171875 1.4428220563768727e-12
2.504199951171875 1.7902529617130956e-12
2.505199951171875 1.7423013865496708e-12
2.506199951171875 1.6690087033710195e-12
2.507199951171875 1.3314901885767156e-12
2.508199951171875 9.858199969627294e-13
2.509199951171875 1.160660334861149e-12
2.510199951171875 1.0953226105299263e-12
2.511199951171875 1.1024594760448315e-12
2.512199951171875 9.193768914645726e-13
2.513199951171875 9.480873456970732e-13
2.514199951171875 1.2686191101272084e-12
2.515199951171875 1.2311849925904098e-12
2.516199951171875 1.2636901060643823e-12
2.517199951171875 1.0350099661492882e-12
2.518199951171875 1.0645718939725181e-12
2.519199951171875 8.35979245255175e-13
2.520199951171875 7.996878245733309e-13
2.521199951171875 5.937116569564578e-13
2.522199951171875 6.845081733401012e-13
2.523199951171875 6.462471075045123e-13
2.524199951171875 6.622916014463299e-13
2.525199951171875 5.408040540724636e-13
2.526199951171875 4.943715558216741e-13
2.527199951171875 4.677657568086108e-13
2.528199951171875 4.623935854101945e-13
2.529199951171875 4.623949116280446e-13
2.530199951171875 4.5400326610840195e-13
2.531199951171875 4.5284363112587075e-13
2.532199951171875 3.8467118559865124e-13
2.533199951171875 3.721510350979739e-13
2.534199951171875 3.068892702125557e-13
2.535199951171875 3.409581244294453e-13
2.536199951171875 2.7034147817624726e-13
2.537199951171875 2.379892480127111e-13
2.538199951171875 2.4426338009802397e-13
2.539199951171875 2.6428460285143994e-13
2.540199951171875 2.707656470080925e-13
2.541199951171875 2.208711265094559e-13
2.542199951171875 2.4101473358414784e-13
2.543199951171875 2.4265227955161436e-13
2.544199951171875 2.2817815088433023e-13
2.545199951171875 1.5616686893226604e-13
2.546199951171875 1.38639082498757e-13
2.547199951171875 1.3213270659353773e-13
2.548199951171875 1.301004303466816e-13
2.549199951171875 1.0915770841087045e-13
2.550199951171875 1.0447865912053573e-13
2.551199951171875 1.0891156949276829e-13
2.552199951171875 1.031711544338623e-13
2.553199951171875 8.81658839406375e-14
2.554199951171875 7.670955210301597e-14
2.555199951171875 8.601712513963169e-14
2.556199951171875 8.564351845556095e-14
2.557199951171875 8.056054191269148e-14
2.558199951171875 4.4787565413069236e-14
2.559199951171875 4.090942220616342e-14
2.560199951171875 3.2770968028506793e-14
2.561199951171875 4.2096900624117076e-14
2.562199951171875 4.005325133024319e-14
2.563199951171875 3.4661172261073016e-14
2.564199951171875 3.732195997163251e-14
2.565199951171875 3.727248798165091e-14
2.566199951171875 3.6685331978916285e-14
2.567199951171875 3.009742486038966e-14
2.568199951171875 2.96721725916825e-14
2.569199951171875 2.7419239835808053e-14
2.570199951171875 2.1092334499026373e-14
2.571199951171875 1.46742462560631e-14
2.572199951171875 1.2838172582914057e-14
2.573199951171875 1.6230087503530592e-14
2.574199951171875 1.5869439579472984e-14
2.575199951171875 1.5892120074104864e-14
2.576199951171875 1.6997567562769636e-14
2.577199951171875 1.5035799764300542e-14
2.578199951171875 1.538046541359634e-14
2.579199951171875 1.258003436348873e-14
2.580199951171875 1.0819570208343753e-14
2.581199951171875 8.218019596118454e-15
2.582199951171875 7.447771325523441e-15
2.583199951171875 7.920273905718737e-15
2.584199951171875 8.180111873109478e-15
2.585199951171875 7.552079619017658e-15
2.586199951171875 6.747973970516449e-15
2.587199951171875 5.65927328648972e-15
2.588199951171875 5.021273262898013e-15
2.589199951171875 5.364629522287543e-15
2.590199951171875 4.774954573852248e-15
2.591199951171875 4.229661077630286e-15
2.592199951171875 3.45403810141466e-15
2.593199951171875 3.2875014389404446e-15
2.594199951171875 4.130447586091039e-15
2.595199951171875 3.3704256983360776e-15
2.596199951171875 3.1270012441956446e-15
2.597199951171875 2.236707896831853e-15
2.598199951171875 2.2263926444356006e-15
