Wavelength_microns Throughput
0.5503499755859375 4.715431541192844e-13
0.5513499755859375 4.4771671360541163e-13
0.5523499755859375 6.108472060395486e-10
0.5533499755859375 6.016835539591562e-10
0.5543499755859375 7.296741545334652e-13
0.5553499755859375 7.366906126223954e-11
0.5563499755859375 1.2540586037635707e-11
0.5573499755859375 1.8037751957843688e-10
0.5583499755859375 1.0292032501816022e-12
0.5593499755859375 1.2364522075278255e-12
0.5603499755859375 1.426666408720618e-12
0.5613499755859375 1.29972127874031e-09
0.5623499755859375 1.3092617580527338e-09
0.5633499755859375 1.8853803766014617e-12
0.5643499755859375 1.5363173534176763e-10
0.5653499755859375 2.0748509958006536e-12
0.5663499755859375 1.3828708590614287e-09
0.5673499755859375 1.6996703891876754e-09
0.5683499755859375 1.8949956910150116e-09
0.5693499755859375 1.7909799191412298e-09
0.5703499755859375 5.523477547385935e-09
0.5713499755859375 4.36122121706167e-09
0.5723499755859375 5.28424774017703e-09
0.5733499755859375 5.86061100288264e-10
0.5743499755859375 4.731339245000358e-10
0.5753499755859375 2.6652997919840034e-09
0.5763499755859375 4.54623966696722e-09
0.5773499755859375 5.154949733667487e-09
0.5783499755859375 6.442878337453825e-09
0.5793499755859375 4.114163801435877e-12
0.5803499755859375 6.037044141711259e-10
0.5813499755859375 5.660483838101462e-09
0.5823499755859375 1.5246229853689797e-10
0.5833499755859375 3.224026375394735e-09
0.5843499755859375 4.47697677268204e-09
0.5853499755859375 3.5179133071883833e-09
0.5863499755859375 1.0885642145808593e-08
0.5873499755859375 1.134944707015878e-08
0.5883499755859375 1.69150655503195e-08
0.5893499755859375 1.8084067538601014e-09
0.5903499755859375 2.3843035476693008e-09
0.5913499755859375 2.5304407846685213e-09
0.5923499755859375 3.2744862486056506e-09
0.5933499755859375 1.6912099902373423e-08
0.5943499755859375 1.202409398185545e-08
0.5953499755859375 1.1659741004856257e-08
0.5963499755859375 7.138784387988223e-09
0.5973499755859375 1.5221755911663603e-08
0.5983499755859375 1.2592213219761526e-08
0.5993499755859375 1.196969000733921e-08
0.6003499755859375 8.93869985990829e-09
0.6013499755859375 3.6698380255065782e-09
0.6023499755859375 1.7972280790592344e-09
0.6033499755859375 9.87681380538959e-09
0.6043499755859375 2.6574880217906346e-09
0.6053499755859375 1.1125988740705869e-11
0.6063499755859375 1.2949088237131308e-08
0.6073499755859375 9.68728839465801e-09
0.6083499755859375 2.2345871467729998e-08
0.6093499755859375 1.1147905050255328e-08
0.6103499755859375 2.137035341707201e-08
0.6113499755859375 1.03838590055408e-08
0.6123499755859375 1.478930921625394e-08
0.6133499755859375 8.089154878700488e-09
0.6143499755859375 1.3170049539405337e-08
0.6153499755859375 1.5820401646573167e-09
0.6163499755859375 1.4742219986516612e-09
0.6173499755859375 2.402891570723539e-08
0.6183499755859375 7.86247745374787e-09
0.6193499755859375 1.2951506044099457e-08
0.6203499755859375 3.1085474255459746e-08
0.6213499755859375 1.6076549305979476e-08
0.6223499755859375 1.5707758402716835e-08
0.6233499755859375 2.3631834960749324e-08
0.6243499755859375 3.089247690280573e-08
0.6253499755859375 1.3883976185067096e-08
0.6263499755859375 1.0922081121181453e-08
0.6273499755859375 4.6821809518291345e-09
0.6283499755859375 2.348116579884905e-08
0.6293499755859375 3.533745220493174e-08
0.6303499755859375 1.631447470015182e-08
0.6313499755859375 3.10848563653531e-08
0.6323499755859375 5.559883001187042e-09
0.6333499755859375 3.632270283530384e-08
0.6343499755859375 2.9964761534021177e-08
0.6353499755859375 1.000042661766318e-08
0.6363499755859375 6.676801861692087e-09
0.6373499755859375 1.1857158693693232e-08
0.6383499755859375 7.085131478630003e-08
0.6393499755859375 4.139323676749534e-08
0.6403499755859375 5.751927471171234e-08
0.6413499755859375 4.448751025558887e-08
0.6423499755859375 5.534153381401307e-08
0.6433499755859375 1.441056194040666e-08
0.6443499755859375 6.296914039470186e-08
0.6453499755859375 3.3133288005461644e-08
0.6463499755859375 3.898176889077588e-08
0.6473499755859375 4.0643310527020884e-08
0.6483499755859375 5.149415152592974e-08
0.6493499755859375 3.2191564071022026e-08
0.6503499755859375 3.644742832681387e-08
0.6513499755859375 3.14749903530513e-08
0.6523499755859375 2.5507743482469864e-08
0.6533499755859375 7.174806282463899e-08
0.6543499755859375 6.049290049586036e-08
0.6553499755859375 4.373193745044896e-08
0.6563499755859376 5.9303717983294534e-08
0.6573499755859376 8.596196541831593e-08
0.6583499755859376 6.369387332436178e-08
0.6593499755859376 3.8847162476408436e-08
0.6603499755859376 7.53518526108884e-08
0.6613499755859376 8.603934101479269e-08
0.6623499755859374 6.605113754503968e-08
0.6633499755859374 6.713339870449388e-08
0.6643499755859374 9.397200872795988e-08
0.6653499755859374 1.0844246902603153e-07
0.6663499755859374 9.055563490921315e-08
0.6673499755859374 7.681526575265763e-08
0.6683499755859375 5.129998302546501e-08
0.6693499755859375 8.983023245121261e-08
0.6703499755859375 8.608873918667401e-08
0.6713499755859375 7.251698663967924e-08
0.6723499755859375 6.329911717790126e-08
0.6733499755859375 5.4614012875245873e-08
0.6743499755859375 3.954372781552176e-08
0.6753499755859375 3.252228923120011e-08
0.6763499755859375 7.554334564178623e-08
0.6773499755859375 4.5888906960849695e-08
0.6783499755859375 2.686650925856257e-08
0.6793499755859375 7.946718814064164e-08
0.6803499755859375 5.907153299638544e-08
0.6813499755859375 5.5613675109313496e-08
0.6823499755859375 3.808805068781457e-08
0.6833499755859375 4.5185248220919524e-08
0.6843499755859375 4.4720685599570924e-08
0.6853499755859375 3.61920683086984e-08
0.6863499755859375 4.758316745026144e-08
0.6873499755859375 2.1069109263704415e-08
0.6883499755859375 1.585505401850356e-08
0.6893499755859375 5.234546924565765e-08
0.6903499755859375 6.023030105589381e-08
0.6913499755859375 8.26616954834883e-08
0.6923499755859375 8.381888265131925e-08
0.6933499755859375 7.212349369503462e-08
0.6943499755859375 6.733723403922135e-08
0.6953499755859375 3.6443570850287526e-08
0.6963499755859375 2.2055876016656637e-08
0.6973499755859375 7.252065728967449e-08
0.6983499755859375 6.391903797301882e-09
0.6993499755859375 1.575705206571116e-08
0.7003499755859375 8.001875835150491e-08
0.7013499755859375 1.5204041685645432e-08
0.7023499755859375 3.981894911335744e-08
0.7033499755859375 6.284894845722494e-08
0.7043499755859375 6.762054913047591e-08
0.7053499755859375 7.784902840868864e-08
0.7063499755859375 3.479127855690803e-08
0.7073499755859375 9.219081306880898e-08
0.7083499755859375 1.4810205702353277e-08
0.7093499755859375 1.7211680409273495e-08
0.7103499755859375 7.864283888580845e-08
0.7113499755859375 1.1374627772600816e-07
0.7123499755859375 6.828220000001722e-08
0.7133499755859375 1.0735825618944666e-07
0.7143499755859375 4.926476552454925e-08
0.7153499755859375 7.526698435400762e-08
0.7163499755859375 4.3372168087968395e-08
0.7173499755859375 2.1728935032134797e-08
0.7183499755859375 1.1357959237040141e-07
0.7193499755859375 6.552829539948105e-08
0.7203499755859375 4.4650506503055e-08
0.7213499755859375 7.596445800148076e-08
0.7223499755859375 1.323803436218092e-07
0.7233499755859375 9.964851148699874e-08
0.7243499755859375 4.322577998390473e-08
0.7253499755859375 8.376610484564709e-08
0.7263499755859375 6.394621252129723e-08
0.7273499755859375 1.1750944981915242e-07
0.7283499755859375 6.536229513078833e-08
0.7293499755859375 1.0291118901796267e-07
0.7303499755859375 9.054811934525118e-08
0.7313499755859375 6.796322814002911e-08
0.7323499755859375 1.0643198118632126e-07
0.7333499755859375 1.0295918587100303e-07
0.7343499755859375 8.910992386118061e-08
0.7353499755859375 1.1367133150335527e-07
0.7363499755859375 6.862171254471697e-08
0.7373499755859375 9.719428005869232e-08
0.7383499755859375 1.0025660506276427e-07
0.7393499755859375 1.5075995606885455e-07
0.7403499755859375 8.806341671079053e-08
0.7413499755859375 1.345306786556506e-07
0.7423499755859375 1.1816382518604255e-07
0.7433499755859375 8.509049826672129e-08
0.7443499755859375 6.011286980789218e-08
0.7453499755859375 1.244748281884566e-07
0.7463499755859375 7.61781861031453e-08
0.7473499755859375 1.167996360561421e-07
0.7483499755859375 3.695695820742444e-08
0.7493499755859375 1.0364516189592222e-07
0.7503499755859375 1.367450313650623e-07
0.7513499755859375 1.022637599859653e-09
0.7523499755859375 1.1623819196108367e-07
0.7533499755859375 1.71503183791715e-07
0.7543499755859375 1.1250309255877145e-07
0.7553499755859375 1.7497365069985726e-07
0.7563499755859375 1.4889314209619186e-07
0.7573499755859375 1.0318544600546673e-07
0.7583499755859375 1.6475816203570742e-07
0.7593499755859375 1.2085544860113165e-07
0.7603499755859375 1.5682880240389557e-07
0.7613499755859375 1.4084609984640813e-07
0.7623499755859375 6.407844447806019e-08
0.7633499755859375 8.518255841857574e-08
0.7643499755859375 1.6273244552805525e-07
0.7653499755859375 1.294730982086123e-07
0.7663499755859375 1.1835233198865778e-07
0.7673499755859375 4.375206267671097e-08
0.7683499755859375 1.1555028441070358e-07
0.7693499755859375 1.930797417624315e-07
0.7703499755859375 2.7692263699229905e-07
0.7713499755859375 1.2264933923002685e-07
0.7723499755859375 1.5832244670439692e-07
0.7733499755859375 1.2275787461925532e-07
0.7743499755859375 1.7897477756297577e-07
0.7753499755859375 1.2232740010586877e-07
0.7763499755859375 1.7683545284438767e-07
0.7773499755859375 7.737385526447352e-08
0.7783499755859375 1.7870079064692174e-07
0.7793499755859375 5.236013711300226e-08
0.7803499755859375 9.982084980792464e-08
0.7813499755859376 7.657947357781445e-08
0.7823499755859376 7.379728216016707e-08
0.7833499755859376 1.1486800436424368e-07
0.7843499755859376 9.005312576161036e-08
0.7853499755859376 1.9096393122879477e-07
0.7863499755859376 6.931531529388454e-08
0.7873499755859374 1.159149502253623e-07
0.7883499755859374 1.419456976000249e-07
0.7893499755859374 6.333332433319825e-08
0.7903499755859374 4.565987186020572e-08
0.7913499755859374 1.6759864807503006e-07
0.7923499755859374 1.9686001110227827e-07
0.7933499755859375 1.540533385701138e-07
0.7943499755859375 2.2485335455168634e-07
0.7953499755859375 1.429344292190234e-08
0.7963499755859375 1.3691607031399402e-07
0.7973499755859375 1.8447707491267802e-07
0.7983499755859375 1.2769401915478163e-07
0.7993499755859375 2.580048248518022e-07
0.8003499755859375 4.1266197930726366e-07
0.8013499755859375 4.258362455993972e-07
0.8023499755859375 4.53614023283084e-07
0.8033499755859375 3.5751122635649375e-07
0.8043499755859375 3.741013395054953e-07
0.8053499755859375 3.1171207316968387e-07
0.8063499755859375 3.6787992215841524e-07
0.8073499755859375 5.041602622339723e-07
0.8083499755859375 2.118756137234671e-07
0.8093499755859375 2.3128030041791946e-07
0.8103499755859375 3.570205980703262e-07
0.8113499755859375 2.840119890069192e-07
0.8123499755859375 1.963837200801406e-07
0.8133499755859375 1.6089739910757692e-07
0.8143499755859375 2.57969922771813e-07
0.8153499755859375 1.4573778625873582e-07
0.8163499755859375 2.2170242110666736e-07
0.8173499755859375 2.461217213445044e-07
0.8183499755859375 1.9165306771207557e-07
0.8193499755859375 2.494874558853181e-07
0.8203499755859375 1.9803097808491893e-07
0.8213499755859375 3.8185485173370726e-07
0.8223499755859375 1.5723240392909688e-07
0.8233499755859375 2.055833136798949e-07
0.8243499755859375 2.1555001128411513e-07
0.8253499755859375 2.285137472760455e-07
0.8263499755859375 1.6402050607755068e-07
0.8273499755859375 3.5004846377201206e-07
0.8283499755859375 3.210895630182378e-07
0.8293499755859375 2.6034968845238124e-07
0.8303499755859375 1.673693821535764e-07
0.8313499755859375 2.282144221691616e-07
0.8323499755859375 3.328651758154932e-07
0.8333499755859375 1.9758356103548025e-07
0.8343499755859375 2.512439085267753e-07
0.8353499755859375 2.642426515332016e-07
0.8363499755859375 2.164527431632314e-07
0.8373499755859375 2.7704209591735937e-07
0.8383499755859375 2.2740693346694215e-07
0.8393499755859375 3.305196204299284e-07
0.8403499755859375 3.438895613023575e-07
0.8413499755859375 3.2331174691614574e-07
0.8423499755859375 3.875677036582072e-07
0.8433499755859375 3.773724941891791e-07
0.8443499755859375 4.018042086750505e-07
0.8453499755859375 4.334623177656415e-07
0.8463499755859375 4.297269007820897e-07
0.8473499755859375 4.5889765439033017e-07
0.8483499755859375 4.515783862053607e-07
0.8493499755859375 5.06306319229484e-07
0.8503499755859375 5.221903257087567e-07
0.8513499755859375 5.78000007744626e-07
0.8523499755859375 5.483975129940781e-07
0.8533499755859375 5.508268352659843e-07
0.8543499755859375 5.581647445610809e-07
0.8553499755859375 5.54117367525998e-07
0.8563499755859375 6.075417097836417e-07
0.8573499755859375 5.599668891201712e-07
0.8583499755859375 5.869717530864531e-07
0.8593499755859375 5.926072142625932e-07
0.8603499755859375 5.124456429069161e-07
0.8613499755859375 4.706677068534377e-07
0.8623499755859375 5.900125239642086e-07
0.8633499755859375 5.683839321551834e-07
0.8643499755859375 5.688910322600096e-07
0.8653499755859375 6.040776747442457e-07
0.8663499755859375 5.748144713999598e-07
0.8673499755859375 6.444757317838864e-07
0.8683499755859375 7.061979087257366e-07
0.8693499755859375 6.959993416556058e-07
0.8703499755859375 6.935468927182665e-07
0.8713499755859375 6.392206781204243e-07
0.8723499755859375 6.406771981310393e-07
0.8733499755859375 6.548419873508495e-07
0.8743499755859375 7.014536834563096e-07
0.8753499755859375 6.447985915554561e-07
0.8763499755859375 6.353296001560702e-07
0.8773499755859375 6.208349316592629e-07
0.8783499755859375 7.133507929486432e-07
0.8793499755859375 7.740355331264074e-07
0.8803499755859375 7.256743856113143e-07
0.8813499755859375 7.347975093637914e-07
0.8823499755859375 8.348288098052865e-07
0.8833499755859375 8.401987952080597e-07
0.8843499755859375 8.845004900902825e-07
0.8853499755859375 9.602410351713046e-07
0.8863499755859375 9.287632956072179e-07
0.8873499755859375 9.420020960483958e-07
0.8883499755859375 9.423234600367894e-07
0.8893499755859375 9.759274987117284e-07
0.8903499755859375 9.428256897460154e-07
0.8913499755859375 9.384437481055585e-07
0.8923499755859375 8.877900962363592e-07
0.8933499755859375 8.739787854157938e-07
0.8943499755859375 8.756729372635564e-07
0.8953499755859375 8.311677309060001e-07
0.8963499755859375 8.339722273433318e-07
0.8973499755859375 7.811021370257429e-07
0.8983499755859375 8.436555339509287e-07
0.8993499755859375 7.684776205984905e-07
0.9003499755859375 7.038025063677574e-07
0.9013499755859375 7.811446573691727e-07
0.9023499755859375 6.716131586811611e-07
0.9033499755859375 6.54336882655305e-07
0.9043499755859375 6.800633494402931e-07
0.9053499755859375 6.573393957060467e-07
0.9063499755859376 6.432837796726724e-07
0.9073499755859376 7.062311536265808e-07
0.9083499755859376 6.51956295461941e-07
0.9093499755859376 6.235618299424442e-07
0.9103499755859376 7.078294353273893e-07
0.9113499755859376 5.846091979230049e-07
0.9123499755859374 6.017348439167265e-07
0.9133499755859374 5.280688351654628e-07
0.9143499755859374 5.799440678196579e-07
0.9153499755859374 5.721891406219228e-07
0.9163499755859374 5.73531979530687e-07
0.9173499755859374 6.413512451713224e-07
0.9183499755859375 6.8761851375099e-07
0.9193499755859375 7.428173834998359e-07
0.9203499755859375 7.167319166024423e-07
0.9213499755859375 7.697674095115751e-07
0.9223499755859375 7.435682015871911e-07
0.9233499755859375 7.158875546328927e-07
0.9243499755859375 6.975202878585233e-07
0.9253499755859375 6.258378944289212e-07
0.9263499755859375 6.141561081283079e-07
0.9273499755859375 5.784699519647459e-07
0.9283499755859375 5.484605851532485e-07
0.9293499755859375 4.586391006815097e-07
0.9303499755859375 4.536492166330506e-07
0.9313499755859375 4.102794542659847e-07
0.9323499755859375 3.312937082507985e-07
0.9333499755859375 3.672621885683505e-07
0.9343499755859375 4.14306973016559e-07
0.9353499755859375 3.9426847255030996e-07
0.9363499755859375 3.6772817803804086e-07
0.9373499755859375 3.825900268553475e-07
0.9383499755859375 3.2685392457853424e-07
0.9393499755859375 2.740540926524626e-07
0.9403499755859375 3.3427505866389026e-07
0.9413499755859375 3.551357685688816e-07
0.9423499755859375 3.342859102585516e-07
0.9433499755859375 3.727560840435981e-07
0.9443499755859375 3.2490416376807467e-07
0.9453499755859375 3.34083678094522e-07
0.9463499755859375 3.8988374929046887e-07
0.9473499755859375 3.7853756593192747e-07
0.9483499755859375 3.4434764405541444e-07
0.9493499755859375 2.7921521439099315e-07
0.9503499755859375 2.731516392752898e-07
0.9513499755859375 3.942161934791462e-07
0.9523499755859375 3.860549601143107e-07
0.9533499755859375 4.302768214606065e-07
0.9543499755859375 5.785721473158425e-07
0.9553499755859375 6.130191580980754e-07
0.9563499755859375 7.222033865141802e-07
0.9573499755859375 7.241241193083237e-07
0.9583499755859375 8.271814759035916e-07
0.9593499755859375 6.852119406839786e-07
0.9603499755859375 7.093599493968428e-07
0.9613499755859375 7.634099267700282e-07
0.9623499755859375 7.405718366830028e-07
0.9633499755859375 7.740717178141966e-07
0.9643499755859375 7.156187039002542e-07
0.9653499755859375 6.784383016777826e-07
0.9663499755859375 6.081679322559789e-07
0.9673499755859375 5.191690723375245e-07
0.9683499755859375 4.134427188339098e-07
0.9693499755859375 2.770099726323706e-07
0.9703499755859375 2.517492534566988e-07
0.9713499755859375 2.7308383606728205e-07
0.9723499755859375 2.6382051943097674e-07
0.9733499755859375 3.0945435560343017e-07
0.9743499755859375 2.8067037804577523e-07
0.9753499755859375 3.2767604842930885e-07
0.9763499755859375 3.863059846412476e-07
0.9773499755859375 4.5737585845921705e-07
0.9783499755859375 6.475495009446346e-07
0.9793499755859375 8.604534431242503e-07
0.9803499755859375 1.0235834602336593e-06
0.9813499755859375 1.129786504017403e-06
0.9823499755859375 1.20101408421101e-06
0.9833499755859375 1.1894106337090125e-06
0.9843499755859375 1.1306293418823731e-06
0.9853499755859375 1.1066665793309325e-06
0.9863499755859375 1.1206640232556978e-06
0.9873499755859375 1.1181052730591372e-06
0.9883499755859375 1.145497113277005e-06
0.9893499755859375 1.176263053021779e-06
0.9903499755859375 1.179305183207492e-06
0.9913499755859375 1.1293945605389574e-06
0.9923499755859375 9.92500213371355e-07
0.9933499755859375 8.231995579572084e-07
0.9943499755859375 5.600476568068479e-07
0.9953499755859375 3.871109620604865e-07
0.9963499755859375 2.692382561941708e-07
0.9973499755859375 3.059989135038986e-07
0.9983499755859375 4.224536830935641e-07
0.9993499755859375 3.625480621453773e-07
1.0003499755859375 4.3866754027596637e-07
1.0013499755859374 2.0791758935931975e-06
1.0023499755859375 5.772805031223204e-07
1.0033499755859374 2.2575044564111177e-06
1.0043499755859375 7.193776583749604e-07
1.0053499755859374 3.5511432804897257e-07
1.0063499755859375 6.875860303443404e-07
1.0073499755859374 1.8409277180885638e-06
1.0083499755859375 1.710381295489142e-07
1.0093499755859374 6.413669140418641e-07
1.0103499755859375 6.612721213880489e-07
1.0113499755859374 1.0872586368932613e-06
1.0123499755859375 1.1985362828339492e-06
1.0133499755859374 7.114088278179886e-08
1.0143499755859375 3.2531869771408066e-11
1.0153499755859374 1.3623024652982855e-07
1.0163499755859375 2.2464142397145518e-07
1.0173499755859374 1.6839812697419825e-07
1.0183499755859375 1.8431313844760631e-06
1.0193499755859374 2.5470233107333215e-07
1.0203499755859375 2.115255350337518e-06
1.0213499755859374 1.3367616486088408e-06
1.0223499755859375 1.137197614565943e-06
1.0233499755859374 9.222646747523374e-07
1.0243499755859375 1.6416532365915086e-06
1.0253499755859374 2.451178826014106e-07
1.0263499755859375 7.795261918229827e-07
1.0273499755859374 7.048489572202764e-07
1.0283499755859375 1.681211816500132e-07
1.0293499755859374 2.4259427881740734e-08
1.0303499755859375 1.053928261031085e-06
1.0313499755859374 3.327430195783567e-11
1.0323499755859376 1.5527840326783161e-06
1.0333499755859374 4.868423755396197e-07
1.0343499755859376 3.167596150054333e-07
1.0353499755859374 1.6225757736851502e-06
1.0363499755859376 1.7948513837436546e-06
1.0373499755859374 3.3398404807797824e-11
1.0383499755859376 8.401397224589931e-07
1.0393499755859374 9.922913419153278e-07
1.0403499755859376 9.584678779083794e-07
1.0413499755859374 3.344473345318793e-11
1.0423499755859376 3.5974230597246234e-07
1.0433499755859375 9.762044927371015e-07
1.0443499755859376 1.8402800024416545e-06
1.0453499755859375 1.036519511800306e-06
1.0463499755859376 1.0147685825063512e-06
1.0473499755859375 7.236958970229109e-07
1.0483499755859376 1.7327647763448388e-06
1.0493499755859375 6.097601407953331e-07
1.0503499755859376 1.4453446746013674e-07
1.0513499755859375 7.372433817205288e-07
1.0523499755859376 8.617082610094805e-07
1.0533499755859375 1.4009466090908161e-06
1.0543499755859376 1.0158683232480739e-07
1.0553499755859375 4.1110919827653083e-07
1.0563499755859376 1.209897851006186e-06
1.0573499755859375 1.2060554218477918e-06
1.0583499755859376 6.088964304442514e-08
1.0593499755859375 4.5220649726553154e-07
1.0603499755859376 1.2014788901627298e-06
1.0613499755859375 9.662210732675142e-07
1.0623499755859376 1.676700072837849e-06
1.0633499755859375 3.381918642736082e-11
1.0643499755859376 8.112607295145335e-07
1.0653499755859375 4.591704035480148e-07
1.0663499755859376 3.423348833953141e-11
1.0673499755859375 2.821947741985417e-07
1.0683499755859376 1.4379153217637976e-06
1.0693499755859375 9.6523025870908e-07
1.0703499755859376 1.0889867773959967e-06
1.0713499755859375 1.802732056839354e-07
1.0723499755859376 4.603857005071545e-08
1.0733499755859375 1.6817357152029117e-07
1.0743499755859376 3.488234244546146e-11
1.0753499755859375 2.9464341016237735e-06
1.0763499755859376 2.014947000213304e-07
1.0773499755859375 2.050031851792349e-06
1.0783499755859376 3.344451004520978e-07
1.0793499755859375 2.942809489940682e-07
1.0803499755859376 3.618320527723633e-07
1.0813499755859375 2.205307624398014e-07
1.0823499755859376 9.90655218380462e-07
1.0833499755859375 2.8180333257032413e-07
1.0843499755859376 1.8117346911393912e-08
1.0853499755859375 1.6098231600861047e-06
1.0863499755859376 9.757655905188459e-09
1.0873499755859375 6.013757020670016e-07
1.0883499755859376 5.832188965398827e-07
1.0893499755859375 1.0697998813467065e-06
1.0903499755859376 3.224085386354476e-07
1.0913499755859375 6.992380403625525e-08
1.0923499755859376 2.117739926292467e-06
1.0933499755859375 3.5786888834223816e-11
1.0943499755859376 5.015528001276233e-07
1.0953499755859375 3.5830154487790345e-11
1.0963499755859376 4.4373884671057395e-07
1.0973499755859375 3.589286011276722e-11
1.0983499755859376 5.227899325493734e-07
1.0993499755859375 8.5130936615403e-07
1.1003499755859374 6.76180166960439e-07
1.1013499755859375 5.273002421087336e-07
1.1023499755859374 4.763082901582344e-07
1.1033499755859375 6.781938981267429e-07
1.1043499755859374 8.725254586968477e-07
1.1053499755859375 9.386689623989285e-07
1.1063499755859374 8.489690464129706e-07
1.1073499755859375 5.377652171522064e-07
1.1083499755859374 3.588892973409713e-11
1.1093499755859375 1.469356118699266e-06
1.1103499755859374 5.108770496463773e-07
1.1113499755859375 9.373122040051678e-07
1.1123499755859374 1.1441349938939213e-06
1.1133499755859375 1.5612823553569528e-07
1.1143499755859374 4.3235671602362056e-07
1.1153499755859375 8.918346948882949e-07
1.1163499755859374 1.0344834308862388e-06
1.1173499755859375 5.886217545714946e-07
1.1183499755859374 2.3112859761219235e-07
1.1193499755859375 3.619142356106804e-11
1.1203499755859374 1.1805944422774324e-06
1.1213499755859375 2.04146186592911e-07
1.1223499755859374 1.329493216740617e-06
1.1233499755859375 1.5045892476072094e-06
1.1243499755859374 3.185866796871776e-07
1.1253499755859375 1.1746169627698833e-06
1.1263499755859374 3.6449311794312935e-07
1.1273499755859375 4.853077352829838e-07
1.1283499755859374 9.749829643404247e-07
1.1293499755859375 1.7842066867313248e-06
1.1303499755859374 8.481249443314269e-07
1.1313499755859375 1.2636441925444093e-07
1.1323499755859374 1.3500599422384471e-06
1.1333499755859375 7.450098002828036e-07
1.1343499755859374 6.397284644841985e-07
1.1353499755859375 6.967414740655341e-07
1.1363499755859374 7.977977471158613e-07
1.1373499755859375 9.849037560290752e-07
1.1383499755859374 9.051150939789586e-07
1.1393499755859375 2.8829359116085124e-07
1.1403499755859374 6.940669785211628e-07
1.1413499755859375 2.6287930603487844e-07
1.1423499755859374 2.548179249381689e-07
1.1433499755859375 1.5895653026781963e-06
1.1443499755859374 2.8352152306018434e-07
1.1453499755859375 4.085009245047221e-07
1.1463499755859374 2.617074724218896e-07
1.1473499755859375 6.539692442196929e-07
1.1483499755859374 1.1925035640101814e-06
1.1493499755859375 3.7959573973856676e-11
1.1503499755859374 1.329063461191209e-07
1.1513499755859375 1.2575487070554127e-06
1.1523499755859374 3.8033991826227255e-11
1.1533499755859375 1.8261638335709309e-06
1.1543499755859374 7.640474077288097e-08
1.1553499755859375 7.340919785494538e-07
1.1563499755859374 1.1107163681675993e-06
1.1573499755859376 9.055887007692145e-07
1.1583499755859374 1.8801193257261854e-07
1.1593499755859376 1.792713261318416e-08
1.1603499755859374 9.984845857478754e-07
1.1613499755859376 1.2696292610293072e-06
1.1623499755859374 4.230567189464991e-07
1.1633499755859376 5.4598060852546976e-08
1.1643499755859374 1.3899007677666802e-06
1.1653499755859376 5.837813582820691e-07
1.1663499755859374 5.662124825561731e-07
1.1673499755859376 1.270084868939718e-07
1.1683499755859375 7.873971694112174e-07
1.1693499755859376 4.394310825080253e-07
1.1703499755859375 1.0667804022243493e-06
1.1713499755859376 1.0500900025712795e-06
1.1723499755859375 1.4010109478781144e-06
1.1733499755859376 5.135260517549641e-07
1.1743499755859375 6.919353500782816e-07
1.1753499755859376 7.993189046726013e-09
1.1763499755859375 1.3750127338840268e-06
1.1773499755859376 4.573424987352025e-07
1.1783499755859375 1.8204848538420837e-06
1.1793499755859376 7.91385891120724e-07
1.1803499755859375 5.974116345580645e-07
1.1813499755859376 8.36581300535891e-07
1.1823499755859375 2.202475856506492e-07
1.1833499755859376 2.516535326906636e-07
1.1843499755859375 6.437289470254376e-07
1.1853499755859376 6.359226129624189e-07
1.1863499755859375 2.5742042551833365e-07
1.1873499755859376 1.0224104547334272e-06
1.1883499755859375 7.115204028766149e-07
1.1893499755859376 8.859567482392921e-07
1.1903499755859375 5.358263691961608e-07
1.1913499755859376 1.2765023389807458e-06
1.1923499755859375 1.2342222782564567e-06
1.1933499755859376 1.2108980381786443e-06
1.1943499755859375 7.177067559917223e-07
1.1953499755859376 1.519568781554272e-06
1.1963499755859375 1.4657264524783244e-06
1.1973499755859376 9.484947146434917e-07
1.1983499755859375 7.500638250592178e-07
1.1993499755859376 2.5555445764529686e-07
1.2003499755859375 1.6302907604158502e-06
1.2013499755859376 4.145551637247632e-07
1.2023499755859375 1.178565452156602e-06
1.2033499755859376 1.233025902150821e-06
1.2043499755859375 1.7386767631458545e-06
1.2053499755859376 1.4839985350215894e-06
1.2063499755859375 1.3114546967467017e-07
1.2073499755859376 1.8792259022545737e-06
1.2083499755859375 8.645183388535408e-07
1.2093499755859376 1.0712212382554676e-06
1.2103499755859375 5.610183064101325e-07
1.2113499755859376 2.3478108326114186e-06
1.2123499755859375 9.214345829255559e-07
1.2133499755859376 1.173398961204935e-06
1.2143499755859375 4.912675677925153e-07
1.2153499755859376 1.2548311160334998e-06
1.2163499755859375 1.741443901105463e-06
1.2173499755859376 1.3307149493483422e-06
1.2183499755859375 9.35738594831312e-07
1.2193499755859376 5.794626095450827e-07
1.2203499755859375 1.5942689460574523e-06
1.2213499755859376 1.3943127708118196e-06
1.2223499755859375 2.0696036116964514e-06
1.2233499755859376 9.90788096779672e-07
1.2243499755859375 1.5609810019606253e-06
1.2253499755859374 1.4505085272708672e-06
1.2263499755859375 1.6841732217765444e-06
1.2273499755859374 1.2147118166491424e-06
1.2283499755859375 7.884349401565338e-07
1.2293499755859374 1.1262956746725167e-06
1.2303499755859375 1.8874060701276505e-06
1.2313499755859374 5.259099738369107e-07
1.2323499755859375 1.67969168050148e-06
1.2333499755859374 1.6070617607069602e-06
1.2343499755859375 1.6280706265331912e-06
1.2353499755859374 8.450304731208375e-07
1.2363499755859375 2.2060796247071155e-06
1.2373499755859374 2.2629546487814684e-06
1.2383499755859375 3.319198684708748e-07
1.2393499755859374 2.7861764875925623e-06
1.2403499755859375 1.3907398376633294e-06
1.2413499755859374 2.199571072574206e-06
1.2423499755859375 3.225570265129284e-06
1.2433499755859374 2.775808635012176e-06
1.2443499755859375 1.3650490008572996e-06
1.2453499755859374 2.981944421185139e-06
1.2463499755859375 2.917960407275355e-06
1.2473499755859374 3.337240838607388e-06
1.2483499755859375 2.3054375529455626e-06
1.2493499755859374 3.963484146337823e-06
1.2503499755859375 2.684677839377858e-06
1.2513499755859374 3.5890492501098636e-06
1.2523499755859375 4.151203221677636e-06
1.2533499755859374 3.9366299591597916e-06
1.2543499755859375 5.103733936495971e-06
1.2553499755859374 4.618303875400271e-06
1.2563499755859375 5.0368031952053916e-06
1.2573499755859374 5.249386871970827e-06
1.2583499755859375 5.466390680295145e-06
1.2593499755859374 6.222240631641376e-06
1.2603499755859375 7.77124366067897e-06
1.2613499755859374 6.735578130480019e-06
1.2623499755859375 8.578793849740546e-06
1.2633499755859374 1.0272731953876988e-05
1.2643499755859375 1.1691457920697214e-05
1.2653499755859374 1.2246885719270076e-05
1.2663499755859375 1.4888987079594396e-05
1.2673499755859374 1.595770483587993e-05
1.2683499755859375 2.002658308435476e-05
1.2693499755859374 2.1583863631887894e-05
1.2703499755859375 2.541392697066122e-05
1.2713499755859374 2.9886551495799255e-05
1.2723499755859375 3.326387842597363e-05
1.2733499755859374 3.950102095929997e-05
1.2743499755859375 4.1472089889089165e-05
1.2753499755859374 4.861607169291345e-05
1.2763499755859375 5.5650157040836434e-05
1.2773499755859374 6.322374027606055e-05
1.2783499755859375 7.05779080586105e-05
1.2793499755859374 8.408298237372966e-05
1.2803499755859375 9.245867556693841e-05
1.2813499755859374 0.00010352894651687227
1.2823499755859376 0.00011671593465170108
1.2833499755859374 0.00014166624967091674
1.2843499755859376 0.0001549807353571012
1.2853499755859374 0.00017606976795728918
1.2863499755859376 0.00019921962146974022
1.2873499755859374 0.00023970260995555067
1.2883499755859376 0.0002743835877875636
1.2893499755859374 0.00031593618336886843
1.2903499755859376 0.0003859247592021195
1.2913499755859374 0.0004413722494768196
1.2923499755859376 0.0005360900660571985
1.2933499755859375 0.0006123545246980813
1.2943499755859376 0.0007413417908964934
1.2953499755859375 0.0009158447451960264
1.2963499755859376 0.0011063944826928706
1.2973499755859375 0.0013586542761595528
1.2983499755859376 0.0016355232399625432
1.2993499755859375 0.0020231910196906546
1.3003499755859376 0.0024413097465234733
1.3013499755859375 0.003033879207708888
1.3023499755859376 0.0036712983407811597
1.3033499755859375 0.004517337627968253
1.3043499755859376 0.005521119036266244
1.3053499755859375 0.006391356547188899
1.3063499755859376 0.007871478187083916
1.3073499755859375 0.00912756660311407
1.3083499755859376 0.010217042867755426
1.3093499755859375 0.011592042297207913
1.3103499755859376 0.012684120728789107
1.3113499755859375 0.014582719108562854
1.3123499755859376 0.015104264850799447
1.3133499755859375 0.017700735891353174
1.3143499755859376 0.01987716512001439
1.3153499755859375 0.022966472375726348
1.3163499755859376 0.025737566975747125
1.3173499755859375 0.029717237395247974
1.3183499755859376 0.0340405544851528
1.3193499755859375 0.04035754096174835
1.3203499755859376 0.04579441038049597
1.3213499755859375 0.05384743736394192
1.3223499755859376 0.06205235732693079
1.3233499755859375 0.07542061214906894
1.3243499755859376 0.08374068920182742
1.3253499755859375 0.10109807885976882
1.3263499755859376 0.11688806506458074
1.3273499755859375 0.13756021578517677
1.3283499755859376 0.1610290047487622
1.3293499755859375 0.1859591374017476
1.3303499755859376 0.21152103410203976
1.3313499755859375 0.23687705871922965
1.3323499755859376 0.27244801390419626
1.3333499755859375 0.29507154400598534
1.3343499755859376 0.32441051808187843
1.3353499755859375 0.3407647448496052
1.3363499755859376 0.3528211392650263
1.3373499755859375 0.3807663259422105
1.3383499755859376 0.3758130233217773
1.3393499755859375 0.3980321786808037
1.3403499755859376 0.38434637630092044
1.3413499755859375 0.39146017215101264
1.3423499755859376 0.3983580956572413
1.3433499755859375 0.3874415203733805
1.3443499755859376 0.3951941414331498
1.3453499755859375 0.39328410760476634
1.3463499755859376 0.39614540713272883
1.3473499755859375 0.3938968680501381
1.3483499755859376 0.3974580577003662
1.3493499755859375 0.39347734651305744
1.3503499755859374 0.40234405508011944
1.3513499755859375 0.3932335332693344
1.3523499755859374 0.39773868954322894
1.3533499755859375 0.39820755946720837
1.3543499755859374 0.3873509821753978
1.3553499755859375 0.40267487721478246
1.3563499755859374 0.4007331865539533
1.3573499755859375 0.39494858344762057
1.3583499755859374 0.39610961137987905
1.3593499755859375 0.38561003510300174
1.3603499755859374 0.4050164812835645
1.3613499755859375 0.3989458763559614
1.3623499755859374 0.39416545585814294
1.3633499755859375 0.3964384882526243
1.3643499755859374 0.3937180430752338
1.3653499755859375 0.3985215828684208
1.3663499755859374 0.3918827298926459
1.3673499755859375 0.40136484900175085
1.3683499755859374 0.39167572331036643
1.3693499755859375 0.39743777328648466
1.3703499755859374 0.39832263107584925
1.3713499755859375 0.39486562904781886
1.3723499755859374 0.39425334080960234
1.3733499755859375 0.39525675057918475
1.3743499755859374 0.3942649972436194
1.3753499755859375 0.3927141339837089
1.3763499755859374 0.38958166013636614
1.3773499755859375 0.3827346270012938
1.3783499755859374 0.3886040461010595
1.3793499755859375 0.3850768075594562
1.3803499755859374 0.38458677893624454
1.3813499755859375 0.38295983442304765
1.3823499755859374 0.3791959604538882
1.3833499755859375 0.38157678345580676
1.3843499755859374 0.3827679728032764
1.3853499755859375 0.3757991456221015
1.3863499755859374 0.3899182660795161
1.3873499755859375 0.37773499539570626
1.3883499755859374 0.3792414583842855
1.3893499755859375 0.37620213683340464
1.3903499755859374 0.38453830990876764
1.3913499755859375 0.37527993312889246
1.3923499755859374 0.3882406223355648
1.3933499755859375 0.37919102869812843
1.3943499755859374 0.381854677580223
1.3953499755859375 0.3795714688244314
1.3963499755859374 0.37980666117212175
1.3973499755859375 0.382756971126927
1.3983499755859374 0.38955269316731905
1.3993499755859375 0.3819185328486073
1.4003499755859374 0.38532325001375406
1.4013499755859375 0.38547926674979127
1.4023499755859374 0.3811922023287867
1.4033499755859375 0.3932592160217801
1.4043499755859374 0.39762596624918406
1.4053499755859375 0.39105955876685644
1.4063499755859374 0.3961686700481393
1.4073499755859376 0.3958260022756123
1.4083499755859374 0.3998596166779208
1.4093499755859376 0.3964074958296824
1.4103499755859374 0.4074154414667349
1.4113499755859376 0.4014900170348436
1.4123499755859374 0.40398645775976516
1.4133499755859376 0.40642020813179214
1.4143499755859374 0.3988034848670103
1.4153499755859376 0.40811369199016884
1.4163499755859374 0.4110687271235331
1.4173499755859376 0.40971872637835755
1.4183499755859375 0.41121753361668245
1.4193499755859376 0.408657736237216
1.4203499755859375 0.40504963889370627
1.4213499755859376 0.41896631154343755
1.4223499755859375 0.4058459012422461
1.4233499755859376 0.4152896768429424
1.4243499755859375 0.4115092368841537
1.4253499755859376 0.40851000771970636
1.4263499755859375 0.41922800639693836
1.4273499755859376 0.41058593462960463
1.4283499755859375 0.4124257520968697
1.4293499755859376 0.4125454546594
1.4303499755859375 0.41616501897774344
1.4313499755859376 0.4153733115200477
1.4323499755859375 0.4117095694880219
1.4333499755859376 0.41479062657761534
1.4343499755859375 0.41278046112685224
1.4353499755859376 0.40994634067301355
1.4363499755859375 0.4095702209718539
1.4373499755859376 0.41250104406581173
1.4383499755859375 0.4102442907901057
1.4393499755859376 0.41053226739467497
1.4403499755859375 0.4105921333109303
1.4413499755859376 0.4119689202870889
1.4423499755859375 0.41381067067453314
1.4433499755859376 0.4105727848073994
1.4443499755859375 0.41090970013496514
1.4453499755859376 0.4162639460966131
1.4463499755859375 0.4102289236318907
1.4473499755859376 0.4152241048338386
1.4483499755859375 0.4127527614997245
1.4493499755859376 0.416550889995174
1.4503499755859375 0.4094202672865918
1.4513499755859376 0.4190461275911206
1.4523499755859375 0.4166431292687391
1.4533499755859376 0.4199378939725615
1.4543499755859375 0.41816866741715325
1.4553499755859376 0.4217556262484552
1.4563499755859375 0.41501111366668675
1.4573499755859376 0.4187877272157367
1.4583499755859375 0.4257220339680141
1.4593499755859376 0.42511404254149154
1.4603499755859375 0.42198688175273774
1.4613499755859376 0.42538019646322006
1.4623499755859375 0.42383792369392564
1.4633499755859376 0.42092722767137397
1.4643499755859375 0.42379227204144526
1.4653499755859376 0.4241581258328194
1.4663499755859375 0.4174812139383996
1.4673499755859376 0.42872308489687355
1.4683499755859375 0.4095273945600629
1.4693499755859376 0.40852932693434146
1.4703499755859375 0.400780214770743
1.4713499755859376 0.38919920037583083
1.4723499755859375 0.3757420890924349
1.4733499755859376 0.3544481115114506
1.4743499755859375 0.33518168075977645
1.4753499755859374 0.3090393657908913
1.4763499755859375 0.2836732015898454
1.4773499755859374 0.2548559554346454
1.4783499755859375 0.22499427752445422
1.4793499755859374 0.19583486496268265
1.4803499755859375 0.17023367180139526
1.4813499755859374 0.1454751323797505
1.4823499755859375 0.12255439665153073
1.4833499755859374 0.10655517077503689
1.4843499755859375 0.09099809864030924
1.4853499755859374 0.07679629667466346
1.4863499755859375 0.06564720324078721
1.4873499755859374 0.05538675408244914
1.4883499755859375 0.05067685701598644
1.4893499755859374 0.04208320165197241
1.4903499755859375 0.037028919225293486
1.4913499755859374 0.032119080750227263
1.4923499755859375 0.028689284005184505
1.4933499755859374 0.025487600113040073
1.4943499755859375 0.02221965395042197
1.4953499755859374 0.02078203577904789
1.4963499755859375 0.01843327600812158
1.4973499755859374 0.016678381754247382
1.4983499755859375 0.014618304482791849
1.4993499755859374 0.012926955482504308
1.5003499755859375 0.010584076501619046
1.5013499755859374 0.008803515294467318
1.5023499755859375 0.007373583153580219
1.5033499755859374 0.006038956932925393
1.5043499755859375 0.005109191074342191
1.5053499755859374 0.004244523436445069
1.5063499755859375 0.00353284416717786
1.5073499755859374 0.003041574327567357
1.5083499755859375 0.0025815618501274173
1.5093499755859374 0.0022119565579337068
1.5103499755859375 0.0018862285127279432
1.5113499755859374 0.0016241852460511423
1.5123499755859375 0.0014006098279959144
1.5133499755859374 0.00120848374517865
1.5143499755859375 0.0010788445723498266
1.5153499755859374 0.000929481151112588
1.5163499755859375 0.0008169015538799448
1.5173499755859374 0.000710565092595845
1.5183499755859375 0.0006435616147330642
1.5193499755859374 0.000565005709505644
1.5203499755859375 0.0004916348633792353
1.5213499755859374 0.0004443256954580756
1.5223499755859375 0.00038827812197897774
1.5233499755859374 0.00036451412812622493
1.5243499755859375 0.00032036301290422163
1.5253499755859374 0.0002828206770893667
1.5263499755859375 0.00025809841695817996
1.5273499755859374 0.00023243958144264493
1.5283499755859375 0.00021241695926933643
1.5293499755859374 0.00018824971842315295
1.5303499755859375 0.00017191324053113938
1.5313499755859374 0.00015558064954373843
1.5323499755859376 0.00014154959120318917
1.5333499755859374 0.00012728343311442254
1.5343499755859376 0.00011617008863060387
1.5353499755859374 0.00010538717439137093
1.5363499755859376 9.696109784104844e-05
1.5373499755859374 8.76164369058531e-05
1.5383499755859376 7.902786445675686e-05
1.5393499755859374 7.315712691294678e-05
1.5403499755859376 6.752698445041083e-05
1.5413499755859374 5.895061978744166e-05
1.5423499755859376 5.585191732848982e-05
1.5433499755859375 5.120438130023205e-05
1.5443499755859376 4.653501136675013e-05
1.5453499755859375 4.191823923592107e-05
1.5463499755859376 3.9399218004412354e-05
1.5473499755859375 3.758328744609537e-05
1.5483499755859376 3.2363817078444436e-05
1.5493499755859375 3.112609942676209e-05
1.5503499755859376 2.775234306685279e-05
1.5513499755859375 2.3891100310391973e-05
1.5523499755859376 2.4750349696255953e-05
1.5533499755859375 2.165154439150047e-05
1.5543499755859376 1.8457910960993193e-05
1.5553499755859375 2.119248022647926e-05
1.5563499755859376 1.8459096671487568e-05
1.5573499755859375 1.540833803342881e-05
1.5583499755859376 1.6251084819486386e-05
1.5593499755859375 1.5187364270125173e-05
1.5603499755859376 1.314540603784351e-05
1.5613499755859375 1.223700156541154e-05
1.5623499755859376 1.2007520465418798e-05
1.5633499755859375 1.0780560453329157e-05
1.5643499755859376 9.703644552976881e-06
1.5653499755859375 9.518607308417198e-06
1.5663499755859376 8.657751271812883e-06
1.5673499755859375 8.857686472017155e-06
1.5683499755859376 7.197137361243896e-06
1.5693499755859375 8.855695627800927e-06
1.5703499755859376 7.408319194046867e-06
1.5713499755859375 7.323072184520609e-06
1.5723499755859376 7.270745116914407e-06
1.5733499755859375 7.592905102906627e-06
1.5743499755859376 7.323441392413707e-06
1.5753499755859375 6.414864410766944e-06
1.5763499755859376 5.002013998697733e-06
1.5773499755859375 7.987002568309904e-06
1.5783499755859376 6.605613736054443e-06
1.5793499755859375 5.6131546472806765e-06
1.5803499755859376 5.543840233305674e-06
1.5813499755859375 6.1716242173455755e-06
1.5823499755859376 5.577192648702353e-06
1.5833499755859375 7.251138089944976e-06
1.5843499755859376 4.167443561977779e-06
1.5853499755859375 3.3530610902079786e-06
1.5863499755859376 4.766744810426922e-06
1.5873499755859375 4.465638607301926e-06
1.5883499755859376 4.160510879000998e-06
1.5893499755859375 3.4775465545767026e-06
1.5903499755859376 3.91664352784633e-06
1.5913499755859375 5.845526597472301e-06
1.5923499755859376 2.9100994154951403e-06
1.5933499755859375 3.684991901583605e-06
1.5943499755859376 5.972169413119685e-06
1.5953499755859375 2.5700222981804694e-06
1.5963499755859376 5.04101992083222e-06
1.5973499755859375 4.505755350088188e-06
1.5983499755859376 2.4555840380543246e-06
1.5993499755859375 3.720513888474691e-06
1.6003499755859374 3.29390487248578e-06
1.6013499755859375 3.922788270018924e-06
1.6023499755859374 3.4753444954765663e-06
1.6033499755859375 2.9784639235596724e-06
1.6043499755859374 2.1095881249240323e-06
1.6053499755859375 4.1742628908089595e-06
1.6063499755859374 1.8006170325405077e-06
1.6073499755859375 3.3823353306127574e-06
1.6083499755859374 1.8272364432641652e-06
1.6093499755859375 4.729438423586258e-06
1.6103499755859374 1.873082574417121e-06
1.6113499755859375 4.976085149155661e-07
1.6123499755859374 1.4686816431031498e-06
1.6133499755859375 1.976039364017287e-06
1.6143499755859374 3.1151414061614747e-06
1.6153499755859375 2.187573069638538e-06
1.6163499755859374 3.4166071484182735e-06
1.6173499755859375 1.347975305514213e-06
1.6183499755859374 3.286124457351204e-06
1.6193499755859375 1.6061217567419944e-06
1.6203499755859374 2.8866624527422588e-06
1.6213499755859375 1.2789619075788584e-06
1.6223499755859374 2.980066071155195e-06
1.6233499755859375 2.8301361448748174e-06
1.6243499755859374 1.8337451028753897e-06
1.6253499755859375 3.5359317691006227e-07
1.6263499755859374 2.286403264200403e-06
1.6273499755859375 6.666482704007427e-07
1.6283499755859374 7.135951532750042e-07
1.6293499755859375 3.950903064993844e-06
1.6303499755859374 1.8987789395510903e-06
1.6313499755859375 4.8128696363280996e-06
1.6323499755859374 8.367824051416653e-07
1.6333499755859375 3.0517340899426632e-06
1.6343499755859374 2.0958659812456564e-06
1.6353499755859375 1.9345069290832383e-06
1.6363499755859374 3.948785893978416e-06
1.6373499755859375 7.582877521114574e-07
1.6383499755859374 9.370079496608692e-07
1.6393499755859375 3.2019652646381176e-06
1.6403499755859374 2.415905256670182e-06
1.6413499755859375 3.075375077277659e-06
1.6423499755859374 4.025468368236397e-06
1.6433499755859375 6.348994525674315e-07
1.6443499755859374 2.0489252525192457e-06
1.6453499755859375 3.088953560580331e-07
1.6463499755859374 2.153329360484282e-06
1.6473499755859375 8.362556061003901e-07
1.6483499755859374 3.575076916902507e-06
1.6493499755859375 1.1370335590528366e-06
1.6503499755859374 8.110066811055215e-07
1.6513499755859375 2.446206623623317e-06
1.6523499755859374 1.6750294330706582e-06
1.6533499755859375 2.0846986056390216e-06
1.6543499755859374 1.072632004776002e-06
1.6553499755859375 2.3233287003946947e-06
1.6563499755859374 1.8564992077807303e-06
1.6573499755859376 2.1936821333529647e-06
1.6583499755859374 2.8007123144415554e-06
1.6593499755859376 2.7623919432549007e-06
1.6603499755859374 3.5457032619791015e-06
1.6613499755859376 1.2925998105971337e-06
1.6623499755859374 2.6390922561079265e-06
1.6633499755859376 2.314720772274802e-06
1.6643499755859374 3.6864940979076575e-06
1.6653499755859376 4.928344159518261e-07
1.6663499755859374 2.978799763218473e-06
1.6673499755859376 2.6570161221960724e-06
1.6683499755859375 3.3716154114836543e-06
1.6693499755859376 4.0719192275948396e-07
1.6703499755859375 7.468087395840118e-07
1.6713499755859376 3.2736766099843737e-06
1.6723499755859375 5.390664456028422e-07
1.6733499755859376 1.9320383177460097e-06
1.6743499755859375 1.8753595005060326e-06
1.6753499755859376 2.5678460090486817e-06
1.6763499755859375 2.091895792982045e-06
1.6773499755859376 3.650428843896591e-06
1.6783499755859375 1.0984297468821406e-06
1.6793499755859376 3.629763271254589e-06
1.6803499755859375 4.107924346807749e-06
1.6813499755859376 3.5914346993051176e-06
1.6823499755859375 1.2697916375841528e-06
1.6833499755859376 2.4875834441849393e-06
1.6843499755859375 4.5779623254664946e-11
1.6853499755859376 1.7848203902692835e-06
1.6863499755859375 4.556056594811541e-11
1.6873499755859376 2.997165488701703e-06
1.6883499755859375 3.769546537039313e-06
1.6893499755859376 4.7092937156528437e-07
1.6903499755859375 3.4969190612012774e-06
1.6913499755859376 4.470497993562745e-06
1.6923499755859375 2.2892213352796115e-06
1.6933499755859376 2.729091218069719e-06
1.6943499755859375 2.1392509003082855e-06
1.6953499755859376 1.3976725925093945e-06
1.6963499755859375 3.1214243427974484e-06
1.6973499755859376 1.063405032822856e-06
1.6983499755859375 1.58898095180221e-06
1.6993499755859376 5.863145154597822e-07
1.7003499755859375 3.3419702254383673e-06
1.7013499755859376 1.6672005167634564e-07
1.7023499755859375 1.9340630713294825e-06
1.7033499755859376 2.7164911788620603e-06
1.7043499755859375 2.4333540025817177e-06
1.7053499755859376 2.5698858196212462e-06
1.7063499755859375 2.752443071792441e-07
1.7073499755859376 3.4079124065290893e-06
1.7083499755859375 1.163912736179231e-06
1.7093499755859376 2.214963623409579e-06
1.7103499755859375 2.065736683133919e-07
1.7113499755859376 1.999387108856635e-06
1.7123499755859375 2.4472241448101912e-06
1.7133499755859376 1.3690584497038015e-06
1.7143499755859375 2.0483819355823736e-06
1.7153499755859376 1.228812079817516e-06
1.7163499755859375 3.4932194818931057e-06
1.7173499755859376 5.265278757041798e-06
1.7183499755859375 3.5805143761692773e-06
1.7193499755859376 4.6727663839738065e-11
1.7203499755859375 4.376121921626907e-06
1.7213499755859376 3.1018200921855863e-06
1.7223499755859375 1.8373120928460904e-06
1.7233499755859376 3.0857800779842106e-06
1.7243499755859375 4.67764005304091e-11
1.7253499755859374 4.072026723817374e-06
1.7263499755859375 4.8562464107993405e-06
1.7273499755859374 2.8247183726837207e-06
1.7283499755859375 1.1841044979252547e-06
1.7293499755859374 1.9827155102313906e-06
1.7303499755859375 4.457790994700731e-06
1.7313499755859374 5.678632470933986e-07
1.7323499755859375 2.4226701826161446e-06
1.7333499755859374 1.7180143632327289e-06
1.7343499755859375 4.476458655761675e-06
1.7353499755859374 7.677985523616812e-07
1.7363499755859375 1.836379182143805e-06
1.7373499755859374 4.206450162004279e-06
1.7383499755859375 1.3740723816219267e-06
1.7393499755859374 4.3942098628027075e-06
1.7403499755859375 5.613019142129641e-06
1.7413499755859374 1.379282874642017e-06
1.7423499755859375 2.680269667787393e-06
1.7433499755859374 2.6421461351754614e-06
1.7443499755859375 1.4688833760439873e-06
1.7453499755859374 2.69075092827182e-06
1.7463499755859375 1.642331656273265e-06
1.7473499755859374 1.340866831715213e-06
1.7483499755859375 2.384745143232641e-06
1.7493499755859374 4.177812021057809e-06
1.7503499755859375 9.855506362585731e-07
1.7513499755859374 3.4990907658241854e-06
1.7523499755859375 1.56963299588929e-06
1.7533499755859374 7.945147544374119e-07
1.7543499755859375 2.9590488219062388e-06
1.7553499755859374 3.947909664789593e-06
1.7563499755859375 4.771232731969548e-06
1.7573499755859374 1.1843853632781425e-06
1.7583499755859375 5.545390868085965e-06
1.7593499755859374 2.43882798007321e-06
1.7603499755859375 3.7785170831768543e-06
1.7613499755859374 2.845233478934015e-06
1.7623499755859375 2.943140797995315e-06
1.7633499755859374 4.70227459284631e-11
1.7643499755859375 3.4322566071972278e-06
1.7653499755859374 8.769324658305616e-07
1.7663499755859375 4.880693076069388e-06
1.7673499755859374 2.0711026680079175e-06
1.7683499755859375 2.2685818586526645e-06
1.7693499755859374 1.6480095462442445e-06
1.7703499755859375 2.135161056399819e-06
1.7713499755859374 6.86982288356188e-07
1.7723499755859375 3.891103176522338e-06
1.7733499755859374 1.0686276385140365e-06
1.7743499755859375 5.484482796328099e-06
1.7753499755859374 8.664265544104642e-07
1.7763499755859375 1.3648475330088015e-06
1.7773499755859374 1.487259655939124e-06
1.7783499755859375 3.0734818514857347e-06
1.7793499755859374 1.724767908572464e-06
1.7803499755859375 1.7953810681505437e-06
1.7813499755859374 2.9582527470319792e-06
1.7823499755859376 1.8835076472640144e-06
1.7833499755859374 4.071125109849205e-06
1.7843499755859376 1.3998903404024464e-06
1.7853499755859374 6.350224517995492e-06
1.7863499755859376 3.0449051517528937e-06
1.7873499755859374 4.553928153987568e-06
1.7883499755859376 4.7337967959851546e-11
1.7893499755859374 1.7614461901320588e-06
1.7903499755859376 3.3256522430498545e-06
1.7913499755859374 2.9940931345714107e-06
1.7923499755859376 2.2045749536981937e-06
1.7933499755859375 2.782287320369847e-06
1.7943499755859376 2.3926067177772598e-06
1.7953499755859375 4.732306551810555e-06
1.7963499755859376 1.6728052985606666e-06
1.7973499755859375 3.0095333030453844e-06
1.7983499755859376 2.7704270488920456e-06
1.7993499755859375 5.934906592608252e-06
1.8003499755859376 2.4903270431164027e-06
1.8013499755859375 1.4719071040011414e-06
1.8023499755859376 7.592691105470323e-07
1.8033499755859375 2.750977137153066e-06
1.8043499755859376 1.8805797858807346e-06
1.8053499755859375 1.8047720363571046e-07
1.8063499755859376 3.820692556207732e-06
1.8073499755859375 2.6342308868431723e-06
1.8083499755859376 4.283894739377488e-06
1.8093499755859375 2.7281692320659824e-06
1.8103499755859376 1.87756278840822e-06
1.8113499755859375 3.877476608279733e-06
1.8123499755859376 7.900742892076681e-07
1.8133499755859375 2.612322055638682e-06
1.8143499755859376 3.4353994501251475e-06
1.8153499755859375 5.325125833535344e-06
1.8163499755859376 1.3326820002164996e-06
1.8173499755859375 3.65093226230496e-07
1.8183499755859376 4.346164919280456e-06
1.8193499755859375 3.4873449105455995e-06
1.8203499755859376 3.821445623716315e-06
1.8213499755859375 1.0566900725673744e-06
1.8223499755859376 3.869781347655676e-06
1.8233499755859375 3.6887975364666124e-06
1.8243499755859376 3.078842491299928e-07
1.8253499755859375 2.3213221375913512e-06
1.8263499755859376 2.2535934199705374e-06
1.8273499755859375 2.4897238560973273e-06
1.8283499755859376 1.6027755428550905e-06
1.8293499755859375 6.839712158899176e-06
1.8303499755859376 4.591759483391122e-06
1.8313499755859375 2.2090128046908416e-06
1.8323499755859376 6.681011537874987e-06
1.8333499755859375 4.771188530752063e-11
1.8343499755859376 4.140518156978608e-06
1.8353499755859375 2.8960338714365193e-06
1.8363499755859376 3.299415766206755e-06
1.8373499755859375 3.5928364739117084e-06
1.8383499755859376 5.518946334005852e-06
1.8393499755859375 4.4746474899843905e-06
1.8403499755859376 2.581462093160535e-06
1.8413499755859375 3.3594648530998365e-06
1.8423499755859376 2.335371756784748e-06
1.8433499755859375 3.4592346441549454e-06
1.8443499755859376 4.547031154228512e-06
1.8453499755859375 6.099512624046249e-06
1.8463499755859376 8.39082216134569e-06
1.8473499755859375 3.5259306009329844e-06
1.8483499755859376 3.219283665499058e-06
1.8493499755859375 4.613949273752117e-06
1.8503499755859374 1.8027889190608897e-06
1.8513499755859375 8.520960639048368e-06
1.8523499755859374 5.335745387834486e-06
1.8533499755859375 3.7985060403134014e-06
1.8543499755859374 6.436201543701487e-06
1.8553499755859375 4.0913599411261424e-06
1.8563499755859374 9.63418067413911e-06
1.8573499755859375 3.632424231999928e-07
1.8583499755859374 7.098750964823537e-06
1.8593499755859375 2.9230616368433943e-06
1.8603499755859374 5.911599979329588e-06
1.8613499755859375 2.802778069267767e-06
1.8623499755859374 7.584318677924017e-06
1.8633499755859375 9.468039049463774e-07
1.8643499755859374 5.028338247480945e-06
1.8653499755859375 7.567276982622616e-06
1.8663499755859374 2.0249475505876395e-06
1.8673499755859375 3.142466118746279e-06
1.8683499755859374 5.172791551158996e-06
1.8693499755859375 3.45451205907302e-06
1.8703499755859374 9.211799990204744e-06
1.8713499755859375 4.7646119161733326e-11
1.8723499755859374 2.5700503566518707e-06
1.8733499755859375 5.669681906200074e-06
1.8743499755859374 2.0493713032747275e-06
1.8753499755859375 5.901904361656132e-06
1.8763499755859374 6.32798858716748e-07
1.8773499755859375 2.6679582407878154e-06
1.8783499755859374 8.332263574511672e-06
1.8793499755859375 6.110206548399862e-06
1.8803499755859374 6.045635875559514e-06
1.8813499755859375 2.5263070504036174e-06
1.8823499755859374 1.931485139526618e-06
1.8833499755859375 6.901428078404557e-06
1.8843499755859374 2.0095981606537119e-07
1.8853499755859375 8.290509486925713e-06
1.8863499755859374 5.062237219129168e-06
1.8873499755859375 5.406614268194488e-06
1.8883499755859374 3.4070321989419915e-06
1.8893499755859375 7.762377562877785e-06
1.8903499755859374 3.6966701362220567e-06
1.8913499755859375 3.7771650457802323e-06
1.8923499755859374 3.1819821600695938e-06
1.8933499755859375 9.75922328182275e-07
1.8943499755859374 2.8139781394289892e-06
1.8953499755859375 4.969282784532858e-06
1.8963499755859374 5.267576029625468e-06
1.8973499755859375 8.738391546531891e-07
1.8983499755859374 4.051698992546458e-06
1.8993499755859375 6.613262683132381e-06
1.9003499755859374 5.997543930111102e-07
1.9013499755859375 1.089358145916262e-05
1.9023499755859374 6.517964818988308e-06
1.9033499755859375 4.374307791458225e-06
1.9043499755859374 4.044575211867742e-06
1.9053499755859375 8.100572900642145e-06
1.9063499755859374 7.602361431146726e-06
1.9073499755859376 1.0202676117960696e-05
1.9083499755859374 3.7601370711160314e-06
1.9093499755859376 7.95781080947261e-06
1.9103499755859374 5.157565841009503e-06
1.9113499755859376 4.010610675825128e-06
1.9123499755859374 2.059916675728085e-06
1.9133499755859376 7.893390945870356e-06
1.9143499755859374 9.013403655472459e-06
1.9153499755859376 6.900511452912375e-06
1.9163499755859374 6.4696294691887655e-06
1.9173499755859376 5.961904022781216e-06
1.9183499755859375 6.125999577125076e-06
1.9193499755859376 8.347130493699271e-06
1.9203499755859375 3.702398527754676e-06
1.9213499755859376 6.019693619885922e-06
1.9223499755859375 4.023827880783453e-06
1.9233499755859376 6.3940823498995885e-06
1.9243499755859375 1.1665911331082986e-05
1.9253499755859376 5.755775333702449e-06
1.9263499755859375 1.5034678076428657e-06
1.9273499755859376 4.825743149903115e-11
1.9283499755859375 1.0238688327409872e-05
1.9293499755859376 1.2102026159926275e-06
1.9303499755859375 1.087220342529753e-06
1.9313499755859376 6.777682363360731e-06
1.9323499755859375 6.363363187662067e-06
1.9333499755859376 4.651392291148752e-06
1.9343499755859375 7.291036408981101e-06
1.9353499755859376 7.722533735524447e-06
1.9363499755859375 3.246191543240074e-06
1.9373499755859376 8.156266973634593e-06
1.9383499755859375 1.941615435236137e-07
1.9393499755859376 8.606282998420263e-06
1.9403499755859375 1.0275924663447232e-06
1.9413499755859376 4.8423922200486306e-11
1.9423499755859375 4.372383761377367e-06
1.9433499755859376 3.0568069739238303e-06
1.9443499755859375 8.526529914213603e-06
1.9453499755859376 6.072179257591159e-06
1.9463499755859375 3.228406592993987e-06
1.9473499755859376 4.143329997625421e-06
1.9483499755859375 4.360856169119225e-06
1.9493499755859376 3.329611801671262e-06
1.9503499755859375 1.2622430173525303e-06
1.9513499755859376 7.178477067581691e-06
1.9523499755859375 4.841605598222263e-11
1.9533499755859376 8.405338063830788e-06
1.9543499755859375 4.338304655108082e-06
1.9553499755859376 5.1119483668593476e-06
1.9563499755859375 1.1042195858708775e-06
1.9573499755859376 4.8132630149205526e-11
1.9583499755859375 9.989571281740039e-06
1.9593499755859376 7.37680656421951e-06
1.9603499755859375 5.290731226114447e-06
1.9613499755859376 3.2700687475359568e-06
1.9623499755859375 5.258320358586412e-06
1.9633499755859376 6.017995952504754e-06
1.9643499755859375 6.840096534789474e-07
1.9653499755859376 4.417475561339347e-06
1.9663499755859375 5.937774011889861e-06
1.9673499755859376 5.317388885064254e-06
1.9683499755859375 4.402220075733959e-06
1.9693499755859376 7.08651839120334e-06
1.9703499755859375 3.2880554415274643e-06
1.9713499755859376 4.604361875178337e-06
1.9723499755859375 3.4156061976483655e-06
1.9733499755859376 1.8800849609438974e-06
1.9743499755859375 2.208020472228102e-06
1.9753499755859374 4.597593693936014e-06
1.9763499755859375 9.873754965008975e-06
1.9773499755859374 6.607109616831561e-06
1.9783499755859375 6.323653352721538e-06
1.9793499755859374 8.30652367336292e-06
1.9803499755859375 2.9021585568461643e-06
1.9813499755859374 6.524573416368918e-06
1.9823499755859375 1.4531995678758494e-06
1.9833499755859374 6.5977664134688215e-06
1.9843499755859375 1.1746476429234335e-05
1.9853499755859374 1.1510672909283678e-06
1.9863499755859375 6.439057983825537e-06
1.9873499755859374 5.197716436632505e-09
1.9883499755859375 6.457063777666597e-06
1.9893499755859374 3.737608019705948e-06
1.9903499755859375 2.6380983037013476e-06
1.9913499755859374 5.854684636979628e-06
1.9923499755859375 3.950635397718807e-06
1.9933499755859374 1.0157485059204472e-05
1.9943499755859375 4.455389893433861e-06
1.9953499755859374 8.104265823516227e-06
1.9963499755859375 2.7601340791800615e-06
1.9973499755859374 3.292807886936023e-06
1.9983499755859375 3.9978074455314605e-06
1.9993499755859374 9.506463114423204e-06
2.0003499755859373 4.047693234238669e-06
2.0013499755859376 2.104514652442724e-06
2.0023499755859375 4.089716921649865e-06
2.0033499755859374 7.164844371179431e-06
2.0043499755859373 3.7669436394106995e-06
2.0053499755859376 5.6462398002626274e-06
2.0063499755859375 6.624099308535239e-06
2.0073499755859374 1.0107156993940009e-05
2.0083499755859373 4.531758649485844e-06
2.0093499755859376 3.428700596703896e-06
2.0103499755859375 6.29422960302841e-06
2.0113499755859374 7.924758939158476e-06
2.0123499755859373 3.1221839147209307e-06
2.0133499755859376 6.004949691204744e-06
2.0143499755859375 1.2224707975524239e-06
2.0153499755859374 7.683828336805995e-06
2.0163499755859373 6.8616124826963575e-06
2.0173499755859376 6.8150227242899375e-06
2.0183499755859375 2.428953600880301e-06
2.0193499755859374 9.154213274586616e-06
2.0203499755859373 5.923499034415724e-06
2.0213499755859377 7.90768093653702e-06
2.0223499755859375 7.07099721280135e-06
2.0233499755859374 1.044419732038367e-05
2.0243499755859373 7.975706817682116e-06
2.0253499755859377 6.211408036153211e-06
2.0263499755859375 1.431056900646565e-05
2.0273499755859374 1.0699522945415817e-05
2.0283499755859373 1.1852112272021794e-05
2.0293499755859377 1.94543455956259e-06
2.0303499755859375 3.097971001130256e-06
2.0313499755859374 5.46550052107185e-06
2.0323499755859373 9.12591779056204e-06
2.0333499755859377 6.273394160224922e-06
2.0343499755859376 1.7063330153582887e-06
2.0353499755859374 2.511255793476044e-06
2.0363499755859373 4.906269580626432e-11
2.0373499755859377 1.5129905810566343e-05
2.0383499755859376 9.774493036960959e-06
2.0393499755859374 8.154729166557975e-06
2.0403499755859373 1.0047093608577965e-05
2.0413499755859377 5.903004100611286e-06
2.0423499755859376 3.360551630687123e-06
2.0433499755859375 4.500342857586556e-06
2.0443499755859373 1.4471433542923291e-05
2.0453499755859377 3.313446140223301e-06
2.0463499755859376 1.0032401996599249e-05
2.0473499755859375 4.643943005875484e-06
2.04835009765625 1.6223125634415008e-05
2.04935009765625 2.3157984456871e-06
2.05035009765625 3.4210834645446963e-06
2.05135009765625 2.987935889311451e-06
2.05235009765625 8.113474882190068e-06
2.05335009765625 4.165762322414813e-06
2.05435009765625 1.5646326859454697e-06
2.05535009765625 8.879398959835137e-06
2.05635009765625 2.433402763952906e-06
2.05735009765625 8.920639169129883e-06
2.05835009765625 4.4283198864369055e-06
2.05935009765625 5.842122375286955e-06
2.06035009765625 8.950723892914633e-06
2.06135009765625 5.487608411006449e-06
2.06235009765625 1.9864484395378606e-06
2.06335009765625 1.4680745093336276e-05
2.06435009765625 7.253579748789732e-06
2.06535009765625 2.5377261120203357e-06
2.06635009765625 8.813396447684836e-06
2.06735009765625 5.881219634518551e-06
2.06835009765625 7.137696134386891e-06
2.06935009765625 6.866538803577636e-06
2.07035009765625 4.798967342523021e-06
2.07135009765625 1.738362244099027e-06
2.07235009765625 3.326779320573023e-06
2.07335009765625 4.284978122726257e-06
2.07435009765625 1.065299159361684e-05
2.07535009765625 1.3643525963773048e-05
2.07635009765625 3.3939843855976e-06
2.07735009765625 5.133343168133997e-06
2.07835009765625 6.930449870631696e-06
2.07935009765625 1.0795464299711507e-05
2.08035009765625 4.943765128735842e-11
2.08135009765625 7.087458199235728e-06
2.08235009765625 4.257974120189346e-06
2.08335009765625 6.203176231772496e-06
2.08435009765625 1.7833646361054086e-06
2.08535009765625 1.204340602061887e-05
2.08635009765625 5.37825675218716e-06
2.08735009765625 5.844794828150912e-07
2.08835009765625 9.214158647106654e-06
2.08935009765625 1.2912165081026915e-05
2.09035009765625 2.351946236203408e-06
2.09135009765625 1.0814264188939792e-05
2.09235009765625 3.5717397934501166e-06
2.09335009765625 4.531280561463143e-06
2.09435009765625 1.1291256959813283e-05
2.09535009765625 5.9205947270357684e-08
2.09635009765625 7.4318705506437485e-06
2.09735009765625 7.106286100309747e-06
2.09835009765625 7.300527344229736e-06
2.09935009765625 9.6203427455363e-06
2.10035009765625 6.0503290117808346e-06
2.10135009765625 3.821433363956968e-06
2.10235009765625 5.391212214441142e-06
2.10335009765625 2.9409929930165995e-06
2.10435009765625 9.589377508586697e-06
2.10535009765625 1.7169822943864662e-05
2.10635009765625 4.8946278331233884e-11
2.10735009765625 1.2322714736297015e-05
2.10835009765625 7.810322545162713e-06
2.10935009765625 9.854798292532827e-06
2.11035009765625 5.407262088331033e-06
2.11135009765625 1.04854992091772e-05
2.11235009765625 7.718473867336239e-06
2.11335009765625 8.797483183311213e-06
2.11435009765625 3.6634198346091608e-06
2.11535009765625 1.210448872835915e-05
2.11635009765625 7.987550056094185e-06
2.11735009765625 8.011901764669757e-06
2.11835009765625 7.5575586207844056e-06
2.11935009765625 8.48941320918376e-06
2.12035009765625 9.817748306855523e-07
2.12135009765625 1.0062918526932179e-05
2.12235009765625 6.559407340638568e-06
2.12335009765625 3.0740288369126553e-06
2.12435009765625 3.825624266812127e-06
2.12535009765625 4.7591759266609717e-07
2.12635009765625 1.2695739490775907e-05
2.12735009765625 6.803223885866984e-07
2.12835009765625 1.5063079641175744e-05
2.12935009765625 9.066743001276736e-06
2.13035009765625 6.792465709657364e-06
2.13135009765625 1.914421544694943e-05
2.13235009765625 9.422651153549121e-06
2.13335009765625 4.9488092625601957e-11
2.13435009765625 6.7541608339089055e-06
2.13535009765625 1.2389829451624766e-05
2.13635009765625 1.2341800133541828e-05
2.13735009765625 5.842386767708419e-07
2.13835009765625 1.3152060191233378e-05
2.13935009765625 4.558477984738488e-06
2.14035009765625 1.1981288021613038e-06
2.14135009765625 1.2964307098449795e-05
2.14235009765625 8.621228245906087e-06
2.14335009765625 1.9882123950626496e-06
2.14435009765625 8.220047865319836e-06
2.14535009765625 1.3038994977469608e-05
2.14635009765625 7.359043255752897e-06
2.14735009765625 8.708884196363264e-06
2.14835009765625 5.949935451820458e-06
2.14935009765625 6.689857719652777e-06
2.15035009765625 5.452521991776406e-06
2.15135009765625 5.5762234912686355e-06
2.15235009765625 8.813463517257468e-06
2.15335009765625 1.521293079962598e-05
2.15435009765625 3.3531554571947808e-06
2.15535009765625 6.196084522745573e-06
2.15635009765625 5.731936783818521e-06
2.15735009765625 8.09632491533697e-06
2.15835009765625 1.165908680273111e-06
2.15935009765625 1.159755436022945e-05
2.16035009765625 8.009583180430947e-08
2.16135009765625 1.1402765171605148e-05
2.16235009765625 4.181778088505459e-06
2.16335009765625 1.2489319814993675e-05
2.16435009765625 3.4641022083586007e-06
2.16535009765625 3.6367935005519794e-06
2.16635009765625 3.048236909634295e-06
2.16735009765625 1.1067234515796195e-05
2.16835009765625 4.355495573439972e-06
2.16935009765625 4.46414019304545e-06
2.17035009765625 2.699806396896441e-06
2.17135009765625 4.504953256636322e-06
2.17235009765625 5.723591112874815e-06
2.17335009765625 7.565740675400457e-06
2.17435009765625 1.1575132998399407e-05
2.17535009765625 2.0695014094512638e-06
2.17635009765625 1.3287661093327628e-05
2.17735009765625 6.7488911637118026e-06
2.17835009765625 1.8163391493106018e-06
2.17935009765625 8.486943258163282e-06
2.18035009765625 5.5851715062979465e-06
2.18135009765625 8.872227425322599e-06
2.18235009765625 7.6855272374818e-06
2.18335009765625 6.369810195199585e-06
2.18435009765625 3.297559422739157e-06
2.18535009765625 1.297533993530887e-05
2.18635009765625 9.243365077480905e-07
2.18735009765625 1.2022908256873067e-05
2.18835009765625 3.0089389328635275e-06
2.18935009765625 5.366393483822424e-06
2.19035009765625 5.763895433611906e-06
2.19135009765625 4.998368983702679e-11
2.19235009765625 3.590870093665948e-06
2.19335009765625 6.288863908094872e-06
2.19435009765625 1.1191718717012442e-05
2.19535009765625 5.152123591756565e-06
2.19635009765625 1.8857998202408616e-06
2.19735009765625 3.939278832159915e-06
2.19835009765625 6.2721005248371644e-06
2.19935009765625 1.1387993417601882e-05
2.20035009765625 1.980902252469639e-06
2.20135009765625 6.460330784834527e-06
2.20235009765625 1.4022984110950903e-05
2.20335009765625 7.415583436934448e-06
2.20435009765625 1.3090673371767805e-05
2.20535009765625 4.043983023626913e-06
2.20635009765625 7.249819616297088e-06
2.20735009765625 4.617989135550598e-06
2.20835009765625 1.776311626884422e-05
2.20935009765625 3.823472050252281e-07
2.21035009765625 6.128877651769364e-06
2.21135009765625 1.6211692084386055e-05
2.21235009765625 5.917147601558954e-06
2.21335009765625 5.511391359535856e-06
2.21435009765625 1.7203550736671028e-05
2.21535009765625 4.973806905378002e-06
2.21635009765625 1.1509169508709933e-05
2.21735009765625 8.724999851517427e-06
2.21835009765625 1.2718950707282694e-05
2.21935009765625 4.878748670308672e-11
2.22035009765625 1.2103713303180157e-05
2.22135009765625 1.1315306553172277e-05
2.22235009765625 1.405344412667215e-05
2.22335009765625 1.11196351874917e-05
2.22435009765625 1.1022759397438145e-05
2.22535009765625 2.2022262448183606e-06
2.22635009765625 7.240697474184328e-06
2.22735009765625 8.18766630753684e-06
2.22835009765625 2.025137301514831e-05
2.22935009765625 1.13818884520758e-05
2.23035009765625 1.5183481514000908e-05
2.23135009765625 1.690944935908897e-05
2.23235009765625 9.967269358682799e-06
2.23335009765625 7.562544444237823e-06
2.23435009765625 1.456670754738214e-06
2.23535009765625 1.4048621593408903e-05
2.23635009765625 1.304938025538641e-05
2.23735009765625 6.097572325905611e-06
2.23835009765625 2.672388191560108e-07
2.23935009765625 4.9180639479582186e-11
2.24035009765625 7.2730251395941685e-06
2.24135009765625 4.67544811236143e-06
2.24235009765625 1.2239144892788669e-05
2.24335009765625 1.6441940206653436e-05
2.24435009765625 2.880652814859377e-06
2.24535009765625 1.6288717517644557e-05
2.24635009765625 2.908067486183792e-06
2.24735009765625 9.840536475433558e-06
2.24835009765625 4.051403375015553e-06
2.24935009765625 6.123688685737603e-06
2.25035009765625 2.51364703628241e-05
2.25135009765625 1.2673906425516648e-05
2.25235009765625 1.4283439866892246e-05
2.25335009765625 9.042584912227215e-06
2.25435009765625 1.2255622770741823e-05
2.25535009765625 2.5720034405266282e-06
2.25635009765625 1.0057305899475852e-05
2.25735009765625 8.95840582507616e-06
2.25835009765625 1.7800268043617618e-06
2.25935009765625 1.5025171518166827e-05
2.26035009765625 7.444038889351626e-06
2.26135009765625 3.796024943436837e-07
2.26235009765625 6.9433636095645025e-06
2.26335009765625 2.5643442817839253e-05
2.26435009765625 4.113181256271446e-06
2.26535009765625 1.239902598560428e-05
2.26635009765625 9.629609431026586e-06
2.26735009765625 1.4902692425517557e-05
2.26835009765625 1.4905980680747037e-05
2.26935009765625 1.4226791689753586e-07
2.27035009765625 2.4810287738981216e-05
2.27135009765625 2.236101412405262e-06
2.27235009765625 5.387733559286535e-06
2.27335009765625 1.9068183712919444e-05
2.27435009765625 7.76373668810708e-06
2.27535009765625 7.831017545658416e-06
2.27635009765625 7.253395664373038e-06
2.27735009765625 7.318803298171749e-06
2.27835009765625 3.6789151213587533e-06
2.27935009765625 6.65181127233499e-06
2.28035009765625 1.5174777538377399e-05
2.28135009765625 6.753364661328178e-06
2.28235009765625 4.41850680734487e-06
2.28335009765625 8.718508717729095e-06
2.28435009765625 9.42537339653104e-06
2.28535009765625 2.047928681703992e-06
2.28635009765625 8.35875038168879e-06
2.28735009765625 2.754958546830863e-06
2.28835009765625 1.3811285448591276e-05
2.28935009765625 6.048203600291764e-07
2.29035009765625 2.2157026284115958e-06
2.29135009765625 8.228940133555886e-06
2.29235009765625 1.399674659490567e-05
2.29335009765625 2.199922948531658e-06
2.29435009765625 4.686097559748383e-06
2.29535009765625 3.912838324524242e-06
2.29635009765625 1.1729551589038881e-06
2.29735009765625 9.625296065718066e-06
2.29835009765625 4.427849688061017e-06
2.29935009765625 2.1265432763546973e-06
2.30035009765625 4.9088701813501624e-06
2.30135009765625 1.1665764447781498e-06
2.30235009765625 3.142953056715321e-06
2.30335009765625 4.3300048110120616e-06
2.30435009765625 9.872296815339605e-07
2.30535009765625 4.684485032251928e-06
2.30635009765625 1.5943742648334268e-06
2.30735009765625 6.01249758238702e-06
2.30835009765625 4.459711594916163e-06
2.30935009765625 3.4908904370012623e-06
2.31035009765625 2.992431893596717e-06
2.31135009765625 5.3986670877302e-06
2.31235009765625 4.5616412491555505e-06
2.31335009765625 4.0832470661799144e-06
2.31435009765625 4.947891450443648e-06
2.31535009765625 9.931687240773901e-07
2.31635009765625 4.854374383138417e-07
2.31735009765625 1.043870593936095e-06
2.31835009765625 1.8908142176461188e-06
2.31935009765625 9.074615859138867e-07
2.32035009765625 1.3772179278769808e-07
2.32135009765625 2.0078559754325e-06
2.32235009765625 4.017935470443151e-06
2.32335009765625 5.256472414691957e-07
2.32435009765625 1.2785187938902113e-06
2.32535009765625 3.146433380045885e-06
2.32635009765625 2.1289679026100942e-06
2.32735009765625 1.3273489701465788e-06
2.32835009765625 7.70865169101457e-07
2.32935009765625 1.9836073559468287e-06
2.33035009765625 1.6099985333505913e-06
2.33135009765625 4.3263126288500644e-07
2.33235009765625 1.9784789987327877e-06
2.33335009765625 1.398364869691381e-06
2.33435009765625 2.4872784454888208e-11
2.33535009765625 2.833754546517496e-06
2.33635009765625 1.0972290861364716e-07
2.33735009765625 8.933495805933791e-07
2.33835009765625 1.9000615817359847e-06
2.33935009765625 2.398375206567978e-06
2.34035009765625 1.6697752011563452e-06
2.34135009765625 6.093465490962693e-07
2.34235009765625 1.3372076572401934e-06
2.34335009765625 5.415845256651456e-07
2.34435009765625 1.2288997622035602e-06
2.34535009765625 2.182253735478313e-06
2.34635009765625 1.2285843200844135e-06
2.34735009765625 1.214939515895497e-06
2.34835009765625 8.082344346384871e-07
2.34935009765625 1.695520256881778e-06
2.35035009765625 1.4846651202139883e-06
2.35135009765625 1.4660157159202924e-06
2.35235009765625 5.122886002682738e-07
2.35335009765625 9.165731222160817e-07
2.35435009765625 2.693222752215621e-07
2.35535009765625 5.567316619016022e-07
2.35635009765625 1.1529708780330686e-06
2.35735009765625 8.887722260187802e-07
2.35835009765625 5.283316295898321e-07
2.35935009765625 2.7971170422021633e-07
2.36035009765625 7.527834209622628e-07
2.36135009765625 8.045772933946144e-07
2.36235009765625 4.867749690803108e-07
2.36335009765625 3.413248103324117e-07
2.36435009765625 4.601295663688603e-07
2.36535009765625 9.406945919688685e-07
2.36635009765625 4.00622431299603e-07
2.36735009765625 1.1493535447902939e-08
2.36835009765625 5.96942783815653e-12
2.36935009765625 2.0146580142149773e-07
2.37035009765625 8.145426237427162e-07
2.37135009765625 1.4988211768304884e-07
2.37235009765625 2.83694677633433e-07
2.37335009765625 3.4222211458508906e-07
2.37435009765625 2.003853006840534e-07
2.37535009765625 9.796846562790621e-09
2.37635009765625 2.188960523455709e-08
2.37735009765625 1.6023787924307164e-07
2.37835009765625 2.966315858662456e-07
2.37935009765625 4.725397227945338e-08
2.38035009765625 5.610453569121909e-08
2.38135009765625 7.983160592334758e-08
2.38235009765625 2.7512470851149347e-07
2.38335009765625 4.464200447180495e-08
2.38435009765625 2.917175907859295e-08
2.38535009765625 7.577333235766326e-08
2.38635009765625 1.1140470246485579e-07
2.38735009765625 2.8693427911646786e-08
2.38835009765625 1.2780425402052932e-07
2.38935009765625 7.115231631090962e-08
2.39035009765625 6.377882019910323e-08
2.39135009765625 4.5690406170389655e-08
2.39235009765625 8.70895593450931e-09
2.39335009765625 5.99230910824661e-13
2.39435009765625 4.948318939831364e-08
2.39535009765625 1.3003604899338418e-07
2.39635009765625 4.615919880835136e-13
2.39735009765625 7.867014294315568e-09
2.39835009765625 5.001197598323899e-08
2.39935009765625 1.3486113706271962e-08
2.40035009765625 8.187502180211351e-10
2.40135009765625 7.645472408350637e-08
2.40235009765625 2.789050385612081e-08
2.40335009765625 6.640369723013581e-08
2.40435009765625 1.2506947866871291e-08
2.40535009765625 2.720907277178378e-08
2.40635009765625 3.0281543670985126e-08
2.40735009765625 1.6081990567445147e-08
2.40835009765625 5.467698790426251e-09
2.40935009765625 1.7335917159492943e-08
2.41035009765625 1.4593057520314665e-08
2.41135009765625 4.146544752981839e-09
2.41235009765625 7.838757261046322e-09
2.41335009765625 3.2638492150181165e-09
2.41435009765625 5.857910463857946e-09
2.41535009765625 7.722885384937654e-09
2.41635009765625 5.418962766181258e-09
2.41735009765625 3.947330727108193e-09
2.41835009765625 8.152387984064866e-10
2.41935009765625 4.89199423017043e-09
2.42035009765625 3.49980327919769e-10
2.42135009765625 3.7564114148766335e-09
2.42235009765625 2.4317440157491005e-09
2.42335009765625 3.868758828824029e-09
2.42435009765625 6.048709009650138e-10
2.42535009765625 1.4815153510379727e-09
2.42635009765625 1.7949203286835213e-10
2.42735009765625 1.8711619781651675e-09
2.42835009765625 5.944693425725717e-10
2.42935009765625 8.641673362781175e-10
2.43035009765625 1.8434536586424664e-09
2.43135009765625 7.351608916288076e-10
2.43235009765625 5.263625184884211e-10
2.43335009765625 4.616148587917605e-10
2.43435009765625 8.916517559696314e-10
2.43535009765625 9.349828129575838e-10
2.43635009765625 9.709985456004687e-10
2.43735009765625 1.0699091230090189e-09
2.43835009765625 8.89257108635132e-10
2.43935009765625 6.632474957606325e-10
2.44035009765625 4.4496952146461174e-11
2.44135009765625 7.693108511294451e-10
2.44235009765625 7.42939825881292e-10
2.44335009765625 5.131863474487184e-10
2.44435009765625 3.303525520914307e-10
2.44535009765625 2.527998556552561e-10
2.44635009765625 4.511968167087617e-11
2.44735009765625 4.70901691014603e-10
2.44835009765625 2.2494512403989457e-10
2.44935009765625 1.3186841705602018e-10
2.45035009765625 1.8264479348918187e-10
2.45135009765625 2.8089673221572424e-10
2.45235009765625 5.176363602278107e-11
2.45335009765625 2.438460200670915e-10
2.45435009765625 1.5855954520440993e-10
2.45535009765625 2.0810246150645708e-10
2.45635009765625 1.5227990765274871e-10
2.45735009765625 7.050207015222727e-12
2.45835009765625 3.6825534047497147e-16
2.45935009765625 8.724180555652301e-11
2.46035009765625 5.1063394158873456e-11
2.46135009765625 9.965176154457516e-11
2.46235009765625 5.966118168601815e-11
2.46335009765625 9.371056954676782e-11
2.46435009765625 2.207765478838331e-11
2.46535009765625 4.380329578024402e-11
2.46635009765625 2.8111152160366762e-11
2.46735009765625 2.0093141610329518e-11
2.46835009765625 3.5503392140410684e-11
2.46935009765625 8.2340407093037e-12
2.47035009765625 1.4118101488890371e-11
2.47135009765625 1.0872845593787232e-11
2.47235009765625 2.6741457881078122e-11
2.47335009765625 1.30425498056908e-11
2.47435009765625 3.9322302805453933e-17
2.47535009765625 8.567301145950366e-12
2.47635009765625 1.189595070408031e-12
2.47735009765625 1.127385083361988e-11
2.47835009765625 5.0953500949460304e-12
2.47935009765625 8.627160608709715e-12
2.48035009765625 3.885786918658829e-12
2.48135009765625 1.536166399800294e-17
2.48235009765625 2.460853088001017e-12
2.48335009765625 2.238207546673726e-12
2.48435009765625 1.7937090227397107e-12
2.48535009765625 6.014099505556094e-12
2.48635009765625 6.310009939065001e-12
2.48735009765625 2.6853182873633895e-12
2.48835009765625 2.630517270345303e-12
2.48935009765625 3.270417548635359e-13
2.49035009765625 1.1132634486970934e-12
2.49135009765625 2.0362042531067277e-13
2.49235009765625 5.299410673936993e-13
2.49335009765625 5.939755215967004e-13
2.49435009765625 4.026835040748451e-13
2.49535009765625 9.809419924789806e-13
2.49635009765625 1.043476144669947e-12
2.49735009765625 1.5556838253778219e-12
2.49835009765625 3.255646482715178e-13
2.49935009765625 6.181435917045093e-13
2.50035009765625 9.106836103773077e-13
2.50135009765625 7.55068130859672e-13
2.50235009765625 5.560474514939269e-13
2.50335009765625 4.614959589396964e-13
2.50435009765625 7.845221012189383e-14
2.50535009765625 1.5713715410857895e-12
2.50635009765625 1.6669116813492961e-18
2.50735009765625 4.972475761647866e-13
2.50835009765625 1.6021516555780857e-13
2.50935009765625 9.42137997161927e-14
2.51035009765625 5.729758939878671e-13
2.51135009765625 1.2261671853045641e-12
2.51235009765625 3.113241793459484e-13
2.51335009765625 2.178553300751137e-13
2.51435009765625 4.637930405477448e-14
2.51535009765625 5.4669085789353466e-14
2.51635009765625 1.896782695891907e-13
2.51735009765625 3.519669010715116e-13
2.51835009765625 1.261266612939501e-13
2.51935009765625 3.2425016382156704e-13
2.52035009765625 1.848520379280697e-13
2.52135009765625 1.2075713744450816e-13
2.52235009765625 4.8548337175224855e-15
2.52335009765625 1.332700063430917e-13
2.52435009765625 3.2049582164927795e-13
2.52535009765625 1.4822527623573333e-13
2.52635009765625 1.0040149955536312e-13
2.52735009765625 2.645960766151757e-13
2.52835009765625 5.086546595464516e-13
2.52935009765625 3.382908801541086e-19
2.53035009765625 2.036841952762307e-13
2.53135009765625 1.5719149872638245e-13
2.53235009765625 1.9292610243074282e-13
2.53335009765625 2.4865200683921644e-19
2.53435009765625 2.381721932282692e-13
2.53535009765625 3.481316898583506e-14
2.53635009765625 2.209698376092298e-13
2.53735009765625 7.720736308792039e-14
2.53835009765625 9.809873400506923e-14
2.53935009765625 1.884716436935851e-13
2.54035009765625 9.03244103504145e-14
2.54135009765625 9.783105817410793e-14
2.54235009765625 1.0326763254150801e-13
2.54335009765625 5.206658199822903e-14
2.54435009765625 5.6273643413949614e-14
2.54535009765625 4.423196716111788e-15
2.54635009765625 7.923943946466601e-14
2.54735009765625 3.4902586723734805e-14
2.54835009765625 3.4635857722673455e-14
2.54935009765625 1.1924269863242434e-14
2.55035009765625 3.609376313360072e-14
2.55135009765625 3.0322224542314074e-14
2.55235009765625 3.4868517854162056e-14
2.55335009765625 4.8981916086684996e-14
2.55435009765625 2.906127188150575e-14
2.55535009765625 1.9526640255299994e-14
2.55635009765625 4.5005698297695873e-14
2.55735009765625 1.8024074003978292e-14
2.55835009765625 2.4871584312043673e-14
2.55935009765625 2.874944654506275e-14
2.56035009765625 1.8635801832623032e-14
2.56135009765625 2.545397066520344e-15
2.56235009765625 9.185545975161044e-15
2.56335009765625 5.858780207058447e-15
2.56435009765625 2.8795994849387163e-14
2.56535009765625 1.6408835199305475e-14
2.56635009765625 1.44824725325382e-14
2.56735009765625 8.581034349768957e-15
2.56835009765625 1.3310836605889791e-14
2.56935009765625 2.087048111981396e-15
2.57035009765625 9.929308886955355e-15
2.57135009765625 6.28267992174555e-15
2.57235009765625 6.142448605943646e-15
2.57335009765625 1.5446823524195962e-15
2.57435009765625 5.0292789406321195e-15
2.57535009765625 2.8305498802568115e-15
2.57635009765625 5.4963586543099616e-15
2.57735009765625 3.9388942970575035e-15
2.57835009765625 5.360652821684606e-15
2.57935009765625 1.753336129579729e-15
2.58035009765625 6.501870295964069e-15
2.58135009765625 3.6861951731530745e-16
2.58235009765625 1.523811078442038e-15
2.58335009765625 1.4289347784259752e-15
2.58435009765625 2.987124202979119e-15
2.58535009765625 1.402987429768204e-15
2.58635009765625 2.2698921055533393e-15
2.58735009765625 2.673184257077824e-15
2.58835009765625 9.20686232874645e-16
2.58935009765625 1.3280049121798796e-15
2.59035009765625 8.289193525507079e-16
2.59135009765625 2.5544609568290165e-16
2.59235009765625 1.432867304266375e-15
2.59335009765625 1.539406424805927e-15
2.59435009765625 1.1214985916879547e-15
2.59535009765625 1.8971710085204238e-15
2.59635009765625 1.1098541610682154e-16
2.59735009765625 8.075665677469571e-16
2.59835009765625 5.498010830303609e-16
2.59935009765625 7.233958575173814e-16
2.60035009765625 5.861506404762481e-16
