Wavelength_microns Throughput
2.0004663860000003 5.070449575383511e-12
2.002074478 5.719956753000302e-12
2.00368257 6.290472607332232e-12
2.005290662 4.729815834862839e-12
2.006898754 3.784455292459281e-12
2.008506846 3.562137349645375e-12
2.010114938 3.1753831662754914e-12
2.01172303 2.4336526620028594e-12
2.013331122 2.170652037041064e-12
2.014939214 2.0393376898956487e-12
2.016547306 2.1031989959109267e-12
2.018155398 2.5490716975265865e-12
2.01976349 2.7985907459278744e-12
2.021371582 2.4244302508290653e-12
2.022979674 2.2973450045744187e-12
2.0245877660000002 2.42901389926368e-12
2.026195858 1.907690964538156e-12
2.027803949 1.5901971200593306e-12
2.029412041 1.7256066116742617e-12
2.031020133 2.3824075389539936e-12
2.032628225 2.502324918138869e-12
2.034236317 1.993114425185979e-12
2.035844409 1.5948947284672018e-12
2.037452501 1.3568064465372478e-12
2.039060593 1.3200865055813683e-12
2.040668685 1.417222960090464e-12
2.042276777 1.5210677233266041e-12
2.0438848689999998 1.679157522981402e-12
2.045492961 1.8372130375904423e-12
2.047101053 2.1480772117679927e-12
2.0487091449999997 1.9049159881281165e-12
2.0503172370000002 1.445661778672423e-12
2.0519253290000004 1.3411365062348342e-12
2.053533421 1.5536598955793178e-12
2.055141513 2.0615160848169366e-13
2.056749605 8.294582545025245e-15
2.058357697 1.0192503780451018e-14
2.059965788 1.4952679713436026e-13
2.06157388 4.283897403598306e-13
2.0631819719999998 6.184337360838677e-13
2.064790064 8.650960253127811e-13
2.066398156 1.1711034254436942e-12
2.068006248 1.76410406436178e-12
2.06961434 2.376990178422229e-12
2.071222432 2.079297179795188e-12
2.072830524 1.2314032194053262e-12
2.074438616 2.0473898783550055e-12
2.076046708 3.851838172794534e-12
2.0776548 4.545755875346045e-12
2.079262892 2.358872906211046e-12
2.080870984 1.7242226402660815e-12
2.0824790760000003 2.6553820182158264e-12
2.084087168 4.953603484218731e-12
2.08569526 4.65727205817634e-12
2.0873033519999997 4.5553715547702604e-12
2.088911444 4.568655304957399e-12
2.090519536 6.549069379167979e-12
2.092127627 9.717076683038037e-12
2.0937357189999997 1.4725614309542833e-11
2.0953438110000002 1.5332715957738103e-11
2.0969519030000003 1.5563155245367772e-11
2.098559995 2.2357822806761637e-11
2.100168087 3.579920233008076e-11
2.101776179 2.7769003446331017e-11
2.103384271 1.942033805566123e-11
2.104992363 1.848780987553766e-11
2.1066004549999997 2.1936031812173602e-11
2.1082085470000003 2.389484221440876e-11
2.109816639 2.681994955760091e-11
2.111424731 3.2376286406253806e-11
2.113032823 3.101134834411571e-11
2.114640915 3.734776439149701e-11
2.116249007 3.3250822075293305e-11
2.1178570989999996 2.8864427719381302e-11
2.1194651909999997 2.7497664616492784e-11
2.1210732830000003 2.5866511829749356e-11
2.122681375 3.4871252185138425e-11
2.124289466 5.658966327503041e-11
2.125897558 4.603714949150224e-11
2.1275056500000002 3.0806521922297526e-11
2.129113742 3.136306258321958e-11
2.130721834 4.885223754936115e-11
2.1323299259999997 7.868134265605869e-11
2.133938018 6.581191488557417e-11
2.1355461100000004 5.8194948532705576e-11
2.137154202 7.014463290264424e-11
2.138762294 8.454349381436868e-11
2.140370386 6.636722054134395e-11
2.141978478 6.370980345071856e-11
2.14358657 5.916145652050314e-11
2.1451946619999998 5.396700314927092e-11
2.146802754 4.1990750431457164e-11
2.1484108460000004 3.058914249460449e-11
2.150018938 3.698323283534447e-11
2.15162703 2.4562706295596247e-11
2.153235122 2.1832233448171675e-11
2.154843214 3.816101493039944e-11
2.156451305 1.046486832167527e-10
2.158059397 6.281244298639974e-11
2.159667489 4.3145541995601376e-11
2.161275581 5.081530055513372e-11
2.1628836729999996 7.796739425890776e-11
2.164491765 1.014066055276361e-10
2.1660998570000003 1.1310028916548991e-10
2.167707949 1.5037325709189633e-10
2.169316041 1.548526607263238e-10
2.170924133 1.6411937022815366e-10
2.172532225 1.964158932122113e-10
2.174140317 2.42551611295945e-10
2.1757484089999997 2.280690726593566e-10
2.177356501 1.8683529461411097e-10
2.1789645930000003 1.6810592403845524e-10
2.180572685 1.729776460032385e-10
2.182180777 1.570343160708315e-10
2.183788869 5.591694891530671e-11
2.185396961 3.135134794285711e-11
2.187005053 3.6986388156057376e-11
2.1886131449999997 7.589393836591984e-11
2.1902212359999997 1.4344887506805417e-10
2.191829328 1.5102640476549415e-10
2.1934374200000004 1.7803686756169417e-10
2.195045512 1.8273867294146863e-10
2.196653604 1.8990205870710407e-10
2.198261696 2.1768950494189404e-10
2.199869788 2.535183387764953e-10
2.20147788 2.6838771212729954e-10
2.203085972 2.6339501494748847e-10
2.204694064 2.772608427072214e-10
2.206302156 3.5998955475320927e-10
2.207910248 4.702436405039218e-10
2.2095183400000002 4.624552319317334e-10
2.211126432 4.4384734232498034e-10
2.212734524 4.731361835672943e-10
2.2143426159999997 5.700727210060494e-10
2.215950708 8.462376260522098e-10
2.2175588 8.704181447001474e-10
2.219166892 9.737988619338076e-10
2.220774984 1.3785176471526526e-09
2.222383075 2.0147691174260677e-09
2.2239911670000003 2.847045178074018e-09
2.225599259 3.82753666075356e-09
2.227207351 4.863932951562027e-09
2.228815443 4.859664283323868e-09
2.230423535 4.7651241395026635e-09
2.232031627 4.807470211526076e-09
2.2336397189999997 5.165512097748013e-09
2.2352478110000003 4.733137137880157e-09
2.236855903 3.6914499624505233e-09
2.238463995 3.515003977616349e-09
2.240072087 4.181581451049144e-09
2.241680179 5.446415057301175e-09
2.243288271 6.748836718612451e-09
2.2448963629999996 6.298705976227834e-09
2.2465044549999997 6.199241533738951e-09
2.2481125470000003 8.00423930787194e-09
2.249720639 1.0769034289856266e-08
2.251328731 1.1536328086197847e-08
2.252936823 1.1717987643309518e-08
2.2545449140000002 1.1825708410035957e-08
2.256153006 1.0294507825635595e-08
2.257761098 8.926935155847862e-09
2.2593691899999997 1.29203103399902e-08
2.260977282 2.2043642558461836e-08
2.262585374 3.244660082235092e-08
2.264193466 3.4480249527325786e-08
2.265801558 3.73126490054045e-08
2.2674096500000003 3.969158781249266e-08
2.269017742 4.3170722251831154e-08
2.270625834 3.7291377348882836e-08
2.2722339259999997 2.647106162132693e-08
2.273842018 1.9577594460410884e-08
2.2754501100000004 1.89063579330181e-08
2.277058202 2.2110516985301173e-08
2.278666294 2.9236206311219923e-08
2.280274386 2.500260649639021e-08
2.281882478 2.3323355968577596e-08
2.28349057 3.122831854150125e-08
2.285098662 4.245978925321504e-08
2.286706753 5.316599197885439e-08
2.288314845 6.241258530040439e-08
2.2899229369999996 7.745793593951074e-08
2.291531029 5.709854131848324e-08
2.2931391210000003 4.160943870629894e-08
2.294747213 4.0603532604841565e-08
2.296355305 5.7842344719927e-08
2.297963397 9.191654750221874e-08
2.299571489 4.966996387181801e-08
2.301179581 3.703338849536649e-08
2.3027876729999996 3.9984444243750425e-08
2.304395765 6.264885535307916e-08
2.3060038570000003 1.0058260437922181e-07
2.307611949 3.705357849923103e-08
2.309220041 1.9819415282799264e-08
2.310828133 3.806162929481948e-08
2.312436225 5.8889995885187297e-08
2.314044317 1.0792940787655168e-07
2.3156524089999997 1.7635321423343024e-07
2.3172605010000003 2.6192060292732714e-07
2.318868592 3.6862911146617786e-07
2.3204766840000004 2.419104271952829e-07
2.322084776 1.6246526610547424e-07
2.323692868 2.0123149447966153e-07
2.32530096 4.116306005827611e-07
2.326909052 8.334399567492852e-07
2.328517144 6.866473065427619e-07
2.3301252359999998 7.432506277000125e-07
2.331733328 8.633678598284611e-07
2.33334142 1.106627841419707e-06
2.334949512 1.917540503005056e-06
2.3365576040000002 2.229864277196383e-06
2.338165696 1.8310758109257476e-06
2.339773788 1.5956190992765382e-06
2.3413818799999997 1.7503971964805919e-06
2.342989972 2.1528128734696357e-06
2.344598064 2.44175006579775e-06
2.346206156 2.1480206148239823e-06
2.347814248 1.9279504362286512e-06
2.3494223400000003 1.1761442575898905e-06
2.3510304310000003 1.0068600841908197e-06
2.352638523 1.074331353692562e-06
2.354246615 1.2665311350396477e-06
2.3558547069999998 1.5781276250802597e-06
2.357462799 9.840534407421753e-07
2.359070891 7.548327595010607e-07
2.3606789829999997 7.681982594304322e-07
2.3622870750000002 1.1794484226858618e-06
2.363895167 2.1176934776393117e-06
2.365503259 4.4185274094588826e-06
2.367111351 2.9335832445224893e-06
2.368719443 2.04490026544047e-06
2.370327535 1.8733781167104681e-06
2.371935627 2.3599484755369535e-06
2.3735437189999997 3.353421162266242e-06
2.3751518110000003 3.54451996667425e-06
2.376759903 3.5362311378322674e-06
2.378367995 3.5495894523898026e-06
2.379976087 2.3941822511232335e-06
2.381584179 1.990100405127192e-06
2.383192271 1.9044304669201337e-06
2.384800362 2.257756833201861e-06
2.3864084539999997 2.961212231110043e-06
2.388016546 2.2354602884988892e-06
2.389624638 1.3462002371188726e-06
2.39123273 8.938416336451821e-07
2.392840822 1.37177212402394e-06
2.3944489140000003 2.3779160361184117e-06
2.396057006 3.5024162169801684e-06
2.397665098 1.5785535730655638e-06
2.3992731899999997 9.4178562416267e-07
2.400881282 6.613224944944711e-07
2.4024893740000004 5.98398504109729e-07
2.404097466 1.0033387552350515e-06
2.405705558 1.073848244644438e-06
2.40731365 7.896727738953548e-07
2.408921742 6.862897822265899e-07
2.410529834 8.030159243127338e-07
2.4121379259999998 9.883426661289594e-07
2.413746018 1.2037794364729395e-06
2.41535411 1.2499909979945293e-06
2.416962201 1.586166678256937e-06
2.418570293 2.997245569541369e-06
2.4201783850000003 2.062045695847172e-06
2.421786477 1.442598319660149e-06
2.423394569 1.5153993633540236e-06
2.425002661 2.6119454438590817e-06
2.426610753 4.497976355643414e-06
2.428218845 2.947906107212271e-06
2.4298269369999996 1.5889649003523798e-06
2.431435029 9.746178001733977e-07
2.4330431210000003 1.3488934320375543e-06
2.434651213 2.352640777208473e-06
2.436259305 4.550615408915992e-06
2.4378673969999998 4.488524497704773e-06
2.439475489 4.353966415423453e-06
2.441083581 4.430906531422316e-06
2.4426916729999997 5.224815408814001e-06
2.4442997650000002 6.172423954927258e-06
2.4459078570000004 7.0042446462141945e-06
2.447515949 6.916055776881737e-06
2.44912404 6.846269760109248e-06
2.450732132 6.2856791094268006e-06
2.452340224 5.032439535267707e-06
2.453948316 4.055263123576954e-06
2.455556408 4.0739015623969955e-06
2.4571644999999998 5.227297219207951e-06
2.458772592 6.7187492776133235e-06
2.460380684 6.453453646461724e-06
2.461988776 5.017956009409489e-06
2.463596868 3.935294245938402e-06
2.46520496 4.261550073876503e-06
2.466813052 5.459265989008127e-06
2.468421144 7.069974647237538e-06
2.470029236 4.448491272150555e-06
2.471637328 3.0141416524244736e-06
2.47324542 2.284153844399245e-06
2.474853512 2.1024452238122735e-06
2.4764616040000003 2.081001880598963e-06
2.478069696 2.656551941811381e-06
2.479677788 2.897943191969517e-06
2.481285879 2.99237014146247e-06
2.4828939709999998 3.1672677689892393e-06
2.484502063 3.7523365326144187e-06
2.486110155 4.500305121895588e-06
2.4877182469999997 5.422027723737729e-06
2.489326339 6.763560879115827e-06
2.4909344310000003 8.4772392998168e-06
2.492542523 1.0661848861028908e-05
2.494150615 7.93603385777076e-06
2.495758707 6.136596583374238e-06
2.497366799 4.911865162230883e-06
2.498974891 5.830793483240631e-06
2.499778162 1.274544131163566e-05
2.5011293930000003 1.0256731533900819e-05
2.502480624 8.257293990753231e-06
2.5038318559999997 8.330158318751602e-06
2.505183087 7.937549071562936e-06
2.506534319 7.2009336377534704e-06
2.50788555 7.487618253371292e-06
2.509236782 9.969086908198019e-06
2.510588013 6.336963031114457e-06
2.511939244 6.338820165929048e-06
2.5132904760000003 4.5754175585839155e-06
2.514641707 3.791803404572082e-06
2.515992939 4.894371360413341e-06
2.51734417 5.096026893424205e-06
2.5186954019999996 1.9581548890141432e-06
2.5200466329999998 4.958236211740597e-06
2.521397865 4.099007317536175e-06
2.522749096 5.972264215076791e-06
2.524100327 8.60465542034145e-06
2.525451559 8.894168171149717e-06
2.52680279 8.660967172786737e-06
2.5281540220000003 7.864442352238718e-06
2.529505253 1.0187278331690324e-05
2.5308564849999997 1.1043996852989827e-05
2.532207716 6.324195630689358e-06
2.533558948 4.251085414318989e-06
2.534910179 4.387931870077195e-06
2.5362614100000003 1.6946948880704608e-06
2.537612642 6.389380925323354e-06
2.538963873 7.4557973820757915e-06
2.5403151050000004 4.061399540265358e-06
2.5416663359999996 5.410066977922679e-06
2.5430175680000002 7.267166038211861e-06
2.544368799 4.233834021040231e-06
2.54572003 8.88098679364014e-07
2.547071262 4.501221433922512e-06
2.548422493 9.89061427562476e-06
2.549773725 7.562090655893483e-06
2.551124956 3.451571870922347e-06
2.552476188 2.52447369440548e-06
2.553827419 5.174601839690571e-06
2.5551786510000003 4.855697535509809e-06
2.556529882 5.9735650986503e-06
2.557881113 5.300426603988646e-06
2.559232345 3.53967870747642e-06
2.560583576 3.419097984821697e-06
2.561934808 5.360256413644319e-06
2.5632860390000003 8.006913879668698e-06
2.564637271 4.495492767383285e-06
2.565988502 4.544633391988178e-06
2.567339733 3.1795529841073853e-06
2.5686909649999996 8.186569939336793e-06
2.5700421959999997 7.595307998667983e-06
2.571393428 4.607635149600958e-06
2.572744659 5.4020886028846195e-06
2.574095891 4.677144652949169e-06
2.575447122 4.168798704959103e-06
2.576798354 2.884112130021085e-06
2.5781495850000002 6.54335970106594e-06
2.5795008160000004 5.577124881605774e-06
2.580852048 8.718941616845153e-06
2.582203279 6.866141292946883e-06
2.583554511 7.026489382335221e-06
2.584905742 1.0085037533394501e-05
2.586256974 1.041116480608834e-05
2.587608205 3.763140155542917e-06
2.588959437 4.539934778764121e-06
2.590310668 5.313714528856683e-06
2.591661899 4.943322011808973e-06
2.593013131 7.282642086074157e-06
2.594364362 3.613903342926839e-06
2.5957155939999996 2.7911796054075635e-06
2.5970668249999997 3.7378943937446577e-06
2.598418057 5.680072033729626e-06
2.599769288 3.316275161913945e-06
2.601120519 7.274088578889359e-06
2.602471751 7.285327537200553e-06
2.603822982 5.739527466351739e-06
2.6051742140000003 6.042888330912855e-06
2.6065254450000004 5.048633790534807e-06
2.607876677 4.012617722282121e-06
2.609227908 5.700485415872768e-06
2.61057914 3.449145583787121e-06
2.611930371 1.5115626900727208e-06
2.613281602 7.898214368485407e-06
2.614632834 8.52751660251212e-06
2.615984065 3.2203006721316363e-06
2.617335297 1.843595619069102e-06
2.618686528 2.2627939107154666e-06
2.62003776 2.993284693447756e-06
2.621388991 4.26789766001579e-06
2.622740222 7.111105738034987e-06
2.6240914539999998 6.856163093716404e-06
2.625442685 4.09268284970822e-06
2.626793917 2.964078090042416e-06
2.628145148 3.7535443642646408e-06
2.62949638 2.9090066582397677e-06
2.630847611 2.639159484232189e-06
2.6321988430000003 3.546465994200788e-06
2.6335500740000004 4.90661844628615e-06
2.634901305 6.501565082960862e-06
2.636252537 2.377081315948419e-06
2.637603768 5.296169466241077e-06
2.6389549999999997 6.034514346455544e-06
2.640306231 5.287384218964886e-06
2.641657463 4.637697238826504e-06
2.643008694 7.426655361563639e-06
2.6443599250000003 3.5344592808570833e-06
2.645711157 4.127873291320455e-06
2.6470623879999997 5.743200532619511e-06
2.64841362 7.531322178647304e-06
2.649764851 6.4721703573308625e-06
2.651116083 6.1405600489198406e-06
2.652467314 4.2162828905721125e-06
2.653818546 3.563396132312956e-06
2.6551697770000002 5.509589944380601e-06
2.6565210080000004 3.230520809882461e-06
2.65787224 2.074136381165356e-06
2.659223471 1.4135306252374275e-06
2.6605747030000004 3.6704395998283447e-06
2.6619259339999997 5.14138184851315e-06
2.663277166 3.1488225707100382e-06
2.664628397 3.3629176094039715e-06
2.6659796289999997 1.958933945867184e-06
2.66733086 4.2899370489310394e-07
2.668682091 1.3215862527887186e-06
2.670033323 2.880723428258028e-06
2.6713845540000003 3.82903601066741e-06
2.672735786 3.223481449435992e-06
2.6740870169999997 3.686874807115761e-06
2.675438249 1.93835002137012e-06
2.67678948 1.3081254123733856e-06
2.678140711 3.317024162536117e-08
2.679491943 6.340459803872559e-07
2.680843174 4.565273559431427e-07
2.6821944060000003 6.4048000496759264e-09
2.6835456370000004 2.3593491018689314e-06
2.684896869 4.160436209999797e-06
2.6862481 2.4338071429516997e-06
2.6875993319999996 1.3984274750226338e-06
2.6889505629999997 1.1611234458519805e-06
2.690301794 2.5703800338253733e-06
2.691653026 1.6011270858999345e-06
2.693004257 2.811665315191377e-06
2.694355489 3.4048113884064456e-06
2.69570672 3.1138693291113793e-06
2.697057952 1.0165264514775606e-06
2.6984091830000003 5.887551429668646e-07
2.699760414 4.1475015712774825e-06
2.7011116459999998 1.9431564741020355e-06
2.702462877 1.0755519389834167e-07
2.703814109 3.4071759123703295e-07
2.70516534 2.5002845506124697e-06
2.706516572 3.93012463504671e-06
2.707867803 1.3749195269223607e-06
2.7092190350000003 3.6181527761874282e-06
2.7105702660000004 2.478350106226932e-06
2.7119214969999996 2.1137475080527644e-06
2.713272729 3.75194261850399e-06
2.71462396 1.6085479078381433e-06
2.7159751919999997 3.064788174734247e-06
2.717326423 4.006580004420685e-06
2.718677655 4.698964158161474e-06
2.720028886 3.0074171789267913e-06
2.7213801170000003 4.113738142313267e-07
2.722731349 1.9678767732303055e-06
2.7240825799999997 1.8012375915005993e-06
2.7254338120000003 1.4731810268832465e-06
2.726785043 6.156205324781041e-07
2.7281362749999998 7.82396350293301e-09
2.729487506 1.3398248823930357e-06
2.730838738 3.57239167918989e-07
2.732189969 6.290302725282421e-09
2.7335412000000003 4.238277728639176e-07
2.734892432 2.1749477376784395e-06
2.736243663 1.1187418851007878e-06
2.737594895 3.6268545164244526e-07
2.7389461259999996 5.725080956440317e-07
2.740297358 4.349774943841134e-09
2.741648589 4.3528426808795965e-09
2.7429998209999997 2.0624271638688315e-07
2.744351052 4.350042708331307e-09
2.745702283 4.346167667522628e-09
2.747053515 2.1957897541492653e-08
2.7484047460000003 4.344960039160201e-09
2.749755978 4.344360762790363e-09
2.7511072089999997 4.34364894949895e-09
2.7524584410000004 4.340622155300888e-09
2.753809672 4.3372272973007805e-09
2.755160903 4.336656300444543e-09
2.756512135 4.333574034454534e-09
2.757863366 4.330708102288908e-09
2.7592145980000002 4.331492118051945e-09
2.760565829 4.335372566105849e-09
2.761917061 4.331078320367397e-09
2.7632682920000002 4.3311759188127695e-09
2.764619524 4.331840946281044e-09
2.7659707549999997 4.332650553795151e-09
2.767321986 4.328550621869175e-09
2.768673218 4.3296906689026995e-09
2.770024449 4.330852327782963e-09
2.771375681 4.326819462304962e-09
2.772726912 4.32790404137314e-09
2.774078144 4.329145831850992e-09
2.7754293750000003 4.328369980027549e-09
2.776780606 4.327014475865345e-09
2.7781318379999997 4.329360114850771e-09
2.779483069 4.335470474755986e-09
2.780834301 4.333247256030863e-09
2.782185532 4.33460610854768e-09
2.783536764 4.336921841855048e-09
2.784887995 4.339327351756022e-09
2.786239227 4.33670110636186e-09
2.787590458 4.339260797940766e-09
2.788941689 4.3418725394567294e-09
2.7902929210000003 4.3431135676843094e-09
2.791644152 4.342568115971894e-09
2.7929953839999997 4.3456600112369745e-09
2.794346615 4.346963724738706e-09
2.795697847 4.346666586268284e-09
2.797049078 4.349693225332395e-09
2.7984003090000003 4.354637495546865e-09
2.799751541 4.356627412831371e-09
2.801102772 4.357567178361547e-09
2.8024540040000003 4.359549261487554e-09
2.803805235 4.361428003661186e-09
2.8051564669999998 4.358011742396165e-09
2.806507698 4.359623098588424e-09
2.80785893 4.361099449913231e-09
2.8092101609999998 4.361326891195281e-09
2.810561392 4.358439663930252e-09
2.811912624 4.359553929657531e-09
2.813263855 4.360481569472519e-09
2.814615087 4.35805018779571e-09
2.8159663179999996 4.356643627848482e-09
2.8173175500000003 4.357032851839227e-09
2.818668781 4.36055333657099e-09
2.8200200129999997 4.357047098466844e-09
2.821371244 4.356288759762052e-09
2.822722475 4.355376941049261e-09
2.824073707 4.35431154145304e-09
2.8254249380000003 4.353084273939242e-09
2.82677617 4.351727413890953e-09
2.828127401 4.350241706397588e-09
2.8294786330000004 4.348633091488375e-09
2.830829864 4.346598524146991e-09
2.8321810949999997 4.344263924004339e-09
2.833532327 4.341851671717617e-09
2.834883558 4.339382367343204e-09
2.83623479 4.335651828704544e-09
2.837586021 4.329154328837184e-09
2.838937253 4.326592424556623e-09
2.8402884840000002 4.3254420750450405e-09
2.841639716 4.326381228280998e-09
2.8429909469999997 4.323864572480802e-09
2.8443421779999998 4.321393052436535e-09
2.84569341 4.318972164960847e-09
2.847044641 4.316613524173795e-09
2.848395873 4.314338774165562e-09
2.849747104 4.312145166989883e-09
2.851098336 4.30751119977915e-09
2.8524495670000003 4.302405081316161e-09
2.8538007980000004 4.297402554139241e-09
2.85515203 4.292517892341485e-09
2.856503261 4.287758378345152e-09
2.8578544929999996 4.283113704743298e-09
2.8592057239999997 4.278599166874531e-09
2.860556956 4.271910402735339e-09
2.861908187 4.266684627272763e-09
2.863259419 4.26384782907753e-09
2.86461065 4.264067047525921e-09
2.865961881 4.263325992305776e-09
2.8673131130000002 4.260829906818011e-09
2.868664344 4.258431394763034e-09
2.8700155759999997 4.256129464295852e-09
2.871366807 4.2545029123054956e-09
2.872718039 4.2529487902840345e-09
2.87406927 4.251461057962909e-09
2.8754205010000002 4.250035878875914e-09
2.876771733 4.248653682545939e-09
2.878122964 4.247306345118678e-09
2.8794741960000003 4.24598282844856e-09
2.8808254270000004 4.2446320067564694e-09
2.882176659 4.2432553220618655e-09
2.88352789 4.1008940446493373e-07
2.8848791219999996 1.0253648401252298e-08
2.8862303529999997 4.2339229488514096e-09
2.887581584 4.232408444579915e-09
2.888932816 4.230832540829176e-09
2.890284047 4.229443900393962e-09
2.891635279 4.228991551458955e-09
2.89298651 4.2331542369345426e-09
2.8943377420000003 4.232548463899536e-09
2.895688973 4.23176436467838e-09
2.8970402049999997 4.230856555965859e-09
2.898391436 4.229796309852126e-09
2.899742667 4.228600316171682e-09
2.901093899 4.2263351261790324e-09
2.9024451300000003 4.223685247925638e-09
2.903796362 4.2208856509170175e-09
2.905147593 4.2179206048048585e-09
2.9064988250000003 4.214783407948847e-09
2.907850056 1.0553422404193267e-07
2.9092012869999997 4.208029869357841e-09
2.910552519 4.201894281683358e-09
2.91190375 4.196525930700432e-09
2.9132549819999998 4.193240529511486e-09
2.914606213 1.3527907173726887e-06
2.915957445 1.497681434636124e-06
2.917308676 1.2679584511321338e-08
2.918659908 1.1958907907884431e-08
2.920011139 3.5109994133217753e-07
2.9213623699999998 4.7499028555437597e-08
2.922713602 5.141519212299911e-07
2.924064833 1.5289152897282963e-06
2.925416065 2.3241076937966232e-06
2.926767296 1.7157024234811689e-06
2.928118528 1.3329015258291554e-06
2.9294697590000003 2.0866990973549545e-06
2.93082099 1.9069130640660201e-06
2.932172222 3.5447142948734478e-06
2.933523453 4.950311168971419e-06
2.934874685 5.202170214817106e-06
2.9362259159999997 6.2038172346724385e-06
2.937577148 5.019826388220727e-06
2.938928379 4.445445270352713e-06
2.940279611 4.823557872042388e-06
2.941630842 7.392989610806392e-06
2.942982073 7.934925041476704e-06
2.9443333050000002 8.584362707463146e-06
2.9456845360000004 1.0488455433993056e-05
2.947035768 8.913243174465073e-06
2.948386999 1.2315331785513292e-05
2.949738231 1.2508419304375893e-05
2.951089462 1.2384469064275657e-05
2.952440694 1.572081714076058e-05
2.953791925 1.6773784559145823e-05
2.955143156 1.5583195704120718e-05
2.956494388 1.3339902905634793e-05
2.957845619 1.6421596743558025e-05
2.959196851 2.0885881179632782e-05
2.960548082 2.112127703598077e-05
2.9618993139999996 2.2519137338812454e-05
2.9632505449999997 2.2519672903484197e-05
2.964601776 2.561064170425587e-05
2.965953008 2.8798807837481328e-05
2.967304239 2.964506273798991e-05
2.968655471 3.024955434199284e-05
2.970006702 3.413556915882036e-05
2.9713579340000003 3.1686049395835005e-05
2.9727091650000004 3.3000563884482736e-05
2.974060397 3.526832015689661e-05
2.975411628 3.985080369469921e-05
2.976762859 3.998726832808414e-05
2.978114091 4.336866613770579e-05
2.979465322 4.513875353740014e-05
2.980816554 4.448519964302175e-05
2.982167785 4.515231532106996e-05
2.983519017 4.829043982630993e-05
2.984870248 5.2920712762717705e-05
2.9862214789999997 5.5526731242432745e-05
2.987572711 6.176319780664996e-05
2.988923942 6.776761169381218e-05
2.9902751739999998 7.122886533659439e-05
2.991626405 7.08011607566355e-05
2.992977637 7.235172334011422e-05
2.994328868 7.640877664312944e-05
2.9956801 7.802581649313436e-05
2.997031331 8.521269014367907e-05
2.9983825619999998 9.250954807574134e-05
2.9997337940000004 9.893840703786725e-05
3.001085025 0.00010582589873273649
3.002436257 0.00011579334367646212
3.003787488 0.00011779507462093295
3.0051387199999997 0.00011739673866757722
3.006489951 0.00010989295156187863
3.007841182 0.00011353460377836034
3.009192414 0.00012089644243763436
3.0105436450000003 0.00012158691042264245
3.011894877 0.00012350277882019735
3.0132461079999997 0.0001271176040015921
3.01459734 0.00012720593933738449
3.015948571 0.0001188056912087467
3.017299803 0.00011824896802165904
3.018651034 0.0001162897542590055
3.020002265 0.0001132754304880576
3.021353497 0.00010778084821748922
3.0227047280000003 0.00010979461054811517
3.02405596 0.00010812052399741664
3.0254071909999998 0.00011029135468822113
3.0267584230000004 0.00011442678615142535
3.0281096539999997 0.0001193940934027333
3.029460886 0.0001238285258926592
3.030812117 0.00012602171125356576
3.032163348 0.0001278936710785827
3.03351458 0.00012661341632078717
3.034865811 0.00012657473758484808
3.036217043 0.0001303305874658494
3.0375682740000003 0.00013519708042060647
3.038919506 0.00013463605656575007
3.0402707369999997 0.00013791135366765107
3.041621968 0.00013810723820261526
3.0429732 0.00014382441481222406
3.044324431 0.0001474202724867302
3.045675663 0.000153284699453806
3.047026894 0.00015721718888523652
3.0483781260000002 0.0001650784165356404
3.0497293570000004 0.000169434467912745
3.051080589 0.00017669388318028085
3.05243182 0.00018534948278394286
3.053783051 0.00019369266267926888
3.0551342829999997 0.00020170776183977426
3.056485514 0.0002066162030136474
3.057836746 0.00021292300933823557
3.059187977 0.0002178538475506198
3.060539209 0.00022822114754442727
3.06189044 0.0002370955725397064
3.063241671 0.00025044325240478044
3.0645929030000003 0.00026347450751904424
3.065944134 0.00027763022678482823
3.0672953659999997 0.0002881905066859123
3.068646597 0.00030497931903731597
3.069997829 0.000314234455483848
3.07134906 0.0003295246130201739
3.072700292 0.000346032443014711
3.074051523 0.0003640982565272799
3.075402754 0.0003750038295337828
3.0767539860000004 0.00039510952648407475
3.0781052169999996 0.00041167308001512965
3.079456449 0.0004319566500364293
3.08080768 0.0004537430190288061
3.0821589119999997 0.00047863678702979203
3.083510143 0.000498189324146807
3.084861374 0.0005276037772577674
3.086212606 0.0005542691547460303
3.0875638370000003 0.0005814337909717622
3.088915069 0.0006078073365355594
3.0902662999999997 0.0006418824872656352
3.0916175320000003 0.0006759662196265042
3.092968763 0.0007152667507369919
3.0943199949999998 0.0007511301926699284
3.095671226 0.0007932084053402648
3.097022457 0.0008381456542158411
3.098373689 0.0008891373771742426
3.0997249200000003 0.000945238922226682
3.101076152 0.0010075232136358221
3.102427383 0.0010660925134947695
3.103778615 0.0011315115811508885
3.1051298459999996 0.0012008312105337418
3.106481078 0.0012758652782862427
3.107832309 0.001357480315853403
3.10918354 0.0014494521940328128
3.110534772 0.001551635349549729
3.111886003 0.0016608501424769896
3.113237235 0.0017783598759437088
3.1145884660000003 0.00191474906216559
3.115939698 0.002061578706891121
3.1172909289999997 0.0022210901354231508
3.11864216 0.002394240544575713
3.119993392 0.0025839913938077827
3.121344623 0.002801136730194055
3.122695855 0.0030392327392384844
3.124047086 0.003299665825048974
3.1253983180000002 0.003591100530178559
3.126749549 0.0039114039762087206
3.128100781 0.004266213337307635
3.1294520120000002 0.004656695534771363
3.130803243 0.005087912853812883
3.1321544749999997 0.005565888511347278
3.133505706 0.00610438207095998
3.134856938 0.006696937242528677
3.136208169 0.007358726871508668
3.137559401 0.008088719423238001
3.138910632 0.008910096722735968
3.140261863 0.009821511148806554
3.1416130950000003 0.010847094132669908
3.142964326 0.01198479606300519
3.1443155579999997 0.01326858756560006
3.145666789 0.014694113126411409
3.147018021 0.016290604267405827
3.148369252 0.01808260716029488
3.149720484 0.020074926499706103
3.151071715 0.022286979125549364
3.152422946 0.024765164710119855
3.153774178 0.02751825429250026
3.155125409 0.030597697655236428
3.1564766410000002 0.03400192290869199
3.157827872 0.037794013948020816
3.1591791039999997 0.04197262634117608
3.160530335 0.04659689667204969
3.161881566 0.05167403909981471
3.163232798 0.057263250930421596
3.1645840290000002 0.06334531034508391
3.165935261 0.06998742775417927
3.167286492 0.07716449668373791
3.1686377240000003 0.08490022555746055
3.169988955 0.09318664898376046
3.1713401869999998 0.10206142360895797
3.172691418 0.11156228226969422
3.174042649 0.1215034366632208
3.1753938809999998 0.13181308320928248
3.176745112 0.14253008174609702
3.178096344 0.15349168807124114
3.179447575 0.16469057206099633
3.180798807 0.176000340771627
3.182150038 0.18726500946104332
3.1835012700000003 0.19854717965903745
3.184852501 0.20964099059126892
3.186203732 0.22053550991778978
3.187554964 0.2312019064172605
3.188906195 0.24145855623264856
3.190257427 0.2513915537078713
3.1916086580000003 0.2609339963394287
3.19295989 0.26999906600917
3.194311121 0.2786780466561762
3.195662352 0.2868673369281539
3.197013584 0.2946315076700344
3.1983648149999997 0.30236523003111204
3.199716047 0.3092607706367914
3.201067278 0.3157794140668053
3.2024185099999998 0.3219180390612536
3.203769741 0.32765556065675516
3.205120973 0.3330854377302922
3.206472204 0.3381988126524991
3.207823435 0.3429915828049867
3.209174667 0.3475365849249276
3.2105258979999998 0.35178356602003785
3.21187713 0.3557904348957856
3.213228361 0.35919297061428934
3.214579593 0.3627471124005248
3.215930824 0.36612163574262707
3.217282055 0.369294877056788
3.2186332870000003 0.3722705866056326
3.2199845180000004 0.37508640188608716
3.22133575 0.37801767566814787
3.222686981 0.38093401635964186
3.2240382129999996 0.38343173323866436
3.2253894439999997 0.38577054513965564
3.226740676 0.38796293019344236
3.228091907 0.390035635952546
3.229443138 0.3920042999812228
3.23079437 0.39372681496659856
3.232145601 0.3952507128962704
3.2334968330000002 0.3966688634788484
3.234848064 0.3979871721492877
3.2361992959999997 0.3992394934500058
3.237550527 0.40038042455529105
3.238901759 0.40144628271066335
3.24025299 0.40241448544641306
3.2416042210000002 0.4032710281552744
3.242955453 0.40405803809961144
3.244306684 0.40494858332711475
3.2456579160000003 0.4059644136336208
3.2470091470000004 0.40660234635330544
3.248360379 0.40718202461384134
3.24971161 0.407687883663806
3.251062841 0.40826615783832515
3.2524140729999997 0.4088545066942666
3.253765304 0.4094342287527863
3.255116536 0.40998248006253935
3.256467767 0.4105188992200724
3.257818999 0.4110353186494916
3.25917023 0.4115682416141762
3.2605214620000003 0.41205679195544476
3.261872693 0.412497554627516
3.263223924 0.41294001498268984
3.264575156 0.4133829062092023
3.265926387 0.41384107801408165
3.267277619 0.41444882610880274
3.2686288500000003 0.4152977137976969
3.269980082 0.41580530370360036
3.271331313 0.41622983898973964
3.272682544 0.4166443567727643
3.274033776 0.41708380435774284
3.2753850069999997 0.41754181987773054
3.276736239 0.4180299878620608
3.27808747 0.4185412005359797
3.2794387019999998 0.41907342541912845
3.280789933 0.41962618822613373
3.282141165 0.42018024425581424
3.283492396 0.42074561549205547
3.2848436270000003 0.42131255381535154
3.286194859 0.42191660262716274
3.2875460899999998 0.4225187837826561
3.288897322 0.42312619401879187
3.290248553 0.4242390587031928
3.291599785 0.42486438336942334
3.292951016 0.42548996482078383
3.294302247 0.4261027653451739
3.2956534790000003 0.42671000300706785
3.29700471 0.42729777489291043
3.298355942 0.42790626757617334
3.299707173 0.4284874442836307
3.301058405 0.4289412535039817
3.3024096359999997 0.42935542779572133
3.303760868 0.42977091978384885
3.305112099 0.43017397822024456
3.30646333 0.43055480891579534
3.307814562 0.4309135910641445
3.309165793 0.4312485490274097
3.3105170250000002 0.43156952443029145
3.3118682560000003 0.432280910005615
3.313219488 0.43261569108231973
3.3145707189999998 0.4328693708786594
3.315921951 0.43311621910166165
3.317273182 0.4333530263097936
3.318624413 0.43357384970717694
3.319975645 0.4337948245422978
3.321326876 0.43394519610555843
3.322678108 0.4340981019401387
3.324029339 0.43425478877704804
3.325380571 0.43442646290129033
3.326731802 0.4346102692923553
3.328083033 0.43480080868353466
3.3294342649999997 0.43499017492788566
3.330785496 0.4348537966601534
3.332136728 0.43450682725642875
3.333487959 0.43417914782248923
3.334839191 0.43431330885116565
3.336190422 0.43410940065392756
3.3375416540000002 0.4338320300601822
3.3388928850000004 0.43357112599898523
3.340244116 0.4331181126337343
3.341595348 0.4317363550312189
3.342946579 0.4303520266130183
3.344297811 0.42899579698311247
3.345649042 0.4276564906261775
3.347000274 0.42633624981565404
3.348351505 0.4250246312035024
3.3497027360000002 0.42371582237910144
3.351053968 0.420898198502147
3.3524051989999997 0.4176491436082934
3.353756431 0.4144094011371235
3.355107662 0.4111552072613915
3.3564588939999997 0.4078944423856711
3.357810125 0.40462565308027487
3.359161357 0.4013514904503034
3.360512588 0.3995410061518364
3.3618638190000003 0.4001081571167352
3.363215051 0.4006555865110877
3.3645662819999997 0.4011825619500879
3.3659175140000004 0.4016993064262126
3.367268745 0.4022047358701604
3.368619977 0.4027015456637718
3.369971208 0.4031848360420476
3.371322439 0.40696838529334556
3.372673671 0.411124408151192
3.374024902 0.41558579468822426
3.375376134 0.4193958936417349
3.3767273650000003 0.4231906445216424
3.378078597 0.42697555898599865
3.3794298279999997 0.43074546558362614
3.38078106 0.43296413837848313
3.382132291 0.43405522246591993
3.383483522 0.4351448385528564
3.384834754 0.43623998728106583
3.386185985 0.4373218224172155
3.387537217 0.4383924179813428
3.3888884480000003 0.43945929683510104
3.39023968 0.44027109253435626
3.3915909109999998 0.43992022451873036
3.3929421430000004 0.43956954241644114
3.3942933739999996 0.4392198805085071
3.3956446049999998 0.43886856570422816
3.396995837 0.43851218387432095
3.398347068 0.43815932706770916
3.3996983 0.437817559844048
3.401049531 0.43746645341296575
3.402400763 0.4371222347121859
3.4037519940000003 0.4367928783562968
3.405103225 0.43648476497243166
3.4064544569999997 0.4361938676165061
3.407805688 0.4359310447195635
3.40915692 0.43577213180061886
3.410508151 0.43605292526750294
3.411859383 0.4360409257902483
3.413210614 0.4360424505587474
3.4145618460000002 0.43605442731510746
3.4159130770000004 0.4365251657173066
3.4172643079999996 0.4366037146937897
3.41861554 0.4366558047456709
3.419966771 0.4367115142202829
3.4213180029999997 0.43712880766577716
3.422669234 0.4375630910810449
3.424020466 0.4379947852228441
3.425371697 0.43841777789625114
3.4267229280000002 0.438830745830183
3.42807416 0.43925473469619214
3.429425391 0.4396718329007027
3.4307766230000003 0.44000165052956053
3.432127854 0.4403006608060478
3.4334790859999997 0.44058141796379974
3.434830317 0.4407944116494722
3.436181549 0.4409002117292768
3.43753278 0.4409011913575926
3.4388840110000003 0.4408818396509102
3.440235243 0.4408114570958018
3.441586474 0.4405690622847945
3.4429377060000004 0.44030273933881114
3.4442889369999996 0.44051893633514533
3.445640169 0.44020333796608807
3.4469914 0.439840695513979
3.448342631 0.43963385563085694
3.449693863 0.43957754355011847
3.451045094 0.4393747761944162
3.452396326 0.43923044471425576
3.4537475570000002 0.4390727872808827
3.455098789 0.4389271409688993
3.45645002 0.43878921860246695
3.4578012520000003 0.43866205003817194
3.459152483 0.4385675774541385
3.460503714 0.43862947456120716
3.461854946 0.4389740281275253
3.463206177 0.43934973921560994
3.464557409 0.4397592252037227
3.4659086400000003 0.4402337808437092
3.467259872 0.44075132697635755
3.468611103 0.44133413577144043
3.469962335 0.4419605863784744
3.4713135659999996 0.4423436756962451
3.4726647969999997 0.4427954020912228
3.474016029 0.44326931422700866
3.47536726 0.44379467641545106
3.476718492 0.4447306517747637
3.478069723 0.44547227281664253
3.479420955 0.4463061363246893
3.4807721860000003 0.44738345621966186
3.482123417 0.44831363855898976
3.483474649 0.44919366263107796
3.48482588 0.45001038228347784
3.486177112 0.45074763785478544
3.487528343 0.45133593115819665
3.488879575 0.4517843570686643
3.490230806 0.45202508400824293
3.491582038 0.4521272542389993
3.492933269 0.4519729289761456
3.4942845 0.451489880419447
3.495635732 0.4506737306705631
3.496986963 0.44943656514184527
3.4983381949999997 0.44774630263110854
3.4996894259999998 0.4455628938588031
3.501040658 0.4427661133665668
3.502391889 0.43942083396459003
3.50374312 0.43549972594582675
3.505094352 0.4309665738305852
3.506445583 0.42585797376388457
3.5077968150000003 0.4204880700972412
3.509148046 0.41414031136543866
3.5104992779999997 0.4073281708070735
3.511850509 0.3999226024599775
3.513201741 0.3917901324992628
3.514552972 0.3831837102084849
3.515904203 0.3742017152388316
3.517255435 0.364909040447396
3.518606666 0.3552228302758587
3.519957898 0.34523278282747977
3.521309129 0.3349369094337284
3.5226603610000002 0.32446060788826997
3.524011592 0.3138894291676904
3.5253628239999997 0.30325039775744966
3.526714055 0.2926543165943787
3.528065286 0.2821144485838489
3.529416518 0.27165663548194663
3.5307677490000002 0.261379638441663
3.532118981 0.2512752002070941
3.533470212 0.24142960077612324
3.5348214440000003 0.2320764721007275
3.536172675 0.2228113302337669
3.537523906 0.2138310467180883
3.538875138 0.20513700303124976
3.540226369 0.1967598383412639
3.5415776009999997 0.18868278376819558
3.542928832 0.1810984263432538
3.544280064 0.1736835941736286
3.545631295 0.16657247805214528
3.546982527 0.15977396629813428
3.548333758 0.1532963100013232
3.5496849889999997 0.14708608655876723
3.551036221 0.14117209673239503
3.552387452 0.1356711642315283
3.553738684 0.13024475814318842
3.555089915 0.1250855378070703
3.556441147 0.12014336824462796
3.5577923780000003 0.11542365086052216
3.5591436090000004 0.11091906963115095
3.560494841 0.10659554610684344
3.561846072 0.10247797436034937
3.563197304 0.09851341594230455
3.5645485349999997 0.09469087488485448
3.565899767 0.09103041677946161
3.567250998 0.08748397676136059
3.5686022299999998 0.0841299260482178
3.569953461 0.0808684387378096
3.571304692 0.07765275991369253
3.572655924 0.07455290863424274
3.574007155 0.07153631051313993
3.575358387 0.06861369701345002
3.5767096179999998 0.0657874517625469
3.57806085 0.06308432392389457
3.579412081 0.06039589891096246
3.580763312 0.05777259975323272
3.582114544 0.05520849627510368
3.583465775 0.05273401705251456
3.5848170070000003 0.05036503298768486
3.5861682380000004 0.048023751653823374
3.58751947 0.045746526998307814
3.588870701 0.043527443160671704
3.5902219329999996 0.04138938486594195
3.5915731639999997 0.03930858461302338
3.592924395 0.037289225984796205
3.594275627 0.03535688009734749
3.595626858 0.03348211418760727
3.59697809 0.0316858879940888
3.598329321 0.029968535380869254
3.5996805530000002 0.028310321464692128
3.601031784 0.02673205132664465
3.602383016 0.025221516426982574
3.603734247 0.023800918254447474
3.605085478 0.022445162552612016
3.60643671 0.021136312231894855
3.607787941 0.01990238200500257
3.609139173 0.01874119932215377
3.610490404 0.017625521645568343
3.6118416360000003 0.016584325524005225
3.6131928670000004 0.015600683000537898
3.6145440979999997 0.014669667584555854
3.61589533 0.013803091684834786
3.617246561 0.012979911354305823
3.6185977929999997 0.012211556855896259
3.619949024 0.011506383046780451
3.621300256 0.010821149677077738
3.622651487 0.010185078797245695
3.624002719 0.009586127156686582
3.62535395 0.009024129839771917
3.6267051809999997 0.008513097694768405
3.628056413 0.00801766670758762
3.629407644 0.007550431047862414
3.630758876 0.007126750734081152
3.632110107 0.006719231681830837
3.633461339 0.00634663021122171
3.6348125700000002 0.006001479639490112
3.6361638010000004 0.005666038977347553
3.637515033 0.005356336752885218
3.638866264 0.005065989592012269
3.640217496 0.004799369539795858
3.6415687269999997 0.004557974569201567
3.642919959 0.004318222627529309
3.64427119 0.004095230729678549
3.6456224219999998 0.0038919384792302667
3.646973653 0.003693537403825573
3.648324884 0.00351499000444506
3.649676116 0.003344480275283933
3.6510273470000003 0.0031749959805685104
3.652378579 0.0030305251578846386
3.6537298099999997 0.002887361813864309
3.655081042 0.0027506720778580724
3.656432273 0.0026319132148666558
3.657783504 0.002508316689387563
3.659134736 0.0023960584105036796
3.660485967 0.0022984182133201653
3.6618371990000003 0.00219771570403786
3.66318843 0.0021074013991003735
3.664539662 0.002021571944876094
3.665890893 0.0019343960965103497
3.667242125 0.0018582775906855183
3.6685933559999997 0.001782018123161443
3.669944587 0.0017118023984732749
3.671295819 0.0016510935964047183
3.67264705 0.00158455710820029
3.673998282 0.0015228278158303818
3.675349513 0.001468687395654777
3.676700745 0.0014092426878131393
3.6780519760000003 0.001359826206848774
3.679403208 0.0013153514485588394
3.6807544389999998 0.0012674173074105459
3.68210567 0.0012304714168038257
3.683456902 0.0011889949809804914
3.684808133 0.0011439531345326312
3.686159365 0.0011125423491603879
3.687510596 0.0010714522078491102
3.688861828 0.001028432676853541
3.690213059 0.0009981221837769493
3.6915642899999996 0.0009636017110527843
3.692915522 0.000933044017152021
3.694266753 0.0009092070285500581
3.6956179849999997 0.0008777233781994701
3.696969216 0.0008514311193220807
3.698320448 0.0008258319731066099
3.699671679 0.0007934568334372999
3.701022911 0.0007675194547408747
3.702374142 0.0007424118119664511
3.703725373 0.0007164783330147479
3.7050766050000004 0.0006980414607475066
3.706427836 0.000676111796569912
3.707779068 0.0006519774336341
3.709130299 0.0006318216217328791
3.710481531 0.0006080841906660418
3.711832762 0.000587204489167969
3.713183993 0.0005691795029623744
3.714535225 0.000546923144572275
3.7158864560000002 0.0005311257643791741
3.717237688 0.0005173181305245903
3.7185889189999997 0.0004964506021846812
3.719940151 0.000479563053943511
3.721291382 0.0004643803741770314
3.7226426139999997 0.0004472257963153625
3.723993845 0.0004329784441221052
3.725345076 0.00041367194372475514
3.726696308 0.00039358904816176013
3.7280475390000003 0.00038065190141303967
3.729398771 0.0003649486513927075
3.730750002 0.0003503306437350839
3.7321012340000004 0.0003395637148797423
3.733452465 0.0003227129811909241
3.7348036959999997 0.0003086275714850062
3.736154928 0.00029878673848204927
3.737506159 0.000282818953344538
3.738857391 0.0002714545127312853
3.740208622 0.0002629894869810804
3.741559854 0.00024848634892509966
3.7429110850000002 0.0002375600977985071
3.744262317 0.0002264062500867421
3.7456135479999997 0.00020986785022802677
3.746964779 0.00019911996907855833
3.748316011 0.0001880343918694805
3.749667242 0.00017387110024270083
3.751018474 0.00016706639743889514
3.752369705 0.0001593582254769086
3.753720937 0.00014858219964092217
3.7550721680000003 0.00014244014550665054
3.7564234 0.00013184247654413623
3.757774631 0.00011838991743975975
3.759125862 0.00011108366025806757
3.7604770939999996 0.00010125559461306607
3.7618283249999998 9.033645523200007e-05
3.763179557 8.500368444631157e-05
3.764530788 7.929206600970931e-05
3.76588202 7.496642287403004e-05
3.767233251 7.329849418260538e-05
3.768584482 6.745219690638916e-05
3.7699357140000003 6.282734732987637e-05
3.771286945 6.126416004110366e-05
3.7726381769999997 5.52894835674123e-05
3.773989408 5.039453835793074e-05
3.77534064 4.821182277210239e-05
3.776691871 4.213881063282787e-05
3.778043103 3.85357731784548e-05
3.779394334 3.535311333118902e-05
3.780745565 3.144842237984664e-05
3.7820967970000003 3.0819821290487466e-05
3.7834480279999996 3.166779241771952e-05
3.7847992599999998 2.9041668630922363e-05
3.786150491 2.806254543768799e-05
3.7875017229999997 2.7506383009264333e-05
3.7888529539999998 2.2899557402849587e-05
3.790204185 2.2005721551233967e-05
3.791555417 2.282799955186684e-05
3.792906648 1.791475749075721e-05
3.79425788 1.6216746230822064e-05
3.795609111 1.8415063633377267e-05
3.7969603430000003 1.6389968634803164e-05
3.798311574 1.7556702855449358e-05
3.7996628059999997 2.0698933036634876e-05
3.801014037 1.8803668797099176e-05
3.802365268 1.9276760545852797e-05
3.8037165 1.8274058846756777e-05
3.8050677310000003 1.531289625964734e-05
3.806418963 1.8874156502011877e-05
3.807770194 1.817926165503582e-05
3.8091214260000004 1.1540129017810554e-05
3.8104726569999996 1.3007841337125947e-05
3.811823889 1.577513007927427e-05
3.81317512 1.4238455408317263e-05
3.814526351 1.369965180442063e-05
3.815877583 1.1895274084268076e-05
3.817228814 9.213894309213999e-06
3.818580046 1.0218938709764023e-05
3.8199312770000002 1.120104571901704e-05
3.821282509 9.93438750087302e-06
3.82263374 9.91992567693281e-06
3.823984971 1.1513141079130545e-05
3.825336203 1.0746785516719555e-05
3.826687434 1.2850227181238088e-05
3.828038666 1.632190564244835e-05
3.829389897 1.5824264890413284e-05
3.830741129 1.575749453435295e-05
3.8320923600000003 1.6469834158609883e-05
3.833443592 1.446626408396181e-05
3.834794823 1.6446076024238782e-05
3.836146054 1.7675827422586602e-05
3.8374972859999996 1.1600673226597014e-05
3.8388485169999997 1.0576631446639227e-05
3.840199749 1.3844076101007623e-05
3.84155098 1.3318326367227958e-05
3.842902212 1.6215983917806415e-05
3.844253443 1.4696740221057526e-05
3.845604674 8.273372793917118e-06
3.8469559060000003 7.561571134173889e-06
3.848307137 9.112986648265749e-06
3.849658369 9.473787176527831e-06
3.8510096 1.067930290656241e-05
3.852360832 1.1322266508114147e-05
3.853712063 4.142624048631794e-06
3.855063295 2.152061620277686e-06
3.856414526 5.351471931283302e-06
3.857765757 8.612178173555072e-06
3.859116989 1.2116916136141864e-05
3.86046822 1.763071998468637e-05
3.861819452 1.4396446500211481e-05
3.863170683 1.4173205212628506e-05
3.8645219149999996 1.8864290483848236e-05
3.8658731459999998 1.8661701875323137e-05
3.867224377 1.882417730670247e-05
3.868575609 1.991335497998292e-05
3.86992684 1.7503861803532056e-05
3.871278072 1.6215167961415253e-05
3.872629303 1.6316587972650227e-05
3.8739805350000003 1.3473112584584677e-05
3.875331766 1.0746857750644436e-05
3.876682998 1.1511834975751183e-05
3.878034229 1.0527114026422842e-05
3.87938546 8.23661585465028e-06
3.880736692 1.2080045816092891e-05
3.882087923 1.530991745641762e-05
3.883439155 1.4285927789835423e-05
3.884790386 1.5490124594215427e-05
3.886141618 1.4653917974883928e-05
3.887492849 1.2110043355634101e-05
3.8888440810000002 1.1415610716634578e-05
3.890195312 1.2047854187250397e-05
3.891546543 1.1371754996881733e-05
3.892897775 1.466869790212363e-05
3.894249006 2.114289533900371e-05
3.895600238 2.175510015714211e-05
3.8969514690000002 2.1604013160317507e-05
3.898302701 2.1931455695844466e-05
3.899653932 1.979716731069044e-05
3.9010051629999998 2.1717990750173402e-05
3.902356395 2.1270594373644888e-05
3.903707626 1.5823238425515043e-05
3.905058858 1.5125669419885958e-05
3.906410089 1.7793190256046825e-05
3.9077613209999997 1.8618094457842773e-05
3.909112552 2.061061891702126e-05
3.910463784 2.3115854203383223e-05
3.911815015 2.103030193926125e-05
3.913166246 1.926572687110944e-05
3.914517478 2.4698020168547404e-05
3.9158687089999997 2.3883082546270788e-05
3.917219941 1.7300630766754726e-05
3.918571172 2.0473365735389885e-05
3.919922404 2.3518601318917888e-05
3.921273635 2.3655093705281158e-05
3.922624866 2.3969803697412086e-05
3.9239760980000002 2.160136725952602e-05
3.9253273290000004 1.9059847105505802e-05
3.926678561 2.0685799110747344e-05
3.928029792 2.4811109753177795e-05
3.929381024 2.396133634851741e-05
3.9307322549999997 2.4556014521609874e-05
3.932083487 2.64502908556898e-05
3.933434718 2.5829238019814354e-05
3.934785949 2.855249257671213e-05
3.936137181 3.292702036815817e-05
3.937488412 3.49348668101458e-05
3.938839644 3.591779861230337e-05
3.940190875 3.769288316110599e-05
3.941542107 3.8112346172678695e-05
3.9428933379999997 3.6729215486459385e-05
3.944244569 3.769760422286409e-05
3.945595801 3.655424065898041e-05
3.946947032 3.4355198886657014e-05
3.948298264 3.681289633084886e-05
3.949649495 3.5988738553335325e-05
3.9510007270000003 3.398333175871847e-05
3.9523519580000004 3.677420759609392e-05
3.95370319 4.2898565440726286e-05
3.955054421 4.580902747648701e-05
3.956405652 4.690928823063624e-05
3.9577568839999997 4.7688113466584864e-05
3.959108115 4.044369344964338e-05
3.960459347 3.758905958482912e-05
3.961810578 4.1750002379177874e-05
3.96316181 4.225124482795257e-05
3.964513041 4.215768581584268e-05
3.965864273 4.5372128855246215e-05
3.967215504 4.8304544326000056e-05
3.968566735 4.566054788802072e-05
3.9699179669999998 4.4880401217503344e-05
3.971269198 4.7745689217870836e-05
3.97262043 4.5669700908825465e-05
3.973971661 4.867466120009706e-05
3.975322893 5.332579064005693e-05
3.976674124 5.315593710257213e-05
3.978025355 5.117213303035944e-05
3.9793765870000004 5.164460150313564e-05
3.9807278179999996 5.2250144463356516e-05
3.98207905 4.9733011818113714e-05
3.983430281 5.203466447056377e-05
3.9847815129999997 5.371081915489554e-05
3.986132744 5.289493567811049e-05
3.987483976 5.5272179233986704e-05
3.988835207 5.744243966360787e-05
3.9901864380000003 5.596965717027037e-05
3.99153767 5.36306972260483e-05
3.9928889009999997 5.5372055736851825e-05
3.994240133 5.5127809513605376e-05
3.995591364 5.178779647598661e-05
3.996942596 5.136476250981086e-05
3.998293827 5.0724624665342345e-05
3.999645058 5.042716236196137e-05
4.00099629 5.069739629736768e-05
4.002347521 4.9252241155811305e-05
4.003698753 4.44847512697788e-05
4.005049984 4.222907627934882e-05
4.006401216 4.319007616458947e-05
4.007752447 4.401510446907117e-05
4.009103679 4.9121964419870786e-05
4.01045491 5.4383540675353885e-05
4.011806141 5.4797842697684566e-05
4.013157373 5.2157840274645175e-05
4.014508604 5.3594800072596826e-05
4.015859836 5.329023277187613e-05
4.017211067 4.648671557408254e-05
4.018562299 4.475391906058637e-05
4.01991353 4.3854296835919774e-05
4.021264761 4.1061433760119645e-05
4.022615993 3.9171547952308414e-05
4.023967224 4.171778105269885e-05
4.025318456 4.348315349586351e-05
4.026669687 4.1453662124711475e-05
4.028020919 4.138979806376636e-05
4.02937215 3.97378657939804e-05
4.030723382 3.8745533505885136e-05
4.032074613 4.045736527177103e-05
4.033425844 4.318435275531176e-05
4.034777076 4.105655404705573e-05
4.036128307 4.072271706868922e-05
4.037479539 4.702784253336017e-05
4.03883077 5.065978046386189e-05
4.040182002 5.145316782766815e-05
4.041533233 5.051243734957185e-05
4.042884465 4.8230094257277795e-05
4.044235696 4.511652424970568e-05
4.0455869269999996 4.865049889683309e-05
4.046938159 5.250532826746257e-05
4.04828939 5.112843396458583e-05
4.049640622 5.0821595778437605e-05
4.050991853 5.2728137181126234e-05
4.052343085 5.3934312431580196e-05
4.053694316 5.2395171373269215e-05
4.055045547 5.476120867229031e-05
4.056396779 5.46627411427812e-05
4.05774801 5.212211816038429e-05
4.059099241999999 5.209026390330916e-05
4.0604504729999995 5.305832884678732e-05
4.061801705 5.076692063275759e-05
4.063152936 4.6821063268757005e-05
4.064504168 5.182626035706807e-05
4.065855399 5.5979518632557616e-05
4.06720663 5.729890788908293e-05
4.0685578620000005 5.745259942584973e-05
4.069909093000001 5.64922039066879e-05
4.071260325 5.290187397046504e-05
4.072611556 5.2220520604422356e-05
4.073962788 5.608829350196579e-05
4.075314019 5.597716333836225e-05
4.07666525 5.4938280772810724e-05
4.078016482 5.518266505185555e-05
4.079367713 5.553307718283815e-05
4.080718945 5.153825275059137e-05
4.082070176 5.191330414623157e-05
4.083421408 5.425373348266364e-05
4.084772639 5.276320651490847e-05
4.086123871 5.042987149148622e-05
4.087475102 5.0120064152231034e-05
4.088826333 4.996199348729693e-05
4.090177565 4.5511776892386115e-05
4.091528796 4.699510620962353e-05
4.092880028 5.0205660073141874e-05
4.094231259 5.17208262299678e-05
4.095582491 5.1838665837397697e-05
4.096933722 5.47815088256067e-05
4.098284953 5.524161951921008e-05
4.0996361850000005 5.273841066784747e-05
4.100987416 5.420194555522145e-05
4.102338648 5.702868051045827e-05
4.103689878999999 5.813627405026158e-05
4.105041110999999 5.7233302892971906e-05
4.106392342 5.911880720632895e-05
4.107743574 5.7264744927084155e-05
4.109094805 5.492784388076814e-05
4.110446036 5.487200836457132e-05
4.111797268 5.643814412996038e-05
4.113148499 5.5010064161020637e-05
4.1144997309999995 5.4052418927330004e-05
4.115850962000001 5.491219700067003e-05
4.117202194000001 5.220431905797394e-05
4.118553425 4.858856829951015e-05
4.119904657 4.758728044486312e-05
4.121255887999999 5.059132709910068e-05
4.122607119 5.000431271536906e-05
4.123958351000001 5.1801906006427326e-05
4.125309582 5.521350292162098e-05
4.126660814 5.803625901526808e-05
4.128012045 5.796240879701329e-05
4.129363277 5.885353552047638e-05
4.130714508 5.72671747475961e-05
4.132065739 5.295523715609032e-05
4.133416971 5.066626401307354e-05
4.134768202 5.0696227321322455e-05
4.136119434 4.916061955391531e-05
4.1374706649999995 4.454580269491929e-05
4.138821897 4.6775555021762774e-05
4.140173128000001 5.08575514889791e-05
4.14152436 5.3506911302320314e-05
4.142875591 5.3054731360634317e-05
4.144226821999999 5.2485885241088613e-05
4.145578054 4.87958422945757e-05
4.146929285000001 4.626155514901832e-05
4.148280517 4.6798155014994664e-05
4.149631748 4.927553869179709e-05
4.15098298 4.918898295484686e-05
4.152334211 5.024410439845693e-05
4.153685442 5.363302527604812e-05
4.155036674 5.365610176583441e-05
4.156387905 5.0615942190081816e-05
4.157739136999999 4.753151437688643e-05
4.159090368 4.772365971202719e-05
4.1604416 4.583615296949803e-05
4.161792831 4.48103083678753e-05
4.163144063 4.500167534436084e-05
4.164495294 4.557032675819529e-05
4.165846525 4.4656680373123015e-05
4.167197757 4.7734974387425455e-05
4.1685489879999995 5.026304666838457e-05
4.169900220000001 4.9643163028619513e-05
4.171251451 4.6853362298533195e-05
4.172602683 4.70022996444612e-05
4.173953914 4.736712390265928e-05
4.1753051459999995 4.662106673118816e-05
4.1766563770000005 4.709103766916681e-05
4.178007608 4.8579938255735675e-05
4.17935884 4.720179609870173e-05
4.180710071 4.496745157791916e-05
4.182061303 4.747658420814446e-05
4.183412534 5.043031251807432e-05
4.184763766 5.102469054637153e-05
4.186114997 4.890345144615666e-05
4.187466228 4.768996358138167e-05
4.18881746 4.308352901312802e-05
4.190168691 3.912565920808761e-05
4.1915199229999995 3.831055458945988e-05
4.1928711540000005 4.3369268586858806e-05
4.194222386000001 4.505877759861274e-05
4.195573617 4.555294426186196e-05
4.196924849 4.518096522468461e-05
4.198276079999999 4.3312751390298636e-05
4.199627311 3.768693385432061e-05
4.200978543 3.770142880468288e-05
4.202329774 4.1377747909959496e-05
4.203681006 4.4350950292265546e-05
4.205032237 4.280269830809261e-05
4.206383469 3.974668645041112e-05
4.2077347 3.677524560532728e-05
4.209085931 3.3258195660347095e-05
4.210437163 3.116428088972539e-05
4.211788394 3.257131020324287e-05
4.213139626 3.46526675450885e-05
4.2144908569999995 3.408475266714154e-05
4.215842089 3.538626060191241e-05
4.217193320000001 3.845998527932575e-05
4.218544552 4.240842653298666e-05
4.219895783 4.531746696978462e-05
4.221247013999999 4.797097415772732e-05
4.2225982459999996 4.7302253769460234e-05
4.223949477 4.33568613651567e-05
4.225300709 3.972609688549176e-05
4.22665194 4.179710552419532e-05
4.228003171999999 4.1476287374454664e-05
4.229354403 3.91722994687959e-05
4.2307056339999995 3.6396990823084585e-05
4.232056866 3.680179163217614e-05
4.233408097000001 3.447358497096084e-05
4.234759329 3.166574562697807e-05
4.23611056 3.0138389164166433e-05
4.237461792 3.0947177856788976e-05
4.238813023 3.0751679972863874e-05
4.240164255 3.2596651734947305e-05
4.241515486 3.522360197993645e-05
4.242866717 3.702661670484857e-05
4.244217949 3.434651346272408e-05
4.24556918 3.308988322806615e-05
4.246920412000001 3.262066801725591e-05
4.248271643 3.276381629465763e-05
4.249622875 3.248197951319869e-05
4.250974105999999 3.5908157175145914e-05
4.2523253379999995 3.635957556952752e-05
4.2536765690000005 3.282319597160663e-05
4.2550278 2.7323363037193927e-05
4.256379032 2.6015770582940445e-05
4.257730263 2.5659592250750405e-05
4.259081495 2.5659351997150326e-05
4.260432726 2.6834284703022528e-05
4.261783958 3.1407248612206294e-05
4.263135189 3.1765722148177315e-05
4.26448642 3.015865110981763e-05
4.265837652 2.9501962841005128e-05
4.267188883 3.096185743901381e-05
4.2685401149999995 2.9356369990324353e-05
4.2698913460000005 2.7469245035886422e-05
4.271242578000001 2.678384203480972e-05
4.272593809 2.7584580792172408e-05
4.273945041 2.537638194286792e-05
4.275296271999999 2.4511867323819975e-05
4.276647503 2.589899398657754e-05
4.277998735 2.7142805424476088e-05
4.279349966 2.438688690590293e-05
4.280701198 2.2260500666742054e-05
4.282052429 2.264980883717299e-05
4.283403661 2.4110002192012544e-05
4.284754892 2.4462769251139456e-05
4.286106123 2.6352956639078176e-05
4.287457355 2.8037244886181062e-05
4.288808586 2.8297648352156306e-05
4.290159818 2.654116038083666e-05
4.2915110489999995 2.5726652198065245e-05
4.292862281 2.2835433226984496e-05
4.294213512000001 1.881111024460357e-05
4.295564744 1.766776521325689e-05
4.296915975 2.0858590943431612e-05
4.298267206 2.3709575657711318e-05
4.299618438 2.346794296109e-05
4.300969669 2.1434433888466292e-05
4.302320901 2.186452937666258e-05
4.303672132 2.161951599060155e-05
4.305023363999999 2.0214718398933688e-05
4.306374595 2.0088836301393864e-05
4.3077258259999995 2.3675953815207544e-05
4.309077058 2.6380364817783904e-05
4.310428289000001 2.9323664472075856e-05
4.311779521 3.252729637510113e-05
4.313130752 3.582305412532982e-05
4.314481984 3.2435557405761796e-05
4.315833215 2.8333106199755107e-05
4.317184447 2.4619668525384576e-05
4.318535678 2.3883983195131746e-05
4.319886909 2.063551711980817e-05
4.321238141 1.8929168587081843e-05
4.322589372 1.8535906877538222e-05
4.323940604000001 2.2721600691634578e-05
4.325291835 2.467027258832383e-05
4.326643067 2.59777411910856e-05
4.327994297999999 2.710795402389949e-05
4.329345529999999 2.6653515714450962e-05
4.3306967610000004 2.036650533642809e-05
4.332047992 1.62986926634342e-05
4.333399224 1.3556272384951776e-05
4.334750455 1.3502755998950562e-05
4.336101687 1.4246299149961906e-05
4.337452918 1.7019686838838043e-05
4.33880415 1.9933094137464365e-05
4.340155381 1.9566541685486822e-05
4.341506612 1.6230952120930148e-05
4.342857844 1.5313879408957222e-05
4.344209075 1.6324367625354954e-05
4.3455603069999995 1.829575924979234e-05
4.3469115380000005 1.972973996949856e-05
4.34826277 2.1609457816267423e-05
4.349614001 2.3404139815652608e-05
4.350965233 2.1536398014584742e-05
4.352316464 1.8214958479758082e-05
4.353667695 1.6607528825677756e-05
4.355018927 1.6237325567114955e-05
4.356370158 1.4313393820237304e-05
4.35772139 1.2885666432895339e-05
4.359072621 1.3266241150534886e-05
4.360423853 1.542695562478093e-05
4.361775084 1.5520995824585045e-05
4.363126315000001 1.4827552618977858e-05
4.364477547000001 1.3874165317135513e-05
4.365828778 1.3234855353530195e-05
4.36718001 1.1459857660912738e-05
4.3685312409999995 1.2262677937680154e-05
4.369882473 1.12113538593411e-05
4.371233704 1.3326362422629386e-05
4.372584936 1.4452568172808208e-05
4.373936167 1.4564941848834833e-05
4.375287398 1.4008272933489025e-05
4.37663863 1.395356314483481e-05
4.377989861 1.3800223487617832e-05
4.379341093 1.4126795051961481e-05
4.380692324 1.5065166288027179e-05
4.382043555999999 1.3262721998138489e-05
4.383394787 1.1879308401591426e-05
4.3847460179999995 1.1245794243209658e-05
4.38609725 1.2211256995639205e-05
4.387448481000001 1.4155372928440486e-05
4.388799713 1.6148690378899792e-05
4.390150944 1.7820161605765237e-05
4.391502176 1.8411029236189147e-05
4.392853407 1.605575051544856e-05
4.394204639 1.2547599797217405e-05
4.39555587 8.98522829968137e-06
4.396907101 8.799894199785687e-06
4.398258332999999 9.659995631109269e-06
4.399609564 1.1242216402833124e-05
4.400960796000001 1.2776525830377398e-05
4.402312027 1.3463667246825458e-05
4.403663259 1.2845752111871558e-05
4.405014489999999 1.1256567385167634e-05
4.406365721999999 1.0579786622113221e-05
4.407716953 1.11806188891555e-05
4.409068184 1.1763078199390272e-05
4.410419416 1.1153694610309148e-05
4.411770647 1.0295067578796624e-05
4.413121879 9.70104743991997e-06
4.41447311 9.03480916763941e-06
4.415824342 7.188875720000884e-06
4.417175573000001 6.980314132999519e-06
4.418526804 8.049331595161221e-06
4.419878036 1.116850602229348e-05
4.421229266999999 1.2135210231370191e-05
4.4225804989999995 1.1875940397909372e-05
4.4239317300000005 1.075590112450678e-05
4.425282962 9.443610002389273e-06
4.426634193 7.700487416356705e-06
4.427985425 6.2631188695324135e-06
4.429336656 5.934162013605848e-06
4.430687887 5.332978358579457e-06
4.432039119 5.915600892418186e-06
4.43339035 6.903447429696231e-06
4.434741582 7.894670118763544e-06
4.436092813 7.980181030071816e-06
4.437444045 7.788948356426627e-06
4.438795276 7.568572266247368e-06
4.440146507000001 7.332963729530743e-06
4.441497739000001 6.419983025614958e-06
4.44284897 5.564956867597862e-06
4.444200202 6.639605542869402e-06
4.445551432999999 9.249831533935638e-06
4.446902665 1.2275156896896498e-05
4.448253896 1.237610747770166e-05
4.449605128 8.933850580843502e-06
4.450956359 7.221626735623051e-06
4.45230759 7.2385626659614815e-06
4.453658822 8.096816430808937e-06
4.455010053 9.108972111259208e-06
4.456361285 1.0075860172867027e-05
4.457712516 1.0967777713750823e-05
4.459063747999999 1.0613551415115991e-05
4.460414979 1.172560892602896e-05
4.4617662110000005 1.3801810946006214e-05
4.463117442 1.4479133666873187e-05
4.464468673000001 1.2975657879218042e-05
4.465819905 1.0338812391851847e-05
4.467171136 9.098255815147563e-06
4.468522368 9.489576322638865e-06
4.469873599 1.0062550820221955e-05
4.471224831000001 9.896274079483132e-06
4.472576062 1.069674395932953e-05
4.473927293 1.0889667113263767e-05
4.475278524999999 9.713309439698608e-06
4.476629756 7.140837772846905e-06
4.4779809880000006 7.790441520476433e-06
4.479332219 9.249365119992858e-06
4.480683451 1.085283514785024e-05
4.482034682 1.185113685838246e-05
4.483385914 1.1969798557495261e-05
4.484737145 1.2086190956057997e-05
4.486088376 1.046087248092978e-05
4.487439608 1.0843264597867367e-05
4.488790839 1.0320965860419755e-05
4.490142071 8.426670321860097e-06
4.491493302 7.967581041127347e-06
4.492844534 9.37162187993185e-06
4.494195765000001 1.002915784378669e-05
4.495546996 1.103607758729029e-05
4.496898228 1.1803279338028852e-05
4.498249458999999 1.0627607309685216e-05
4.4996006909999995 1.0267465536655502e-05
4.5009519220000005 1.034949499127127e-05
4.502303154 1.085226397802169e-05
4.503654385 9.492886239797596e-06
4.505005617 8.911287216983127e-06
4.506356848 9.572119529361802e-06
4.507708079 1.1204371822767233e-05
4.509059311 1.1726908281388775e-05
4.510410542 1.1317509231297831e-05
4.511761774 1.2077052181553493e-05
4.513113005 1.2722791892484898e-05
4.514464237 1.254972975447671e-05
4.5158154679999996 9.829333006066297e-06
4.517166699000001 8.511702763501737e-06
4.518517931 8.53031189067819e-06
4.519869162 1.0432710286741232e-05
4.521220394 1.20835311657676e-05
4.522571624999999 1.3612866636063063e-05
4.523922857 1.5921048868186518e-05
4.525274088 1.5947667114003316e-05
4.52662532 1.3780230671821103e-05
4.527976551 1.2178044194541123e-05
4.529327782 1.1898589118067519e-05
4.530679014 1.1768066206588678e-05
4.532030245 1.2444142903310185e-05
4.533381477 1.4886657658579033e-05
4.534732708 1.8234904416940653e-05
4.53608394 2.176219638513431e-05
4.537435171 2.084126657845172e-05
4.5387864030000005 1.9587989751027397e-05
4.540137634 1.8313946337769106e-05
4.541488865 1.776310468915102e-05
4.542840097 1.483663152442476e-05
4.544191328 1.2051291755681314e-05
4.5455425599999995 1.1178186098663447e-05
4.5468937910000005 1.1599900039409232e-05
4.548245023000001 1.1301301502116936e-05
4.549596254 9.125343462783276e-06
4.550947485 7.929872973706698e-06
4.552298716999999 7.301146645344916e-06
4.553649948 7.483598934548234e-06
4.5550011800000005 6.33647967730504e-06
4.556352411 6.883905071933185e-06
4.557703643 9.096271767135254e-06
4.559054874 1.1436991872656324e-05
4.560406106 1.243083799716844e-05
4.561757337 1.0665753081855441e-05
4.563108568 1.1207031183189036e-05
4.5644598 1.172836963710462e-05
4.565811031 1.175957311604937e-05
4.567162263 9.402725135454403e-06
4.568513493999999 9.849358101435312e-06
4.569864726 1.3764414831955645e-05
4.571215957000001 1.450306759185764e-05
4.572567188 1.1406482920082836e-05
4.57391842 8.565204680323214e-06
4.575269650999999 7.85436244400719e-06
4.5766208829999995 6.545597388103427e-06
4.5779721140000005 6.56162073946513e-06
4.579323346 6.522309634385504e-06
4.580674577 6.736271063635259e-06
4.582025809 9.669947106006708e-06
4.58337704 7.68000783076948e-06
4.584728271 5.613288115366382e-06
4.586079503 4.601303074821014e-06
4.587430734 4.31945529001114e-06
4.588781966 5.201940248585617e-06
4.590133197 4.645951457830347e-06
4.591484429 3.828089845095828e-06
4.5928356599999995 5.659761487403002e-06
4.5941868910000005 7.272622876102318e-06
4.595538123 5.6434898439563425e-06
4.596889354 4.380848083765412e-06
4.598240586 4.865571944458844e-06
4.599591817 3.6765386144097356e-06
4.6009430490000005 3.0940776650274552e-06
4.60229428 2.3880176628527176e-06
4.603645512 2.672390699879488e-06
4.604996743 2.777726909023904e-06
4.606347974 4.079174681319055e-06
4.607699206 3.1876275307685065e-06
4.609050437 2.7627880100933155e-06
4.610401669 2.9121809415911016e-06
4.611752900000001 3.6038001510095676e-06
4.613104132 3.636895601493399e-06
4.614455363 2.594360157794597e-06
4.6158065950000005 2.40100429527693e-06
4.617157826 2.5964563121798793e-06
4.618509057 5.22053536542908e-06
4.619860289 6.4866463956518026e-06
4.62121152 4.326923539228395e-06
4.622562751999999 4.3928436554362255e-06
4.6239139830000004 4.735390574077126e-06
4.625265215000001 5.08774867630596e-06
4.626616446 4.8197776812301e-06
4.627967677 6.6822296949272636e-06
4.629318908999999 1.1038841280458544e-05
4.63067014 1.2355586181477001e-05
4.6320213720000005 1.1909165261807811e-05
4.633372603 1.0889481310100466e-05
4.634723835 1.1056561803018744e-05
4.636075066 1.033145053386799e-05
4.637426298 9.235993699914805e-06
4.638777529 8.546606624729838e-06
4.64012876 9.073479452419345e-06
4.641479992 1.0868998302685934e-05
4.642831223 9.07867793055117e-06
4.644182455 7.155107755930495e-06
4.645533685999999 8.30648453171316e-06
4.646884918 1.0143825179644425e-05
4.648236149000001 1.0868298450691125e-05
4.64958738 1.0548480303255189e-05
4.650938612 1.1434945574743657e-05
4.652289842999999 1.1070490969992161e-05
4.6536410749999995 9.810835831817357e-06
4.6549923060000005 6.408054753100462e-06
4.656343538 6.633797060186062e-06
4.657694769 7.91728643356637e-06
4.659046001 8.978086670465743e-06
4.660397232 1.050023036949887e-05
4.661748463 8.84347365741153e-06
4.663099695 7.808855523484258e-06
4.664450926000001 7.944433007648411e-06
4.665802158 7.447899329752174e-06
4.667153389 7.398524229959855e-06
4.668504621 6.219040293346441e-06
4.6698558519999995 6.882429888479203e-06
4.6712070830000005 8.430285310762689e-06
4.672558315 1.0235521325893944e-05
4.673909546 1.1281198609316004e-05
4.675260778 1.2532635241392159e-05
4.676612009 1.3946980885733673e-05
4.6779632410000005 1.4154860662715494e-05
4.679314472 1.3523878151901043e-05
4.680665704 1.1068407787643857e-05
4.682016935 9.539641095924584e-06
4.683368166 9.278959372193382e-06
4.684719398 8.866423555250563e-06
4.686070629 7.805004274995536e-06
4.687421861 7.818172612965849e-06
4.688773092 8.337767105882847e-06
4.690124324 7.899515002197392e-06
4.691475555 6.176657129408989e-06
4.6928267869999996 4.984967193994805e-06
4.694178018 4.005387882824395e-06
4.695529249 3.6621426173353293e-06
4.696880481 5.593423709061027e-06
4.698231712 6.057263060849051e-06
4.699582943999999 6.824428729552787e-06
4.700934175 6.5564420112260626e-06
4.702285407000001 8.722025001504221e-06
4.703636638 9.449249949944037e-06
4.704987869 9.424345589957953e-06
4.706339100999999 9.600032353706802e-06
4.707690332 8.246156686750169e-06
4.7090415640000005 6.511821869344192e-06
4.710392795 1.5500200768771642e-06
4.711744027 8.668671288734382e-07
4.713095258 5.093159301565677e-07
4.71444649 6.941017229707017e-07
4.7157977209999995 1.1937551031295278e-06
4.717148952 1.4992863693027717e-06
4.718500184000001 2.479590296147443e-06
4.719851415 4.822602447517418e-06
4.721202647 4.733409358758545e-06
4.722553877999999 2.199308302460563e-06
4.72390511 1.2750823922113923e-06
4.725256341000001 1.2601556421581724e-06
4.726607572 1.4046778972459486e-06
4.727958804 1.975857097021257e-06
4.729310035 2.2387435879651636e-06
4.730661267 2.6459858650414263e-06
4.7320124980000005 3.4731098296865268e-06
4.73336373 3.892224957348139e-06
4.734714961 3.925554251065655e-06
4.736066193 3.5348784738660247e-06
4.737417424 3.7987700778507838e-06
4.738768654999999 4.407236070756171e-06
4.740119887 3.1154909862192238e-06
4.741471118000001 2.9834095281324166e-06
4.74282235 4.640035987764514e-06
4.744173581 6.88266545708429e-06
4.745524813 9.468145107608e-06
4.7468760439999995 7.957368452957418e-06
4.748227276 6.4090913731762855e-06
4.749578507 5.027817981316545e-06
4.750929738 4.669492083812154e-06
4.75228097 5.3181032946461526e-06
4.753632201 4.786060016629243e-06
4.7549834330000005 3.267520463785198e-06
4.756334664 4.0516639947443185e-06
4.757685896 4.231504150094008e-06
4.759037127 4.543955805325204e-06
4.760388358 3.134193353744274e-06
4.76173959 2.1626456214864515e-06
4.763090821 1.4694457053024612e-06
4.764442053 8.792885859632904e-07
4.765793284 1.1773842599740274e-06
4.767144516 1.0806093075832074e-06
4.768495747 4.592313022416866e-08
4.7698469789999995 6.099371917955798e-09
4.77119821 2.5785536004536286e-08
4.772549441 2.1229628362358873e-07
4.773900673 2.1054548284044176e-06
4.775251904 2.5235151208093216e-06
4.776603135999999 1.8780321222895768e-06
4.777954367 6.584562290516695e-07
4.779305599000001 4.7847132296253334e-08
4.78065683 5.186966984911114e-09
4.782008061000001 5.184096986785246e-09
4.783359293 5.181244443169949e-09
4.784710524 5.178404670148892e-09
4.7860617560000005 5.175577968174134e-09
4.787412987 6.81962636075135e-09
4.788764219 2.505311201094122e-07
4.79011545 1.4204042320483447e-06
4.791466682 7.756837122178446e-07
4.7928179129999995 3.140825331722479e-08
4.7941691440000005 5.158979277321724e-09
4.795520376000001 5.156266572846852e-09
4.796871607 5.153562123426034e-09
4.798222839 5.1508674296416144e-09
4.799574069999999 1.1925540455658628e-07
4.800925302 1.8048938273182553e-06
4.802276533000001 3.0411738795013283e-06
4.803627764 2.177219580315852e-06
4.804978996 2.423848230665488e-06
4.806330227 2.7415189888085355e-06
4.807681459 3.1421456693211313e-06
4.80903269 3.6862326794153676e-06
4.810383922 3.0609713921966404e-06
4.811735153 1.6681130615035503e-06
4.813086384999999 2.4844478074685854e-08
4.814437616 5.124822249116746e-09
4.815788846999999 5.122128126669e-09
4.817140079 5.119434184519095e-09
4.818491310000001 6.156069977111988e-09
4.819842542 2.2967219857501758e-07
4.821193773 3.0643966667933457e-06
4.822545005 4.633340938893391e-06
4.8238962359999995 4.029082399089941e-06
4.825247468 2.9523676291945204e-06
4.826598699 1.60467098684098e-06
4.82794993 1.8839014625568424e-07
4.829301162 7.066478826166325e-09
4.830652393 5.093145611428044e-09
4.8320036250000005 5.090458526426059e-09
4.833354856 5.087763863045808e-09
4.834706088 5.085060850289467e-09
4.836057318999999 5.082348947192564e-09
4.83740855 5.079627426752708e-09
4.838759782 7.1111783207299706e-09
4.840111013 2.1181623855202205e-07
4.841462245 1.7890900402124234e-06
4.842813476 3.1738510403204496e-06
4.844164708 4.070331304165343e-06
4.845515939 4.593331150427475e-06
4.8468671709999995 4.106004554835482e-06
4.8482184020000005 2.583207320715056e-06
4.849569633 1.0324925733797297e-06
4.850920865 5.3725090435560834e-08
4.852272096 5.514626894431661e-09
4.853623327999999 5.223459348723522e-08
4.854974559 9.63420102075212e-08
4.856325791000001 7.458063306150705e-09
4.857677022 5.037757218897401e-09
4.859028253 5.234722622744135e-09
4.860379485 8.31349141964677e-08
4.861730716 2.599520842098252e-07
4.863081948 9.409686210984997e-09
4.864433179 5.023272728615896e-09
4.865784411 5.0203088107368544e-09
4.867135642 6.479399473437933e-08
4.868486874 9.389587354912066e-07
4.8698381049999995 1.3198026474437398e-06
4.8711893360000005 8.682545344736097e-07
4.872540568000001 1.726076149177383e-06
4.873891799 1.2782063369122384e-06
4.875243031 4.36489819536074e-07
4.876594261999999 1.3998375970636519e-08
4.8779454939999995 4.997695211001444e-09
4.879296725000001 4.992421554592816e-09
4.880647956 4.9870742772161785e-09
4.881999188 5.804110032171468e-09
4.883350419 1.427429374812684e-07
4.884701651 1.918942891863165e-06
4.8860528819999995 3.1414246569102447e-06
4.887404114 3.876085291983173e-06
4.888755345 4.2233405881826696e-06
4.890106576999999 3.992734750305388e-06
4.891457808 3.788330775492074e-06
4.892809038999999 3.884390315047404e-06
4.894160271 3.843973383803516e-06
4.895511502000001 2.6401351850999367e-06
4.896862734 8.931830231809796e-08
4.898213965 4.915953647148152e-09
4.899565197 4.910321546706832e-09
4.900916428 4.904661452729628e-09
4.902267660000001 4.898975096379381e-09
4.903618891 4.893267857729323e-09
4.904970122 4.8875405231003665e-09
4.906321354 4.8817903652817e-09
4.907672585 4.876020018054873e-09
4.9090238170000005 4.8702296174292285e-09
4.910375048 2.0155498593691425e-08
4.91172628 1.0200919473563168e-06
4.913077511 1.924435824478992e-06
4.914428742 1.166234069059472e-06
4.915779974 2.2066660334190837e-08
4.917131205 4.83517172880845e-09
4.918482437 4.82926035725685e-09
4.919833668 4.823330266423513e-09
4.9211849 4.817337289757756e-09
4.922536131 4.81131877449098e-09
4.9238873629999995 4.8052822451073835e-09
4.9252385940000005 4.799226111702697e-09
4.926589825 4.793151571936011e-09
4.927941057 4.7870596933707414e-09
4.929292288 4.780948594590597e-09
4.930643519999999 4.774814642304433e-09
4.931994751 4.7686579695536056e-09
4.933345983000001 4.762482600737872e-09
4.934697214 4.756291161090526e-09
4.936048445 4.750083614109038e-09
4.937399677 4.743858595403061e-09
4.938750908 4.73761835309934e-09
4.94010214 4.731365248270092e-09
4.941453371 4.727465519439011e-09
4.942804603 4.724025028925044e-09
4.944155834 4.717752755177142e-09
4.945507066 1.8137886024414123e-08
4.9468582969999995 7.260922679380953e-07
4.9482095280000005 5.6618951728154606e-08
4.949560760000001 4.6925200392095045e-09
4.950911991 4.686184586700732e-09
4.952263223 4.679838487055388e-09
4.953614453999999 4.6734797903913466e-09
4.9549656859999995 4.667109168516356e-09
4.9563169170000005 4.660725574878099e-09
4.957668148 4.654330516763317e-09
4.95901938 4.647924321654661e-09
4.960370611 4.6415046736517196e-09
4.961721843 6.976909122645696e-09
4.9630730739999995 6.915568536364176e-08
4.964424306 3.727102241642828e-07
4.965775537000001 8.907479105568675e-07
4.967126769 1.3504120202377753e-06
4.968478 2.4412301218764054e-06
4.969829230999999 1.2290795549236636e-06
4.971180463 9.92470638914128e-07
4.972531694000001 1.231226121622923e-06
4.973882926 1.896089661593365e-06
4.975234157 3.157661935506301e-06
4.976585389 3.212362748892551e-06
4.97793662 2.8280194909822114e-06
4.979287852000001 2.164735075832324e-06
4.980639083 1.7628516353327652e-06
4.981990314 1.7917295579026937e-06
4.983341545999999 2.3469916254937983e-06
4.984692777 2.3609103626439854e-06
4.986044009 2.6671354967001785e-06
4.98739524 3.300979154464639e-06
4.988746472 1.3042094428942676e-06
4.990097703 6.780822060541792e-07
4.991448934 4.471184303825596e-07
4.992800166 4.7211745139022484e-07
4.9941513969999995 1.0398827514452e-06
4.995502629 1.0518282512784281e-06
4.99685386 1.5538612829350767e-06
4.998205092 5.166374861110895e-07
4.999556323 1.1016772381682897e-07
5.0009075549999995 2.1667369783515022e-07
5.0022587860000005 8.50705347952937e-07
5.003610017 1.1430251738402288e-06
5.004961249 3.0982742399118587e-07
5.006312479999999 1.1500444198252567e-08
5.007663711999999 4.417164761877851e-09
5.009014943 4.416004328529877e-09
5.010366175 1.0183836938656e-08
5.011717406 4.8593155718847815e-08
5.013068637 1.7334002642425043e-07
5.014419869 5.218077791760127e-07
5.0157711 9.026181790635312e-07
5.017122332 1.2575119014630773e-06
5.018473563 1.3712950664362393e-06
5.019824795000001 1.445637665599741e-06
5.021176026 1.4991417504225706e-06
5.022527258 1.0339869865080925e-06
5.0238784889999994 1.3282923514299822e-06
5.0252297200000005 3.943192378682193e-08
5.026580952000001 4.3376430223745565e-09
5.027932183 4.331557561587428e-09
5.029283415 4.32546293280707e-09
5.030634646 4.3193594464209865e-09
5.031985878 4.313247106520414e-09
5.033337109 4.3071249397890925e-09
5.034688341 4.300993540404502e-09
5.036039572 4.483511190483569e-09
5.037390803 2.7915296809571632e-08
5.038742035 2.5828050519150027e-07
5.0400932659999995 6.72089443050606e-07
5.041444498 1.356043836091625e-06
5.042795729000001 2.050321396994857e-06
5.044146961 1.973128235355291e-06
5.045498192 1.5240667085956699e-06
5.046849422999999 7.385800289959499e-08
5.048200655 4.393823033535877e-09
5.049551886000001 4.232860549803493e-09
5.050903118 4.226596647501772e-09
5.052254349 4.2203187841948605e-09
5.053605581 4.214028148033023e-09
5.054956812 4.207724939618658e-09
5.056308044000001 4.201407362605916e-09
5.057659275 4.195076421321778e-09
5.059010506 4.188732009793298e-09
5.060361737999999 4.182372043508074e-09
5.061712969 2.665700072207627e-08
5.063064201 6.098663971051047e-07
5.064415432 8.704124965153001e-07
5.065766664 5.635006499324447e-07
5.067117895 1.7023337875367286e-08
5.068469126 4.1492125144872515e-09
5.069820358 4.1440477897554054e-09
5.0711715889999995 4.138861874978345e-09
5.072522821 4.1336543397887596e-09
5.073874052 4.1284262590812065e-09
5.075225284 4.123175457490866e-09
5.076576515 4.1179023936714185e-09
5.0779277469999995 4.116759552086903e-09
5.0792789780000005 4.111758203274191e-09
5.080630209 4.106410644525519e-09
5.081981441 4.101040557552686e-09
5.083332671999999 4.095644476828688e-09
5.084683904 4.0902250106401304e-09
5.086035135 4.084781709288233e-09
5.087386367 4.079311397756972e-09
5.088737598 4.073816936453833e-09
5.090088829 4.068297098125884e-09
5.091440061 4.062749685510108e-09
5.092791292 4.0571771989256965e-09
5.094142524 4.051577753503418e-09
5.095493755000001 4.0459502835108205e-09
5.096844987000001 4.0402968434858936e-09
5.098196218 4.034614858461286e-09
5.09954745 4.028904487562428e-09
