Wavelength_microns Throughput
2.0004663860000003 3.321298714533436e-15
2.002074478 2.936329616882952e-16
2.00368257 1.0354669765350543e-16
2.005290662 4.642661317216999e-16
2.006898754 3.2231800358291055e-15
2.008506846 3.715435528435146e-15
2.010114938 4.9306829808867965e-15
2.01172303 8.726373955260234e-15
2.013331122 1.475509787677524e-14
2.014939214 2.2807447033812344e-14
2.016547306 3.088193980552883e-14
2.018155398 3.620648376957946e-14
2.01976349 3.997401634175688e-14
2.021371582 4.242461609508191e-14
2.022979674 4.2611940198052194e-14
2.0245877660000002 4.0271345908132054e-14
2.026195858 3.943714101609228e-14
2.027803949 3.929164366345905e-14
2.029412041 3.797725093866954e-14
2.031020133 3.608547951339105e-14
2.032628225 3.4793771747909134e-14
2.034236317 3.3440550982806205e-14
2.035844409 3.246166462336995e-14
2.037452501 3.154382879279177e-14
2.039060593 2.7910304809432242e-14
2.040668685 2.392558451885571e-14
2.042276777 1.805441516989382e-14
2.0438848689999998 1.2973630890665694e-14
2.045492961 6.857346054004395e-15
2.047101053 3.232872603226204e-15
2.0487091449999997 2.2515172146687846e-15
2.0503172370000002 1.86371963414788e-15
2.0519253290000004 4.3327293785375836e-16
2.053533421 1.2097683825201644e-16
2.055141513 1.2098044562779142e-16
2.056749605 3.3707191110986914e-16
2.058357697 4.876332347180354e-16
2.059965788 3.9418958646535595e-16
2.06157388 2.1805328739177877e-16
2.0631819719999998 1.0859595300389091e-16
2.064790064 1.5795881793549258e-16
2.066398156 5.990138099603915e-16
2.068006248 2.277744016723391e-16
2.06961434 7.812636431473004e-18
2.071222432 9.884278427614758e-18
2.072830524 4.472528981589497e-16
2.074438616 1.6852564063674523e-15
2.076046708 4.985586434437367e-16
2.0776548 4.1803352047364093e-16
2.079262892 1.3801377486927293e-15
2.080870984 3.3709547174876457e-15
2.0824790760000003 2.7798046562559694e-15
2.084087168 2.3868253441906092e-15
2.08569526 2.4316428658089907e-15
2.0873033519999997 3.172977504661289e-15
2.088911444 5.5153692052446554e-15
2.090519536 7.911219799446869e-15
2.092127627 2.167790774346269e-15
2.0937357189999997 1.1180925638054456e-15
2.0953438110000002 3.197183384092595e-15
2.0969519030000003 1.2568615428900394e-14
2.098559995 6.911953838685153e-15
2.100168087 4.262570953578256e-15
2.101776179 6.9505837239429315e-15
2.103384271 1.8373622206126826e-14
2.104992363 2.2440772218048614e-14
2.1066004549999997 2.045810216987515e-14
2.1082085470000003 2.1589651187834063e-14
2.109816639 2.5360591524920936e-14
2.111424731 3.12621482123447e-14
2.113032823 3.4923808620464686e-14
2.114640915 2.0426139380343617e-14
2.116249007 5.55691409293817e-15
2.1178570989999996 3.635600074404846e-15
2.1194651909999997 1.4654484145260547e-14
2.1210732830000003 1.0010688011812675e-13
2.122681375 2.7771729941263795e-15
2.124289466 7.581144242435163e-17
2.125897558 7.043571786364733e-16
2.1275056500000002 2.0157601418047227e-14
2.129113742 2.9837489404866224e-14
2.130721834 1.8595867393254466e-14
2.1323299259999997 1.992405920241363e-14
2.133938018 3.5550016165479094e-14
2.1355461100000004 6.399371319881309e-14
2.137154202 6.137701754804569e-14
2.138762294 5.2473720829569613e-14
2.140370386 2.8326565536343094e-14
2.141978478 1.8140233608372472e-14
2.14358657 2.5369087360451708e-14
2.1451946619999998 4.4285214056523137e-14
2.146802754 1.7326718882262776e-14
2.1484108460000004 6.186937379598272e-15
2.150018938 5.9793405179515394e-15
2.15162703 1.4177582120915958e-14
2.153235122 1.2744718119844426e-14
2.154843214 4.810589323895458e-16
2.156451305 4.0130905771148034e-17
2.158059397 9.657944466377055e-16
2.159667489 2.5213140641562954e-14
2.161275581 2.6634268688754997e-14
2.1628836729999996 1.914033180103614e-14
2.164491765 8.113856655949696e-15
2.1660998570000003 3.2989657516264987e-15
2.167707949 2.8519257295249272e-15
2.169316041 7.40212975363497e-15
2.170924133 1.667815444317996e-14
2.172532225 8.438152492901482e-16
2.174140317 4.4202455227029513e-17
2.1757484089999997 6.394023935833149e-16
2.177356501 1.7823298740557216e-14
2.1789645930000003 7.384838992586232e-15
2.180572685 2.8813209748756216e-16
2.182180777 1.2132384034081578e-16
2.183788869 2.950080885986942e-15
2.185396961 5.1901193583429514e-14
2.187005053 3.7192461261832845e-14
2.1886131449999997 3.398627102733687e-14
2.1902212359999997 3.325196712164681e-14
2.191829328 3.609216037432223e-14
2.1934374200000004 5.2397066223531425e-14
2.195045512 6.240026261365554e-14
2.196653604 4.000813865099834e-14
2.198261696 1.9415684887122035e-15
2.199869788 9.593412754076144e-17
2.20147788 1.286312376738958e-15
2.203085972 3.6476915632746114e-14
2.204694064 2.592832611100786e-14
2.206302156 1.0979403470243985e-15
2.207910248 2.1629985746886996e-16
2.2095183400000002 5.321854303949435e-15
2.211126432 1.3148694045361092e-13
2.212734524 1.2356688738259492e-14
2.2143426159999997 6.483115111426448e-16
2.215950708 3.9127448806366757e-16
2.2175588 3.936249340781877e-15
2.219166892 3.781956794306374e-14
2.220774984 9.211931611855884e-14
2.222383075 2.549351895876584e-13
2.2239911670000003 1.946152098717258e-13
2.225599259 1.3421217495286992e-13
2.227207351 1.4991644328292636e-13
2.228815443 3.0352839060164467e-13
2.230423535 8.462346748919381e-13
2.232031627 1.5059729644442979e-13
2.2336397189999997 4.698965199916589e-14
2.2352478110000003 9.208958787926678e-14
2.236855903 4.3112216926352353e-13
2.238463995 9.27810715515322e-13
2.240072087 2.710773334883638e-13
2.241680179 1.1486600066329347e-13
2.243288271 1.0149633719751212e-13
2.2448963629999996 1.4422614844785647e-13
2.2465044549999997 2.084020949185567e-13
2.2481125470000003 2.0069809716872003e-13
2.249720639 1.7344531923655485e-13
2.251328731 2.7397256803578523e-14
2.252936823 1.5835443948731555e-13
2.2545449140000002 5.301903940527312e-13
2.256153006 1.06359013300115e-12
2.257761098 1.966855014707275e-12
2.2593691899999997 4.33256991811149e-13
2.260977282 1.4219180391108624e-13
2.262585374 4.035209372061007e-13
2.264193466 2.233187156811772e-12
2.265801558 2.950437218316235e-12
2.2674096500000003 1.4561124879217553e-13
2.269017742 7.848308462644962e-15
2.270625834 4.981661637882755e-14
2.2722339259999997 7.851210740941489e-13
2.273842018 2.088078288518513e-12
2.2754501100000004 9.573907690548286e-13
2.277058202 5.91745061893943e-13
2.278666294 7.779520620579402e-14
2.280274386 1.348816547362237e-14
2.281882478 2.8018932108484294e-14
2.28349057 4.3991604333202377e-13
2.285098662 7.219668745786832e-12
2.286706753 2.908151839542712e-12
2.288314845 3.768784537997798e-12
2.2899229369999996 1.2611434933294934e-12
2.291531029 6.928423051780794e-13
2.2931391210000003 1.357979259849994e-11
2.294747213 9.936250953847018e-13
2.296355305 1.5119972279127152e-12
2.297963397 6.3844165532048806e-12
2.299571489 4.079898092818864e-12
2.301179581 8.95512614505393e-12
2.3027876729999996 4.4309387307243194e-12
2.304395765 7.0496626523461185e-12
2.3060038570000003 1.0117851404368228e-11
2.307611949 9.229800838968792e-12
2.309220041 8.471024515647508e-12
2.310828133 1.265101542575694e-12
2.312436225 2.002502899499726e-12
2.314044317 6.6911558568574985e-12
2.3156524089999997 1.523870731699425e-12
2.3172605010000003 1.6223392153856802e-11
2.318868592 6.446874831494724e-12
2.3204766840000004 7.454106456142266e-12
2.322084776 6.54869737538477e-11
2.323692868 6.307319296658952e-12
2.32530096 3.1370908714167686e-11
2.326909052 2.838205373889384e-11
2.328517144 1.4066643371686397e-11
2.3301252359999998 2.5907278992673836e-10
2.331733328 1.7005473226406915e-10
2.33334142 1.4161183772176046e-10
2.334949512 1.188512886648809e-10
2.3365576040000002 9.677583207103141e-11
2.338165696 1.1559025822435172e-10
2.339773788 1.3534405998410755e-10
2.3413818799999997 1.3465889521341076e-10
2.342989972 1.0415548901577035e-10
2.344598064 9.349932105165055e-12
2.346206156 9.370741949655833e-13
2.347814248 9.704263094690608e-13
2.3494223400000003 1.2711301565344556e-11
2.3510304310000003 1.8596135611716882e-10
2.352638523 3.033667290680264e-11
2.354246615 2.2305195739593262e-12
2.3558547069999998 6.008614074101091e-13
2.357462799 8.146834302640178e-12
2.359070891 1.1877071530108963e-10
2.3606789829999997 1.0391895961065172e-10
2.3622870750000002 7.633683769825556e-12
2.363895167 6.063762046539364e-13
2.365503259 3.861294507653482e-12
2.367111351 5.097539751477683e-11
2.368719443 3.4658328843930217e-10
2.370327535 2.4860133415718686e-10
2.371935627 2.99350857801329e-10
2.3735437189999997 1.8713127810791334e-10
2.3751518110000003 6.657081658979307e-11
2.376759903 2.6507523567895995e-11
2.378367995 4.7282940333452106e-11
2.379976087 1.373099655742309e-10
2.381584179 4.115278993208998e-10
2.383192271 2.671751554735596e-11
2.384800362 1.874377183672781e-12
2.3864084539999997 9.609307839894294e-13
2.388016546 1.1620593026898964e-11
2.389624638 1.626053080558838e-10
2.39123273 7.707914530850494e-11
2.392840822 5.5230325994268156e-12
2.3944489140000003 5.244056279231623e-13
2.396057006 2.8545540151820436e-12
2.397665098 2.4796777861801625e-11
2.3992731899999997 1.1569836109460559e-10
2.400881282 1.2858284330887484e-11
2.4024893740000004 1.5274508547713785e-12
2.404097466 6.172864835677677e-13
2.405705558 2.7906991401750255e-12
2.40731365 1.9429927818630018e-11
2.408921742 6.065296807101524e-11
2.410529834 1.2205247298572675e-10
2.4121379259999998 3.699522403023261e-10
2.413746018 5.719794175606549e-11
2.41535411 4.746065489714355e-12
2.416962201 5.253610824192487e-13
2.418570293 7.588994337011582e-12
2.4201783850000003 1.091785394172394e-10
2.421786477 4.0530720487322597e-10
2.423394569 2.822282892091207e-11
2.425002661 1.9702405156404524e-12
2.426610753 1.152667592571906e-12
2.428218845 1.568720743128642e-11
2.4298269369999996 2.410013231783384e-10
2.431435029 1.2260120997700372e-10
2.4330431210000003 7.99967301079896e-12
2.434651213 6.539902591321686e-13
2.436259305 1.3070306952932483e-12
2.4378673969999998 7.404856840008966e-12
2.439475489 4.822599119562678e-11
2.441083581 8.296245871812472e-11
2.4426916729999997 1.6414837024372124e-10
2.4442997650000002 3.957818304194272e-10
2.4459078570000004 3.37052830596766e-11
2.447515949 2.916968806936333e-12
2.44912404 8.183801005844272e-13
2.450732132 1.1151028352890756e-11
2.452340224 1.5203695845907158e-10
2.453948316 3.905598943743743e-10
2.455556408 6.10569085589124e-11
2.4571644999999998 1.2320489410931724e-11
2.458772592 1.0768958879932991e-11
2.460380684 4.950360472725099e-11
2.461988776 3.1277604594233934e-10
2.463596868 1.7870462225015705e-10
2.46520496 1.3851362945765668e-11
2.466813052 1.0832708103653095e-12
2.468421144 1.7780451877604225e-12
2.470029236 2.037576008608455e-11
2.471637328 2.595477577738163e-10
2.47324542 4.75848906348952e-10
2.474853512 4.494223667604324e-10
2.4764616040000003 4.247660802923919e-10
2.478069696 1.9834516815212642e-10
2.479677788 9.014266392033041e-11
2.481285879 4.2926235846348286e-11
2.4828939709999998 8.629073590753013e-11
2.484502063 2.425498677537473e-10
2.486110155 1.106209383521187e-09
2.4877182469999997 1.0994226774595369e-10
2.489326339 7.814214163314927e-12
2.4909344310000003 5.657950468073658e-13
2.492542523 6.293946840051989e-12
2.494150615 8.634096494309685e-11
2.495758707 2.1590727547415313e-09
2.497366799 2.4976569916655353e-10
2.498974891 2.4107431802676884e-11
2.499778162 2.205280381475734e-12
2.5005829829999997 2.522048934931551e-11
2.5011293930000003 3.849003659840559e-09
2.5021910750000003 2.75416352225485e-09
2.502480624 3.050973999847771e-09
2.5038318559999997 4.27138997978859e-09
2.505183087 3.38018036661203e-09
2.506534319 5.1713590039885085e-09
2.50788555 1.3602394078506476e-09
2.509236782 1.8925660972537523e-09
2.510588013 5.383923018090438e-09
2.511939244 5.646786531414289e-09
2.5132904760000003 5.543891919345428e-09
2.514641707 3.1256418454105238e-09
2.515992939 2.9895258953361423e-09
2.51734417 1.643220029695432e-09
2.5186954019999996 3.614404284596213e-09
2.5200466329999998 3.27319956231249e-09
2.521397865 1.5114366404665582e-09
2.522749096 1.483118366018012e-09
2.524100327 6.055075549736273e-10
2.525451559 1.3653123992869586e-09
2.52680279 8.394057615523441e-10
2.5281540220000003 1.826745407819834e-09
2.529505253 3.510567586835178e-09
2.5308564849999997 1.7002738545318458e-09
2.532207716 8.41444537222469e-11
2.533558948 3.8736663521377876e-10
2.534910179 1.4048760835257826e-09
2.5362614100000003 2.7600832477806964e-09
2.537612642 1.9653145670484872e-09
2.538963873 7.310130501451688e-10
2.5403151050000004 5.867393525862924e-10
2.5416663359999996 2.7696046676944324e-10
2.5430175680000002 4.15964126511154e-10
2.544368799 2.7286164154646946e-10
2.54572003 4.835682590781141e-10
2.547071262 4.999815212909241e-10
2.548422493 1.2844256911034085e-11
2.549773725 1.9151892184631117e-10
2.551124956 4.3586126705317957e-10
2.552476188 6.867938893848129e-10
2.553827419 3.590219500426996e-10
2.5551786510000003 2.1787402008232478e-10
2.556529882 3.5209812602366685e-10
2.557881113 8.347515727494684e-11
2.559232345 6.231784422627989e-11
2.560583576 1.0743268240180351e-10
2.561934808 9.690908974874868e-11
2.5632860390000003 2.6439845646921564e-10
2.564637271 1.5655892235145864e-10
2.565988502 1.6126893579612232e-10
2.567339733 1.1841158305254807e-10
2.5686909649999996 6.519002433506447e-11
2.5700421959999997 4.650694792105463e-11
2.571393428 4.345081655334839e-11
2.572744659 4.184298716015645e-11
2.574095891 1.4261967108147108e-10
2.575447122 8.802069119332423e-11
2.576798354 3.813883303813841e-11
2.5781495850000002 2.974146241761041e-11
2.5795008160000004 3.119932994516653e-11
2.580852048 3.6318412873661266e-11
2.582203279 3.2959072565463325e-11
2.583554511 3.7496444914521394e-11
2.584905742 1.790952095582227e-11
2.586256974 2.0032032442302014e-11
2.587608205 2.1789381481480914e-11
2.588959437 1.9260516453155276e-11
2.590310668 1.6183591968762518e-11
2.591661899 1.6077904697388297e-11
2.593013131 1.6345483762233424e-12
2.594364362 1.3990611607137797e-11
2.5957155939999996 4.74501292918494e-13
2.5970668249999997 1.190561655598622e-11
2.598418057 1.489124540343826e-11
2.599769288 1.129820375902683e-11
2.601120519 1.1366459496331047e-11
2.602471751 5.4974683316695115e-14
2.603822982 6.067100839292379e-12
2.6051742140000003 2.5411440834679703e-11
2.6065254450000004 1.735327016401447e-11
2.607876677 1.4521477218976346e-11
2.609227908 3.22516831681786e-11
2.61057914 5.2890968604672467e-11
2.611930371 1.2794592714916621e-11
2.613281602 1.3546843265876799e-11
2.614632834 3.2441308668409225e-11
2.615984065 1.7230662938960084e-11
2.617335297 2.0996876787107668e-11
2.618686528 9.717929620042134e-12
2.62003776 6.361150821334311e-14
2.621388991 8.800509016833827e-15
2.622740222 2.4592153658195342e-12
2.6240914539999998 2.7211372828650896e-12
2.625442685 3.661825253688082e-12
2.626793917 4.745083465098311e-12
2.628145148 7.464501916525579e-14
2.62949638 3.13230389445714e-13
2.630847611 7.734050723862711e-12
2.6321988430000003 5.526455949008259e-14
2.6335500740000004 7.528043099515771e-12
2.634901305 1.660454570981437e-11
2.636252537 2.653909573490972e-11
2.637603768 1.1655769542214099e-11
2.6389549999999997 2.918052938118361e-11
2.640306231 3.82039384213973e-11
2.641657463 2.3623002911560317e-11
2.643008694 9.916608711751629e-12
2.6443599250000003 2.2904836161030807e-11
2.645711157 8.214524711817691e-12
2.6470623879999997 8.911097705485597e-12
2.64841362 8.163062471598403e-13
2.649764851 3.075134008462811e-12
2.651116083 3.0844374240304606e-12
2.652467314 1.2565755220989549e-11
2.653818546 1.0304720987732683e-11
2.6551697770000002 1.110540581572877e-11
2.6565210080000004 1.0870937507527504e-11
2.65787224 6.633254583434366e-12
2.659223471 6.716153051141906e-13
2.6605747030000004 5.684760217926997e-12
2.6619259339999997 1.292653846003051e-11
2.663277166 2.7517951852347546e-11
2.664628397 1.7868954602549286e-11
2.6659796289999997 1.6055704542554254e-11
2.66733086 1.781760909030325e-13
2.668682091 7.06443862116371e-12
2.670033323 1.3185269471493792e-11
2.6713845540000003 9.986949601101373e-12
2.672735786 1.4004733750894748e-11
2.6740870169999997 6.34971209228559e-12
2.675438249 5.528555928122707e-12
2.67678948 6.031820487129286e-12
2.678140711 9.607214055938324e-12
2.679491943 1.0442593433523e-11
2.680843174 8.67065111718801e-12
2.6821944060000003 5.65337353276788e-12
2.6835456370000004 1.0849824537101667e-12
2.684896869 1.2088068089228744e-12
2.6862481 5.911057738053055e-12
2.6875993319999996 5.6587632287230235e-12
2.6889505629999997 3.1187513487916044e-12
2.690301794 5.2682865439501314e-12
2.691653026 1.4962890960016339e-13
2.693004257 1.2153594547651945e-12
2.694355489 1.8857156886464732e-12
2.69570672 9.020022172409049e-13
2.697057952 2.2509032626570863e-12
2.6984091830000003 1.8828436139847316e-12
2.699760414 3.1669227863673595e-12
2.7011116459999998 1.8878853316875e-12
2.702462877 3.744475176052562e-12
2.703814109 6.549589484123161e-12
2.70516534 3.0300253636974105e-12
2.706516572 2.117055673034609e-14
2.707867803 2.0502422191978481e-13
2.7092190350000003 3.827435504131641e-12
2.7105702660000004 4.206658131938686e-12
2.7119214969999996 4.494124653874316e-12
2.713272729 4.472460693514451e-13
2.71462396 7.183109773198116e-15
2.7159751919999997 1.2120255393220589e-14
2.717326423 5.593754967557185e-12
2.718677655 7.276557880822069e-13
2.720028886 8.609296544625416e-14
2.7213801170000003 3.919069684457656e-12
2.722731349 1.589977003130347e-12
2.7240825799999997 5.784749764264553e-12
2.7254338120000003 1.0069188716255014e-12
2.726785043 4.106113977687452e-14
2.7281362749999998 2.278046651533796e-12
2.729487506 1.1895948273735497e-12
2.730838738 4.3517128316399055e-12
2.732189969 1.2748731941698493e-12
2.7335412000000003 1.3797979912340576e-12
2.734892432 4.442204114011961e-12
2.736243663 8.895598671072541e-12
2.737594895 2.9513461868343076e-12
2.7389461259999996 3.484681793067047e-13
2.740297358 5.368113400734747e-13
2.741648589 1.902396704228586e-13
2.7429998209999997 1.3647046740355033e-12
2.744351052 3.3705174100290655e-12
2.745702283 1.9344975494650663e-12
2.747053515 1.0774657859230164e-12
2.7484047460000003 1.2223865967470774e-12
2.749755978 6.512656448764747e-13
2.7511072089999997 8.629926223590812e-14
2.7524584410000004 8.558821529761571e-13
2.753809672 1.0793969688690163e-13
2.755160903 4.746996657148576e-12
2.756512135 2.477068195399804e-12
2.757863366 5.358014290283016e-12
2.7592145980000002 5.92204979821888e-12
2.760565829 9.345255185223993e-12
2.761917061 1.7694849582390189e-12
2.7632682920000002 4.416717168940419e-12
2.764619524 1.7803782625664595e-12
2.7659707549999997 1.7522338922666779e-12
2.767321986 1.898012107356583e-12
2.768673218 4.876962831260539e-13
2.770024449 1.369962338397531e-13
2.771375681 7.589927913689364e-13
2.772726912 1.7294989197997308e-12
2.774078144 2.0015253004135378e-12
2.7754293750000003 2.535900112551775e-13
2.776780606 9.239729602970192e-14
2.7781318379999997 4.845905665631356e-15
2.779483069 4.0082544072779336e-14
2.780834301 7.598576116330471e-12
2.782185532 6.171839777915967e-12
2.783536764 1.4316159127261194e-12
2.784887995 5.419862230665564e-14
2.786239227 5.822138808832139e-13
2.787590458 2.2229268705436977e-14
2.788941689 3.022759136078539e-12
2.7902929210000003 2.8913172064991882e-12
2.791644152 7.555126933830009e-12
2.7929953839999997 9.19942837228378e-12
2.794346615 8.811995963262024e-12
2.795697847 4.796731434540677e-12
2.797049078 9.470264908570518e-13
2.7984003090000003 5.630830474720221e-15
2.799751541 6.7815202487991736e-15
2.801102772 8.722876036846442e-13
2.8024540040000003 1.6851464395782126e-12
2.803805235 2.0192811547371132e-13
2.8051564669999998 3.80953634343609e-12
2.806507698 1.8933834229322105e-12
2.80785893 1.829361457442113e-12
2.8092101609999998 1.642996670737992e-14
2.810561392 3.9084396141073046e-13
2.811912624 4.796485281829668e-12
2.813263855 7.422694435206177e-12
2.814615087 7.257078163269589e-12
2.8159663179999996 7.186990095233864e-12
2.8173175500000003 5.777218801647343e-12
2.818668781 7.606871809749432e-13
2.8200200129999997 3.988837120247645e-15
2.821371244 4.234009680665211e-15
2.822722475 2.537750666274154e-14
2.824073707 6.715893157353576e-13
2.8254249380000003 1.5967703565898174e-12
2.82677617 6.325863974423274e-13
2.828127401 1.057394065904019e-12
2.8294786330000004 1.272097683258042e-13
2.830829864 1.0870622253309835e-14
2.8321810949999997 1.238072543591775e-12
2.833532327 1.3403331687730906e-12
2.834883558 6.081603212637483e-12
2.83623479 2.120022064566915e-12
2.837586021 7.696443230073315e-13
2.838937253 4.2878394010031215e-13
2.8402884840000002 1.6050513318675883e-12
2.841639716 1.1933277611242446e-12
2.8429909469999997 1.5617156193398413e-14
2.8443421779999998 2.908431109502947e-15
2.84569341 1.9843922389691003e-15
2.847044641 1.2471068420047385e-13
2.848395873 3.531946698277481e-13
2.849747104 4.4158692156584597e-13
2.851098336 7.373275503667798e-14
2.8524495670000003 7.690009024855645e-13
2.8538007980000004 2.4093301206806412e-14
2.85515203 1.9533000537481066e-12
2.856503261 5.883380789141512e-12
2.8578544929999996 2.1203140140341787e-12
2.8592057239999997 3.986301627774384e-13
2.860556956 8.43372706655678e-13
2.861908187 1.4606407211597301e-13
2.863259419 4.530858510451846e-15
2.86461065 1.5002592032837714e-14
2.865961881 1.420495774560673e-12
2.8673131130000002 1.2379206753913537e-13
2.868664344 2.488607079551547e-12
2.8700155759999997 1.0467317986580167e-12
2.871366807 8.417737470950261e-15
2.872718039 9.602499699355642e-15
2.87406927 8.411210696753978e-15
2.8754205010000002 6.87244514641723e-15
2.876771733 8.451893663371316e-14
2.878122964 3.581099999538182e-12
2.8794741960000003 1.0087122597490375e-14
2.8808254270000004 9.37992084969373e-15
2.882176659 2.0285717789031603e-12
2.88352789 1.071000946063229e-14
2.8848791219999996 7.617764770242736e-13
2.8862303529999997 4.801649287223866e-13
2.887581584 1.3186391966405576e-14
2.888932816 3.199217023633021e-12
2.890284047 9.483474139815573e-14
2.891635279 6.434700604003006e-13
2.89298651 3.094823490782977e-12
2.8943377420000003 4.915457468129828e-13
2.895688973 6.536488640241297e-13
2.8970402049999997 4.3702278785907114e-13
2.898391436 9.74690220489416e-13
2.899742667 6.69418602975901e-13
2.901093899 1.4492031673781812e-13
2.9024451300000003 1.2070079678562079e-12
2.903796362 1.4981233635318242e-12
2.905147593 1.841226077733176e-12
2.9064988250000003 5.870805461567738e-12
2.907850056 2.849308793998036e-12
2.9092012869999997 3.0401508531050996e-13
2.910552519 4.860398342982867e-12
2.91190375 4.92153055440382e-12
2.9132549819999998 3.061547998717306e-12
2.914606213 1.4144838768896092e-12
2.915957445 7.24568697799356e-12
2.917308676 3.968840243641717e-12
2.918659908 1.624281101770591e-12
2.920011139 2.7924381311267078e-12
2.9213623699999998 1.7593446005186872e-12
2.922713602 3.215036273517185e-12
2.924064833 6.370697646564539e-12
2.925416065 3.5518619920385297e-12
2.926767296 4.690403501842229e-12
2.928118528 5.519207319913592e-12
2.9294697590000003 2.1507979042287328e-12
2.93082099 5.2332080973897344e-12
2.932172222 8.770883626576465e-12
2.933523453 6.901011424946355e-12
2.934874685 4.424511133020174e-12
2.9362259159999997 1.2204026095072617e-14
2.937577148 2.5160083576910746e-14
2.938928379 5.03083572362874e-12
2.940279611 3.7334152907922675e-12
2.941630842 1.111827222749186e-12
2.942982073 8.625371780883641e-15
2.9443333050000002 1.31070626262326e-14
2.9456845360000004 3.220977433690709e-12
2.947035768 8.55117819219638e-14
2.948386999 5.9590818116329e-13
2.949738231 3.4661608962734717e-12
2.951089462 2.3776077904891706e-12
2.952440694 3.2303742280075654e-12
2.953791925 2.3915463709764212e-12
2.955143156 2.9062889188557486e-14
2.956494388 4.378082653989551e-15
2.957845619 1.100646940883284e-12
2.959196851 1.780732446775985e-12
2.960548082 5.926658847048637e-13
2.9618993139999996 1.0583007457315674e-12
2.9632505449999997 7.450199394591435e-15
2.964601776 1.6705635902865028e-14
2.965953008 1.4970342738972475e-12
2.967304239 7.64211298330138e-13
2.968655471 1.0201728136390712e-12
2.970006702 1.9700025945753255e-12
2.9713579340000003 1.515315651594989e-12
2.9727091650000004 6.3619341965741606e-15
2.974060397 5.911770900063072e-14
2.975411628 9.083769622498697e-13
2.976762859 7.6265880993221e-14
2.978114091 1.5481798728829345e-12
2.979465322 2.21584334196396e-12
2.980816554 9.9164096092226e-13
2.982167785 1.9401868781383243e-12
2.983519017 5.796288481366415e-13
2.984870248 1.4887201722842782e-12
2.9862214789999997 4.271411975478871e-13
2.987572711 6.604254326501311e-13
2.988923942 6.036102232669408e-13
2.9902751739999998 2.9271938794775363e-12
2.991626405 2.3369294314295084e-12
2.992977637 1.3271700355485167e-12
2.994328868 2.1690154013061664e-12
2.9956801 1.862918177209198e-12
2.997031331 2.1974024622057523e-13
2.9983825619999998 3.891905700070938e-12
2.9997337940000004 2.7162016169018205e-13
3.001085025 1.7431043339358853e-12
3.002436257 2.0130835451271563e-12
3.003787488 8.979544720204103e-12
3.0051387199999997 6.683185999486397e-12
3.006489951 1.2085604119435717e-12
3.007841182 6.644149206462043e-14
3.009192414 2.039131796640705e-12
3.0105436450000003 4.480228595393169e-12
3.011894877 4.007736162860102e-12
3.0132461079999997 3.1024320367094747e-12
3.01459734 4.281228361006871e-13
3.015948571 2.0912374690033736e-12
3.017299803 1.5628566078794633e-12
3.018651034 1.4108348586164974e-12
3.020002265 2.504184690709733e-12
3.021353497 4.443905606554164e-12
3.0227047280000003 3.692087439836793e-12
3.02405596 2.989766335467245e-12
3.0254071909999998 5.636316577677512e-12
3.0267584230000004 5.879959402609674e-12
3.0281096539999997 1.1500508315398182e-12
3.029460886 1.357160647228182e-11
3.030812117 1.5123962454155678e-11
3.032163348 5.251906155070738e-12
3.03351458 1.0129149834465445e-11
3.034865811 1.4873285602622307e-11
3.036217043 1.1210456752441286e-11
3.0375682740000003 2.63418436652391e-13
3.038919506 2.1190151897248428e-14
3.0402707369999997 9.95788968485578e-13
3.041621968 3.347005842845061e-12
3.0429732 1.0258768283250977e-11
3.044324431 1.1330610901073416e-11
3.045675663 8.891965888827003e-14
3.047026894 2.0779777847217332e-14
3.0483781260000002 1.2543620950645814e-11
3.0497293570000004 9.89309863248105e-12
3.051080589 2.3425620440264765e-12
3.05243182 2.2230120705810794e-11
3.053783051 1.6503503304550412e-11
3.0551342829999997 2.4490660605161524e-11
3.056485514 3.1293812350730344e-11
3.057836746 2.147250785906962e-11
3.059187977 1.5271927720758075e-11
3.060539209 1.0982606569869795e-11
3.06189044 4.241289793418573e-12
3.063241671 1.9012538541032058e-11
3.0645929030000003 2.0601174160602835e-13
3.065944134 2.053901826318211e-14
3.0672953659999997 2.0130034223588713e-14
3.068646597 2.0546710690705247e-14
3.069997829 1.7079732841842442e-11
3.07134906 4.361556495548429e-12
3.072700292 1.2488354914048434e-13
3.074051523 1.5767941971578713e-11
3.075402754 9.938697413860225e-12
3.0767539860000004 2.4410918776017872e-11
3.0781052169999996 3.2818258141416244e-11
3.079456449 2.5558599838400835e-11
3.08080768 1.517168666657592e-11
3.0821589119999997 1.484855820945013e-11
3.083510143 7.193362695452035e-12
3.084861374 6.411654560336732e-12
3.086212606 1.2228726156323805e-11
3.0875638370000003 1.3180709263349198e-11
3.088915069 3.4660487042967956e-12
3.0902662999999997 3.73418295306321e-12
3.0916175320000003 1.1402733329771242e-11
3.092968763 2.1016086835438267e-11
3.0943199949999998 8.42224264990938e-12
3.095671226 9.601639418231704e-12
3.097022457 1.9709191230048687e-11
3.098373689 1.9146784786793918e-11
3.0997249200000003 2.8548599046619957e-11
3.101076152 2.7507135534254562e-11
3.102427383 2.6735004956559717e-11
3.103778615 1.9824198101768537e-11
3.1051298459999996 9.09616636302729e-12
3.106481078 1.6400987132882857e-11
3.107832309 2.210496806846982e-11
3.10918354 6.6492614735877825e-12
3.110534772 4.8964703028596395e-12
3.111886003 1.2896083350688178e-11
3.113237235 2.1964808972387294e-11
3.1145884660000003 3.3855231839746623e-11
3.115939698 2.5862630742268336e-11
3.1172909289999997 1.4920808763271507e-11
3.11864216 1.6098301729182745e-11
3.119993392 3.515961842203958e-11
3.121344623 3.089069042225587e-11
3.122695855 2.713567228079816e-11
3.124047086 3.229596431822818e-11
3.1253983180000002 3.9972706210223995e-11
3.126749549 6.325098734961107e-11
3.128100781 7.727459978367976e-11
3.1294520120000002 5.4960398140751386e-11
3.130803243 3.989311026664509e-11
3.1321544749999997 5.789197989074689e-11
3.133505706 5.345392292122703e-11
3.134856938 9.603123416040749e-11
3.136208169 4.342771462932931e-11
3.137559401 4.531270236792542e-11
3.138910632 1.0034248059209983e-10
3.140261863 1.1144858162142634e-10
3.1416130950000003 1.0621439805099423e-10
3.142964326 9.408810994509341e-11
3.1443155579999997 8.899086241627815e-11
3.145666789 8.337973902612305e-11
3.147018021 3.9321192462482926e-11
3.148369252 1.4838566290891885e-11
3.149720484 2.6222353287580716e-11
3.151071715 5.4670839985712074e-11
3.152422946 6.935268850473059e-11
3.153774178 6.916040019946878e-11
3.155125409 5.30970877540338e-11
3.1564766410000002 3.4809119368650226e-11
3.157827872 1.5240887069319867e-11
3.1591791039999997 5.996194461109373e-12
3.160530335 1.406560532379171e-12
3.161881566 2.0428987949043815e-11
3.163232798 3.719742351882205e-11
3.1645840290000002 3.802769295487679e-11
3.165935261 4.4050047871384195e-11
3.167286492 3.979977416406859e-11
3.1686377240000003 4.621394550703913e-11
3.169988955 6.143666126663664e-11
3.1713401869999998 3.214262070694412e-11
3.172691418 2.6207850919639965e-11
3.174042649 2.5448582948254055e-11
3.1753938809999998 2.1495071301120117e-11
3.176745112 2.056785653037627e-11
3.178096344 2.2344680616228273e-11
3.179447575 1.116911899388258e-11
3.180798807 3.66827050877257e-12
3.182150038 4.112162028188842e-12
3.1835012700000003 4.610094873466508e-12
3.184852501 9.72284956273143e-13
3.186203732 2.1474923660073027e-12
3.187554964 1.5447944005058573e-11
3.188906195 2.5194562158540156e-11
3.190257427 2.064943420333912e-11
3.1916086580000003 1.0534482431927029e-11
3.19295989 1.9610590876175198e-11
3.194311121 2.6082509318712925e-11
3.195662352 6.34535995079909e-11
3.197013584 4.3254237164709925e-11
3.1983648149999997 2.4826465585375384e-11
3.199716047 3.5219663154130775e-11
3.201067278 3.459625403902235e-11
3.2024185099999998 4.238965432366137e-11
3.203769741 4.38739252558082e-11
3.205120973 3.046521076636904e-11
3.206472204 3.095169953273075e-11
3.207823435 7.143324740200974e-11
3.209174667 7.180438593834112e-11
3.2105258979999998 3.6976817117357816e-11
3.21187713 3.4041431151773223e-11
3.213228361 7.116195342791791e-11
3.214579593 8.628833659931258e-11
3.215930824 7.115779459812758e-11
3.217282055 7.154216322096988e-11
3.2186332870000003 7.563350285622549e-11
3.2199845180000004 5.475898918408038e-11
3.22133575 6.94601496527689e-11
3.222686981 1.0121635205161592e-10
3.2240382129999996 9.257651985637799e-11
3.2253894439999997 6.556438238395133e-11
3.226740676 5.478664757960924e-11
3.228091907 7.606474046574274e-11
3.229443138 6.961811049611463e-11
3.23079437 6.774248451716024e-11
3.232145601 1.0345229749092187e-10
3.2334968330000002 1.06183189864162e-10
3.234848064 7.027790576414263e-11
3.2361992959999997 8.298772951505749e-11
3.237550527 9.499832324218066e-11
3.238901759 7.962673504208013e-11
3.24025299 8.496057339404264e-11
3.2416042210000002 9.846466008174017e-11
3.242955453 1.1180064198517438e-10
3.244306684 9.039272308760588e-11
3.2456579160000003 3.8686263514963144e-11
3.2470091470000004 4.412632513404255e-11
3.248360379 6.678449074779368e-11
3.24971161 7.583318462673593e-11
3.251062841 7.858470066274111e-11
3.2524140729999997 8.95551673206002e-11
3.253765304 9.969877465031363e-11
3.255116536 8.175174675167151e-11
3.256467767 5.2907552420965627e-11
3.257818999 4.983579762129314e-11
3.25917023 3.3717731189708054e-11
3.2605214620000003 4.3203489959717825e-11
3.261872693 5.445882045045247e-11
3.263223924 4.1953521625707143e-11
3.264575156 4.969784712695605e-11
3.265926387 1.6432793257122995e-11
3.267277619 1.6160219029803294e-11
3.2686288500000003 6.286433110221131e-11
3.269980082 8.046233857886972e-11
3.271331313 4.798181848681435e-11
3.272682544 1.628730446201937e-11
3.274033776 3.995739140773311e-11
3.2753850069999997 7.031688667094786e-11
3.276736239 9.326845671457214e-11
3.27808747 9.970352243899819e-11
3.2794387019999998 1.2374461079493015e-10
3.280789933 1.4297521305355728e-10
3.282141165 1.2524653645193274e-10
3.283492396 8.509587639492786e-11
3.2848436270000003 1.1277377262166199e-10
3.286194859 1.1142037238452475e-10
3.2875460899999998 7.793137008728417e-11
3.288897322 8.514957586987839e-11
3.290248553 8.82357304568504e-11
3.291599785 8.467927582334667e-11
3.292951016 4.70963540385162e-11
3.294302247 8.756255266882967e-12
3.2956534790000003 9.524253238396274e-12
3.29700471 5.2317561285826594e-11
3.298355942 5.409602388981957e-11
3.299707173 6.150585389490731e-11
3.301058405 6.706522342257489e-11
3.3024096359999997 6.742680226191226e-11
3.303760868 5.323589476903608e-11
3.305112099 4.505025544516148e-11
3.30646333 6.633853025520019e-11
3.307814562 1.2134866028839704e-10
3.309165793 1.091807887475763e-10
3.3105170250000002 6.443649651581408e-11
3.3118682560000003 1.9833245994763437e-11
3.313219488 1.0788746652189235e-11
3.3145707189999998 1.6754251476418033e-11
3.315921951 7.971090421178058e-11
3.317273182 6.846648070642255e-11
3.318624413 3.8233371023940424e-11
3.319975645 5.7021112494794126e-11
3.321326876 3.0276181445901794e-11
3.322678108 4.5993173657653165e-14
3.324029339 1.30198121381984e-13
3.325380571 8.732828970423567e-12
3.326731802 2.4758787028319916e-11
3.328083033 3.6705528143974655e-11
3.3294342649999997 3.5495487216599834e-11
3.330785496 3.646728069142029e-11
3.332136728 1.2602895665990889e-11
3.333487959 9.162710381930356e-12
3.334839191 2.084718442386095e-11
3.336190422 1.569621813118135e-11
3.3375416540000002 8.642236146895297e-12
3.3388928850000004 3.463200815963399e-11
3.340244116 5.5682286078859454e-11
3.341595348 6.178362422546818e-11
3.342946579 2.96861162559669e-11
3.344297811 3.168716470859001e-11
3.345649042 4.633619545709141e-11
3.347000274 4.1725475848777955e-11
3.348351505 7.189719731664227e-11
3.3497027360000002 9.79587815854498e-11
3.351053968 7.816745986118045e-11
3.3524051989999997 7.054388142768641e-11
3.353756431 4.228759643210033e-11
3.355107662 9.957000789784043e-12
3.3564588939999997 5.5767649796977116e-12
3.357810125 7.095569473744345e-12
3.359161357 2.993321610245786e-11
3.360512588 5.050859189964519e-11
3.3618638190000003 2.488801698648313e-11
3.363215051 1.5063681607081306e-11
3.3645662819999997 6.190758232306242e-11
3.3659175140000004 8.415231340250346e-11
3.367268745 8.368631930200849e-11
3.368619977 4.1950456763445654e-11
3.369971208 4.3011588094106544e-12
3.371322439 1.1154724133177001e-11
3.372673671 5.793044769682579e-13
3.374024902 2.451926967431841e-13
3.375376134 2.460725117771569e-11
3.3767273650000003 2.4651268410681466e-11
3.378078597 7.00162621938999e-13
3.3794298279999997 1.2731690369371147e-13
3.38078106 1.2831731433031183e-13
3.382132291 1.2709144621036184e-13
3.383483522 2.782303157409208e-13
3.384834754 2.8223199402524747e-13
3.386185985 1.32457798647898e-13
3.387537217 1.4316312049164017e-13
3.3888884480000003 1.4994314439232724e-13
3.39023968 1.5203493734736284e-13
3.3915909109999998 2.5474081327803216e-12
3.3929421430000004 1.7692233081288144e-13
3.3942933739999996 3.0243129247468142e-12
3.3956446049999998 1.5375336223103577e-13
3.396995837 1.5410143596967989e-13
3.398347068 1.5257153268914912e-13
3.3996983 1.4729268460002057e-13
3.401049531 1.436126148533436e-13
3.402400763 1.099175499294294e-12
3.4037519940000003 7.190159126587216e-11
3.405103225 4.7698129385669607e-11
3.4064544569999997 4.2010592401753796e-11
3.407805688 7.696670059779183e-12
3.40915692 1.5186087061250274e-13
3.410508151 5.752830239322873e-12
3.411859383 8.471168093040059e-11
3.413210614 1.9858978263098808e-10
3.4145618460000002 1.1914695663134984e-10
3.4159130770000004 7.931137745094693e-12
3.4172643079999996 2.3229448106292865e-11
3.41861554 8.620935655971483e-11
3.419966771 1.0324327547765294e-10
3.4213180029999997 1.5273358436805016e-10
3.422669234 1.402885646008353e-10
3.424020466 1.3708970889345781e-10
3.425371697 1.6451445031865777e-10
3.4267229280000002 1.6220144722207593e-10
3.42807416 2.311197662380967e-10
3.429425391 3.3573066110175927e-10
3.4307766230000003 4.4757910150311543e-10
3.432127854 5.629920377015216e-10
3.4334790859999997 6.682400106648024e-10
3.434830317 7.035862546497549e-10
3.436181549 6.993679706349346e-10
3.43753278 7.153965833230401e-10
3.4388840110000003 7.392943943400772e-10
3.440235243 7.513168638610814e-10
3.441586474 7.941375847654153e-10
3.4429377060000004 8.060880383409904e-10
3.4442889369999996 7.563053578714466e-10
3.445640169 6.776159247808165e-10
3.4469914 6.137611675666588e-10
3.448342631 5.724021094555414e-10
3.449693863 5.850579942911388e-10
3.451045094 6.240055677649369e-10
3.452396326 6.480795692139421e-10
3.4537475570000002 7.01405756424299e-10
3.455098789 7.972574724986028e-10
3.45645002 8.772562753540771e-10
3.4578012520000003 9.357664123662208e-10
3.459152483 9.81782542614017e-10
3.460503714 1.0347996485132904e-09
3.461854946 1.0761854631311061e-09
3.463206177 1.076448915311162e-09
3.464557409 1.055951165759213e-09
3.4659086400000003 1.0416069609082743e-09
3.467259872 1.0288206574031467e-09
3.468611103 9.830271311744715e-10
3.469962335 9.631300430300252e-10
3.4713135659999996 9.342650942390491e-10
3.4726647969999997 8.225691873367344e-10
3.474016029 7.950392403463865e-10
3.47536726 8.530148973531971e-10
3.476718492 8.767275671661066e-10
3.478069723 8.047174848778844e-10
3.479420955 7.195512980218513e-10
3.4807721860000003 7.286665751797402e-10
3.482123417 7.566874445938541e-10
3.483474649 7.586997824814245e-10
3.48482588 7.627063471715554e-10
3.486177112 7.474856677662336e-10
3.487528343 7.244802570546861e-10
3.488879575 7.529605835310188e-10
3.490230806 7.857053465425368e-10
3.491582038 8.091068822295407e-10
3.492933269 9.035491915614134e-10
3.4942845 9.260063953311745e-10
3.495635732 7.102158456621063e-10
3.496986963 5.302996088738455e-10
3.4983381949999997 5.001443897417611e-10
3.4996894259999998 5.124141149304425e-10
3.501040658 5.137306385088773e-10
3.502391889 5.066733005363626e-10
3.50374312 4.5416722355524276e-10
3.505094352 3.440364454886615e-10
3.506445583 2.603021740296456e-10
3.5077968150000003 2.7052105918821506e-10
3.509148046 2.978757512575359e-10
3.5104992779999997 3.0889667889082673e-10
3.511850509 2.923242830455587e-10
3.513201741 2.2918385720192482e-10
3.514552972 1.9099070314389296e-10
3.515904203 1.6322229757144455e-10
3.517255435 1.3380721741194648e-10
3.518606666 1.1822621569611747e-10
3.519957898 1.268396672086779e-10
3.521309129 1.5203293744455736e-10
3.5226603610000002 9.325450487853257e-11
3.524011592 7.136270344035283e-11
3.5253628239999997 5.114183008153454e-11
3.526714055 7.306529241064593e-11
3.528065286 1.240244569675259e-10
3.529416518 1.413759024737925e-10
3.5307677490000002 1.6295197665546698e-10
3.532118981 2.054127674987952e-10
3.533470212 1.5810479064035307e-10
3.5348214440000003 1.0854902024821805e-10
3.536172675 1.2758504000762793e-10
3.537523906 1.9309076100071654e-10
3.538875138 2.1933863210255393e-10
3.540226369 1.8270774637790732e-10
3.5415776009999997 1.5013837416447586e-10
3.542928832 1.3706027749953232e-10
3.544280064 2.1451836402789756e-10
3.545631295 2.6391464407735585e-10
3.546982527 2.40805398405197e-10
3.548333758 2.0057054236714543e-10
3.5496849889999997 1.4304891990714206e-10
3.551036221 7.759552407259152e-11
3.552387452 9.044586245723785e-11
3.553738684 1.9001115105722668e-10
3.555089915 2.8815499643192714e-10
3.556441147 2.8831869235205633e-10
3.5577923780000003 2.0815518517540038e-10
3.5591436090000004 1.9389659977626295e-10
3.560494841 2.696780986758473e-10
3.561846072 3.42563564379982e-10
3.563197304 3.0805575437378553e-10
3.5645485349999997 2.145987986770995e-10
3.565899767 2.139482379535288e-10
3.567250998 3.4291081735695403e-10
3.5686022299999998 4.698105831476577e-10
3.569953461 4.862120693796062e-10
3.571304692 4.440231738731135e-10
3.572655924 4.1694521273412455e-10
3.574007155 4.09590850644984e-10
3.575358387 4.587215813108119e-10
3.5767096179999998 4.85845151429302e-10
3.57806085 3.9122095765091196e-10
3.579412081 2.3812776199795766e-10
3.580763312 1.5099051502190657e-10
3.582114544 2.275360081836296e-10
3.583465775 3.2786701038798746e-10
3.5848170070000003 3.489544907902177e-10
3.5861682380000004 3.3674154984951356e-10
3.58751947 4.5729159787593804e-10
3.588870701 5.078655929144466e-10
3.5902219329999996 4.612609132623086e-10
3.5915731639999997 4.967033426701338e-10
3.592924395 5.856919876240004e-10
3.594275627 5.977099140761541e-10
3.595626858 6.050749525104929e-10
3.59697809 6.719093251291779e-10
3.598329321 7.259802838531215e-10
3.5996805530000002 7.329558691314268e-10
3.601031784 7.499247429217431e-10
3.602383016 8.00017708721609e-10
3.603734247 8.443805611653632e-10
3.605085478 9.568688819420499e-10
3.60643671 1.0797188327156094e-09
3.607787941 1.0397045216413037e-09
3.609139173 9.614238024931287e-10
3.610490404 9.733811087105222e-10
3.6118416360000003 1.0072673292485598e-09
3.6131928670000004 1.0355259392619296e-09
3.6145440979999997 9.731164783018667e-10
3.61589533 9.195874390245976e-10
3.617246561 9.995418004867081e-10
3.6185977929999997 1.0497412849812472e-09
3.619949024 1.0557203859351257e-09
3.621300256 1.1552094761092573e-09
3.622651487 1.2151574386897241e-09
3.624002719 1.2666464093961858e-09
3.62535395 1.3782632812229012e-09
3.6267051809999997 1.3219875741618044e-09
3.628056413 1.19316122208669e-09
3.629407644 1.1528284540781296e-09
3.630758876 1.0107278840973647e-09
3.632110107 8.59475420291007e-10
3.633461339 8.061454495702606e-10
3.6348125700000002 8.005557379415346e-10
3.6361638010000004 7.913716464583643e-10
3.637515033 7.197155760995851e-10
3.638866264 7.025952397296238e-10
3.640217496 8.138764582034738e-10
3.6415687269999997 8.477687864588014e-10
3.642919959 6.354042707998629e-10
3.64427119 3.691291857048358e-10
3.6456224219999998 3.488930219136805e-10
3.646973653 6.205086437786193e-10
3.648324884 9.139162457789232e-10
3.649676116 7.677964207029457e-10
3.6510273470000003 5.247598884830137e-10
3.652378579 5.769550328852229e-10
3.6537298099999997 7.66036655212775e-10
3.655081042 7.621797288494917e-10
3.656432273 4.6402148419848925e-10
3.657783504 1.849526580957148e-10
3.659134736 2.9047646135290266e-10
3.660485967 4.211422620457223e-10
3.6618371990000003 4.823210783533692e-10
3.66318843 4.467311374682335e-10
3.664539662 3.246347115924092e-10
3.665890893 2.093378449355431e-10
3.667242125 1.691475845705587e-10
3.6685933559999997 2.0517222457260928e-10
3.669944587 3.505294005596842e-10
3.671295819 4.723660221939137e-10
3.67264705 6.16501666370853e-10
3.673998282 6.237555904631373e-10
3.675349513 5.109661238185004e-10
3.676700745 3.62407437651703e-10
3.6780519760000003 5.52483445940827e-10
3.679403208 6.892597898116486e-10
3.6807544389999998 7.823755462729741e-10
3.68210567 9.49554157363915e-10
3.683456902 1.2000396588628666e-09
3.684808133 1.3945513826204553e-09
3.686159365 1.4424966890178817e-09
3.687510596 1.3947475067580883e-09
3.688861828 1.3511548485563704e-09
3.690213059 1.3277515885873773e-09
3.6915642899999996 1.1787029994700612e-09
3.692915522 9.190799233768839e-10
3.694266753 9.022228628762144e-10
3.6956179849999997 1.3109764303159941e-09
3.696969216 1.7524323162861455e-09
3.698320448 1.9237619477746697e-09
3.699671679 1.878726511252367e-09
3.701022911 1.7231731746595624e-09
3.702374142 1.670001341624321e-09
3.703725373 1.695477476262572e-09
3.7050766050000004 1.7339170701366981e-09
3.706427836 2.048739507834733e-09
3.707779068 2.90227618145464e-09
3.709130299 3.3117938713595973e-09
3.710481531 2.939634755936882e-09
3.711832762 2.4384746021505856e-09
3.713183993 2.100442485238653e-09
3.714535225 2.093542219350427e-09
3.7158864560000002 2.2131804119311904e-09
3.717237688 2.1930078331143674e-09
3.7185889189999997 2.2547688788129127e-09
3.719940151 2.605822095734126e-09
3.721291382 2.781146008043503e-09
3.7226426139999997 2.1692451348492687e-09
3.723993845 1.4809586207928455e-09
3.725345076 1.8175730539930025e-09
3.726696308 2.133822800124092e-09
3.7280475390000003 2.100312181847725e-09
3.729398771 2.571449280803696e-09
3.730750002 3.2441267132418987e-09
3.7321012340000004 3.074849548527506e-09
3.733452465 2.964944730620393e-09
3.7348036959999997 3.5740135014428938e-09
3.736154928 4.045304550286966e-09
3.737506159 3.876816339545322e-09
3.738857391 3.590572312669504e-09
3.740208622 3.078014485623702e-09
3.741559854 2.2321342520740883e-09
3.7429110850000002 2.0153019802448392e-09
3.744262317 2.4601269548968916e-09
3.7456135479999997 3.1431908224605957e-09
3.746964779 3.618677513099918e-09
3.748316011 4.120437984067953e-09
3.749667242 6.149540608774058e-09
3.751018474 5.989963229801478e-09
3.752369705 4.968757345898289e-09
3.753720937 5.3403737775791076e-09
3.7550721680000003 4.992390149184142e-09
3.7564234 4.1019424465803625e-09
3.757774631 2.308911615083091e-09
3.759125862 1.1216630862957592e-09
3.7604770939999996 2.2369309191516478e-10
3.7618283249999998 5.950996859506571e-10
3.763179557 3.0633271560695857e-09
3.764530788 7.52220161514541e-09
3.76588202 1.0369521211115533e-08
3.767233251 1.3824868828532997e-08
3.768584482 1.9186940558114465e-08
3.7699357140000003 2.555397270932078e-08
3.771286945 2.8963105040336013e-08
3.7726381769999997 3.3146938752374473e-08
3.773989408 3.631245417521255e-08
3.77534064 3.55430811106725e-08
3.776691871 3.6681343346476964e-08
3.778043103 4.1027416408018836e-08
3.779394334 4.197434292972123e-08
3.780745565 3.7939386161100826e-08
3.7820967970000003 3.148046851007061e-08
3.7834480279999996 2.5372343563802786e-08
3.7847992599999998 2.736703748737489e-08
3.786150491 2.327053967723989e-08
3.7875017229999997 1.5584608354433106e-08
3.7888529539999998 1.0697184365070964e-08
3.790204185 8.265933485449944e-09
3.791555417 1.2153069263427653e-09
3.792906648 7.813514310619959e-09
3.79425788 1.4309072865790243e-08
3.795609111 2.1552766364668333e-08
3.7969603430000003 3.0619511942081226e-08
3.798311574 4.3330188788149154e-08
3.7996628059999997 4.3957747609133035e-08
3.801014037 3.27554045468514e-08
3.802365268 1.20241418179452e-08
3.8037165 5.1716396134628237e-11
3.8050677310000003 4.969310299936606e-11
3.806418963 5.2517497113630595e-11
3.807770194 5.5517851860505005e-11
3.8091214260000004 5.871433934386698e-11
3.8104726569999996 6.212853005033518e-11
3.811823889 6.576825479786345e-11
3.81317512 6.965031510757172e-11
3.814526351 7.37973715523478e-11
3.815877583 7.823539761846388e-11
3.817228814 8.30154908825841e-11
3.818580046 8.820249872174114e-11
3.8199312770000002 9.368809305261929e-11
3.821282509 9.958017915344893e-11
3.82263374 1.0592463672515641e-10
3.823984971 1.1276696575476239e-10
3.825336203 1.2014824518996147e-10
3.826687434 1.2811114650959856e-10
3.828038666 1.3670148916397644e-10
3.829389897 1.4597694740443466e-10
3.830741129 1.5600690110284634e-10
3.8320923600000003 1.668596428724483e-10
3.833443592 1.7860735044853287e-10
3.834794823 1.913330890847886e-10
3.836146054 2.051286200126675e-10
3.8374972859999996 2.2009565819842502e-10
3.8388485169999997 2.3656948145810637e-10
3.840199749 2.5427933566703784e-10
3.84155098 2.734712045367382e-10
3.842902212 2.9432314983109395e-10
3.844253443 3.169816329996659e-10
3.845604674 3.41602140017555e-10
3.8469559060000003 3.6835377615462734e-10
3.848307137 3.9741720159212363e-10
3.849658369 4.289847023794386e-10
3.8510096 4.6325456644185625e-10
3.852360832 5.004445096078925e-10
3.853712063 5.407848834736581e-10
3.855063295 5.84504386350213e-10
3.856414526 6.318355770616011e-10
3.857765757 6.836181786787243e-10
3.859116989 7.391131067946598e-10
3.86046822 7.98720921872482e-10
3.861819452 8.628474163018374e-10
3.863170683 9.316716747904148e-10
3.8645219149999996 1.0053555171101166e-09
3.8658731459999998 1.0840371213226561e-09
3.867224377 1.1678026186462901e-09
3.868575609 1.2566866500880349e-09
3.86992684 1.350684823008057e-09
3.871278072 1.449673112084255e-09
3.872629303 1.5535010095818788e-09
3.8739805350000003 1.6619389127124924e-09
3.875331766 1.7746602214193945e-09
3.876682998 7.862692205183228e-09
3.878034229 9.530206044341397e-07
3.87938546 1.1797759914683533e-06
3.880736692 8.090209104257025e-07
3.882087923 1.4743625060201153e-06
3.883439155 2.5666964897394655e-06
3.884790386 2.4769348706769682e-06
3.886141618 1.9836602427736767e-06
3.887492849 2.4431870415260914e-06
3.8888440810000002 2.984031591430415e-06
3.890195312 1.5630591608820114e-06
3.891546543 1.018625051113413e-06
3.892897775 5.33112429516731e-08
3.894249006 3.473041655257281e-09
3.895600238 3.5777160319236377e-09
3.8969514690000002 3.6776639302184702e-09
3.898302701 3.777080174784018e-09
3.899653932 3.867339755133566e-09
3.9010051629999998 3.952608240891745e-09
3.902356395 4.032966286393508e-09
3.903707626 4.108583064670416e-09
3.905058858 4.179595283943514e-09
3.906410089 4.246134891775093e-09
3.9077613209999997 4.308500511644362e-09
3.909112552 4.366920770551139e-09
3.910463784 4.4215946741206624e-09
3.911815015 4.472829936236661e-09
3.913166246 4.520739982404072e-09
3.914517478 4.568076613960656e-09
3.9158687089999997 4.612323288685612e-09
3.917219941 4.6513672801779105e-09
3.918571172 4.6877906200579716e-09
3.919922404 4.721761181786261e-09
3.921273635 1.1835182931616263e-07
3.922624866 1.0886798084399352e-06
3.9239760980000002 1.7648806829356754e-06
3.9253273290000004 3.9615024612545635e-06
3.926678561 6.736350120335352e-06
3.928029792 6.985419817913847e-06
3.929381024 6.359458709621103e-06
3.9307322549999997 8.733812289794558e-06
3.932083487 1.1659884087833269e-05
3.933434718 1.0846768740462521e-05
3.934785949 9.190483910085261e-06
3.936137181 7.048590687318623e-06
3.937488412 2.0585878189262468e-06
3.938839644 6.910277343987859e-08
3.940190875 5.0242309251805136e-09
3.941542107 5.034443992779304e-09
3.9428933379999997 7.428406521470684e-09
3.944244569 2.0550014833697391e-07
3.945595801 2.4227187748951833e-07
3.946947032 1.1914239179851895e-06
3.948298264 5.836016354694887e-06
3.949649495 1.172028834834527e-05
3.9510007270000003 1.6682761046289858e-05
3.9523519580000004 2.010496327332999e-05
3.95370319 2.2066726060694984e-05
3.955054421 2.325593530666952e-05
3.956405652 2.4284465491930663e-05
3.9577568839999997 2.6212850253963525e-05
3.959108115 2.771684207428581e-05
3.960459347 2.9896022742688744e-05
3.961810578 3.606666443352746e-05
3.96316181 4.5436015434276e-05
3.964513041 5.5947084045668e-05
3.965864273 6.676363875593052e-05
3.967215504 7.785022081095915e-05
3.968566735 8.729811080794991e-05
3.9699179669999998 9.302265756748151e-05
3.971269198 9.714677545585167e-05
3.97262043 0.0001035017846018305
3.973971661 0.00011009794935115558
3.975322893 0.00011510842361142476
3.976674124 0.00012017433162411241
3.978025355 0.0001279505182589319
3.9793765870000004 0.0001377455756114497
3.9807278179999996 0.00014497649393116466
3.98207905 0.00014528711689736776
3.983430281 0.00014275551990248605
3.9847815129999997 0.00014452717545028422
3.986132744 0.00015094452819262733
3.987483976 0.0001649265036150855
3.988835207 0.00018999960868066915
3.9901864380000003 0.0002269668885015146
3.99153767 0.0002735196134416756
3.9928889009999997 0.00032781665299127936
3.994240133 0.00039043195057233363
3.995591364 0.00045883620710634787
3.996942596 0.0005345510598915978
3.998293827 0.0006217067892359852
3.999645058 0.0007261129392159353
4.00099629 0.0008557898827389384
4.002347521 0.0010199605226238644
4.003698753 0.0012271234111509279
4.005049984 0.001486202495856397
4.006401216 0.0018191115631928211
4.007752447 0.0022486791476731246
4.009103679 0.0028049932101802014
4.01045491 0.0035326554078421
4.011806141 0.004494568367746895
4.013157373 0.0057780286492285764
4.014508604 0.007508106701368349
4.015859836 0.009878411172426903
4.017211067 0.013190151366721165
4.018562299 0.01787015997300644
4.01991353 0.02455645313951176
4.021264761 0.034222758000404765
4.022615993 0.04818316658894821
4.023967224 0.0683178070510964
4.025318456 0.09688281731795378
4.026669687 0.13539878739866915
4.028020919 0.18329755686556476
4.02937215 0.23734203542859908
4.030723382 0.29134743011041364
4.032074613 0.3380419986139971
4.033425844 0.37194066051500263
4.034777076 0.39154973043758434
4.036128307 0.398803884132325
4.037479539 0.39955737653848056
4.03883077 0.39850601327520163
4.040182002 0.3978941511186433
4.041533233 0.3989891308536883
4.042884465 0.4022213285908749
4.044235696 0.407523660429048
4.0455869269999996 0.4143982414620114
4.046938159 0.42179755280983305
4.04828939 0.42873013180593317
4.049640622 0.43441748744135644
4.050991853 0.4382377720447892
4.052343085 0.4399101807514889
4.053694316 0.4394057857424827
4.055045547 0.4367471189905454
4.056396779 0.43272305414892287
4.05774801 0.42819038087104994
4.059099241999999 0.4237656492909135
4.0604504729999995 0.4202084976163942
4.061801705 0.41773014233523365
4.063152936 0.4161146577376515
4.064504168 0.4151622201451709
4.065855399 0.4132788876518825
4.06720663 0.408458890103352
4.0685578620000005 0.3984810495420505
4.069909093000001 0.3813865952857894
4.071260325 0.35604798830091466
4.072611556 0.32181165519292054
4.073962788 0.27936369574793074
4.075314019 0.2339827717833305
4.07666525 0.1895702500881985
4.078016482 0.14918871876231654
4.079367713 0.11471029697754911
4.080718945 0.08676897551751857
4.082070176 0.06502370584666597
4.083421408 0.04871973751202527
4.084772639 0.03664334963059085
4.086123871 0.027737777667145087
4.087475102 0.021165171656848936
4.088826333 0.01629397375402864
4.090177565 0.01267972078391731
4.091528796 0.009961753326921181
4.092880028 0.007896534218394343
4.094231259 0.006316267784442467
4.095582491 0.005097238691868692
4.096933722 0.004147404985182201
4.098284953 0.0034004802791030636
4.0996361850000005 0.0028066546113669328
4.100987416 0.002332240774613583
4.102338648 0.001950922131567233
4.103689878999999 0.0016429081192658919
4.105041110999999 0.001389523724322467
4.106392342 0.001180304548038592
4.107743574 0.0010053154216126863
4.109094805 0.0008577986603165684
4.110446036 0.0007339279239255491
4.111797268 0.000630275367678844
4.113148499 0.0005434369505364458
4.1144997309999995 0.00047067468848335987
4.115850962000001 0.000410198355578846
4.117202194000001 0.00036022270085164874
4.118553425 0.00031936360172234775
4.119904657 0.000285856747697804
4.121255887999999 0.0002582312233710634
4.122607119 0.00023536108910156945
4.123958351000001 0.0002163468835954039
4.125309582 0.00020023398496082483
4.126660814 0.0001852980853743135
4.128012045 0.0001699573958573515
4.129363277 0.00015350790720881327
4.130714508 0.00013845221903063012
4.132065739 0.00012561832340428068
4.133416971 0.00011434512515044378
4.134768202 0.00010395345934065437
4.136119434 9.406145289855929e-05
4.1374706649999995 8.448400423111202e-05
4.138821897 7.63931880023415e-05
4.140173128000001 7.019669180944357e-05
4.14152436 6.51308645385362e-05
4.142875591 6.0209058298050834e-05
4.144226821999999 5.463532818971451e-05
4.145578054 4.811195105219743e-05
4.146929285000001 3.980785638672611e-05
4.148280517 3.0975698581151965e-05
4.149631748 2.4207564010156897e-05
4.15098298 2.1476820843530783e-05
4.152334211 2.2553266306714394e-05
4.153685442 2.219752803510095e-05
4.155036674 1.990538868881899e-05
4.156387905 1.677140039860101e-05
4.157739136999999 1.3538497644333815e-05
4.159090368 1.0577677485881096e-05
4.1604416 8.31804860700344e-06
4.161792831 6.887681151629714e-06
4.163144063 5.492573463772538e-07
4.164495294 5.320609039386452e-09
4.165846525 5.3207980575947764e-09
4.167197757 1.4400076678861088e-07
4.1685489879999995 1.343004392998441e-06
4.169900220000001 5.076123263717772e-06
4.171251451 6.0938102671804266e-06
4.172602683 7.2106961627422775e-06
4.173953914 8.390223297592532e-06
4.1753051459999995 1.0772937535169556e-05
4.1766563770000005 1.3928567656827944e-05
4.178007608 1.8053634447453454e-05
4.17935884 2.0376415546673985e-05
4.180710071 1.9161150507148965e-05
4.182061303 1.7265904810398014e-05
4.183412534 1.6004732022338705e-05
4.184763766 1.576621266862626e-05
4.186114997 1.6359485765305253e-05
4.187466228 1.677041135591878e-05
4.18881746 1.7236578891937193e-05
4.190168691 1.739295734614753e-05
4.1915199229999995 1.6429807881807782e-05
4.1928711540000005 1.3705370980021718e-05
4.194222386000001 9.107033277216097e-06
4.195573617 5.719237985396428e-06
4.196924849 7.181392238952278e-06
4.198276079999999 7.30343849449041e-06
4.199627311 7.752024762630903e-06
4.200978543 8.594180433604267e-06
4.202329774 9.488361942921521e-06
4.203681006 9.896286995738198e-06
4.205032237 1.066752270638809e-05
4.206383469 1.0238804005799953e-05
4.2077347 7.915581611807595e-06
4.209085931 5.488654516749921e-06
4.210437163 3.400598786937514e-06
4.211788394 1.88070765720859e-06
4.213139626 1.0037460594780829e-06
4.2144908569999995 2.1168785698787396e-06
4.215842089 4.014850721779112e-06
4.217193320000001 4.69617282907768e-06
4.218544552 3.0582003114617496e-06
4.219895783 1.012041077457546e-06
4.221247013999999 1.3557135166086456e-06
4.2225982459999996 2.674076443402474e-06
4.223949477 4.4526075924123635e-06
4.225300709 4.916060199832527e-06
4.22665194 3.7371861493703753e-06
4.228003171999999 2.9512737886142643e-06
4.229354403 3.089651508573234e-06
4.2307056339999995 4.650496199789803e-06
4.232056866 5.6516213712975855e-06
4.233408097000001 5.248611027535659e-06
4.234759329 4.934827319718772e-06
4.23611056 4.944023427436334e-06
4.237461792 5.112577530581025e-06
4.238813023 3.904145955838106e-06
4.240164255 2.6826307885926523e-06
4.241515486 1.923279465948686e-06
4.242866717 1.4474924209825008e-06
4.244217949 7.555058101919944e-07
4.24556918 1.6162328232862345e-08
4.246920412000001 5.3026904304543675e-09
4.248271643 1.2400798266465208e-08
4.249622875 2.362204263239745e-06
4.250974105999999 4.191668450202247e-06
4.2523253379999995 4.216527644250898e-06
4.2536765690000005 2.7775622128791313e-06
4.2550278 1.5841848222335647e-06
4.256379032 2.3990128027532993e-06
4.257730263 5.1797241949498086e-06
4.259081495 8.713239856487083e-06
4.260432726 1.3945951115966762e-05
4.261783958 1.4685521781660011e-05
4.263135189 1.1391966632017424e-05
4.26448642 9.157750155215305e-06
4.265837652 8.685754529604597e-06
4.267188883 9.2526668551491e-06
4.2685401149999995 9.192918032777057e-06
4.2698913460000005 7.855227557042496e-06
4.271242578000001 6.376507638033309e-06
4.272593809 5.349664607908562e-06
4.273945041 5.602949433364568e-06
4.275296271999999 6.310192760321486e-06
4.276647503 8.00256984875528e-06
4.277998735 1.0080727020953578e-05
4.279349966 1.1703171996348832e-05
4.280701198 1.098950949562873e-05
4.282052429 9.367882126472281e-06
4.283403661 7.5197877494935635e-06
4.284754892 1.0154321548949018e-05
4.286106123 1.378302980728699e-05
4.287457355 1.454212482735033e-05
4.288808586 1.0977444209426341e-05
4.290159818 6.510550840333397e-06
4.2915110489999995 3.5956779833109763e-06
4.292862281 3.4368195846256166e-06
4.294213512000001 5.388597918143093e-06
4.295564744 6.4528776782634105e-06
4.296915975 6.550938622956303e-06
4.298267206 6.556072817790887e-06
4.299618438 7.676160193634676e-06
4.300969669 8.338898950392461e-06
4.302320901 8.512158272669057e-06
4.303672132 9.343748761275518e-06
4.305023363999999 1.1215523999490532e-05
4.306374595 9.412013745013929e-06
4.3077258259999995 5.984861712019504e-06
4.309077058 2.6447685348644175e-06
4.310428289000001 3.113649873333738e-06
4.311779521 3.8520886294428975e-06
4.313130752 4.335843661548878e-06
4.314481984 4.6388578275578705e-06
4.315833215 4.8591724277007606e-06
4.317184447 4.959476858838504e-06
4.318535678 5.102690750155386e-06
4.319886909 5.8208775979353094e-06
4.321238141 7.3135688401638265e-06
4.322589372 8.137737782789968e-06
4.323940604000001 8.28093361934024e-06
4.325291835 7.942371493124251e-06
4.326643067 7.554136038675308e-06
4.327994297999999 7.540813213210633e-06
4.329345529999999 6.9084588941463234e-06
4.3306967610000004 6.764894330916986e-06
4.332047992 7.804701490248797e-06
4.333399224 8.255088132999637e-06
4.334750455 8.056861159949935e-06
4.336101687 7.976089916518739e-06
4.337452918 8.322186310706645e-06
4.33880415 7.590267292871464e-06
4.340155381 6.282172131740737e-06
4.341506612 6.246771502685211e-06
4.342857844 6.313697153215496e-06
4.344209075 6.162617648324494e-06
4.3455603069999995 5.41822314727845e-06
4.3469115380000005 5.014633535558909e-06
4.34826277 4.568281918171673e-06
4.349614001 4.812924861373259e-06
4.350965233 5.10325983915664e-06
4.352316464 4.229606387649755e-06
4.353667695 1.9643029143572677e-06
4.355018927 3.807455436923461e-07
4.356370158 9.312200341297168e-09
4.35772139 5.2739078979091e-09
4.359072621 5.272122704617586e-09
4.360423853 5.270318844224527e-09
4.361775084 5.268553841525478e-09
4.363126315000001 5.266724466602438e-09
4.364477547000001 5.264823011802768e-09
4.365828778 5.262850995585909e-09
4.36718001 5.260813509293532e-09
4.3685312409999995 1.7687327351359186e-08
4.369882473 1.3083736289457988e-07
4.371233704 6.667549452117407e-09
4.372584936 5.251975658051758e-09
4.373936167 5.249619282306278e-09
4.375287398 5.247217709761379e-09
4.37663863 5.244765664645456e-09
4.377989861 5.242291729505901e-09
4.379341093 5.239777910504119e-09
4.380692324 5.237286381837618e-09
4.382043555999999 5.234796878978808e-09
4.383394787 5.2322844887372e-09
4.3847460179999995 5.229742385875659e-09
4.38609725 5.227186726232292e-09
4.387448481000001 5.224604870132296e-09
4.388799713 5.222025326908062e-09
4.390150944 5.219438880850862e-09
4.391502176 5.216836848632719e-09
4.392853407 5.214245179115921e-09
4.394204639 1.2466681545902823e-08
4.39555587 5.563767892161401e-07
4.396907101 2.9551875496277245e-07
4.398258332999999 1.793219471478478e-06
4.399609564 1.4516156331597414e-06
4.400960796000001 6.921228317574235e-07
4.402312027 1.098138360898751e-06
4.403663259 1.6226970249552183e-06
4.405014489999999 1.088298584636687e-06
4.406365721999999 1.0649642143108272e-08
4.407716953 5.1973453985705494e-09
4.409068184 5.195642513072417e-09
4.410419416 5.193989239619294e-09
4.411770647 5.1924020893149575e-09
4.413121879 5.191596788039184e-09
4.41447311 5.195336786338346e-09
4.415824342 5.19394406801941e-09
4.417175573000001 5.1926207743773944e-09
4.418526804 5.191350922002538e-09
4.419878036 5.190131629035834e-09
4.421229266999999 5.188987519250953e-09
4.4225804989999995 5.187887855365998e-09
4.4239317300000005 5.186838002203717e-09
4.425282962 5.185821037511225e-09
4.426634193 5.184863266895151e-09
4.427985425 5.183938218199714e-09
4.429336656 5.183072564172343e-09
4.430687887 5.182190897691675e-09
4.432039119 5.181307866868835e-09
4.43339035 5.180449569970096e-09
4.434741582 5.179639278363726e-09
4.436092813 5.178861715646935e-09
4.437444045 5.17811584890751e-09
4.438795276 5.177394001710591e-09
4.440146507000001 5.176704752710128e-09
4.441497739000001 5.176103364548904e-09
4.44284897 5.17551936302916e-09
4.444200202 5.174931864126832e-09
4.445551432999999 5.174156215848213e-09
4.446902665 5.173408352294512e-09
4.448253896 5.17265421558729e-09
4.449605128 5.171918322408478e-09
4.450956359 5.171147886486892e-09
4.45230759 5.170384748688561e-09
4.453658822 5.16961497155901e-09
4.455010053 5.168849156075259e-09
4.456361285 5.168084315647189e-09
4.457712516 5.167320615318856e-09
4.459063747999999 5.166556299362807e-09
4.460414979 5.165792321365755e-09
4.4617662110000005 5.165066598068739e-09
4.463117442 5.1643336892326094e-09
4.464468673000001 5.163604164995165e-09
4.465819905 5.1628438661950775e-09
4.467171136 5.162086574917416e-09
4.468522368 5.1613112990139054e-09
4.469873599 5.160532670067554e-09
4.471224831000001 5.159722628789125e-09
4.472576062 2.8495518142770587e-07
4.473927293 5.115272281644042e-06
4.475278524999999 7.486242717048367e-06
4.476629756 9.263752345408536e-06
4.4779809880000006 1.0649724293038783e-05
4.479332219 1.0647436127500757e-05
4.480683451 1.0037469962119256e-05
4.482034682 9.276122125391631e-06
4.483385914 7.971543133443221e-06
4.484737145 6.196258292290446e-06
4.486088376 4.9551692447773436e-06
4.487439608 5.904631441215288e-06
4.488790839 6.759730917030993e-06
4.490142071 6.218256749323681e-06
4.491493302 4.188701771840198e-06
4.492844534 5.112559850315633e-06
4.494195765000001 7.050919742528202e-06
4.495546996 8.20600220349734e-06
4.496898228 8.609424406570678e-06
4.498249458999999 8.315587844120346e-06
4.4996006909999995 9.072480648950483e-06
4.5009519220000005 1.0429206493796593e-05
4.502303154 1.2222315270604683e-05
4.503654385 1.3429216488592511e-05
4.505005617 1.613443995826828e-05
4.506356848 1.70175739462236e-05
4.507708079 1.619305994940075e-05
4.509059311 1.5111578673347928e-05
4.510410542 1.4208563822983178e-05
4.511761774 1.5047564068534035e-05
4.513113005 1.5000486037092914e-05
4.514464237 1.2218123622128675e-05
4.5158154679999996 8.786558444080618e-06
4.517166699000001 8.27443450699818e-06
4.518517931 9.110521483564182e-06
4.519869162 1.0418224857354029e-05
4.521220394 1.1624540177285859e-05
4.522571624999999 1.6884924615299306e-05
4.523922857 1.9032922016691288e-05
4.525274088 1.904725201096088e-05
4.52662532 1.821032325116632e-05
4.527976551 1.6429598203053605e-05
4.529327782 1.400680790883272e-05
4.530679014 1.3068335893273054e-05
4.532030245 1.3187902130986188e-05
4.533381477 1.39776034975424e-05
4.534732708 1.3613959479516585e-05
4.53608394 1.1885205991464052e-05
4.537435171 8.49148676729918e-06
4.5387864030000005 5.232853811870533e-06
4.540137634 3.1442813525162694e-06
4.541488865 1.8316016940482307e-06
4.542840097 3.1519575202678277e-07
4.544191328 3.4164127555351684e-08
4.5455425599999995 6.285484068716084e-09
4.5468937910000005 1.1259405240848263e-08
4.548245023000001 8.161196898445191e-08
4.549596254 1.6282985218266268e-06
4.550947485 3.1533040526585446e-06
4.552298716999999 7.125957759410686e-06
4.553649948 5.525454650995398e-06
4.5550011800000005 7.251651185566887e-07
4.556352411 3.0351732698712955e-07
4.557703643 7.958170266345024e-07
4.559054874 1.3198566384062818e-06
4.560406106 2.4780276331014657e-07
4.561757337 5.679048327011025e-09
4.563108568 1.322319900620678e-07
4.5644598 1.9025031934727e-06
4.565811031 2.5042177531322032e-06
4.567162263 2.59667422412833e-08
4.568513493999999 5.050217359692717e-09
4.569864726 5.04768295289165e-09
4.571215957000001 1.7657437055935837e-07
4.572567188 1.8396784013325314e-06
4.57391842 1.677708563998036e-06
4.575269650999999 1.9987108505230186e-08
4.5766208829999995 5.0405114854997034e-09
4.5779721140000005 5.037919219442983e-09
4.579323346 5.035323981705885e-09
4.580674577 5.032727374626466e-09
4.582025809 5.030180724772524e-09
4.58337704 5.027610181146514e-09
4.584728271 5.025029948423215e-09
4.586079503 5.02243196003115e-09
4.587430734 5.019830005595309e-09
4.588781966 5.017227348913932e-09
4.590133197 5.0145616691883666e-09
4.591484429 5.011815415103646e-09
4.5928356599999995 5.009057939777831e-09
4.5941868910000005 5.006324616227648e-09
4.595538123 5.003555858434819e-09
4.596889354 5.000755905182599e-09
4.598240586 4.997947812597057e-09
4.599591817 4.995136410528268e-09
4.6009430490000005 4.99232843895541e-09
4.60229428 4.989458589552581e-09
4.603645512 1.815090450693663e-08
4.604996743 2.18245548300378e-08
4.606347974 5.2341416062049535e-09
4.607699206 4.977783445158773e-09
4.609050437 4.974763889124876e-09
4.610401669 4.971948006809863e-09
4.611752900000001 4.9696082958307145e-09
4.613104132 4.96723029503881e-09
4.614455363 4.964773532825429e-09
4.6158065950000005 4.962287646065849e-09
4.617157826 4.959788255168966e-09
4.618509057 4.9572564652938515e-09
4.619860289 4.95468594815977e-09
4.62121152 4.9513711142249505e-09
4.622562751999999 4.947967816544523e-09
4.6239139830000004 4.944524108333681e-09
4.625265215000001 4.9410287927908665e-09
4.626616446 4.9374773557722505e-09
4.627967677 4.933888257365556e-09
4.629318908999999 4.930283925608319e-09
4.63067014 4.926631183804917e-09
4.6320213720000005 4.922939289800847e-09
4.633372603 4.919182248628877e-09
4.634723835 4.91540172922962e-09
4.636075066 4.911585026916501e-09
4.637426298 5.392093607602642e-09
4.638777529 9.933061780314974e-08
4.64012876 7.826138421828227e-08
4.641479992 4.923904511689708e-09
4.642831223 4.89184478745355e-09
4.644182455 4.8878001666134714e-09
4.645533685999999 4.883741804228975e-09
4.646884918 4.879677475349235e-09
4.648236149000001 4.875611703048969e-09
4.64958738 4.8714825586063835e-09
4.650938612 7.271437045836594e-08
4.652289842999999 1.2453899728990728e-06
4.6536410749999995 2.7001373072844037e-06
4.6549923060000005 3.2103602984343805e-06
4.656343538 2.653959325507715e-06
4.657694769 1.7899093061626008e-06
4.659046001 1.102576424282413e-06
4.660397232 4.407031153210508e-07
4.661748463 1.2387956506321047e-08
4.663099695 4.834106660952171e-09
4.664450926000001 4.829902544583352e-09
4.665802158 4.8257172340763014e-09
4.667153389 1.4508801558336493e-08
4.668504621 9.071385827335631e-07
4.6698558519999995 1.4271421837918347e-06
4.6712070830000005 4.540752187766002e-07
4.672558315 9.438213573938165e-09
4.673909546 4.801153688010605e-09
4.675260778 4.79716988660151e-09
4.676612009 4.793254789793421e-09
4.6779632410000005 4.789385074442931e-09
4.679314472 4.785525050171044e-09
4.680665704 4.781643111436319e-09
4.682016935 4.777749004075198e-09
4.683368166 4.7739412739072e-09
4.684719398 4.770179316823205e-09
4.686070629 4.766462896150711e-09
4.687421861 4.762815049010217e-09
4.688773092 4.759262152771133e-09
4.690124324 6.985176247176622e-09
4.691475555 1.1077405708119632e-07
4.6928267869999996 6.412229508145567e-07
4.694178018 1.73027321143266e-06
4.695529249 2.4068131453935045e-06
4.696880481 2.3779373028630704e-06
4.698231712 1.7724204177491945e-06
4.699582943999999 2.632860615076224e-08
4.700934175 4.736405005656369e-09
4.702285407000001 4.733664053732944e-09
4.703636638 4.730981500905324e-09
4.704987869 4.728336017291725e-09
4.706339100999999 4.725787862380467e-09
4.707690332 4.723329076641103e-09
4.7090415640000005 4.720959334183799e-09
4.710392795 4.718816088255389e-09
4.711744027 1.281825870443336e-08
4.713095258 3.854399067662358e-07
4.71444649 4.868076301065184e-07
4.7157977209999995 4.844049824247712e-07
4.717148952 5.984460089663784e-07
4.718500184000001 4.244109520577673e-08
4.719851415 4.7086235544440114e-09
4.721202647 4.706799789791092e-09
4.722553877999999 3.260962473098088e-08
4.72390511 2.0499054782733395e-06
4.725256341000001 3.686911411592627e-06
4.726607572 4.714572306213529e-06
4.727958804 4.368869182894898e-06
4.729310035 3.044274982864423e-06
4.730661267 2.2210946441351698e-06
4.7320124980000005 1.0032035402495737e-06
4.73336373 8.041052126534193e-08
4.734714961 4.806464657463011e-09
4.736066193 2.9823985614833246e-08
4.737417424 2.7450734220066293e-07
4.738768654999999 1.0968629334165885e-06
4.740119887 2.072811731937475e-06
4.741471118000001 3.0084270194820813e-06
4.74282235 3.450883320975693e-06
4.744173581 3.3136817906812944e-06
4.745524813 5.3715300501662155e-06
4.7468760439999995 5.8827868707431095e-06
4.748227276 5.372674446223702e-06
4.749578507 4.033963443989559e-06
4.750929738 4.539173343497833e-06
4.75228097 6.263251748796469e-06
4.753632201 8.55123490924722e-06
4.7549834330000005 1.035130166761512e-05
4.756334664 1.1246750506843069e-05
4.757685896 8.469589201033845e-06
4.759037127 5.420654022232533e-06
4.760388358 4.245978391748691e-06
4.76173959 3.523865853689893e-06
4.763090821 2.816575844404462e-06
4.764442053 2.1432586513946673e-06
4.765793284 2.537135751337159e-06
4.767144516 3.795879429700863e-06
4.768495747 4.290023874295028e-06
4.7698469789999995 4.5660486537047485e-06
4.77119821 2.26298355848788e-06
4.772549441 1.9466791337331265e-07
4.773900673 4.590013576948404e-07
4.775251904 2.1492606045689225e-08
4.776603135999999 4.6325703713659375e-09
4.777954367 4.6298919888151585e-09
4.779305599000001 4.627175986287879e-09
4.78065683 4.6243809812035535e-09
4.782008061000001 4.621560212635497e-09
4.783359293 1.0841623337838114e-08
4.784710524 3.536254412763837e-07
4.7860617560000005 1.2083561446546297e-06
4.787412987 1.978918256416239e-06
4.788764219 2.3425194777104555e-06
4.79011545 2.634617964021113e-06
4.791466682 2.8262710318530892e-06
4.7928179129999995 2.6121722061320574e-06
4.7941691440000005 2.236937148658533e-06
4.795520376000001 1.6063378868746303e-06
4.796871607 9.957972057227082e-07
4.798222839 1.3269245159723854e-06
4.799574069999999 1.2010073175244476e-06
4.800925302 1.5678875149276545e-06
4.802276533000001 8.07343292060328e-07
4.803627764 6.079778204887347e-08
4.804978996 4.574731664511926e-09
4.806330227 4.572215055980263e-09
4.807681459 4.569766005991269e-09
4.80903269 4.5723765445743135e-09
4.810383922 2.7629637522922563e-08
4.811735153 8.914216064202018e-07
4.813086384999999 1.2134580508448832e-06
4.814437616 1.3424892723149297e-06
4.815788846999999 1.1138135721517334e-06
4.817140079 1.236185376721912e-06
4.818491310000001 1.494432124696977e-06
4.819842542 1.7429814536734565e-06
4.821193773 1.7818259292899658e-06
4.822545005 1.550674017787385e-06
4.8238962359999995 1.0917854751033575e-06
4.825247468 4.725771246136819e-07
4.826598699 1.4142105847890183e-08
4.82794993 1.3430227169096792e-08
4.829301162 2.3741902934174425e-07
4.830652393 5.857551915751559e-07
4.8320036250000005 3.649791494097015e-06
4.833354856 2.5797411204343976e-06
4.834706088 3.416853900387095e-07
4.836057318999999 8.098970729682752e-09
4.83740855 2.229598611510073e-08
4.838759782 2.0207667576806444e-07
4.840111013 1.136517943052245e-08
4.841462245 1.2434169677218042e-08
4.842813476 5.056640994960208e-07
4.844164708 5.431664612931327e-08
4.845515939 4.518167679894094e-09
4.8468671709999995 4.516000839322368e-09
4.8482184020000005 1.1284124571819332e-08
4.849569633 4.1605717748349616e-07
4.850920865 1.8710072665309497e-06
4.852272096 3.5799123016285233e-06
4.853623327999999 2.325517807889588e-06
4.854974559 3.392773693939727e-07
4.856325791000001 7.989769730377866e-09
4.857677022 3.2450465980630725e-08
4.859028253 1.679770318141125e-06
4.860379485 1.671923616201533e-06
4.861730716 4.05119878646821e-07
4.863081948 3.308039216813191e-07
4.864433179 1.7250546917522039e-06
4.865784411 2.725725360518939e-06
4.867135642 3.0864900782680015e-06
4.868486874 3.070809612893631e-06
4.8698381049999995 2.244641703233284e-06
4.8711893360000005 1.6728638936688005e-07
4.872540568000001 5.327037551358342e-09
4.873891799 4.449220786434823e-09
4.875243031 4.444149554316381e-09
4.876594261999999 4.441746226028032e-09
4.8779454939999995 7.78047952849373e-09
4.879296725000001 5.437702894311833e-08
4.880647956 3.5063463720680325e-07
4.881999188 3.001632073535039e-06
4.883350419 2.875583178086741e-06
4.884701651 3.132224099043689e-06
4.8860528819999995 2.6193533845225327e-06
4.887404114 2.105386372186841e-06
4.888755345 1.7217271947252327e-06
4.890106576999999 7.654948342362421e-07
4.891457808 5.592643030098249e-07
4.892809038999999 5.682187123282824e-07
4.894160271 1.7363110921970122e-06
4.895511502000001 3.228156593170563e-06
4.896862734 3.449393980301989e-06
4.898213965 3.3155223140824838e-06
4.899565197 2.0870930022293762e-06
4.900916428 4.928745830782517e-07
4.902267660000001 1.0399848135448218e-06
4.903618891 2.0945521704767573e-06
4.904970122 2.9532462927891325e-06
4.906321354 1.4095823722181491e-06
4.907672585 3.4947526707988036e-07
4.9090238170000005 2.010962938375146e-08
4.910375048 2.2153762587784225e-08
4.91172628 4.812481051163657e-07
4.913077511 1.278363238065598e-06
4.914428742 2.0113681583491476e-06
4.915779974 2.25855027551835e-06
4.917131205 2.5436941683109266e-06
4.918482437 2.877598138885656e-06
4.919833668 2.3001104371623947e-06
4.9211849 1.7342505136800574e-06
4.922536131 4.4469674555443246e-07
4.9238873629999995 3.1183814994330584e-07
4.9252385940000005 1.131317953757429e-08
4.926589825 4.114454723278283e-09
4.927941057 4.105257764820313e-09
4.929292288 1.6646809937253198e-08
4.930643519999999 2.6269398883424486e-07
4.931994751 1.4817841287598696e-08
4.933345983000001 4.068328322242259e-09
4.934697214 4.05904613295331e-09
4.936048445 4.049671034934753e-09
4.937399677 4.040162992978193e-09
4.938750908 4.030546208970705e-09
4.94010214 4.020801118413426e-09
4.941453371 4.012874694890592e-09
4.942804603 4.005104162178843e-09
4.944155834 3.994639628627326e-09
4.945507066 3.9839131679732235e-09
4.9468582969999995 3.972860091968808e-09
4.9482095280000005 7.875016956597081e-08
4.949560760000001 3.2818199326885556e-06
4.950911991 5.4883377352889075e-06
4.952263223 8.295382076975233e-06
4.953614453999999 9.556548108761372e-06
4.9549656859999995 9.508835797273441e-06
4.9563169170000005 8.394415309243326e-06
4.957668148 4.83015201423295e-06
4.95901938 3.7974246049275622e-06
4.960370611 2.2949966858974642e-06
4.961721843 1.7326069293517791e-06
4.9630730739999995 1.5048879313981558e-06
4.964424306 1.8208057380516994e-06
4.965775537000001 2.272376268496929e-06
4.967126769 1.7992682454576358e-06
4.968478 1.9754766035899008e-06
4.969829230999999 1.7790143837400466e-06
4.971180463 1.5533262133961227e-06
4.972531694000001 1.5994740927296038e-06
4.973882926 1.6824025706540005e-06
4.975234157 1.2555375717695867e-06
4.976585389 6.383684358659201e-08
4.97793662 3.594537008815343e-09
4.979287852000001 5.598441168484338e-08
4.980639083 1.1892557443343819e-06
4.981990314 1.6199254157506663e-06
4.983341545999999 2.0000334829442656e-06
4.984692777 2.5361467892720335e-06
4.986044009 3.3627534592304803e-06
4.98739524 3.2630488082727475e-06
4.988746472 3.6379678799717363e-06
4.990097703 4.727117980942917e-06
4.991448934 6.7273610595324445e-06
4.992800166 8.698766869877103e-06
4.9941513969999995 9.124927196427898e-06
4.995502629 8.277335496635633e-06
4.99685386 6.585554211517017e-06
4.998205092 4.764735473970857e-06
4.999556323 4.565463799430127e-06
5.0009075549999995 3.994732388820891e-06
5.0022587860000005 2.8045730304570094e-06
5.003610017 1.441291606816261e-06
5.004961249 8.961997381500015e-07
5.006312479999999 5.428653905078702e-07
5.007663711999999 5.646146966258907e-07
5.009014943 1.1378388368707348e-06
5.010366175 1.408143669515154e-06
5.011717406 1.414341155678522e-06
5.013068637 1.0331443947897301e-06
5.014419869 1.3343095786317772e-06
5.0157711 1.2617658728610816e-06
5.017122332 1.0141368346662903e-06
5.018473563 6.786571695573431e-07
5.019824795000001 6.232762999250986e-07
5.021176026 1.0937117493220933e-06
5.022527258 1.3711802532744867e-06
5.0238784889999994 1.3054612896746854e-06
5.0252297200000005 7.301706509017907e-07
5.026580952000001 2.054129707874336e-07
5.027932183 5.983815400198152e-09
5.029283415 5.173400403553711e-09
5.030634646 1.9557169281575622e-07
5.031985878 9.468251405260095e-07
5.033337109 1.4071930476101531e-06
5.034688341 1.53591069316355e-06
5.036039572 1.7312566895030784e-06
5.037390803 1.638327433880855e-06
5.038742035 1.7285790300026807e-06
5.0400932659999995 1.654534021466485e-06
5.041444498 1.6124197828602642e-06
5.042795729000001 1.5549602791438772e-06
5.044146961 1.3462592133901458e-06
5.045498192 1.263541743685378e-06
5.046849422999999 1.2593572867736871e-06
5.048200655 1.4561104744842193e-06
5.049551886000001 1.5297743514835764e-06
5.050903118 2.0147823619267028e-06
5.052254349 2.0970559596468327e-06
5.053605581 2.089002946051547e-06
5.054956812 2.2019984294519403e-06
5.056308044000001 2.2738839272527442e-06
5.057659275 2.173125566389737e-06
5.059010506 2.0587815321111722e-06
5.060361737999999 1.9603129081031118e-06
5.061712969 2.142992596623147e-06
5.063064201 2.5225052813087545e-06
5.064415432 2.479800471796546e-06
5.065766664 2.3279078574260815e-06
5.067117895 1.793720750738726e-06
5.068469126 1.3474524161189723e-06
5.069820358 9.426158829480045e-07
5.0711715889999995 8.037842734162939e-07
5.072522821 8.621931766093063e-07
5.073874052 1.0917077278065037e-06
5.075225284 1.6030810263096015e-06
5.076576515 1.840738852191232e-06
5.0779277469999995 2.016063510520979e-06
5.0792789780000005 1.7701223891918439e-06
5.080630209 1.5646552189781392e-06
5.081981441 1.3312081543869992e-06
5.083332671999999 1.1942754530389332e-06
5.084683904 1.163268506750124e-06
5.086035135 1.152651105257108e-06
5.087386367 1.107907080620557e-06
5.088737598 1.0731169591143646e-06
5.090088829 1.0326297157154601e-06
5.091440061 1.060004486387291e-06
5.092791292 1.1207952308792869e-06
5.094142524 1.1024536352882877e-06
5.095493755000001 1.0742132585884108e-06
5.096844987000001 9.585136275904038e-07
5.098196218 8.340745531931672e-07
5.09954745 7.477902329161436e-07
