Wavelength_microns Throughput
2.0004663860000003 8.416296038710865e-15
2.002074478 1.373586983027294e-13
2.00368257 7.7246025281089e-13
2.005290662 3.021697715522356e-13
2.006898754 3.4217554120666197e-13
2.008506846 8.404102652874364e-13
2.010114938 1.361948298949805e-12
2.01172303 1.022367337545039e-12
2.013331122 4.35818345121541e-13
2.014939214 2.005192109487705e-13
2.016547306 1.6844234537530929e-13
2.018155398 3.280669130167027e-13
2.01976349 6.720185568486716e-13
2.021371582 5.276559148573102e-13
2.022979674 4.92582623811877e-13
2.0245877660000002 6.557186190418897e-13
2.026195858 1.49728801128311e-13
2.027803949 6.2705179851793045e-15
2.029412041 1.4372469723799845e-14
2.031020133 3.060647218971639e-13
2.032628225 8.320645486070533e-13
2.034236317 9.05902034676321e-13
2.035844409 1.138793719631273e-12
2.037452501 1.4715688601182127e-12
2.039060593 1.740629469769469e-12
2.040668685 2.0439360077487513e-12
2.042276777 1.0664485709445442e-12
2.0438848689999998 6.863284931377357e-13
2.045492961 7.687915331365757e-13
2.047101053 1.080448983699559e-12
2.0487091449999997 7.20846804895496e-13
2.0503172370000002 4.691108524270845e-13
2.0519253290000004 4.716444926553996e-13
2.053533421 7.140785676945096e-13
2.055141513 8.656045084365741e-13
2.056749605 9.923962746132375e-13
2.058357697 1.0646327284590906e-12
2.059965788 1.0555261400467179e-12
2.06157388 8.655912958088246e-13
2.0631819719999998 8.556893442960721e-13
2.064790064 7.44859726613656e-13
2.066398156 5.584452742538822e-13
2.068006248 5.241589580537169e-13
2.06961434 9.59157539939947e-13
2.071222432 2.9088355615753177e-12
2.072830524 2.8211089648019613e-12
2.074438616 3.2052166185977865e-12
2.076046708 4.571607252014193e-12
2.0776548 4.9937915005125046e-12
2.079262892 3.149629323325375e-12
2.080870984 2.695917567079994e-12
2.0824790760000003 4.242480976982989e-12
2.084087168 7.004654951813754e-12
2.08569526 8.21372009674147e-12
2.0873033519999997 9.446588433972211e-12
2.088911444 8.561531608360744e-12
2.090519536 8.635731594568039e-12
2.092127627 9.464968864202272e-12
2.0937357189999997 1.324805198321613e-11
2.0953438110000002 1.1143400276487326e-11
2.0969519030000003 9.727204643393926e-12
2.098559995 1.3898870148767018e-11
2.100168087 2.7850632873064608e-11
2.101776179 1.6126648379672183e-11
2.103384271 7.224249201888331e-12
2.104992363 4.546753160122715e-12
2.1066004549999997 9.942916738522918e-12
2.1082085470000003 3.521571858196394e-11
2.109816639 3.0576610034588726e-11
2.111424731 1.3506229565485577e-11
2.113032823 4.093445463344096e-12
2.114640915 6.351497190128611e-11
2.116249007 7.224056080555632e-11
2.1178570989999996 1.0755689111352363e-10
2.1194651909999997 2.6695739818038213e-11
2.1210732830000003 4.1166225547834905e-11
2.122681375 8.542966264583325e-11
2.124289466 1.4091877049249653e-10
2.125897558 1.1622918274965572e-10
2.1275056500000002 8.240744808576354e-11
2.129113742 6.516681960486104e-11
2.130721834 6.58972648326808e-11
2.1323299259999997 8.82131230172872e-11
2.133938018 5.705111992587977e-11
2.1355461100000004 4.986388073923644e-11
2.137154202 5.129547844403158e-11
2.138762294 7.771765029005033e-11
2.140370386 8.879416705828766e-11
2.141978478 9.932191305050443e-11
2.14358657 7.479164632699455e-11
2.1451946619999998 5.0918265894457186e-11
2.146802754 4.461308649641948e-11
2.1484108460000004 4.71542827386611e-11
2.150018938 2.5055615629761404e-11
2.15162703 1.4604935049380846e-11
2.153235122 1.7877309601584053e-11
2.154843214 3.7245232482205547e-11
2.156451305 8.8108255486983e-11
2.158059397 5.1460425443978624e-11
2.159667489 3.4779112939591284e-11
2.161275581 3.1322124084951836e-11
2.1628836729999996 4.081727526406632e-11
2.164491765 6.268050921199486e-11
2.1660998570000003 5.97116243367946e-11
2.167707949 6.005404416283765e-11
2.169316041 4.0713140133924326e-11
2.170924133 3.25353861917947e-11
2.172532225 4.704421673195059e-11
2.174140317 8.237585525806996e-11
2.1757484089999997 6.413968539892948e-11
2.177356501 4.000504441971775e-11
2.1789645930000003 3.85580278289215e-11
2.180572685 7.293355441923952e-11
2.182180777 1.9102012636032397e-10
2.183788869 1.408480766982543e-10
2.185396961 1.237309046621924e-10
2.187005053 1.4111731580033677e-10
2.1886131449999997 1.776658847520078e-10
2.1902212359999997 1.5144743538927014e-10
2.191829328 8.961057287090054e-11
2.1934374200000004 5.593425176620157e-11
2.195045512 3.831810708921502e-11
2.196653604 3.042203083805012e-11
2.198261696 2.7891490328779463e-11
2.199869788 2.6087052118611882e-11
2.20147788 7.45921678608392e-12
2.203085972 1.0689686174600852e-12
2.204694064 7.438875277013123e-13
2.206302156 1.1211428596291035e-11
2.207910248 2.136467074837533e-10
2.2095183400000002 2.196419243652696e-10
2.211126432 2.2346330161102801e-10
2.212734524 2.3240282525351068e-10
2.2143426159999997 3.0192952318880493e-10
2.215950708 9.0971602231146e-10
2.2175588 7.210707923595049e-10
2.219166892 8.446191416598589e-10
2.220774984 8.75553104924677e-10
2.222383075 1.0058953542144726e-09
2.2239911670000003 1.5034553217672508e-09
2.225599259 2.292448492051834e-09
2.227207351 4.096170888130148e-09
2.228815443 3.635358707160597e-09
2.230423535 3.1521586782528286e-09
2.232031627 3.580789862626481e-09
2.2336397189999997 4.6457972574367365e-09
2.2352478110000003 5.8450242807420416e-09
2.236855903 6.573333092239821e-09
2.238463995 7.512443631317684e-09
2.240072087 1.1779825174073002e-08
2.241680179 1.938992533209193e-08
2.243288271 2.8301899059837734e-08
2.2448963629999996 3.68462122787095e-08
2.2465044549999997 4.844875922026845e-08
2.2481125470000003 6.459465718265695e-08
2.249720639 8.657216432319695e-08
2.251328731 1.1383412459600723e-07
2.252936823 1.479365180465504e-07
2.2545449140000002 1.9024068731646609e-07
2.256153006 2.3620957688221824e-07
2.257761098 2.922441190464637e-07
2.2593691899999997 3.510159110914399e-07
2.260977282 4.171427005501113e-07
2.262585374 4.793321610127089e-07
2.264193466 5.211410034836529e-07
2.265801558 5.616147280487038e-07
2.2674096500000003 6.118553046550246e-07
2.269017742 6.624066200368893e-07
2.270625834 7.000368923157778e-07
2.2722339259999997 7.185349144456263e-07
2.273842018 7.344705048116324e-07
2.2754501100000004 7.628405258938938e-07
2.277058202 7.919263148950629e-07
2.278666294 8.20140817052548e-07
2.280274386 8.48746314879204e-07
2.281882478 8.810053757217299e-07
2.28349057 9.170016710384128e-07
2.285098662 9.575462679741418e-07
2.286706753 1.007770151706183e-06
2.288314845 1.0682774893565047e-06
2.2899229369999996 1.1394623063217996e-06
2.291531029 1.1880822728942228e-06
2.2931391210000003 1.2439580640288828e-06
2.294747213 1.328732288139528e-06
2.296355305 1.453957140586943e-06
2.297963397 1.6001783998439885e-06
2.299571489 1.7236026651244314e-06
2.301179581 1.8593844256138815e-06
2.3027876729999996 2.0543134711661733e-06
2.304395765 2.348621506869388e-06
2.3060038570000003 2.705235740397754e-06
2.307611949 3.077266770989422e-06
2.309220041 3.5091505097061533e-06
2.310828133 4.029136127775365e-06
2.312436225 4.636313704286091e-06
2.314044317 5.367768309349871e-06
2.3156524089999997 6.280264473558111e-06
2.3172605010000003 7.3892940629338305e-06
2.318868592 8.698896672273431e-06
2.3204766840000004 1.0179911887322068e-05
2.322084776 1.1835285981191227e-05
2.323692868 1.3931064530929036e-05
2.32530096 1.645172988760307e-05
2.326909052 1.9192446669444892e-05
2.328517144 2.1145574352304166e-05
2.3301252359999998 2.2999998366671904e-05
2.331733328 2.513942907013405e-05
2.33334142 2.787864018054603e-05
2.334949512 3.0651336110704686e-05
2.3365576040000002 3.2457856061551824e-05
2.338165696 3.368516689929376e-05
2.339773788 3.459731846240118e-05
2.3413818799999997 3.62436406792874e-05
2.342989972 3.758385796601213e-05
2.344598064 3.849104106573289e-05
2.346206156 3.90965304291279e-05
2.347814248 3.962445769610148e-05
2.3494223400000003 3.919057442116482e-05
2.3510304310000003 3.8652112921464465e-05
2.352638523 3.844264206281084e-05
2.354246615 3.940208273044124e-05
2.3558547069999998 4.0529809241384845e-05
2.357462799 4.1093644232404946e-05
2.359070891 4.105387693900602e-05
2.3606789829999997 4.126312843484088e-05
2.3622870750000002 4.326599000965188e-05
2.363895167 4.575099838964917e-05
2.365503259 4.778962508353477e-05
2.367111351 4.7429555557877604e-05
2.368719443 4.6960347463403235e-05
2.370327535 4.613360744991382e-05
2.371935627 4.495856833956229e-05
2.3735437189999997 4.3626358946635875e-05
2.3751518110000003 3.947201715118237e-05
2.376759903 3.4952835406629805e-05
2.378367995 3.065987081150582e-05
2.379976087 2.5091750223543e-05
2.381584179 2.0524271535661457e-05
2.383192271 1.7335054183830768e-05
2.384800362 1.5558064043013472e-05
2.3864084539999997 1.4014103439520031e-05
2.388016546 1.1064031033296736e-05
2.389624638 8.094431127727904e-06
2.39123273 5.933902706579303e-06
2.392840822 5.615572256018571e-06
2.3944489140000003 5.496430375462774e-06
2.396057006 4.47685445962468e-06
2.397665098 1.7968717532462202e-06
2.3992731899999997 9.890181831141171e-07
2.400881282 8.454841705732511e-07
2.4024893740000004 1.3196860773383582e-06
2.404097466 2.1183757689700472e-06
2.405705558 2.2684785636775707e-06
2.40731365 1.9039016490847559e-06
2.408921742 1.6198923725673952e-06
2.410529834 3.1999490989813907e-07
2.4121379259999998 4.971790210647521e-07
2.413746018 1.6485406005876436e-06
2.41535411 1.4720039947438882e-06
2.416962201 1.3880238597736949e-06
2.418570293 7.340071792745822e-07
2.4201783850000003 7.449478533718916e-08
2.421786477 2.420878559487394e-08
2.423394569 5.853580124051655e-08
2.425002661 2.421139535705696e-07
2.426610753 1.193702209541923e-06
2.428218845 7.86474195080424e-07
2.4298269369999996 1.7133689805629145e-07
2.431435029 4.470022542279174e-08
2.4330431210000003 1.0173028431539659e-07
2.434651213 4.4272944266335807e-07
2.436259305 2.2896266609976005e-06
2.4378673969999998 1.2197148599368523e-06
2.439475489 1.0812943195911368e-06
2.441083581 1.2228346031891761e-06
2.4426916729999997 1.237240055241164e-06
2.4442997650000002 1.2969683428377446e-06
2.4459078570000004 1.420891635412887e-06
2.447515949 1.4301203987079672e-06
2.44912404 1.5381714364132332e-06
2.450732132 7.43517084134413e-07
2.452340224 8.370912027710803e-08
2.453948316 1.0627999556124086e-08
2.455556408 8.066868619594173e-09
2.4571644999999998 4.143972413748682e-08
2.458772592 2.507708334162391e-07
2.460380684 2.867884510222348e-07
2.461988776 1.998415757584413e-07
2.463596868 2.1829102757656458e-07
2.46520496 3.5896686872749284e-07
2.466813052 7.846603363412637e-07
2.468421144 2.597221593712896e-06
2.470029236 3.203450534180288e-06
2.471637328 2.7543873821281675e-06
2.47324542 2.579591357490746e-06
2.474853512 2.640800323164538e-06
2.4764616040000003 2.8522431241319226e-06
2.478069696 3.2813295292122534e-06
2.479677788 3.169574042227256e-06
2.481285879 3.19123007383504e-06
2.4828939709999998 3.4487997660681753e-06
2.484502063 2.6447120282911615e-06
2.486110155 2.2408744655468136e-06
2.4877182469999997 2.0017242064469024e-06
2.489326339 1.9114219668913466e-06
2.4909344310000003 2.038467890553143e-06
2.492542523 3.257383646806654e-06
2.494150615 2.0348631266996734e-06
2.495758707 1.3139747192872474e-06
2.497366799 8.71745112703553e-07
2.498974891 1.266024103164082e-06
2.499778162 7.106748968768146e-06
2.5011293930000003 5.349351545172149e-06
2.502480624 3.7227577973265865e-06
2.5038318559999997 4.619567610607735e-06
2.505183087 2.074644237324742e-06
2.506534319 2.7395040097832715e-06
2.50788555 3.1682103507910776e-06
2.509236782 2.210737101291118e-06
2.510588013 1.0478699553013529e-06
2.511939244 2.0666473393358254e-06
2.5132904760000003 4.2358787684988054e-06
2.514641707 7.395816784333528e-06
2.515992939 3.704403949948589e-06
2.51734417 3.7023732279633186e-06
2.5186954019999996 1.8273985762488591e-06
2.5200466329999998 3.730106075742039e-06
2.521397865 2.6342495141448985e-06
2.522749096 3.2381039750083764e-06
2.524100327 3.323562963888165e-06
2.525451559 2.6173816577926784e-06
2.52680279 3.204580744246811e-06
2.5281540220000003 6.006178134166463e-06
2.529505253 3.842891351347238e-06
2.5308564849999997 4.761671605079107e-06
2.532207716 2.0202660525833398e-06
2.533558948 8.778668031206237e-07
2.534910179 1.6728763580767208e-06
2.5362614100000003 2.8543438653824025e-06
2.537612642 3.3807586898112605e-06
2.538963873 5.702008873855456e-06
2.5403151050000004 5.811622507219925e-06
2.5416663359999996 5.6629790458538125e-06
2.5430175680000002 7.203067014623512e-06
2.544368799 4.187561734629739e-06
2.54572003 3.3806979216728424e-06
2.547071262 2.6438735249763057e-06
2.548422493 4.4576215759096486e-07
2.549773725 2.401743768612027e-06
2.551124956 6.597545003923381e-07
2.552476188 3.5831795284694155e-07
2.553827419 2.3003423358435154e-06
2.5551786510000003 7.2321792935367895e-06
2.556529882 4.054774831121886e-06
2.557881113 5.534050952586649e-06
2.559232345 4.102186607598018e-06
2.560583576 7.13123715242911e-06
2.561934808 7.188013307114825e-06
2.5632860390000003 3.675233025403564e-06
2.564637271 2.0021683100884723e-06
2.565988502 4.036935170597884e-06
2.567339733 7.304007973908244e-06
2.5686909649999996 4.142635255251213e-06
2.5700421959999997 3.952441348111866e-06
2.571393428 6.1493122627435776e-06
2.572744659 5.176030690827226e-06
2.574095891 8.520638322301264e-07
2.575447122 2.6175552902004884e-06
2.576798354 8.781676479385022e-06
2.5781495850000002 3.884770510427761e-06
2.5795008160000004 1.5387068146161425e-06
2.580852048 1.889802231453179e-06
2.582203279 3.423664323265064e-06
2.583554511 7.027244167655696e-06
2.584905742 7.380613974102829e-06
2.586256974 3.1011388328553454e-06
2.587608205 6.019365227151831e-06
2.588959437 2.5439308912235128e-06
2.590310668 4.5651366540930355e-06
2.591661899 2.3186040794160742e-06
2.593013131 1.9476813322752997e-06
2.594364362 3.5841638392533257e-06
2.5957155939999996 6.3520461563729415e-06
2.5970668249999997 3.0512264754941727e-06
2.598418057 6.761138786019504e-06
2.599769288 8.914705759555613e-06
2.601120519 5.282846492798035e-06
2.602471751 4.868744755062308e-06
2.603822982 1.7874559753501167e-06
2.6051742140000003 3.526315918987497e-06
2.6065254450000004 4.781790792729203e-06
2.607876677 8.913841127893459e-07
2.609227908 4.312699277851984e-09
2.61057914 9.727987766324433e-07
2.611930371 1.0841052010778324e-06
2.613281602 8.633640588573606e-06
2.614632834 1.1828916086676634e-05
2.615984065 8.629309534482506e-06
2.617335297 8.437069895327723e-06
2.618686528 3.746410477366858e-06
2.62003776 9.004168396544412e-08
2.621388991 2.7801977466832768e-08
2.622740222 6.523175858873662e-08
2.6240914539999998 1.0861496629493569e-06
2.625442685 5.0738859443466165e-06
2.626793917 2.788108379921146e-06
2.628145148 2.1233445088714484e-06
2.62949638 2.356077796283189e-06
2.630847611 2.624183205331267e-06
2.6321988430000003 3.5682871996640074e-06
2.6335500740000004 5.742581826324702e-07
2.634901305 7.7140111824309e-08
2.636252537 1.7731573075066856e-06
2.637603768 3.421931269354846e-06
2.6389549999999997 1.5098845424074177e-06
2.640306231 4.295133473503759e-06
2.641657463 3.546544317203145e-06
2.643008694 1.613353539996963e-06
2.6443599250000003 1.4050278631088834e-06
2.645711157 4.070106196733541e-06
2.6470623879999997 3.48491432339852e-06
2.64841362 7.038080098956016e-06
2.649764851 8.713471728506525e-06
2.651116083 2.5473156315335242e-06
2.652467314 3.663189195293558e-06
2.653818546 2.3140443266905617e-06
2.6551697770000002 1.3183992319024825e-06
2.6565210080000004 2.511291118145111e-06
2.65787224 1.6846576065977165e-06
2.659223471 4.1438484819798833e-07
2.6605747030000004 3.6866366155601725e-06
2.6619259339999997 2.8946880089394364e-07
2.663277166 1.4526055449708289e-08
2.664628397 1.3273804554558727e-07
2.6659796289999997 1.2352730741781653e-06
2.66733086 2.1606528383443165e-06
2.668682091 3.217940981063318e-06
2.670033323 3.561407927233849e-08
2.6713845540000003 3.655380398873776e-08
2.672735786 2.141724426190814e-06
2.6740870169999997 2.664062742785236e-06
2.675438249 2.75471218703887e-06
2.67678948 1.7380223216760971e-06
2.678140711 1.8966918008702513e-06
2.679491943 5.335850919175539e-07
2.680843174 3.1447501494104665e-06
2.6821944060000003 3.105555495669285e-06
2.6835456370000004 1.7857951511892202e-06
2.684896869 2.062621871303734e-06
2.6862481 4.056337099195662e-06
2.6875993319999996 5.387303154881451e-07
2.6889505629999997 4.309152041588888e-09
2.690301794 4.309460892646895e-09
2.691653026 4.309509707154419e-09
2.693004257 6.646366121656475e-08
2.694355489 3.0599420608045795e-06
2.69570672 2.67667293872543e-06
2.697057952 1.990459703182907e-06
2.6984091830000003 2.9939549626463805e-06
2.699760414 2.7225595091397367e-06
2.7011116459999998 1.0446383114642324e-06
2.702462877 9.78602529362355e-07
2.703814109 3.4420118849022126e-06
2.70516534 1.8284302980750248e-06
2.706516572 1.3645143306837175e-06
2.707867803 1.1757470591901466e-06
2.7092190350000003 7.79598689934466e-08
2.7105702660000004 4.330413172555312e-09
2.7119214969999996 2.5301426873822432e-08
2.713272729 8.546931842723194e-08
2.71462396 8.893970479362528e-09
2.7159751919999997 4.842535512641299e-07
2.717326423 1.51905738776077e-06
2.718677655 2.0738640219330513e-06
2.720028886 1.3568360783601257e-06
2.7213801170000003 2.8393451375072e-06
2.722731349 5.131318806416134e-06
2.7240825799999997 2.180704883160986e-06
2.7254338120000003 9.242872929731074e-07
2.726785043 4.274573908190549e-07
2.7281362749999998 1.2799125475200752e-06
2.729487506 9.251261155029556e-07
2.730838738 1.3548922020901942e-06
2.732189969 3.3162162845327324e-06
2.7335412000000003 1.7504537943874866e-06
2.734892432 2.6451778491773452e-08
2.736243663 5.7106348952928535e-09
2.737594895 8.599573892211916e-08
2.7389461259999996 3.415309394820799e-07
2.740297358 1.96989817750706e-06
2.741648589 5.574110915223018e-09
2.7429998209999997 1.891815871450528e-07
2.744351052 4.350042708331307e-09
2.745702283 7.906617420090635e-08
2.747053515 3.2020481922199896e-06
2.7484047460000003 2.580222392053212e-06
2.749755978 2.920089074977316e-06
2.7511072089999997 6.1992136802836454e-06
2.7524584410000004 2.1940827091699717e-06
2.753809672 1.2089199426523868e-08
2.755160903 1.7316704931907447e-06
2.756512135 3.0363848377063774e-06
2.757863366 3.266537737896953e-06
2.7592145980000002 3.569290712612814e-06
2.760565829 4.454613648349348e-06
2.761917061 4.613188256471397e-06
2.7632682920000002 1.8251812086482433e-06
2.764619524 1.5749528726008607e-06
2.7659707549999997 4.641310563339019e-09
2.767321986 8.410520987155882e-07
2.768673218 2.49341735835868e-06
2.770024449 3.2517359886609193e-06
2.771375681 3.668702282918084e-08
2.772726912 7.515252060928876e-09
2.774078144 7.24000153337281e-07
2.7754293750000003 5.891820839519924e-07
2.776780606 1.5548434385873508e-06
2.7781318379999997 4.069857340813702e-06
2.779483069 2.9994319382032587e-06
2.780834301 2.9780872762199223e-06
2.782185532 9.579155501280056e-06
2.783536764 1.0258493376885286e-05
2.784887995 6.329450594847721e-06
2.786239227 4.982793127039571e-06
2.787590458 2.0387997114164503e-06
2.788941689 2.7948853286991163e-06
2.7902929210000003 2.042783697253723e-06
2.791644152 6.680689132634401e-07
2.7929953839999997 1.9652833510497563e-06
2.794346615 2.3035187742587078e-06
2.795697847 3.334284051817367e-07
2.797049078 4.349693225332395e-09
2.7984003090000003 1.3152701516406767e-07
2.799751541 2.1819119263700637e-06
2.801102772 2.0709225873065266e-06
2.8024540040000003 4.359549261487554e-09
2.803805235 5.6266836279293395e-08
2.8051564669999998 1.1268298490150644e-06
2.806507698 8.92059970104005e-08
2.80785893 4.361099449913231e-09
2.8092101609999998 4.361326891195281e-09
2.810561392 1.4981107738751787e-06
2.811912624 1.3668009373411602e-06
2.813263855 5.840877101530896e-07
2.814615087 2.6250553683722006e-07
2.8159663179999996 4.356643627848482e-09
2.8173175500000003 2.711856316146774e-07
2.818668781 1.0963576718281767e-07
2.8200200129999997 4.877770366965956e-09
2.821371244 1.3736294169303817e-06
2.822722475 1.9117374509221668e-07
2.824073707 1.6569781510626293e-08
2.8254249380000003 2.683599623835915e-06
2.82677617 1.7692806972252217e-07
2.828127401 9.079531970870802e-07
2.8294786330000004 1.081502797700149e-07
2.830829864 2.6670930848071552e-06
2.8321810949999997 8.15434692347312e-07
2.833532327 5.791137716663307e-07
2.834883558 6.78430739234664e-07
2.83623479 1.8729138047053555e-07
2.837586021 6.304152982082845e-08
2.838937253 6.767173481449625e-07
2.8402884840000002 2.225120979040802e-07
2.841639716 4.326381228280998e-09
2.8429909469999997 1.898977428872285e-07
2.8443421779999998 1.4918014464368234e-06
2.84569341 1.453795030197149e-07
2.847044641 5.023541428311249e-07
2.848395873 4.314338774165562e-09
2.849747104 4.312145166989883e-09
2.851098336 4.30751119977915e-09
2.8524495670000003 4.302405081316161e-09
2.8538007980000004 1.0910245036182536e-08
2.85515203 1.2125770596318994e-08
2.856503261 4.0922802242523e-06
2.8578544929999996 2.587282613803276e-06
2.8592057239999997 4.3083569133471687e-07
2.860556956 5.7653799162551745e-09
2.861908187 5.517218419926999e-09
2.863259419 3.353762207838742e-08
2.86461065 1.1717229716803583e-07
2.865961881 7.386955942144814e-07
2.8673131130000002 4.260829906818011e-09
2.868664344 4.258431394763034e-09
2.8700155759999997 9.497087762783152e-07
2.871366807 2.605473837315787e-06
2.872718039 1.8510993054349909e-06
2.87406927 3.6060868407904823e-07
2.8754205010000002 4.250035878875914e-09
2.876771733 4.432737780319628e-07
2.878122964 3.163749613285938e-08
2.8794741960000003 4.872327122758319e-07
2.8808254270000004 1.548934061123932e-06
2.882176659 5.569862094101055e-08
2.88352789 2.603253025916565e-06
2.8848791219999996 2.2572896675496463e-06
2.8862303529999997 2.154187753732507e-06
2.887581584 4.232408444579915e-09
2.888932816 2.945666810781734e-07
2.890284047 3.092368940652986e-06
2.891635279 1.7856317853586358e-06
2.89298651 7.688030344836779e-07
2.8943377420000003 3.498317477151615e-06
2.895688973 3.069309849802396e-06
2.8970402049999997 1.0956518298386202e-08
2.898391436 6.266884793587517e-07
2.899742667 1.2287100263192833e-06
2.901093899 6.385579231857273e-07
2.9024451300000003 3.570051478033906e-06
2.903796362 1.927182834490331e-06
2.905147593 6.897258281560551e-09
2.9064988250000003 4.214783407948847e-09
2.907850056 4.211492295160974e-09
2.9092012869999997 3.3889755904919666e-07
2.910552519 3.0718415677486836e-06
2.91190375 1.0403691581241123e-06
2.9132549819999998 1.2038992394312017e-06
2.914606213 8.449255730489717e-07
2.915957445 4.186245242962758e-09
2.917308676 4.1046617704847135e-08
2.918659908 5.836403197737461e-07
2.920011139 7.495403166180627e-07
2.9213623699999998 8.798713310492912e-08
2.922713602 3.661933168344253e-06
2.924064833 3.1278574217250362e-06
2.925416065 3.0499855285671708e-06
2.926767296 2.9510845773422664e-06
2.928118528 1.922175521220081e-06
2.9294697590000003 5.058412562236983e-07
2.93082099 3.3754518833571148e-06
2.932172222 3.4418856049209966e-06
2.933523453 1.5965562517039595e-06
2.934874685 1.9599081709550054e-06
2.9362259159999997 2.4311707945422123e-06
2.937577148 4.2507323017761365e-07
2.938928379 4.3328860725967485e-07
2.940279611 9.362611487992752e-07
2.941630842 5.373399063779587e-07
2.942982073 2.002186309703473e-06
2.9443333050000002 5.278350851419228e-06
2.9456845360000004 9.076104596364762e-07
2.947035768 4.04992643519103e-09
2.948386999 1.0237572646432784e-06
2.949738231 2.5787959076256773e-06
2.951089462 3.4548344653361674e-06
2.952440694 2.091638350237773e-06
2.953791925 1.3635441322980833e-06
2.955143156 8.718152212406819e-07
2.956494388 4.0150465108700407e-07
2.957845619 1.2518995560598078e-06
2.959196851 3.4266113788286683e-06
2.960548082 5.714126175150986e-06
2.9618993139999996 2.289292491693306e-06
2.9632505449999997 1.8330461506373282e-07
2.964601776 4.712972647155495e-07
2.965953008 7.397231875289326e-07
2.967304239 8.94132509372192e-07
2.968655471 1.547451199371457e-06
2.970006702 1.2233382638659586e-06
2.9713579340000003 2.4197239354795325e-06
2.9727091650000004 1.078545563753813e-06
2.974060397 3.94981458573917e-09
2.975411628 7.785717672343464e-07
2.976762859 1.7237117464028871e-06
2.978114091 8.985418678790048e-07
2.979465322 7.257945217487986e-07
2.980816554 2.791334109590339e-07
2.982167785 1.4070915047828064e-06
2.983519017 7.81411362218896e-07
2.984870248 1.7253284298870274e-06
2.9862214789999997 4.736049224017213e-06
2.987572711 1.775580735102858e-06
2.988923942 2.437298031132126e-06
2.9902751739999998 2.413466487815726e-06
2.991626405 1.5918860569180806e-06
2.992977637 3.082471927934865e-06
2.994328868 3.0100802579603084e-06
2.9956801 1.7620580265384716e-06
2.997031331 3.985095836719403e-06
2.9983825619999998 4.014473759993048e-06
2.9997337940000004 4.412670773643892e-06
3.001085025 1.692025453908376e-06
3.002436257 1.4476183669866767e-06
3.003787488 9.615890636631907e-07
3.0051387199999997 2.3821527947212226e-06
3.006489951 3.0938427889213297e-06
3.007841182 3.693267980570437e-06
3.009192414 4.357260398689679e-06
3.0105436450000003 4.259618290857726e-06
3.011894877 2.3284370810385618e-06
3.0132461079999997 2.0829372629385674e-06
3.01459734 2.066193369041537e-06
3.015948571 3.4132926839063962e-06
3.017299803 4.918194667617063e-06
3.018651034 5.423586888977225e-06
3.020002265 1.6202578597569924e-06
3.021353497 7.517531120690571e-07
3.0227047280000003 7.76244977709664e-07
3.02405596 1.9862361126984624e-06
3.0254071909999998 2.2738438463655343e-06
3.0267584230000004 3.4414422233558283e-07
3.0281096539999997 9.030319735160673e-07
3.029460886 9.244833957737301e-08
3.030812117 8.670284405349653e-07
3.032163348 3.323045128906845e-06
3.03351458 2.93369096647758e-06
3.034865811 9.965928613251895e-07
3.036217043 1.4790967655657748e-06
3.0375682740000003 1.9696438312820565e-06
3.038919506 2.694190580235557e-06
3.0402707369999997 2.976027684166327e-06
3.041621968 2.4211112044846447e-06
3.0429732 3.1100324400959047e-06
3.044324431 5.1288548961604585e-06
3.045675663 4.607142943554893e-06
3.047026894 1.781799008095622e-06
3.0483781260000002 2.1873836292912974e-06
3.0497293570000004 2.432130911344036e-06
3.051080589 2.9581953225566083e-06
3.05243182 3.3082008528095543e-06
3.053783051 1.8549700371304135e-06
3.0551342829999997 2.3897898008882045e-06
3.056485514 3.560773509593113e-07
3.057836746 3.6940539886356085e-09
3.059187977 3.690110497471014e-09
3.060539209 3.860074675253102e-09
3.06189044 1.674077809347804e-06
3.063241671 2.9254837893048266e-06
3.0645929030000003 1.649229952404518e-06
3.065944134 7.58679313073977e-07
3.0672953659999997 2.6517320006208766e-08
3.068646597 4.630151773415567e-07
3.069997829 1.7367294602618045e-07
3.07134906 1.8267543590335497e-06
3.072700292 2.483487640261165e-06
3.074051523 3.0903246191508345e-06
3.075402754 3.50309707035603e-06
3.0767539860000004 4.057948385663984e-06
3.0781052169999996 3.299710170859464e-06
3.079456449 5.908617820491492e-06
3.08080768 9.703883163690885e-06
3.0821589119999997 1.2149377906049407e-05
3.083510143 1.0041062169304536e-05
3.084861374 9.9521175653315e-06
3.086212606 9.534108628736117e-06
3.0875638370000003 9.636006118215976e-06
3.088915069 1.3975823868688636e-05
3.0902662999999997 1.7629813803526625e-05
3.0916175320000003 1.8330513954999652e-05
3.092968763 2.200241453248168e-05
3.0943199949999998 3.111502263117792e-05
3.095671226 4.344560841477088e-05
3.097022457 5.190572491919436e-05
3.098373689 5.392147207497499e-05
3.0997249200000003 4.713825701598256e-05
3.101076152 4.299825229559201e-05
3.102427383 5.142821076779896e-05
3.103778615 6.222447030688668e-05
3.1051298459999996 6.0352486259235515e-05
3.106481078 5.463236776171512e-05
3.107832309 4.867991836367093e-05
3.10918354 4.093067221695562e-05
3.110534772 3.3096203392508534e-05
3.111886003 3.134096569164692e-05
3.113237235 3.422431323127514e-05
3.1145884660000003 3.778249321830408e-05
3.115939698 3.790256808790325e-05
3.1172909289999997 3.480536031522075e-05
3.11864216 2.821038947096022e-05
3.119993392 2.553427224938256e-05
3.121344623 3.1744373679183096e-05
3.122695855 3.6466460840015426e-05
3.124047086 3.757446113396639e-05
3.1253983180000002 3.649364085699628e-05
3.126749549 3.6065305212897946e-05
3.128100781 3.8631578840848513e-05
3.1294520120000002 4.512209611447553e-05
3.130803243 4.922013338811577e-05
3.1321544749999997 4.9847303908213766e-05
3.133505706 5.215600148852033e-05
3.134856938 4.750734283547345e-05
3.136208169 3.7434520753135256e-05
3.137559401 3.5729827690256316e-05
3.138910632 4.272779940619209e-05
3.140261863 4.596663321152982e-05
3.1416130950000003 4.463743756188864e-05
3.142964326 4.01183320137232e-05
3.1443155579999997 3.236474753068887e-05
3.145666789 2.5891883856023123e-05
3.147018021 2.2182279211510322e-05
3.148369252 1.6665952725164887e-05
3.149720484 1.1296354397247636e-05
3.151071715 1.0873145137126822e-05
3.152422946 1.2898634773591935e-05
3.153774178 1.3225989674447125e-05
3.155125409 1.1651219592080872e-05
3.1564766410000002 1.000467374836343e-05
3.157827872 8.79487046931231e-06
3.1591791039999997 9.108324338791464e-06
3.160530335 9.941443859211652e-06
3.161881566 1.036884602250892e-05
3.163232798 8.211470874080854e-06
3.1645840290000002 6.327253274110056e-06
3.165935261 6.402411679954723e-06
3.167286492 5.223572669296596e-06
3.1686377240000003 2.555086500535946e-06
3.169988955 5.41655858537258e-06
3.1713401869999998 6.55033752797801e-06
3.172691418 3.725159813023066e-06
3.174042649 2.9383808725474338e-06
3.1753938809999998 1.4708966704443714e-06
3.176745112 4.3479856381264127e-07
3.178096344 3.2246902461454544e-06
3.179447575 5.647972823684222e-06
3.180798807 7.15550703772962e-06
3.182150038 5.508379265073199e-06
3.1835012700000003 3.165620146475238e-06
3.184852501 4.4221969818760436e-06
3.186203732 7.906763724266801e-06
3.187554964 6.661362634058655e-06
3.188906195 4.239612374884972e-06
3.190257427 6.9471529057556075e-06
3.1916086580000003 1.2664891873614207e-05
3.19295989 1.1335708047613122e-05
3.194311121 6.98779351841499e-06
3.195662352 7.5287887093819e-06
3.197013584 6.971780085701736e-06
3.1983648149999997 4.834969982129629e-06
3.199716047 2.3183065098400107e-06
3.201067278 2.000520194724003e-06
3.2024185099999998 2.001599642047416e-06
3.203769741 2.9765332117705955e-06
3.205120973 6.86714331246706e-06
3.206472204 5.29214728800339e-06
3.207823435 2.2792182604321696e-06
3.209174667 2.4039246524908997e-06
3.2105258979999998 3.2482493442487917e-06
3.21187713 3.515898702614813e-06
3.213228361 2.7666883785917903e-06
3.214579593 3.7458808413122602e-06
3.215930824 5.460805229367008e-06
3.217282055 4.224119430398239e-06
3.2186332870000003 2.5040872487376202e-06
3.2199845180000004 2.3761752208687726e-06
3.22133575 3.857259175593713e-06
3.222686981 6.081617696318012e-06
3.2240382129999996 4.417811551150504e-06
3.2253894439999997 5.547644198688069e-06
3.226740676 6.70442786766933e-06
3.228091907 7.194306968611946e-06
3.229443138 9.744640271262284e-06
3.23079437 1.0859013164300432e-05
3.232145601 1.2896972490943204e-05
3.2334968330000002 1.1569557532539362e-05
3.234848064 6.573120965463219e-06
3.2361992959999997 4.338704234902623e-06
3.237550527 3.1936027897315862e-06
3.238901759 4.07713649963035e-06
3.24025299 4.939402960667509e-06
3.2416042210000002 7.517682670939946e-06
3.242955453 9.42222395911463e-06
3.244306684 9.923041354521205e-06
3.2456579160000003 7.0710194678334e-06
3.2470091470000004 1.4492313816452287e-06
3.248360379 1.984870797980551e-06
3.24971161 2.409620674661628e-06
3.251062841 7.489176331573113e-07
3.2524140729999997 2.436905789695189e-07
3.253765304 3.7649191835384173e-06
3.255116536 8.328855795871445e-06
3.256467767 8.386307470420405e-06
3.257818999 8.031040481864952e-06
3.25917023 6.198701597457307e-06
3.2605214620000003 5.616004514456765e-06
3.261872693 4.0300995787929335e-06
3.263223924 2.22428492508052e-06
3.264575156 5.903794789579559e-06
3.265926387 8.219588895406083e-06
3.267277619 9.87726165549946e-06
3.2686288500000003 9.089524402257933e-06
3.269980082 9.382422812731647e-06
3.271331313 1.0663068288020891e-05
3.272682544 8.356922201110624e-06
3.274033776 4.214436251670288e-06
3.2753850069999997 1.8770952340820168e-06
3.276736239 2.056119150083465e-06
3.27808747 9.383260719674682e-09
3.2794387019999998 5.48592735266532e-07
3.280789933 3.8506568404837375e-06
3.282141165 5.537068381185913e-06
3.283492396 5.875370540858129e-06
3.2848436270000003 6.996363859227071e-07
3.286194859 9.23575269578864e-09
3.2875460899999998 4.651473840256323e-09
3.288897322 6.728678118513464e-07
3.290248553 1.1151010389899679e-05
3.291599785 1.5516804910661382e-05
3.292951016 1.0801522588517235e-05
3.294302247 5.300521614197253e-06
3.2956534790000003 1.5047414364132434e-06
3.29700471 2.0824313106362347e-07
3.298355942 7.063092244200089e-07
3.299707173 1.015452718193024e-06
3.301058405 4.044200630013677e-06
3.3024096359999997 8.309100743819804e-06
3.303760868 8.146978768478175e-06
3.305112099 4.716332949554931e-06
3.30646333 5.0863421529949905e-06
3.307814562 2.812288519334538e-06
3.309165793 4.172497454138478e-06
3.3105170250000002 1.0038807820724543e-05
3.3118682560000003 1.2910157178045888e-05
3.313219488 8.341271752362517e-06
3.3145707189999998 3.976870831659156e-06
3.315921951 4.9129957930166845e-06
3.317273182 7.1536085789622286e-06
3.318624413 5.55478000888726e-06
3.319975645 2.3372094298027294e-06
3.321326876 3.3352852568894324e-06
3.322678108 3.492375548845532e-07
3.324029339 1.042813528898627e-06
3.325380571 1.2011880490019077e-06
3.326731802 2.4975054638476477e-06
3.328083033 2.393046202865703e-06
3.3294342649999997 3.0129917637462073e-06
3.330785496 1.3925036572017078e-06
3.332136728 4.782376393505533e-09
3.333487959 4.780240802543025e-09
3.334839191 5.985853899979813e-08
3.336190422 1.4883574529644711e-06
3.3375416540000002 1.7580626105326353e-06
3.3388928850000004 2.2995034153083056e-06
3.340244116 6.325015634828417e-06
3.341595348 6.861837937190934e-06
3.342946579 9.204860647724587e-06
3.344297811 8.50237621436851e-06
3.345649042 6.149638222390696e-06
3.347000274 5.591278966840595e-06
3.348351505 3.2101464312891592e-06
3.3497027360000002 4.044876980826514e-06
3.351053968 6.5839518518561325e-06
3.3524051989999997 5.867104488008096e-06
3.353756431 3.4363906565722794e-06
3.355107662 2.4914459907129148e-06
3.3564588939999997 2.880085067504452e-06
3.357810125 2.2006419159004094e-06
3.359161357 1.7070689327956472e-06
3.360512588 1.267844493025637e-06
3.3618638190000003 1.7270002029883545e-06
3.363215051 2.0988275005162293e-06
3.3645662819999997 3.9044341774311805e-06
3.3659175140000004 3.7955395746220717e-06
3.367268745 3.71856133729167e-06
3.368619977 4.05258199557028e-06
3.369971208 3.115379299258116e-06
3.371322439 5.4613077273272125e-06
3.372673671 6.230757156982869e-06
3.374024902 4.061785137417849e-06
3.375376134 3.43849307554086e-06
3.3767273650000003 4.311754821499538e-06
3.378078597 3.31763302589375e-06
3.3794298279999997 2.532819140210063e-06
3.38078106 2.616808970599381e-06
3.382132291 5.638457093583926e-07
3.383483522 1.778047992379956e-08
3.384834754 7.300770313194952e-07
3.386185985 9.812244547180347e-07
3.387537217 1.4239319494503719e-06
3.3888884480000003 1.6188503110746775e-06
3.39023968 1.052685041660358e-06
3.3915909109999998 1.289514973421514e-08
3.3929421430000004 4.850621103475963e-09
3.3942933739999996 4.8476294474197275e-09
3.3956446049999998 2.767138296304151e-08
3.396995837 1.6406994014596298e-06
3.398347068 2.197600439454055e-06
3.3996983 6.065991518587405e-06
3.401049531 3.5503608132852197e-06
3.402400763 1.9411462853288483e-06
3.4037519940000003 2.717372318503736e-06
3.405103225 2.9143459141410184e-06
3.4064544569999997 3.4135988449840755e-06
3.407805688 2.3627867757034347e-06
3.40915692 1.5879930962927376e-06
3.410508151 2.082381466657709e-06
3.411859383 4.164640865270254e-07
3.413210614 7.329453218087442e-07
3.4145618460000002 1.6800770998258627e-06
3.4159130770000004 1.5518620283348864e-06
3.4172643079999996 1.695525960312522e-08
3.41861554 4.803007416011176e-09
3.419966771 4.80089997190178e-09
3.4213180029999997 1.1689665106460702e-08
3.422669234 1.1165772351716355e-06
3.424020466 4.110672786839921e-06
3.425371697 4.734767720960574e-06
3.4267229280000002 3.890874678947356e-06
3.42807416 2.3889231848238763e-07
3.429425391 3.455630881429066e-08
3.4307766230000003 2.2006789375731432e-06
3.432127854 4.922171114425727e-06
3.4334790859999997 2.5505688694358144e-06
3.434830317 1.1817930681610285e-06
3.436181549 4.722227150360546e-06
3.43753278 7.413113222435525e-06
3.4388840110000003 5.424816651158433e-06
3.440235243 4.13278469300324e-06
3.441586474 5.074265418579583e-06
3.4429377060000004 4.742537461745058e-06
3.4442889369999996 3.988478766100924e-06
3.445640169 4.4869247636765865e-06
3.4469914 7.904920130269452e-06
3.448342631 8.7386959848304e-06
3.449693863 5.622088077638478e-06
3.451045094 4.009602886679228e-06
3.452396326 4.436224312276412e-06
3.4537475570000002 3.9527829539122875e-06
3.455098789 5.4404368267707305e-06
3.45645002 7.616203862360172e-06
3.4578012520000003 8.66981488999584e-06
3.459152483 8.303026136842953e-06
3.460503714 9.916279972901634e-06
3.461854946 1.1343293290107114e-05
3.463206177 9.157253859377119e-06
3.464557409 6.776937462600137e-06
3.4659086400000003 7.02395495066451e-06
3.467259872 5.332707459456668e-06
3.468611103 4.611504065529709e-06
3.469962335 5.851994551744016e-06
3.4713135659999996 6.887829883654381e-06
3.4726647969999997 9.84072646491435e-06
3.474016029 7.570262805685875e-06
3.47536726 8.657070257524816e-06
3.476718492 7.701527876785577e-06
3.478069723 3.890003765057275e-06
3.479420955 3.462858828672291e-06
3.4807721860000003 5.2211619807936595e-06
3.482123417 1.0239668350715778e-05
3.483474649 1.5934919409054542e-05
3.48482588 2.0273807728241918e-05
3.486177112 2.4152343369383042e-05
3.487528343 2.756177969687463e-05
3.488879575 3.1750038745275034e-05
3.490230806 3.4884403997300355e-05
3.491582038 3.8027840018762984e-05
3.492933269 4.1305101086084604e-05
3.4942845 4.0254629513733924e-05
3.495635732 3.7174507683305165e-05
3.496986963 3.6680644434093824e-05
3.4983381949999997 4.035414857702938e-05
3.4996894259999998 4.518466504104923e-05
3.501040658 4.6455128068433396e-05
3.502391889 4.5340276695349964e-05
3.50374312 4.0840523075586116e-05
3.505094352 3.553359187597425e-05
3.506445583 3.412139102380083e-05
3.5077968150000003 3.173286478832957e-05
3.509148046 2.576363759577319e-05
3.5104992779999997 1.999606065484665e-05
3.511850509 1.6077509214815044e-05
3.513201741 1.4787368644694207e-05
3.514552972 1.459178709600243e-05
3.515904203 1.2943725975725134e-05
3.517255435 1.1191963253050442e-05
3.518606666 9.284937323554571e-06
3.519957898 6.854181660243323e-06
3.521309129 4.065604576898863e-06
3.5226603610000002 8.256882270301331e-07
3.524011592 2.3153584703514408e-08
3.5253628239999997 1.5391116909398208e-07
3.526714055 1.805561309301482e-06
3.528065286 2.0941188185503726e-06
3.529416518 1.3998528392920818e-06
3.5307677490000002 2.4921593819001262e-06
3.532118981 6.170153088079253e-06
3.533470212 9.965578812580197e-06
3.5348214440000003 1.2682822640243613e-05
3.536172675 1.2812195050547749e-05
3.537523906 7.480358087903974e-06
3.538875138 4.194382448795624e-06
3.540226369 4.010385161055941e-06
3.5415776009999997 3.392477186875111e-06
3.542928832 3.3310545471475283e-06
3.544280064 1.5773960544117664e-06
3.545631295 2.598586447431131e-07
3.546982527 1.0248923101080207e-08
3.548333758 5.185761299080143e-09
3.5496849889999997 5.1885680738214655e-09
3.551036221 6.249499761107475e-07
3.552387452 1.3307675311192505e-06
3.553738684 2.686913808180232e-06
3.555089915 5.6647631466447465e-06
3.556441147 8.051325915659626e-06
3.5577923780000003 8.598813265349554e-06
3.5591436090000004 7.2284902403560745e-06
3.560494841 7.224493669380392e-06
3.561846072 8.999263242449123e-06
3.563197304 1.0028873880112194e-05
3.5645485349999997 9.324028265650858e-06
3.565899767 7.5533466393165875e-06
3.567250998 7.663559023050757e-06
3.5686022299999998 8.358635119909368e-06
3.569953461 8.742738025064497e-06
3.571304692 7.065235242862989e-06
3.572655924 4.451790616348961e-06
3.574007155 1.5025182221419981e-06
3.575358387 6.43571519448395e-07
3.5767096179999998 1.1555188604308188e-06
3.57806085 1.3874191249875887e-06
3.579412081 3.500669133786899e-06
3.580763312 6.219585288304322e-06
3.582114544 6.009419265220515e-06
3.583465775 2.5749674445054067e-06
3.5848170070000003 5.493316782280538e-08
3.5861682380000004 4.4844491299978686e-08
3.58751947 1.4716994463010579e-06
3.588870701 5.926729939112057e-06
3.5902219329999996 8.438947196642194e-06
3.5915731639999997 6.3032904874074925e-06
3.592924395 5.126719467899815e-06
3.594275627 5.564006098581825e-06
3.595626858 4.779976665892249e-06
3.59697809 3.6457861078925275e-06
3.598329321 6.162896173148601e-06
3.5996805530000002 1.0460571633739645e-05
3.601031784 1.406486778529648e-05
3.602383016 1.4979008453768828e-05
3.603734247 1.4150367711192267e-05
3.605085478 1.0688431021459174e-05
3.60643671 7.927458425233494e-06
3.607787941 6.716508611196402e-06
3.609139173 6.328527951459941e-06
3.610490404 6.67719854800477e-06
3.6118416360000003 8.17600588598976e-06
3.6131928670000004 1.0078212974734174e-05
3.6145440979999997 1.0419069145433726e-05
3.61589533 7.3859042236527605e-06
3.617246561 5.601158023520081e-06
3.6185977929999997 5.535624083437561e-06
3.619949024 4.813936570380032e-06
3.621300256 5.380836129678973e-06
3.622651487 7.2357595255370035e-06
3.624002719 7.3606540690475675e-06
3.62535395 6.327116581278155e-06
3.6267051809999997 6.8962968110343894e-06
3.628056413 8.192217362725091e-06
3.629407644 1.0619347392678906e-05
3.630758876 1.1259852149418027e-05
3.632110107 8.782860467290158e-06
3.633461339 7.606577557458627e-06
3.6348125700000002 8.511239440545321e-06
3.6361638010000004 5.657681267733503e-06
3.637515033 4.26111772838642e-06
3.638866264 3.499718505919682e-06
3.640217496 6.116527857602915e-06
3.6415687269999997 8.046729554539855e-06
3.642919959 9.111215586167968e-06
3.64427119 9.929396051317299e-06
3.6456224219999998 1.183902349909257e-05
3.646973653 1.534194480355934e-05
3.648324884 1.5840395215238043e-05
3.649676116 1.31768417971913e-05
3.6510273470000003 1.3356533040285483e-05
3.652378579 1.7417939507925175e-05
3.6537298099999997 2.2985179322029388e-05
3.655081042 2.712054061445879e-05
3.656432273 2.6967600730201014e-05
3.657783504 2.6137852326030074e-05
3.659134736 2.7859375619320348e-05
3.660485967 2.970783238106985e-05
3.6618371990000003 3.088620172236859e-05
3.66318843 3.2010348794205886e-05
3.664539662 3.318195778846704e-05
3.665890893 3.450626790690377e-05
3.667242125 3.476019759321402e-05
3.6685933559999997 3.3034870129669817e-05
3.669944587 3.1808330319646104e-05
3.671295819 3.135485457565264e-05
3.67264705 3.173708775059147e-05
3.673998282 3.4865753835597486e-05
3.675349513 4.028303290292427e-05
3.676700745 4.445465381835177e-05
3.6780519760000003 4.5418640507020284e-05
3.679403208 4.497117412432295e-05
3.6807544389999998 4.4888528709453545e-05
3.68210567 4.5266545015805744e-05
3.683456902 4.735294264566897e-05
3.684808133 4.9862102800455504e-05
3.686159365 4.859452046530851e-05
3.687510596 4.6176187421546056e-05
3.688861828 4.532937586885419e-05
3.690213059 4.3544737216565716e-05
3.6915642899999996 4.1802173409024354e-05
3.692915522 4.0498192326561006e-05
3.694266753 3.611979666758427e-05
3.6956179849999997 3.064026330861614e-05
3.696969216 2.880883330339145e-05
3.698320448 2.9559550585369183e-05
3.699671679 2.9317733016223194e-05
3.701022911 2.6939295741013253e-05
3.702374142 2.5565874386427517e-05
3.703725373 2.6325777196827582e-05
3.7050766050000004 2.5118718644939648e-05
3.706427836 2.0916793242690996e-05
3.707779068 1.835957490594472e-05
3.709130299 1.7961561087891656e-05
3.710481531 1.764172115116919e-05
3.711832762 1.5746290370490125e-05
3.713183993 1.1489246329248472e-05
3.714535225 8.22080341994343e-06
3.7158864560000002 6.521694309385528e-06
3.717237688 5.33152169320373e-06
3.7185889189999997 6.728074735427653e-06
3.719940151 5.660035087899294e-06
3.721291382 4.002206797651214e-06
3.7226426139999997 5.442021057267167e-06
3.723993845 6.968270300142868e-06
3.725345076 5.8277262800449425e-06
3.726696308 4.4316675934733905e-06
3.7280475390000003 5.5569067215177415e-06
3.729398771 6.8030948775207415e-06
3.730750002 4.827490916246221e-06
3.7321012340000004 2.1269517243421085e-06
3.733452465 2.0538391692699657e-06
3.7348036959999997 1.842282814659067e-06
3.736154928 5.764324449161501e-06
3.737506159 6.873808980615792e-06
3.738857391 7.4087559822753246e-06
3.740208622 6.522320856405559e-06
3.741559854 2.40324432812644e-06
3.7429110850000002 7.364073777264483e-07
3.744262317 1.3928156282608702e-06
3.7456135479999997 1.9072791183563218e-08
3.746964779 5.344128660031705e-08
3.748316011 7.688671395665546e-07
3.749667242 1.3158080167345902e-06
3.751018474 1.009716100100725e-06
3.752369705 8.231693944998604e-07
3.753720937 4.1616286108256437e-07
3.7550721680000003 1.4597039904888486e-08
3.7564234 5.516936266546586e-09
3.757774631 5.518059291759706e-09
3.759125862 6.401386971571494e-08
3.7604770939999996 1.1828279255957081e-07
3.7618283249999998 1.7315412681413972e-06
3.763179557 5.979143017375604e-07
3.764530788 1.7753712712552023e-08
3.76588202 5.524746713650263e-09
3.767233251 3.061503035117869e-08
3.768584482 3.737351937874204e-07
3.7699357140000003 4.3930958312745475e-07
3.771286945 2.267938902561129e-08
3.7726381769999997 5.5299191713291826e-09
3.773989408 5.530865683066311e-09
3.77534064 5.5317962339383486e-09
3.776691871 5.537141500538421e-09
3.778043103 5.540013698753308e-09
3.779394334 5.540892808652706e-09
3.780745565 5.542224916866844e-09
3.7820967970000003 5.543920219174723e-09
3.7834480279999996 5.545593732182834e-09
3.7847992599999998 5.547247310229004e-09
3.786150491 5.548878655908755e-09
3.7875017229999997 5.550486495375579e-09
3.7888529539999998 5.552072470171164e-09
3.790204185 5.553403274278606e-09
3.791555417 5.5534153152870465e-09
3.792906648 5.553403461547953e-09
3.79425788 8.763447125838503e-09
3.795609111 6.881272064334873e-07
3.7969603430000003 2.814815858131206e-07
3.798311574 1.436985923032608e-07
3.7996628059999997 5.552941341330304e-09
3.801014037 5.553943301062587e-09
3.802365268 5.555305357174758e-09
3.8037165 5.556641470760475e-09
3.8050677310000003 5.393199256239817e-07
3.806418963 2.293035949368497e-06
3.807770194 2.3265787309980187e-06
3.8091214260000004 1.5164395100984256e-06
3.8104726569999996 1.2254306782974533e-06
3.811823889 1.102010346773269e-06
3.81317512 7.253620161614812e-07
3.814526351 3.0615776040736775e-07
3.815877583 9.480272932795778e-07
3.817228814 3.7951266386858164e-08
3.818580046 4.716740985182185e-08
3.8199312770000002 9.500881596902448e-07
3.821282509 2.8323039419302414e-06
3.82263374 5.118116661752696e-06
3.823984971 4.000327604284428e-06
3.825336203 2.683326527178812e-06
3.826687434 1.2214215818682894e-06
3.828038666 9.75461070772731e-07
3.829389897 2.0265261774211062e-06
3.830741129 5.078832379275343e-06
3.8320923600000003 3.827369267995627e-06
3.833443592 3.6627082425759593e-06
3.834794823 4.231439234314898e-06
3.836146054 3.006100703043555e-06
3.8374972859999996 1.70498897537679e-06
3.8388485169999997 2.5774231419325257e-06
3.840199749 3.520941861019963e-06
3.84155098 3.4919945404189314e-06
3.842902212 2.722102932627958e-06
3.844253443 1.8876047874361066e-06
3.845604674 3.7019286846442697e-06
3.8469559060000003 4.800674782371376e-06
3.848307137 5.508693400613336e-06
3.849658369 5.858613574529562e-06
3.8510096 6.610095239313344e-06
3.852360832 6.478174115089108e-06
3.853712063 5.329681787080971e-06
3.855063295 5.219832196078459e-06
3.856414526 4.074859136724617e-06
3.857765757 3.0089745842358983e-06
3.859116989 3.2507325271647915e-06
3.86046822 3.8664332286051176e-06
3.861819452 3.536122533256746e-06
3.863170683 1.802469626822855e-06
3.8645219149999996 9.433624883695682e-07
3.8658731459999998 3.5115749984044516e-06
3.867224377 5.777912777167664e-06
3.868575609 6.820894505223718e-06
3.86992684 6.953876548374971e-06
3.871278072 7.516075982222403e-06
3.872629303 4.742071064915396e-06
3.8739805350000003 3.471360484717717e-06
3.875331766 3.967908541467678e-06
3.876682998 5.456264933691651e-06
3.878034229 5.80400511126218e-06
3.87938546 4.954515435007708e-06
3.880736692 5.206834196571354e-06
3.882087923 4.319462118674311e-06
3.883439155 3.232892281573256e-06
3.884790386 3.6104582784440706e-06
3.886141618 3.874999365802365e-06
3.887492849 5.8380624657470676e-06
3.8888440810000002 8.8477751557197e-06
3.890195312 1.1809313227582577e-05
3.891546543 1.4422667880072404e-05
3.892897775 1.2945274717672878e-05
3.894249006 1.1059334546256866e-05
3.895600238 1.143553216010913e-05
3.8969514690000002 1.2358584628380108e-05
3.898302701 9.911783624557918e-06
3.899653932 8.191823179955482e-06
3.9010051629999998 8.069873909371948e-06
3.902356395 9.257965086302823e-06
3.903707626 1.1047057787762559e-05
3.905058858 1.1611766410975207e-05
3.906410089 9.687974668855213e-06
3.9077613209999997 7.66747711658224e-06
3.909112552 6.593515453193963e-06
3.910463784 6.258788795594439e-06
3.911815015 6.625463537594356e-06
3.913166246 5.7468533768039455e-06
3.914517478 4.6789847637731246e-06
3.9158687089999997 7.159783907535577e-06
3.917219941 9.812024803616689e-06
3.918571172 8.084917866208683e-06
3.919922404 5.173604757259516e-06
3.921273635 3.52051604878092e-06
3.922624866 2.7384255016859e-06
3.9239760980000002 2.321561280698922e-06
3.9253273290000004 3.6897258776818596e-06
3.926678561 6.5334787585439e-06
3.928029792 7.887879898538236e-06
3.929381024 6.848475838677294e-06
3.9307322549999997 5.167892564904995e-06
3.932083487 2.81266948182848e-06
3.933434718 2.0679041726193014e-06
3.934785949 2.7181923359079955e-06
3.936137181 2.5425299139535103e-06
3.937488412 1.3438150175907732e-06
3.938839644 3.248340729328437e-06
3.940190875 3.2602466733214633e-06
3.941542107 2.9367781842609662e-06
3.9428933379999997 2.4711076264380857e-06
3.944244569 2.3726948291813637e-06
3.945595801 3.108202894093382e-06
3.946947032 4.6904779801432345e-06
3.948298264 4.3761171645100895e-06
3.949649495 3.2845870333415535e-06
3.9510007270000003 2.8845934692560998e-06
3.9523519580000004 2.5383794188355262e-06
3.95370319 3.1183056955814456e-06
3.955054421 5.8157712470251356e-06
3.956405652 6.385221113625488e-06
3.9577568839999997 3.7281073134073188e-06
3.959108115 2.663751487799741e-06
3.960459347 7.181344556483584e-06
3.961810578 1.4496322130040481e-05
3.96316181 2.2312645597243646e-05
3.964513041 2.8454115082727347e-05
3.965864273 3.0692345642352925e-05
3.967215504 2.9006925901878602e-05
3.968566735 2.564489396255323e-05
3.9699179669999998 2.1181186364913728e-05
3.971269198 1.4452376753192771e-05
3.97262043 9.799068417640128e-06
3.973971661 8.20207200151045e-06
3.975322893 5.075184190811283e-06
3.976674124 1.3815153813920166e-06
3.978025355 7.745550502450977e-08
3.9793765870000004 1.569281347098852e-08
3.9807278179999996 1.1220273648618285e-06
3.98207905 2.1302642267025103e-06
3.983430281 2.116285607948211e-06
3.9847815129999997 1.7400642804503432e-06
3.986132744 4.900171849562855e-06
3.987483976 7.514288937675428e-06
3.988835207 6.321945147712502e-06
3.9901864380000003 4.700683483501661e-06
3.99153767 5.501491794203885e-06
3.9928889009999997 5.564586499067902e-06
3.994240133 5.098132780458615e-06
3.995591364 5.4480355436471485e-06
3.996942596 4.8822068869746726e-06
3.998293827 4.952403903678657e-06
3.999645058 1.92878347474816e-06
4.00099629 6.140016690896094e-07
4.002347521 1.2128177805266158e-07
4.003698753 9.117113248446286e-08
4.005049984 4.6244233063636795e-07
4.006401216 2.459165439142779e-06
4.007752447 3.454036017473025e-06
4.009103679 3.5812293344877605e-06
4.01045491 3.3625878751088077e-06
4.011806141 2.8096291493754405e-06
4.013157373 2.4297638953726594e-06
4.014508604 5.260513832870972e-06
4.015859836 6.457020751813016e-06
4.017211067 4.106434691018481e-06
4.018562299 1.4028803309282166e-06
4.01991353 1.4065344950675104e-07
4.021264761 5.114748768227917e-08
4.022615993 1.596997253661329e-07
4.023967224 5.569225817161668e-07
4.025318456 8.377120865371662e-07
4.026669687 1.8035102103804704e-06
4.028020919 2.186260246444546e-06
4.02937215 2.2234894852553815e-06
4.030723382 4.473112337899157e-06
4.032074613 5.7256411460017845e-06
4.033425844 3.2749399380688833e-06
4.034777076 1.3418026253430641e-06
4.036128307 1.8975059357205056e-06
4.037479539 2.7851282667839642e-06
4.03883077 3.391698157629449e-06
4.040182002 3.4202603898616395e-06
4.041533233 3.094519008667927e-06
4.042884465 2.0084577310803436e-06
4.044235696 3.3638998425678663e-06
4.0455869269999996 3.6703323593812516e-06
4.046938159 3.600147928952621e-06
4.04828939 5.3095650910837805e-06
4.049640622 8.128096982384597e-06
4.050991853 9.589603480160195e-06
4.052343085 8.75428726971744e-06
4.053694316 8.577950825518966e-06
4.055045547 1.0969940457741061e-05
4.056396779 1.3865184611664836e-05
4.05774801 1.3245674361584989e-05
4.059099241999999 1.1034871236249667e-05
4.0604504729999995 9.795517193434035e-06
4.061801705 9.75548435627265e-06
4.063152936 1.0294807585560447e-05
4.064504168 7.655267868350685e-06
4.065855399 5.843293515717718e-06
4.06720663 6.682706069385304e-06
4.0685578620000005 8.554762666599296e-06
4.069909093000001 1.0676887711445594e-05
4.071260325 1.081621329277615e-05
4.072611556 1.2362080949720347e-05
4.073962788 1.4363661153946117e-05
4.075314019 1.6983086538257934e-05
4.07666525 2.099390699130797e-05
4.078016482 2.3676496616978834e-05
4.079367713 2.3988430514560787e-05
4.080718945 2.2508687648907765e-05
4.082070176 2.188419413707644e-05
4.083421408 2.1858556631989247e-05
4.084772639 2.1745422610720225e-05
4.086123871 2.1342813208731074e-05
4.087475102 1.8702615839747245e-05
4.088826333 1.4933517562470287e-05
4.090177565 1.345527233853128e-05
4.091528796 1.4497998141456762e-05
4.092880028 1.6180969152703894e-05
4.094231259 1.7658691805232396e-05
4.095582491 1.7599210824613652e-05
4.096933722 1.524624619564912e-05
4.098284953 1.2269721147890097e-05
4.0996361850000005 1.3578929965792258e-05
4.100987416 1.7011270766623973e-05
4.102338648 1.9846414769942244e-05
4.103689878999999 2.0828245111690108e-05
4.105041110999999 2.0264725341296904e-05
4.106392342 1.7018157582562974e-05
4.107743574 1.3303566621315041e-05
4.109094805 1.2749346072933786e-05
4.110446036 1.3446131183240943e-05
4.111797268 1.2898018113866268e-05
4.113148499 9.685108305947474e-06
4.1144997309999995 6.94918471568064e-06
4.115850962000001 5.922729328906673e-06
4.117202194000001 5.881028171522256e-06
4.118553425 7.331015624479515e-06
4.119904657 9.097644048209029e-06
4.121255887999999 8.758868408487081e-06
4.122607119 7.129817096152966e-06
4.123958351000001 7.433372644522613e-06
4.125309582 1.1742468533657695e-05
4.126660814 1.2969855338799245e-05
4.128012045 1.2227855998391798e-05
4.129363277 1.2319267854206588e-05
4.130714508 1.1271762200471769e-05
4.132065739 1.0328041505203485e-05
4.133416971 1.0502394031720208e-05
4.134768202 1.3441559474215468e-05
4.136119434 1.5199699910890799e-05
4.1374706649999995 1.4869382166149947e-05
4.138821897 1.390528354783086e-05
4.140173128000001 1.4138954562685053e-05
4.14152436 1.1560252019948641e-05
4.142875591 9.273641033000139e-06
4.144226821999999 8.572451211556242e-06
4.145578054 8.253343154322187e-06
4.146929285000001 1.044165673126804e-05
4.148280517 1.4457016414742382e-05
4.149631748 1.5250376730214566e-05
4.15098298 1.4956239045182055e-05
4.152334211 1.4010934282540269e-05
4.153685442 1.3144770767709616e-05
4.155036674 1.1851982016308235e-05
4.156387905 1.0849288730716411e-05
4.157739136999999 1.0976807003855467e-05
4.159090368 1.3235471496973666e-05
4.1604416 1.4415014099400338e-05
4.161792831 1.2363067226225927e-05
4.163144063 9.459102527651659e-06
4.164495294 8.872724550566972e-06
4.165846525 1.0380173147143857e-05
4.167197757 1.1442682353687911e-05
4.1685489879999995 1.1043527609615966e-05
4.169900220000001 1.2215863603002138e-05
4.171251451 1.4293724085253296e-05
4.172602683 1.737659010058973e-05
4.173953914 2.091993652259391e-05
4.1753051459999995 2.4350803256726446e-05
4.1766563770000005 2.652634636826638e-05
4.178007608 2.4214662406174968e-05
4.17935884 1.9135234930067237e-05
4.180710071 1.723068357083059e-05
4.182061303 1.7086090798287422e-05
4.183412534 1.677928512734877e-05
4.184763766 1.697651506708352e-05
4.186114997 1.786650171291192e-05
4.187466228 1.5507038867506004e-05
4.18881746 1.0804242360155086e-05
4.190168691 9.509431685144116e-06
4.1915199229999995 1.0135105940206833e-05
4.1928711540000005 1.3074191734159554e-05
4.194222386000001 1.45160584973101e-05
4.195573617 1.4025785718397751e-05
4.196924849 1.3676353555582593e-05
4.198276079999999 1.159465594812475e-05
4.199627311 1.219595941044473e-05
4.200978543 1.5444530151817953e-05
4.202329774 1.7419949023011872e-05
4.203681006 1.855984297290128e-05
4.205032237 1.9471459555845998e-05
4.206383469 2.070946142772119e-05
4.2077347 2.1053504105512575e-05
4.209085931 2.2437449166532458e-05
4.210437163 2.3952874681403167e-05
4.211788394 2.5300416894092075e-05
4.213139626 2.4969366257035884e-05
4.2144908569999995 2.445090412947596e-05
4.215842089 2.372793185398268e-05
4.217193320000001 2.2865595822431332e-05
4.218544552 2.287494142114914e-05
4.219895783 2.5178935631779974e-05
4.221247013999999 2.5731258238879887e-05
4.2225982459999996 2.3515477843975788e-05
4.223949477 2.1599727031438017e-05
4.225300709 2.0353747094038523e-05
4.22665194 1.8085885219649468e-05
4.228003171999999 1.800316124733039e-05
4.229354403 1.8614279299216037e-05
4.2307056339999995 2.0253540405515842e-05
4.232056866 2.0610996449625975e-05
4.233408097000001 1.917175722649359e-05
4.234759329 1.7367703030681046e-05
4.23611056 1.7979530939578125e-05
4.237461792 1.7728083735088972e-05
4.238813023 1.6289319870106134e-05
4.240164255 1.4443609705409665e-05
4.241515486 1.1587650905631927e-05
4.242866717 9.069937313675991e-06
4.244217949 8.159996498058335e-06
4.24556918 9.330431657105365e-06
4.246920412000001 1.1013767598535113e-05
4.248271643 1.2558002462233084e-05
4.249622875 1.685504919399154e-05
4.250974105999999 1.883104548112776e-05
4.2523253379999995 1.9447250379827784e-05
4.2536765690000005 2.0964045630695573e-05
4.2550278 2.49225305120703e-05
4.256379032 2.7652578337100275e-05
4.257730263 2.3005545734907386e-05
4.259081495 1.7026963151210655e-05
4.260432726 1.2814869395572543e-05
4.261783958 1.185994238595738e-05
4.263135189 1.2555860010246471e-05
4.26448642 1.4212073982682895e-05
4.265837652 1.6376788021078228e-05
4.267188883 1.7797885844465977e-05
4.2685401149999995 1.6627143542776723e-05
4.2698913460000005 1.6485131991347657e-05
4.271242578000001 1.6936022754382056e-05
4.272593809 1.713703406331347e-05
4.273945041 1.5886645125262045e-05
4.275296271999999 1.5692047487240748e-05
4.276647503 1.6315180701921226e-05
4.277998735 1.730248065603571e-05
4.279349966 1.7899843373094583e-05
4.280701198 1.7925066811519383e-05
4.282052429 1.7557082142553266e-05
4.283403661 1.748020355583994e-05
4.284754892 1.852708957973851e-05
4.286106123 2.0498692144696716e-05
4.287457355 2.0657456733713142e-05
4.288808586 1.95673088696665e-05
4.290159818 1.76515360454569e-05
4.2915110489999995 1.553958266885794e-05
4.292862281 1.3550595234055849e-05
4.294213512000001 1.2737564736609419e-05
4.295564744 1.3298965347096868e-05
4.296915975 1.3544236509377464e-05
4.298267206 1.0889411309196895e-05
4.299618438 8.731267482544438e-06
4.300969669 7.4273858262554154e-06
4.302320901 5.837755758711592e-06
4.303672132 5.750570518290187e-07
4.305023363999999 4.0696732526562695e-08
4.306374595 5.785879496030275e-09
4.3077258259999995 5.785202572815669e-09
4.309077058 5.784528363183342e-09
4.310428289000001 5.7838428842666875e-09
4.311779521 5.78312796309335e-09
4.313130752 5.782414632073253e-09
4.314481984 5.781702719588612e-09
4.315833215 5.780991014771139e-09
4.317184447 5.780279602159158e-09
4.318535678 5.779567902488878e-09
4.319886909 5.778855023862729e-09
4.321238141 5.778298702520187e-09
4.322589372 5.777754825791142e-09
4.323940604000001 5.7772082849113914e-09
4.325291835 5.7766589482033735e-09
4.326643067 5.776105998382388e-09
4.327994297999999 5.775548932675742e-09
4.329345529999999 5.7749873687939006e-09
4.3306967610000004 5.7743660785831055e-09
4.332047992 5.773687947010631e-09
4.333399224 5.773003611672933e-09
4.334750455 5.7723127058598615e-09
4.336101687 5.771614684091241e-09
4.337452918 5.770908842246035e-09
4.33880415 5.770195029319436e-09
4.340155381 5.769469969185022e-09
4.341506612 5.7687159966180455e-09
4.342857844 3.229754003662494e-08
4.344209075 2.4217662312368425e-06
4.3455603069999995 4.566881108878019e-06
4.3469115380000005 6.562000794983206e-06
4.34826277 1.2633499812349285e-05
4.349614001 1.5347694465807998e-05
4.350965233 1.5258736462401856e-05
4.352316464 1.5621978744051353e-05
4.353667695 1.5262560065614224e-05
4.355018927 1.4198638586290248e-05
4.356370158 1.204642909444672e-05
4.35772139 1.1199395891046759e-05
4.359072621 1.3458137042825517e-05
4.360423853 1.4992734535757298e-05
4.361775084 1.5495769733106118e-05
4.363126315000001 1.764166507851844e-05
4.364477547000001 2.0980451400078485e-05
4.365828778 2.465935415815564e-05
4.36718001 2.7483801324501645e-05
4.3685312409999995 2.898622406451266e-05
4.369882473 2.9114992136092028e-05
4.371233704 2.816382120764176e-05
4.372584936 3.136557136076365e-05
4.373936167 3.724786475740197e-05
4.375287398 4.555591699062739e-05
4.37663863 5.07161828311922e-05
4.377989861 5.366148656554191e-05
4.379341093 5.543279203936966e-05
4.380692324 5.662477347663576e-05
4.382043555999999 5.75360018391977e-05
4.383394787 5.94541164360747e-05
4.3847460179999995 6.24027126913141e-05
4.38609725 6.630001990427831e-05
4.387448481000001 7.053343639225989e-05
4.388799713 7.439839852270106e-05
4.390150944 7.742214939688216e-05
4.391502176 7.791643078263885e-05
4.392853407 7.992658184833925e-05
4.394204639 8.421075826426729e-05
4.39555587 9.168558446561778e-05
4.396907101 9.924187694085138e-05
4.398258332999999 0.00010824432455940472
4.399609564 0.00011877993438680341
4.400960796000001 0.00013096229787997048
4.402312027 0.00013911212702541077
4.403663259 0.0001460675241579133
4.405014489999999 0.00015260234022680672
4.406365721999999 0.00016155741911246308
4.407716953 0.0001705139611612758
4.409068184 0.0001809235795839913
4.410419416 0.00019444115561992507
4.411770647 0.00021067643660163774
4.413121879 0.00022597356645243202
4.41447311 0.00024077986728614835
4.415824342 0.0002580016151741357
4.417175573000001 0.0002792483552595005
4.418526804 0.0003023678384232133
4.419878036 0.00032604685228669546
4.421229266999999 0.00035251279230425305
4.4225804989999995 0.00038078659889854017
4.4239317300000005 0.0004104300758728878
4.425282962 0.000439641477714722
4.426634193 0.00047326245058214176
4.427985425 0.0005101188081777184
4.429336656 0.0005498713782309992
4.430687887 0.000589113601137228
4.432039119 0.0006330359791404898
4.43339035 0.0006819274836897893
4.434741582 0.0007360191003068286
4.436092813 0.0007938391110766131
4.437444045 0.0008569898951132542
4.438795276 0.0009267923326145759
4.440146507000001 0.000999762701110617
4.441497739000001 0.0010775347056393434
4.44284897 0.0011616651850048297
4.444200202 0.0012578816418459054
4.445551432999999 0.0013635114754443206
4.446902665 0.0014782397935869933
4.448253896 0.0016020504159590136
4.449605128 0.0017385979887192004
4.450956359 0.001887231917180481
4.45230759 0.0020493299878583987
4.453658822 0.0022296271612644676
4.455010053 0.002431460181212629
4.456361285 0.002654960729477482
4.457712516 0.002900975273563927
4.459063747999999 0.0031726160653937924
4.460414979 0.0034723837672834008
4.4617662110000005 0.003803599831274547
4.463117442 0.004170445093213293
4.464468673000001 0.004577579702424441
4.465819905 0.005029717077781621
4.467171136 0.005535117645674428
4.468522368 0.006101202019041947
4.469873599 0.006734483911445066
4.471224831000001 0.007446611086258413
4.472576062 0.00824382699843305
4.473927293 0.009133403120617318
4.475278524999999 0.01012740941594511
4.476629756 0.01126707238722146
4.4779809880000006 0.012547738960254651
4.479332219 0.013983588658766156
4.480683451 0.015603768909993935
4.482034682 0.01743743358496537
4.483385914 0.019507553627845606
4.484737145 0.02186991570519661
4.486088376 0.024550400074395004
4.487439608 0.027583624455540162
4.488790839 0.03102800154938808
4.490142071 0.0349595734071251
4.491493302 0.03942570392901153
4.492844534 0.04450274034705052
4.494195765000001 0.050304701933624234
4.495546996 0.05690249460873264
4.496898228 0.06439458801968596
4.498249458999999 0.07290567459637005
4.4996006909999995 0.08253657725446377
4.5009519220000005 0.09340486505841447
4.502303154 0.10563711092625121
4.503654385 0.11926625568553671
4.505005617 0.13442245758357824
4.506356848 0.15122258920610734
4.507708079 0.1693140577728595
4.509059311 0.1888868481768733
4.510410542 0.20994380679433483
4.511761774 0.23168063575528214
4.513113005 0.2540385782218669
4.514464237 0.27701851248270776
4.5158154679999996 0.29949416446457305
4.517166699000001 0.3209515831881783
4.518517931 0.34175336741834345
4.519869162 0.36089657137094017
4.521220394 0.3775263089308161
4.522571624999999 0.39264781182992653
4.523922857 0.4057448522496212
4.525274088 0.4158312464435285
4.52662532 0.4244172649307418
4.527976551 0.4314440206119511
4.529327782 0.4359888429749944
4.530679014 0.43952825925478023
4.532030245 0.4420771636620498
4.533381477 0.44329722161226454
4.534732708 0.44390463190807283
4.53608394 0.44402283128906417
4.537435171 0.4436174342581235
4.5387864030000005 0.44298387932391103
4.540137634 0.4422031149805901
4.541488865 0.44128693496735755
4.542840097 0.44039631934413925
4.544191328 0.43953880019691444
4.5455425599999995 0.43875024910717947
4.5468937910000005 0.4380594120872902
4.548245023000001 0.43746173642563785
4.549596254 0.4370148390370952
4.550947485 0.43672517988460646
4.552298716999999 0.4365280089420332
4.553649948 0.4364433642238421
4.5550011800000005 0.43652875535409014
4.556352411 0.4366855340173426
4.557703643 0.4369161967515306
4.559054874 0.43723251297518195
4.560406106 0.4375973647387349
4.561757337 0.4383800311368446
4.563108568 0.4389259048411256
4.5644598 0.43936169911291745
4.565811031 0.4398047450192214
4.567162263 0.44026840725839
4.568513493999999 0.4407046622946115
4.569864726 0.44110944043648553
4.571215957000001 0.44157293585707236
4.572567188 0.442295445111666
4.57391842 0.44259815847577255
4.575269650999999 0.44279556612687965
4.5766208829999995 0.44296141319546206
4.5779721140000005 0.4430956918031148
4.579323346 0.44316912724047025
4.580674577 0.4431875288978812
4.582025809 0.4431528988177695
4.58337704 0.443064404360008
4.584728271 0.4429437679238534
4.586079503 0.4427909009255323
4.587430734 0.44255465245754877
4.588781966 0.44230838328890215
4.590133197 0.4420508578289415
4.591484429 0.44174710730387134
4.5928356599999995 0.44141742373724147
4.5941868910000005 0.4410609545038507
4.595538123 0.4407207168872957
4.596889354 0.4403697875470347
4.598240586 0.44000857411173633
4.599591817 0.43962812882886904
4.6009430490000005 0.43926680722825856
4.60229428 0.4389266947027851
4.603645512 0.4385882343707446
4.604996743 0.4382518166082491
4.606347974 0.43791835928133077
4.607699206 0.4376285648722516
4.609050437 0.43733561879490673
4.610401669 0.437053610141698
4.611752900000001 0.43682464002273885
4.613104132 0.4366138147578271
4.614455363 0.4364316573479114
4.6158065950000005 0.43624695475781233
4.617157826 0.43606722457826935
4.618509057 0.4358997908345413
4.619860289 0.4357545680499855
4.62121152 0.43554317592115127
4.622562751999999 0.4353021861673548
4.6239139830000004 0.4350674557497599
4.625265215000001 0.4348363582202907
4.626616446 0.434615114134184
4.627967677 0.4343668143261117
4.629318908999999 0.43410717226171325
4.63067014 0.43384972191625487
4.6320213720000005 0.4335798753503515
4.633372603 0.43329448867331855
4.634723835 0.43295973563385987
4.636075066 0.4326244947539678
4.637426298 0.43228694527670813
4.638777529 0.43193181237723416
4.64012876 0.4315480187015148
4.641479992 0.431142162125633
4.642831223 0.4307315664616034
4.644182455 0.4303015965703135
4.645533685999999 0.42985005839469415
4.646884918 0.42936105820850967
4.648236149000001 0.42887111694836916
4.64958738 0.4283859761769513
4.650938612 0.4278611138762426
4.652289842999999 0.4277797557418551
4.6536410749999995 0.42719836857028604
4.6549923060000005 0.4266199774095707
4.656343538 0.4260336280561794
4.657694769 0.42540989969547177
4.659046001 0.4247692047575701
4.660397232 0.4241220183512518
4.661748463 0.42349401331606346
4.663099695 0.42284765701928584
4.664450926000001 0.42218465639710256
4.665802158 0.42151042573250275
4.667153389 0.42083956492829194
4.668504621 0.42017372500443173
4.6698558519999995 0.4194685697957817
4.6712070830000005 0.41875914219274796
4.672558315 0.41804816461239436
4.673909546 0.4173445333867537
4.675260778 0.41663321397738357
4.676612009 0.4158878414730648
4.6779632410000005 0.4151379781781104
4.679314472 0.41438593944004765
4.680665704 0.41361881141045936
4.682016935 0.4128201366672491
4.683368166 0.4119972592050517
4.684719398 0.4111661425483888
4.686070629 0.41032375363767465
4.687421861 0.40946524618279334
4.688773092 0.4085502765008436
4.690124324 0.40761697295407195
4.691475555 0.40666366776905766
4.6928267869999996 0.40566115005189385
4.694178018 0.40462730661879487
4.695529249 0.4035088715484015
4.696880481 0.402354409591031
4.698231712 0.40162654386658514
4.699582943999999 0.4003083801800955
4.700934175 0.3989262288941881
4.702285407000001 0.39744762094293384
4.703636638 0.3958421468662273
4.704987869 0.39415464852676674
4.706339100999999 0.3922874527181857
4.707690332 0.3902415497558547
4.7090415640000005 0.3880872068450233
4.710392795 0.3856727199023362
4.711744027 0.3830970223682143
4.713095258 0.3803218988450116
4.71444649 0.37712321837508395
4.7157977209999995 0.3737309258166341
4.717148952 0.37000020212626294
4.718500184000001 0.36579854987552896
4.719851415 0.36135233533299843
4.721202647 0.35626423498019794
4.722553877999999 0.350761157319066
4.72390511 0.3449650820386826
4.725256341000001 0.3382920128551214
4.726607572 0.33131530206961396
4.727958804 0.3238212414831351
4.729310035 0.3156144444781393
4.730661267 0.3071468267301644
4.7320124980000005 0.2979092762130202
4.73336373 0.2882293320064061
4.734714961 0.27858238530218477
4.736066193 0.26791670066099305
4.737417424 0.2570878267586014
4.738768654999999 0.24596301635513543
4.740119887 0.23444502517634452
4.741471118000001 0.22304461502500084
4.74282235 0.21134424586001124
4.744173581 0.1997039129796159
4.745524813 0.18831302124351668
4.7468760439999995 0.176798330581672
4.748227276 0.16571172457992991
4.749578507 0.15489376896473686
4.750929738 0.14435406324270003
4.75228097 0.13433524240775038
4.753632201 0.12463469126858055
4.7549834330000005 0.11544757450513526
4.756334664 0.10678036406252953
4.757685896 0.09852802343102063
4.759037127 0.09083936724342592
4.760388358 0.08363051548758532
4.76173959 0.0769049712368123
4.763090821 0.07067464734729707
4.764442053 0.06486814288403035
4.765793284 0.05951986938892947
4.767144516 0.05458955182147849
4.768495747 0.050044394864520135
4.7698469789999995 0.045870816945510054
4.77119821 0.04203254373239025
4.772549441 0.03851732885983212
4.773900673 0.035297837104904625
4.775251904 0.03235666724171334
4.776603135999999 0.029665514356443573
4.777954367 0.027205507836430158
4.779305599000001 0.024959691216401524
4.78065683 0.022904758265554322
4.782008061000001 0.021032967548322182
4.783359293 0.01932175209433385
4.784710524 0.017758976591505937
4.7860617560000005 0.016337369118464607
4.787412987 0.015035594655433604
4.788764219 0.01384768638247156
4.79011545 0.01275793235757225
4.791466682 0.011757711533797333
4.7928179129999995 0.010847648845969171
4.7941691440000005 0.010012940046681258
4.795520376000001 0.009251656420979786
4.796871607 0.008553053338920142
4.798222839 0.007910264231747958
4.799574069999999 0.007326057828792554
4.800925302 0.006788653002046535
4.802276533000001 0.006296813210040165
4.803627764 0.005842898504837449
4.804978996 0.00542294279722757
4.806330227 0.00503608891054392
4.807681459 0.004678055164885471
4.80903269 0.004351999320589904
4.810383922 0.004048388908786191
4.811735153 0.0037681720774271964
4.813086384999999 0.003515759371211757
4.814437616 0.003281945157194588
4.815788846999999 0.0030658130744746336
4.817140079 0.0028641264470773953
4.818491310000001 0.0026760869947707695
4.819842542 0.0025023841932958527
4.821193773 0.0023407987492210206
4.822545005 0.0021905535106989983
4.8238962359999995 0.0020516851642988217
4.825247468 0.0019222401900550333
4.826598699 0.0018018795096309867
4.82794993 0.001688941655308265
4.829301162 0.0015829538409352741
4.830652393 0.001487848055148405
4.8320036250000005 0.0014000024466366185
4.833354856 0.00132058966287316
4.834706088 0.0012445043575407386
4.836057318999999 0.001171551748157415
4.83740855 0.0011049065702670683
4.838759782 0.0010430575660035884
4.840111013 0.0009878656335902537
4.841462245 0.0009344927231453657
4.842813476 0.0008827855916827632
4.844164708 0.0008338419937906358
4.845515939 0.0007877651955540736
4.8468671709999995 0.0007453301744430266
4.8482184020000005 0.0007048130376138109
4.849569633 0.0006660383013584584
4.850920865 0.0006303279679474494
4.852272096 0.0005968848805073671
4.853623327999999 0.0005658411350813024
4.854974559 0.0005370685261160762
4.856325791000001 0.0005106950643611635
4.857677022 0.00048801711767661367
4.859028253 0.00046717967449831757
4.860379485 0.00044422103235113036
4.861730716 0.0004214697560323739
4.863081948 0.00039821871808359366
4.864433179 0.0003789044190339353
4.865784411 0.00036189585208428024
4.867135642 0.00034575122968390773
4.868486874 0.00033023292537198717
4.8698381049999995 0.00031510836664525396
4.8711893360000005 0.0003026351774308385
4.872540568000001 0.00029200390236806703
4.873891799 0.0002799786692455686
4.875243031 0.00026794882072416707
4.876594261999999 0.0002553879434019813
4.8779454939999995 0.00024474341662114347
4.879296725000001 0.00023567449248753302
4.880647956 0.00022572737993573904
4.881999188 0.00021593735997138379
4.883350419 0.00020657399322434485
4.884701651 0.00019880539813051662
4.8860528819999995 0.00019302535199570596
4.887404114 0.00018560591760794572
4.888755345 0.00017772739902246871
4.890106576999999 0.0001688841809365898
4.891457808 0.00016105351684881372
4.892809038999999 0.0001549711344502313
4.894160271 0.0001486389446181558
4.895511502000001 0.00014225560257932684
4.896862734 0.0001364881070653633
4.898213965 0.00013094112879737002
4.899565197 0.0001252748639203028
4.900916428 0.00011830097878794599
4.902267660000001 0.00010992546106372103
4.903618891 0.00010314779663489121
4.904970122 9.724111160460811e-05
4.906321354 9.370378200518094e-05
4.907672585 8.961345274099748e-05
4.9090238170000005 8.428697649335784e-05
4.910375048 8.001333640442954e-05
4.91172628 7.643118931391902e-05
4.913077511 7.523574020160886e-05
4.914428742 7.445730501355925e-05
4.915779974 7.346206272027182e-05
4.917131205 7.257676039933604e-05
4.918482437 7.176923347485894e-05
4.919833668 7.09203904562574e-05
4.9211849 7.006406887354951e-05
4.922536131 6.98481373203472e-05
4.9238873629999995 7.002218722488955e-05
4.9252385940000005 7.134635104143316e-05
4.926589825 7.17962780831876e-05
4.927941057 7.131101192051912e-05
4.929292288 6.976497683779447e-05
4.930643519999999 6.793397096833333e-05
4.931994751 6.611974352348702e-05
4.933345983000001 6.361028938689373e-05
4.934697214 5.939778230966184e-05
4.936048445 5.514812143608321e-05
4.937399677 5.0938496574140754e-05
4.938750908 4.815066057508067e-05
4.94010214 4.5668043049453864e-05
4.941453371 4.211147716370716e-05
4.942804603 3.902314858135012e-05
4.944155834 3.641391263459757e-05
4.945507066 3.520207066246748e-05
4.9468582969999995 3.4964780245119395e-05
4.9482095280000005 3.453195490045495e-05
4.949560760000001 3.410074196356445e-05
4.950911991 3.381998951312916e-05
4.952263223 3.349215274129275e-05
4.953614453999999 3.3026190400322684e-05
4.9549656859999995 3.228563016334837e-05
4.9563169170000005 3.147259327518751e-05
4.957668148 3.15986132747479e-05
4.95901938 3.1827113280633225e-05
4.960370611 3.0356167367001946e-05
4.961721843 2.8321882573956638e-05
4.9630730739999995 2.523756849344611e-05
4.964424306 2.3337878432439948e-05
4.965775537000001 2.2213545289159152e-05
4.967126769 2.03510301885531e-05
4.968478 1.852261384963269e-05
4.969829230999999 1.707406759342672e-05
4.971180463 1.687163108600877e-05
4.972531694000001 1.946382768958006e-05
4.973882926 2.1045407386303778e-05
4.975234157 2.155237693041214e-05
4.976585389 1.9754524330209826e-05
4.97793662 1.7507827083340787e-05
4.979287852000001 1.7097846349674937e-05
4.980639083 1.6619459532972697e-05
4.981990314 1.5692287390462703e-05
4.983341545999999 1.4878738676468538e-05
4.984692777 1.4309553731761149e-05
4.986044009 1.5114857059031609e-05
4.98739524 1.6631978987703787e-05
4.988746472 1.5417574549005674e-05
4.990097703 1.445505278711522e-05
4.991448934 1.3460315086078336e-05
4.992800166 1.3970149339764547e-05
4.9941513969999995 1.6802573633453586e-05
4.995502629 1.810070408876967e-05
4.99685386 1.7824213447994635e-05
4.998205092 1.4476033869921995e-05
4.999556323 1.1352591035453298e-05
5.0009075549999995 7.549781969453179e-06
5.0022587860000005 6.974718618300882e-06
5.003610017 6.6497421547911655e-06
5.004961249 6.709488050668433e-06
5.006312479999999 7.325507373014922e-06
5.007663711999999 8.352073932614048e-06
5.009014943 9.758848442831659e-06
5.010366175 9.048893111866566e-06
5.011717406 8.068622480198846e-06
5.013068637 6.6609765107285804e-06
5.014419869 6.213494233359592e-06
5.0157711 7.0453666402528356e-06
5.017122332 7.967123531822834e-06
5.018473563 8.415750755935958e-06
5.019824795000001 8.820466135771523e-06
5.021176026 9.271289260981917e-06
5.022527258 8.535086779069701e-06
5.0238784889999994 6.992821722769492e-06
5.0252297200000005 3.844970827857083e-06
5.026580952000001 3.72141460099795e-06
5.027932183 3.6045870536358216e-06
5.029283415 3.718636661230881e-06
5.030634646 2.8753581449774568e-06
5.031985878 7.018608548143176e-07
5.033337109 1.0168480352773235e-06
5.034688341 2.289184741452307e-06
5.036039572 3.5196625865261586e-06
5.037390803 3.833950535134117e-06
5.038742035 4.221609471047499e-06
5.0400932659999995 4.459207943167362e-06
5.041444498 4.7844794270601196e-06
5.042795729000001 5.2789670832704635e-06
5.044146961 5.164815829801577e-06
5.045498192 4.654590897048452e-06
5.046849422999999 4.1393156923467135e-06
5.048200655 3.7018598662682278e-06
5.049551886000001 2.790680685115901e-06
5.050903118 2.0952662442915102e-06
5.052254349 9.797228817975057e-07
5.053605581 2.194271704090121e-07
5.054956812 1.0188272682922511e-08
5.056308044000001 4.201407362605916e-09
5.057659275 4.195076421321778e-09
5.059010506 4.188732009793298e-09
5.060361737999999 4.182372043508074e-09
5.061712969 4.0730176275380454e-08
5.063064201 1.6431718401242056e-06
5.064415432 2.7462994600653096e-06
5.065766664 3.865784313363196e-06
5.067117895 2.7013329856491152e-06
5.068469126 5.049160250151693e-07
5.069820358 2.3833565707625422e-07
5.0711715889999995 1.6151885303925086e-06
5.072522821 2.3600451676310394e-06
5.073874052 9.015423777958117e-07
5.075225284 1.927417666183025e-07
5.076576515 1.9691213305927978e-08
5.0779277469999995 4.116759552086903e-09
5.0792789780000005 4.111758203274191e-09
5.080630209 4.106410644525519e-09
5.081981441 4.101040557552686e-09
5.083332671999999 4.095644476828688e-09
5.084683904 4.0902250106401304e-09
5.086035135 4.084781709288233e-09
5.087386367 4.079311397756972e-09
5.088737598 4.073816936453833e-09
5.090088829 4.068297098125884e-09
5.091440061 4.062749685510108e-09
5.092791292 4.0571771989256965e-09
5.094142524 4.051577753503418e-09
5.095493755000001 4.0459502835108205e-09
5.096844987000001 4.0402968434858936e-09
5.098196218 5.037985116838846e-09
5.09954745 2.730506720096629e-08
