Wavelength_microns Throughput
2.0004663860000003 1.0031381438572917e-15
2.002074478 3.013115798875632e-17
2.00368257 4.920060659069357e-17
2.005290662 2.4280237083228004e-16
2.006898754 9.933306215440887e-16
2.008506846 6.817067295659159e-16
2.010114938 5.961101661605501e-16
2.01172303 7.562714449032406e-16
2.013331122 6.817613717130756e-16
2.014939214 5.041891388213527e-16
2.016547306 3.226509894162322e-16
2.018155398 2.562713038203958e-16
2.01976349 1.4022249400436286e-16
2.021371582 1.5884387624003144e-16
2.022979674 3.0676379746173285e-17
2.0245877660000002 4.366617719728316e-17
2.026195858 1.6318297532891874e-16
2.027803949 3.1939761422695325e-16
2.029412041 5.439842003603444e-16
2.031020133 5.674369736743345e-16
2.032628225 5.338208688997415e-16
2.034236317 4.948606061600591e-16
2.035844409 3.9511579906447587e-16
2.037452501 4.2040038242426094e-16
2.039060593 4.548008960153317e-16
2.040668685 4.930508932657306e-16
2.042276777 4.3220786232191136e-16
2.0438848689999998 5.282216496532391e-16
2.045492961 2.572284150957404e-16
2.047101053 1.1015600956957073e-16
2.0487091449999997 1.5201704709041597e-16
2.0503172370000002 2.446893874975566e-16
2.0519253290000004 2.005959924781322e-16
2.053533421 2.9146498347694664e-16
2.055141513 5.582365581271773e-16
2.056749605 8.177121735588889e-16
2.058357697 9.722956166435858e-16
2.059965788 1.001240812068632e-15
2.06157388 1.0736154004543481e-15
2.0631819719999998 1.1867009119154112e-15
2.064790064 1.2767409975738304e-15
2.066398156 1.3469642573123889e-15
2.068006248 1.0007682170486304e-15
2.06961434 1.0482754971502086e-15
2.071222432 9.48448004472797e-16
2.072830524 7.221181307747697e-16
2.074438616 7.627753402798186e-16
2.076046708 9.46732529895665e-16
2.0776548 1.5115924926396163e-15
2.079262892 1.881520115997233e-15
2.080870984 2.7358547097643416e-15
2.0824790760000003 2.047041848223712e-15
2.084087168 1.673662206178182e-15
2.08569526 1.888948344471477e-15
2.0873033519999997 2.2006837064152573e-15
2.088911444 1.2578640285339491e-15
2.090519536 1.366247639982734e-15
2.092127627 1.804829237088667e-15
2.0937357189999997 3.836708555600051e-15
2.0953438110000002 4.965804666297869e-15
2.0969519030000003 6.250848884263264e-15
2.098559995 7.882418043552904e-15
2.100168087 1.1323846496910164e-14
2.101776179 1.0173353402807385e-14
2.103384271 7.779473662165626e-15
2.104992363 6.221910476805553e-15
2.1066004549999997 5.554006384049079e-15
2.1082085470000003 9.71455740789252e-15
2.109816639 1.5421078227917188e-14
2.111424731 2.100182662685099e-14
2.113032823 2.1457710028399526e-14
2.114640915 2.421121005885519e-14
2.116249007 3.336962718149977e-14
2.1178570989999996 5.4647237956062856e-14
2.1194651909999997 3.725841093416571e-14
2.1210732830000003 2.913594704646659e-14
2.122681375 3.293400950649508e-14
2.124289466 4.4347248429819755e-14
2.125897558 2.6483785861672582e-14
2.1275056500000002 2.0311187331190173e-14
2.129113742 2.0525253959325364e-14
2.130721834 2.5043109443543164e-14
2.1323299259999997 3.134028208221569e-14
2.133938018 3.17770706862991e-14
2.1355461100000004 3.5811182843080694e-14
2.137154202 2.451836073427039e-14
2.138762294 1.9454257397738278e-14
2.140370386 2.1570457301825528e-14
2.141978478 2.451389560801696e-14
2.14358657 1.2321447155295467e-14
2.1451946619999998 5.361426942759223e-15
2.146802754 2.0544689811894833e-15
2.1484108460000004 4.901667880706691e-15
2.150018938 1.2247414345050702e-14
2.15162703 1.3141023436665272e-14
2.153235122 1.4844193183763648e-14
2.154843214 2.050175726486942e-14
2.156451305 3.233796838099308e-14
2.158059397 2.9642149381383935e-14
2.159667489 2.625904110156076e-14
2.161275581 2.1965522190021687e-14
2.1628836729999996 1.7322950339891507e-14
2.164491765 1.4066207566916078e-14
2.1660998570000003 1.4268375181405417e-14
2.167707949 1.511939358554272e-14
2.169316041 9.962726253733471e-15
2.170924133 6.985468603418821e-15
2.172532225 1.1753416659806657e-14
2.174140317 2.423427274091339e-14
2.1757484089999997 2.1867112551430606e-14
2.177356501 1.4737101455691797e-14
2.1789645930000003 1.2210301031493887e-14
2.180572685 1.399381636335073e-14
2.182180777 2.0220737355773152e-14
2.183788869 1.0894742480061644e-14
2.185396961 1.207028198494085e-14
2.187005053 1.1597517704670895e-14
2.1886131449999997 1.279945491384583e-14
2.1902212359999997 1.722724275318906e-14
2.191829328 1.3488956200067835e-14
2.1934374200000004 8.226109435843686e-15
2.195045512 4.872534834154424e-15
2.196653604 6.943648246835077e-15
2.198261696 1.3778693678162854e-14
2.199869788 3.0776679091917247e-14
2.20147788 3.3203583695655934e-14
2.203085972 1.9628634345144683e-14
2.204694064 1.4876174146796443e-14
2.206302156 2.2264683568121778e-14
2.207910248 5.71307796110289e-14
2.2095183400000002 5.0214079282419404e-14
2.211126432 4.5848153332357013e-14
2.212734524 3.7267391691626956e-14
2.2143426159999997 3.8502323086163684e-14
2.215950708 4.18500647426323e-14
2.2175588 3.7130364127391115e-14
2.219166892 7.83578896176542e-14
2.220774984 1.192101097354256e-13
2.222383075 1.833805985434313e-13
2.2239911670000003 3.0006910009507684e-13
2.225599259 4.869543266818713e-13
2.227207351 8.625112083743321e-13
2.228815443 4.737637656956072e-13
2.230423535 2.785833287444002e-13
2.232031627 2.5024125974592605e-13
2.2336397189999997 3.6067081422803905e-13
2.2352478110000003 3.311869176447708e-13
2.236855903 1.7652131798314356e-13
2.238463995 1.165951498428733e-13
2.240072087 1.7225559864880254e-13
2.241680179 3.3342272056962883e-13
2.243288271 6.33096381611756e-13
2.2448963629999996 7.828832995647935e-13
2.2465044549999997 1.0700027061425116e-12
2.2481125470000003 1.0120102437201385e-12
2.249720639 1.0191798575471713e-12
2.251328731 1.353470157830151e-12
2.252936823 2.034043800021522e-12
2.2545449140000002 2.415476840650177e-12
2.256153006 1.7384720738437044e-12
2.257761098 1.558380678424201e-12
2.2593691899999997 2.253577751692733e-12
2.260977282 3.8526278539815384e-12
2.262585374 3.4654242620511213e-12
2.264193466 1.1271365317598127e-12
2.265801558 5.157745181305765e-13
2.2674096500000003 3.62773698987399e-13
2.269017742 9.628334664299004e-13
2.270625834 1.5995894070543236e-12
2.2722339259999997 1.3974379245812505e-12
2.273842018 2.5565287000827195e-12
2.2754501100000004 2.691823844101002e-12
2.277058202 3.13063115776873e-12
2.278666294 5.4718660676942176e-12
2.280274386 6.793471647601911e-12
2.281882478 8.767360823474451e-12
2.28349057 4.55339850704602e-12
2.285098662 3.64504342000508e-12
2.286706753 3.789313117420086e-12
2.288314845 5.1911063639216315e-12
2.2899229369999996 1.2408868017971964e-11
2.291531029 9.28200491714133e-12
2.2931391210000003 8.153079057785488e-12
2.294747213 8.157847500277657e-12
2.296355305 1.019933658108684e-11
2.297963397 1.8485265259822044e-11
2.299571489 1.4752901932648656e-11
2.301179581 1.152718409400101e-11
2.3027876729999996 1.2517509767200653e-11
2.304395765 2.2922121453438953e-11
2.3060038570000003 4.3019301930919874e-11
2.307611949 7.351295896688913e-11
2.309220041 1.2836092109186698e-10
2.310828133 2.2399708489714014e-10
2.312436225 3.1496640224530825e-10
2.314044317 4.46134689157353e-10
2.3156524089999997 6.130124938116396e-10
2.3172605010000003 8.337527666621007e-10
2.318868592 1.1224781233583317e-09
2.3204766840000004 1.3704987985860305e-09
2.322084776 1.6650489077508184e-09
2.323692868 2.0442585289309803e-09
2.32530096 2.5134248145131507e-09
2.326909052 3.0507509274680293e-09
2.328517144 3.3194137239521836e-09
2.3301252359999998 3.5492488869773552e-09
2.331733328 3.756933603489624e-09
2.33334142 3.925869899123739e-09
2.334949512 4.058721294604942e-09
2.3365576040000002 3.958201026506297e-09
2.338165696 3.759332716429168e-09
2.339773788 3.4567451748428115e-09
2.3413818799999997 2.6976516878362473e-09
2.342989972 2.0948035387133118e-09
2.344598064 1.6223246370996234e-09
2.346206156 1.2560486485395787e-09
2.347814248 9.739175389393167e-10
2.3494223400000003 3.61613484217731e-10
2.3510304310000003 1.5500358662765301e-10
2.352638523 7.61525250579113e-11
2.354246615 4.686969555856664e-11
2.3558547069999998 7.409215459768442e-11
2.357462799 1.1077334471330895e-10
2.359070891 5.105230981134581e-11
2.3606789829999997 3.8743750170804964e-11
2.3622870750000002 5.6927283175299605e-11
2.363895167 9.595479887988055e-11
2.365503259 1.4872737160699286e-10
2.367111351 1.2818343126540435e-10
2.368719443 1.5049568491987764e-10
2.370327535 1.2634814992064516e-10
2.371935627 9.828380376891391e-11
2.3735437189999997 8.703611821092171e-11
2.3751518110000003 9.483929216665957e-11
2.376759903 1.1301182905307529e-10
2.378367995 1.3938002274696616e-10
2.379976087 3.6707332032720983e-11
2.381584179 1.9155621611783192e-11
2.383192271 2.064338839938594e-11
2.384800362 6.109635486238388e-11
2.3864084539999997 2.302369654995577e-10
2.388016546 1.1231265462533887e-10
2.389624638 3.354305831674967e-11
2.39123273 1.8504613410251248e-11
2.392840822 3.8515070678494384e-11
2.3944489140000003 1.0734727271382516e-10
2.396057006 2.9935155361511354e-10
2.397665098 8.451645702448934e-11
2.3992731899999997 3.7257895338996977e-11
2.400881282 4.4218020203627366e-11
2.4024893740000004 7.988644097798207e-11
2.404097466 1.4454406841269615e-10
2.405705558 1.8559498183625398e-10
2.40731365 2.0001173577117957e-10
2.408921742 2.675785773437381e-10
2.410529834 1.5413278987629228e-10
2.4121379259999998 1.232702643189204e-10
2.413746018 1.183901914475246e-10
2.41535411 1.8627156656142902e-10
2.416962201 3.158851108678486e-10
2.418570293 3.8472078897125547e-10
2.4201783850000003 1.0439173336479674e-10
2.421786477 3.152977781175756e-11
2.423394569 2.1971842902921518e-11
2.425002661 5.378640527965117e-11
2.426610753 2.2477085455962409e-10
2.428218845 2.2477272602244622e-10
2.4298269369999996 1.6222401267226667e-10
2.431435029 1.4976604477587518e-10
2.4330431210000003 1.2030279987901936e-10
2.434651213 1.0219509001704951e-10
2.436259305 1.6203017839514735e-10
2.4378673969999998 1.515436937431737e-10
2.439475489 1.94476580451485e-10
2.441083581 2.3201756390027007e-10
2.4426916729999997 1.1187364858348168e-10
2.4442997650000002 8.494313939891607e-11
2.4459078570000004 1.3016364493510416e-10
2.447515949 2.266505807171944e-10
2.44912404 4.1789760538491956e-10
2.450732132 4.668302199968598e-10
2.452340224 2.1297231915899566e-10
2.453948316 1.235148744667532e-10
2.455556408 1.1967088540299304e-10
2.4571644999999998 1.9471801384737663e-10
2.458772592 3.387025278053719e-10
2.460380684 2.4582933740039806e-10
2.461988776 1.799885594686399e-10
2.463596868 1.6835934974767566e-10
2.46520496 1.2461309338985117e-10
2.466813052 9.44443943127762e-11
2.468421144 2.3016314009194207e-10
2.470029236 3.846717743673719e-10
2.471637328 3.9931452686541696e-10
2.47324542 4.287253532159281e-10
2.474853512 3.894895609347375e-10
2.4764616040000003 3.4007475996080813e-10
2.478069696 2.9854355966609115e-10
2.479677788 4.1360085249673835e-10
2.481285879 6.145043526866698e-10
2.4828939709999998 9.180779740481666e-10
2.484502063 5.44412871984757e-10
2.486110155 4.224975693239432e-10
2.4877182469999997 3.4955237378158904e-10
2.489326339 3.543213979832433e-10
2.4909344310000003 4.067839889646561e-10
2.492542523 6.169706987117891e-10
2.494150615 4.33165918216392e-10
2.495758707 7.331338441652506e-10
2.497366799 1.058772199417257e-09
2.498974891 1.3032227579396073e-09
2.499778162 5.885562228008736e-10
2.5011293930000003 1.3059402842735366e-09
2.502480624 1.6294259087597386e-09
2.5038318559999997 3.1207065718861507e-10
2.505183087 1.3321412421429957e-09
2.506534319 8.462513380270964e-10
2.50788555 1.813359185293934e-09
2.509236782 3.5298773937094094e-12
2.510588013 1.6875501310763592e-09
2.511939244 5.340509319131382e-09
2.5132904760000003 4.273083617144917e-09
2.514641707 1.70557987476902e-09
2.515992939 2.303197911345604e-09
2.51734417 1.674463094525246e-09
2.5186954019999996 2.6364704167133524e-09
2.5200466329999998 2.7061061772998217e-12
2.521397865 6.282655103349369e-10
2.522749096 8.10914883875972e-10
2.524100327 1.0187036600236956e-11
2.525451559 8.452166135886816e-10
2.52680279 1.8689084670685566e-09
2.5281540220000003 1.154847583883139e-09
2.529505253 2.4605153111185505e-09
2.5308564849999997 7.256919113387587e-11
2.532207716 6.346610466181531e-10
2.533558948 1.2457076521583e-09
2.534910179 1.2553933058259761e-09
2.5362614100000003 8.038569091260455e-10
2.537612642 4.168080627630133e-10
2.538963873 2.251360250204107e-10
2.5403151050000004 4.3617788602609814e-10
2.5416663359999996 4.834200717988714e-10
2.5430175680000002 2.012985676900711e-10
2.544368799 3.683482171600423e-10
2.54572003 3.980382328824895e-10
2.547071262 3.4204093375824114e-10
2.548422493 4.113167853974515e-10
2.549773725 3.6109879828914824e-10
2.551124956 2.9959954697490345e-10
2.552476188 1.4095110958451868e-10
2.553827419 1.6476347067015196e-10
2.5551786510000003 1.649914141363125e-10
2.556529882 9.374810711046704e-11
2.557881113 2.8020215190244953e-10
2.559232345 1.5406446300840003e-10
2.560583576 7.892633027609134e-11
2.561934808 6.031988118533227e-11
2.5632860390000003 1.5262024305584813e-11
2.564637271 1.0358204043066518e-10
2.565988502 7.656575886484836e-11
2.567339733 5.003617734777505e-11
2.5686909649999996 1.026409319770095e-10
2.5700421959999997 2.7814635356164248e-11
2.571393428 9.324771895786753e-11
2.572744659 1.1182957658186145e-10
2.574095891 3.526695906088694e-11
2.575447122 2.5784448420513216e-11
2.576798354 5.2603582820615446e-11
2.5781495850000002 1.696302529840079e-11
2.5795008160000004 1.74318498850399e-11
2.580852048 6.08509642826143e-12
2.582203279 9.658257997908133e-12
2.583554511 6.631656351111674e-12
2.584905742 2.501632191356051e-11
2.586256974 3.777913574785542e-11
2.587608205 3.252270557999687e-11
2.588959437 2.507371670340933e-11
2.590310668 1.3942797194154974e-11
2.591661899 1.7621994220099633e-11
2.593013131 1.0902421664021551e-11
2.594364362 1.0091366756354414e-11
2.5957155939999996 1.8621303997434276e-14
2.5970668249999997 2.7304647548910297e-12
2.598418057 9.251218195760449e-13
2.599769288 9.539461765659535e-12
2.601120519 2.0856069360516733e-11
2.602471751 1.4483792965036302e-11
2.603822982 1.2908740670162594e-11
2.6051742140000003 2.231164171405595e-11
2.6065254450000004 1.4003777742706771e-11
2.607876677 2.0275456786494216e-11
2.609227908 3.4551717437111505e-13
2.61057914 1.3450316456926994e-12
2.611930371 2.7760486438216957e-14
2.613281602 3.2096790388192924e-14
2.614632834 1.8544619488825607e-12
2.615984065 1.0455847897028615e-11
2.617335297 3.127949516449453e-13
2.618686528 6.555882174378738e-14
2.62003776 2.8374754830225036e-12
2.621388991 1.2379998589396219e-12
2.622740222 2.5405867579346326e-12
2.6240914539999998 2.0627877801930196e-12
2.625442685 1.3077297043732132e-12
2.626793917 1.3671617858218804e-12
2.628145148 1.0204642771295203e-11
2.62949638 3.767594581121765e-12
2.630847611 6.8189169699409525e-12
2.6321988430000003 5.348689421856396e-12
2.6335500740000004 1.1857903339386681e-11
2.634901305 3.4885838119961265e-12
2.636252537 1.1048617111280763e-11
2.637603768 1.447125941602448e-12
2.6389549999999997 1.6340738765959778e-11
2.640306231 7.58313358592743e-12
2.641657463 1.725423773278582e-11
2.643008694 1.631692391540895e-11
2.6443599250000003 6.202604462321674e-12
2.645711157 1.198077193107754e-14
2.6470623879999997 1.2212497384585406e-14
2.64841362 4.1967889493433155e-13
2.649764851 1.9822792227775193e-13
2.651116083 2.176665205799032e-12
2.652467314 4.322669127824275e-12
2.653818546 2.568540141259985e-13
2.6551697770000002 1.206057420846558e-14
2.6565210080000004 1.1298403513481198e-14
2.65787224 7.228055747836797e-13
2.659223471 2.2301647073043414e-13
2.6605747030000004 5.518871996711488e-14
2.6619259339999997 1.4495539923646941e-12
2.663277166 7.508983508277698e-12
2.664628397 6.453547258461327e-13
2.6659796289999997 6.786525820951322e-12
2.66733086 2.8785492434336138e-12
2.668682091 4.288655286677854e-12
2.670033323 9.91735229884967e-13
2.6713845540000003 5.8920498996740125e-12
2.672735786 2.52084869029419e-11
2.6740870169999997 8.225627753462867e-12
2.675438249 6.964899985534882e-12
2.67678948 5.021567666795157e-12
2.678140711 7.257484116512236e-12
2.679491943 8.175309478096168e-12
2.680843174 3.414048893320358e-12
2.6821944060000003 1.167688418960064e-14
2.6835456370000004 6.787341592081137e-15
2.684896869 2.5276738106237347e-12
2.6862481 2.1395508533416633e-13
2.6875993319999996 3.389005114013714e-12
2.6889505629999997 2.223084590835712e-12
2.690301794 3.047376649311221e-12
2.691653026 3.9745485545663253e-13
2.693004257 3.859957395989236e-13
2.694355489 9.342029603985453e-13
2.69570672 4.38066091432314e-15
2.697057952 3.929241799613362e-13
2.6984091830000003 1.6079114449275744e-12
2.699760414 1.2061078952198676e-12
2.7011116459999998 2.0316315711953133e-12
2.702462877 2.31347697456493e-12
2.703814109 1.7959724345731957e-12
2.70516534 2.7157949597872823e-12
2.706516572 2.0036060479516673e-12
2.707867803 5.829818671175558e-12
2.7092190350000003 8.281274608285962e-12
2.7105702660000004 9.755553718458528e-13
2.7119214969999996 1.1175942136109378e-11
2.713272729 1.513616734252585e-11
2.71462396 6.756908464425289e-12
2.7159751919999997 4.969966682103435e-12
2.717326423 4.723740462145086e-13
2.718677655 6.26003486061778e-15
2.720028886 1.8881445826107586e-12
2.7213801170000003 5.918650197863806e-13
2.722731349 3.818565279500498e-12
2.7240825799999997 3.5058362670437146e-12
2.7254338120000003 8.414735439539281e-13
2.726785043 5.449915567458804e-12
2.7281362749999998 3.669270704759045e-13
2.729487506 9.038825593468536e-15
2.730838738 1.2068342535565063e-12
2.732189969 1.8499280781995932e-14
2.7335412000000003 2.2085770672933996e-12
2.734892432 1.5528230178027958e-12
2.736243663 2.2215252468213972e-14
2.737594895 2.341889255590724e-12
2.7389461259999996 2.3260264254224796e-12
2.740297358 2.3232772772178698e-12
2.741648589 1.0747555729417065e-12
2.7429998209999997 2.6524715816799693e-12
2.744351052 3.2516190816617495e-14
2.745702283 5.920828015900932e-14
2.747053515 8.425641685851768e-13
2.7484047460000003 5.315700164865922e-13
2.749755978 4.4046154959759007e-13
2.7511072089999997 5.223333593322876e-13
2.7524584410000004 1.1270003047852994e-14
2.753809672 5.753643249474435e-15
2.755160903 2.8891602531121865e-14
2.756512135 3.3104661259794403e-12
2.757863366 3.771599890891557e-12
2.7592145980000002 6.91888665252937e-12
2.760565829 4.13071677367539e-12
2.761917061 2.6238368431628636e-12
2.7632682920000002 2.444362764462499e-12
2.764619524 1.8048511405796506e-12
2.7659707549999997 1.557206550652631e-13
2.767321986 1.7944484669062257e-15
2.768673218 1.911962512671811e-15
2.770024449 6.055292984995056e-13
2.771375681 8.979727569098614e-13
2.772726912 7.152241290917568e-13
2.774078144 7.888684532900547e-15
2.7754293750000003 2.4279768613415826e-12
2.776780606 1.2557520665211975e-12
2.7781318379999997 1.9100081760298886e-13
2.779483069 7.1582808076217e-15
2.780834301 1.3522620702212297e-12
2.782185532 3.283872390899447e-12
2.783536764 1.1606660919397378e-12
2.784887995 3.922589910328362e-12
2.786239227 9.455162645372686e-13
2.787590458 2.719556797665204e-12
2.788941689 1.4993942951413287e-12
2.7902929210000003 4.18580556452242e-12
2.791644152 7.986482815613058e-12
2.7929953839999997 5.2372847008602185e-12
2.794346615 3.5393211300786107e-13
2.795697847 8.175177036570167e-13
2.797049078 6.0794924058284e-12
2.7984003090000003 4.915994499430934e-12
2.799751541 1.1247334877656465e-12
2.801102772 2.1122166657682978e-12
2.8024540040000003 4.2239849417403455e-12
2.803805235 3.913019607796747e-12
2.8051564669999998 2.029816168616125e-12
2.806507698 3.707255754515444e-12
2.80785893 3.879244949773764e-12
2.8092101609999998 1.5038235295626244e-12
2.810561392 1.5371333690465096e-13
2.811912624 1.7945205496153235e-12
2.813263855 3.891094056523323e-13
2.814615087 5.64570173082703e-12
2.8159663179999996 3.764665311421121e-12
2.8173175500000003 5.350733477824444e-13
2.818668781 3.021425597161504e-13
2.8200200129999997 7.807836802143329e-13
2.821371244 4.345145970109552e-13
2.822722475 1.08933333551267e-13
2.824073707 1.3915679714620642e-12
2.8254249380000003 4.012077798221001e-14
2.82677617 1.6198609355073676e-12
2.828127401 5.272798929106157e-13
2.8294786330000004 1.7361898713514029e-12
2.830829864 2.4195549986483987e-13
2.8321810949999997 1.645213747000984e-12
2.833532327 1.323619085939972e-12
2.834883558 2.905248368426317e-13
2.83623479 1.2753093670128831e-12
2.837586021 2.285495139728209e-12
2.838937253 5.547626489284006e-13
2.8402884840000002 4.922415749818211e-15
2.841639716 5.0899130080272253e-14
2.8429909469999997 2.7945341083513578e-12
2.8443421779999998 1.5869936763359023e-12
2.84569341 7.208517254534275e-14
2.847044641 1.1836349896199757e-13
2.848395873 5.806048283269657e-15
2.849747104 1.5832986037691863e-12
2.851098336 3.603114763716877e-12
2.8524495670000003 3.939985251966561e-12
2.8538007980000004 2.304057250135802e-12
2.85515203 3.1605764686417803e-12
2.856503261 7.859733773387895e-13
2.8578544929999996 1.9988032284596667e-14
2.8592057239999997 1.659286645281984e-12
2.860556956 1.4031003686789513e-12
2.861908187 1.2705728539747676e-12
2.863259419 9.21452195171179e-13
2.86461065 1.118296756866407e-13
2.865961881 1.4476850883072134e-12
2.8673131130000002 9.885659376264502e-13
2.868664344 1.343508376176716e-12
2.8700155759999997 2.6259867815359906e-12
2.871366807 1.4833103131717672e-14
2.872718039 7.430354100317365e-14
2.87406927 4.738490661339402e-12
2.8754205010000002 6.264719082689566e-12
2.876771733 4.78393709756627e-14
2.878122964 2.2326165470675873e-14
2.8794741960000003 6.389754940784725e-12
2.8808254270000004 6.6759030710107664e-12
2.882176659 3.8134089737929304e-12
2.88352789 7.154088775670959e-12
2.8848791219999996 4.701393472118716e-14
2.8862303529999997 1.0697017381617736e-14
2.887581584 9.430153106892098e-15
2.888932816 7.165190849930379e-15
2.890284047 3.30953721854483e-14
2.891635279 5.910512847759395e-13
2.89298651 9.693027596566915e-13
2.8943377420000003 4.990113968362478e-13
2.895688973 3.884355285877445e-13
2.8970402049999997 5.956416861064599e-13
2.898391436 7.051676418806524e-13
2.899742667 6.631777300650146e-14
2.901093899 6.59423361768295e-13
2.9024451300000003 1.021916248365579e-12
2.903796362 6.877938827876441e-13
2.905147593 1.267316345017256e-12
2.9064988250000003 6.935835413631203e-13
2.907850056 1.367395510403654e-12
2.9092012869999997 2.073314707389188e-12
2.910552519 6.714881908442116e-14
2.91190375 9.337034234787957e-14
2.9132549819999998 1.939375398876046e-13
2.914606213 7.783813549221505e-14
2.915957445 1.778605456418868e-14
2.917308676 7.61863779638133e-14
2.918659908 1.8448910028550648e-12
2.920011139 3.782640613394676e-12
2.9213623699999998 7.75201427598772e-12
2.922713602 3.1436373920660715e-12
2.924064833 1.7735202473891422e-12
2.925416065 6.472784532775035e-12
2.926767296 8.529178240088293e-13
2.928118528 8.979387938213574e-15
2.9294697590000003 9.604933668575331e-15
2.93082099 1.3496818435437225e-14
2.932172222 4.772053497421982e-12
2.933523453 1.740654573368204e-12
2.934874685 1.2467624173101069e-14
2.9362259159999997 1.9258027889392508e-12
2.937577148 6.685978333127752e-12
2.938928379 5.033338273525673e-12
2.940279611 5.365101134691559e-12
2.941630842 1.2400079895385783e-12
2.942982073 6.209673576044041e-15
2.9443333050000002 7.554398149164237e-13
2.9456845360000004 3.1244523298330853e-12
2.947035768 3.2510812524900227e-12
2.948386999 5.730892461876728e-12
2.949738231 9.519369765435297e-13
2.951089462 1.052591916406551e-12
2.952440694 6.106591083451607e-12
2.953791925 2.0757962636532905e-12
2.955143156 3.978145661544929e-15
2.956494388 4.414125736116628e-14
2.957845619 3.2560321439392376e-14
2.959196851 2.0502223838698717e-12
2.960548082 1.3904244643785522e-12
2.9618993139999996 4.404561549573553e-15
2.9632505449999997 4.785574839203771e-15
2.964601776 2.7038746436567267e-13
2.965953008 1.5617951144788292e-12
2.967304239 1.395933403720488e-12
2.968655471 7.549028268464215e-13
2.970006702 1.2252293227843269e-12
2.9713579340000003 8.149618022289944e-13
2.9727091650000004 2.1819978652040185e-12
2.974060397 3.813686957318439e-12
2.975411628 3.233020971643032e-12
2.976762859 2.3107609141205872e-12
2.978114091 2.212366000521261e-12
2.979465322 8.977589141436269e-13
2.980816554 3.1726811295285776e-12
2.982167785 4.741937524600679e-12
2.983519017 3.4834513080870326e-12
2.984870248 9.144666334107088e-13
2.9862214789999997 2.245666055786694e-15
2.987572711 7.237476704737464e-14
2.988923942 1.023728129699727e-12
2.9902751739999998 4.889380234565771e-12
2.991626405 5.698341907218819e-12
2.992977637 5.6919431422060214e-12
2.994328868 7.070199215251067e-12
2.9956801 4.647051779339214e-12
2.997031331 5.370777452976635e-12
2.9983825619999998 4.532920029447012e-12
2.9997337940000004 2.984505923274647e-12
3.001085025 2.2345535446397953e-12
3.002436257 3.0851080157981925e-12
3.003787488 4.402351594804424e-12
3.0051387199999997 3.5491246043372306e-12
3.006489951 2.4714359284355366e-12
3.007841182 5.784934921045532e-13
3.009192414 6.0845551356410825e-12
3.0105436450000003 5.273460318290535e-12
3.011894877 3.4470455999511768e-12
3.0132461079999997 4.739668212157001e-12
3.01459734 9.931698513518714e-13
3.015948571 2.967602827898211e-15
3.017299803 2.8116261507868874e-15
3.018651034 7.483084279140388e-13
3.020002265 1.0965808576429433e-12
3.021353497 1.7080342687882694e-12
3.0227047280000003 1.64193662397208e-12
3.02405596 1.4513603705092406e-13
3.0254071909999998 8.070976571753397e-14
3.0267584230000004 3.619811466463259e-12
3.0281096539999997 7.276491429692902e-12
3.029460886 6.780803648406129e-12
3.030812117 3.5423522881305643e-12
3.032163348 3.6158076118989523e-12
3.03351458 1.5131144612897774e-11
3.034865811 2.2360697220257885e-11
3.036217043 1.4785980926916704e-11
3.0375682740000003 4.34281058269788e-12
3.038919506 1.2792195137567775e-11
3.0402707369999997 1.1858031882720856e-11
3.041621968 8.429202008846753e-12
3.0429732 5.365587714843637e-12
3.044324431 1.2731950579136221e-11
3.045675663 1.728191628187694e-11
3.047026894 2.85682726339621e-11
3.0483781260000002 1.3400213224265492e-11
3.0497293570000004 2.0159276830893055e-12
3.051080589 8.948676143384039e-12
3.05243182 4.877730700072043e-12
3.053783051 1.972381906919764e-12
3.0551342829999997 7.233012400242459e-12
3.056485514 7.433184174421403e-12
3.057836746 4.378734825821587e-12
3.059187977 5.599250010556486e-12
3.060539209 1.2862953971363707e-11
3.06189044 1.3513174474825683e-11
3.063241671 1.183011009334426e-11
3.0645929030000003 1.5005639171406713e-11
3.065944134 1.7305678280289607e-11
3.0672953659999997 8.388299467567433e-12
3.068646597 2.276034952020549e-14
3.069997829 1.1714153375675558e-11
3.07134906 3.0910757012904105e-11
3.072700292 2.258437410453625e-11
3.074051523 7.832792129440164e-12
3.075402754 5.7005247028514195e-12
3.0767539860000004 1.156129584339637e-11
3.0781052169999996 1.8464429202227747e-11
3.079456449 1.0720140540022051e-11
3.08080768 9.925887063870071e-12
3.0821589119999997 1.4435629725718274e-11
3.083510143 1.4383846666977718e-11
3.084861374 3.3278765837413384e-12
3.086212606 3.1580301325001412e-12
3.0875638370000003 3.9772996958773433e-13
3.088915069 1.2120995299412835e-12
3.0902662999999997 3.7126094266843774e-13
3.0916175320000003 1.4411763541322874e-11
3.092968763 1.9675081135572593e-11
3.0943199949999998 2.03207871806887e-11
3.095671226 1.3588106927410867e-11
3.097022457 5.418127504552162e-14
3.098373689 1.3550647520367817e-11
3.0997249200000003 8.046161756334518e-12
3.101076152 1.02063798783427e-11
3.102427383 1.1401206900589514e-11
3.103778615 1.6243104457912232e-11
3.1051298459999996 1.1468896870010218e-11
3.106481078 5.816592802651417e-12
3.107832309 1.3415805544499416e-12
3.10918354 3.234575469467213e-12
3.110534772 8.971272037274038e-12
3.111886003 1.4022127248870256e-11
3.113237235 1.231765000394241e-11
3.1145884660000003 1.9548165325280514e-11
3.115939698 1.7525018606702577e-11
3.1172909289999997 4.877641261169287e-12
3.11864216 1.7137084335421434e-12
3.119993392 2.5121283810886586e-11
3.121344623 2.343998819119575e-11
3.122695855 2.045210262487779e-11
3.124047086 1.460070372395333e-11
3.1253983180000002 1.86333872012082e-11
3.126749549 2.0055845547029304e-11
3.128100781 3.804656003811291e-11
3.1294520120000002 2.395334705245362e-11
3.130803243 3.146836529830577e-11
3.1321544749999997 1.5370865983353187e-11
3.133505706 4.509338591251908e-11
3.134856938 4.2062904606260127e-11
3.136208169 3.636615775089383e-11
3.137559401 1.1262098223845945e-11
3.138910632 1.8416724906227868e-11
3.140261863 1.7075872092491445e-11
3.1416130950000003 3.431864959317459e-11
3.142964326 7.496083401240627e-11
3.1443155579999997 2.6691931593663455e-11
3.145666789 1.5676232492850297e-11
3.147018021 4.6853321558683404e-11
3.148369252 7.528041684596642e-11
3.149720484 4.954790253956209e-11
3.151071715 4.040234077535979e-11
3.152422946 4.3461555829771436e-11
3.153774178 3.535623985441836e-11
3.155125409 2.3391766830706503e-11
3.1564766410000002 3.344966687945569e-11
3.157827872 1.6129304847942777e-11
3.1591791039999997 3.056412702868806e-11
3.160530335 6.60451205837988e-11
3.161881566 6.400109073450937e-11
3.163232798 7.381567110975861e-11
3.1645840290000002 2.4895344561999216e-11
3.165935261 1.40974630771752e-11
3.167286492 3.26142718712454e-11
3.1686377240000003 3.4272560919261175e-11
3.169988955 1.3648741909194903e-11
3.1713401869999998 1.2498017754274579e-11
3.172691418 1.620575786864663e-11
3.174042649 1.2083849730154525e-11
3.1753938809999998 1.067872085598631e-11
3.176745112 1.6810666202707654e-11
3.178096344 5.972416394325939e-12
3.179447575 1.970246443459665e-12
3.180798807 6.382664442687664e-12
3.182150038 6.227817381308802e-12
3.1835012700000003 2.5233224827388425e-12
3.184852501 3.969924267205823e-13
3.186203732 3.470987175375029e-12
3.187554964 3.684537052294911e-12
3.188906195 3.7964571608706273e-14
3.190257427 4.6779052772945484e-12
3.1916086580000003 2.3188763355722237e-11
3.19295989 2.1687051191915866e-11
3.194311121 1.2853169298018011e-11
3.195662352 7.530901645751021e-12
3.197013584 2.4487421347947846e-11
3.1983648149999997 1.7711438094860086e-11
3.199716047 2.9933175811565924e-12
3.201067278 1.590575326968144e-11
3.2024185099999998 2.9398190798505704e-11
3.203769741 2.2273078774417544e-11
3.205120973 8.951717368066563e-12
3.206472204 8.273724530506641e-12
3.207823435 1.5453365143941094e-11
3.209174667 2.0855513996073097e-11
3.2105258979999998 3.781483098421346e-11
3.21187713 3.5533369841496717e-11
3.213228361 1.8075211540904445e-11
3.214579593 3.1766033212733135e-11
3.215930824 2.9910907146809725e-11
3.217282055 8.50085351910906e-12
3.2186332870000003 9.715297374922124e-12
3.2199845180000004 1.0029049208831123e-11
3.22133575 2.3138271670702453e-11
3.222686981 3.552435522170131e-11
3.2240382129999996 3.913812780668823e-11
3.2253894439999997 2.979114457239973e-11
3.226740676 6.0171868818857426e-12
3.228091907 5.45705918479424e-12
3.229443138 1.7438363548845444e-11
3.23079437 1.7621342897384396e-11
3.232145601 2.7456987159858615e-11
3.2334968330000002 1.842196286580166e-11
3.234848064 1.6479096870487058e-11
3.2361992959999997 3.305283096077162e-11
3.237550527 2.7304417474918872e-11
3.238901759 8.184967590386028e-12
3.24025299 5.042624250726472e-14
3.2416042210000002 4.376820391209166e-12
3.242955453 4.453700909882688e-12
3.244306684 1.1873969290098649e-11
3.2456579160000003 2.229953595600468e-11
3.2470091470000004 3.0224966615954974e-11
3.248360379 5.7441391825594215e-11
3.24971161 7.940645804028562e-11
3.251062841 5.29242871225174e-11
3.2524140729999997 2.118719958021508e-11
3.253765304 2.8688365993996772e-11
3.255116536 1.2745812672445552e-12
3.256467767 5.487548876190903e-12
3.257818999 9.615417970105374e-14
3.25917023 1.4503402515461687e-11
3.2605214620000003 3.0871547786581205e-11
3.261872693 4.104411806667054e-11
3.263223924 3.868640700257255e-11
3.264575156 1.6565976236060164e-11
3.265926387 6.541490175188854e-14
3.267277619 2.7842185520215376e-13
3.2686288500000003 8.156165267438852e-12
3.269980082 7.865881214351407e-14
3.271331313 2.1121607801068664e-11
3.272682544 1.1583488113382675e-11
3.274033776 6.467542153796011e-12
3.2753850069999997 2.3256470909202317e-11
3.276736239 2.7594023955786128e-11
3.27808747 5.281063054547972e-11
3.2794387019999998 3.6229642127169216e-11
3.280789933 8.19644178324776e-12
3.282141165 1.2632116679287845e-11
3.283492396 2.820103570738386e-11
3.2848436270000003 2.4918848649232185e-11
3.286194859 3.435763754292947e-11
3.2875460899999998 6.865439673535155e-11
3.288897322 6.609487655738366e-11
3.290248553 4.917651223390707e-11
3.291599785 3.33637038819963e-11
3.292951016 1.848334287929287e-11
3.294302247 2.568667206822746e-11
3.2956534790000003 3.384401281602519e-11
3.29700471 4.001359156553377e-12
3.298355942 5.049098131134356e-14
3.299707173 6.315783427923587e-13
3.301058405 1.879647231945274e-11
3.3024096359999997 3.198452905633906e-11
3.303760868 2.673088699317316e-11
3.305112099 1.035499162388598e-11
3.30646333 4.8852539107495026e-14
3.307814562 2.2180956988650976e-11
3.309165793 2.8442135718675456e-11
3.3105170250000002 2.418309031651124e-11
3.3118682560000003 5.1848939397057184e-11
3.313219488 1.7479098357244705e-11
3.3145707189999998 1.7993787021873485e-13
3.315921951 1.2065891223224474e-12
3.317273182 1.712247696212421e-11
3.318624413 2.6121502008654284e-11
3.319975645 2.350094294931822e-11
3.321326876 4.1397391705360793e-11
3.322678108 1.9979969857956203e-11
3.324029339 2.0250231964571495e-11
3.325380571 1.8436685714659986e-11
3.326731802 1.6648766719418728e-11
3.328083033 5.326241105168278e-12
3.3294342649999997 1.0825428630159255e-13
3.330785496 4.680899488462047e-12
3.332136728 9.5235753336171e-12
3.333487959 6.875373652987107e-12
3.334839191 4.647722123959883e-12
3.336190422 1.087310368424235e-11
3.3375416540000002 3.456589739184814e-11
3.3388928850000004 1.1422108744998475e-12
3.340244116 7.216384923706428e-14
3.341595348 2.064726045393973e-11
3.342946579 5.7135550859156474e-11
3.344297811 4.3353304711345385e-11
3.345649042 2.3157100398442206e-11
3.347000274 3.645301901286879e-11
3.348351505 3.46669696573117e-11
3.3497027360000002 4.005771823267478e-11
3.351053968 3.1552805072014397e-11
3.3524051989999997 1.7318946212360134e-11
3.353756431 7.294489749153403e-14
3.355107662 7.763153992960414e-14
3.3564588939999997 1.486093849635138e-13
3.357810125 1.2196889342110133e-11
3.359161357 2.46670832516112e-11
3.360512588 2.355813402163595e-11
3.3618638190000003 5.5405946436365954e-11
3.363215051 6.761055091545691e-11
3.3645662819999997 1.8159184383799683e-11
3.3659175140000004 3.2617336348648964e-11
3.367268745 8.207429593479999e-11
3.368619977 1.0712274571568993e-10
3.369971208 1.0552076645398991e-10
3.371322439 7.864840503337963e-11
3.372673671 6.03674881305802e-11
3.374024902 4.036251559433021e-11
3.375376134 4.5830533240507586e-11
3.3767273650000003 7.295770307515152e-11
3.378078597 1.2422194940005788e-10
3.3794298279999997 6.943574477437203e-11
3.38078106 1.881543274770304e-13
3.382132291 2.922247074322727e-13
3.383483522 1.0131950427657189e-10
3.384834754 9.49589440749533e-11
3.386185985 7.410164642053013e-11
3.387537217 9.205682805315193e-11
3.3888884480000003 1.0858564395607114e-10
3.39023968 3.99307489681275e-11
3.3915909109999998 6.0511275071471976e-12
3.3929421430000004 9.859741177873469e-11
3.3942933739999996 2.04781138194632e-11
3.3956446049999998 1.5375336223103577e-13
3.396995837 4.805449629372953e-12
3.398347068 1.2056351362142406e-10
3.3996983 1.115406008595972e-10
3.401049531 6.508358401196738e-11
3.402400763 5.934649762796351e-11
3.4037519940000003 5.674796245852838e-11
3.405103225 3.810785359428801e-11
3.4064544569999997 4.081140519905758e-11
3.407805688 3.886443050197301e-11
3.40915692 2.1128704864911604e-11
3.410508151 8.186290988894489e-11
3.411859383 8.683993073355098e-11
3.413210614 7.557698158033111e-11
3.4145618460000002 7.036126077957528e-11
3.4159130770000004 4.845159767528615e-11
3.4172643079999996 3.9637622136081204e-11
3.41861554 1.898122491561928e-13
3.419966771 5.383368100008559e-11
3.4213180029999997 5.862632603731511e-11
3.422669234 2.5274823219338057e-11
3.424020466 5.426475693688296e-11
3.425371697 7.194258053760855e-11
3.4267229280000002 8.555817557241861e-11
3.42807416 3.00570567422697e-11
3.429425391 1.7554905457650456e-12
3.4307766230000003 1.273788110926553e-13
3.432127854 1.783684705852998e-11
3.4334790859999997 6.988260773645669e-11
3.434830317 1.3997783362057838e-13
3.436181549 3.3609917066072454e-13
3.43753278 1.3335446597965432e-12
3.4388840110000003 4.220319655491909e-11
3.440235243 4.7029094905471214e-11
3.441586474 2.2184424957375893e-11
3.4429377060000004 9.13478146128787e-11
3.4442889369999996 1.3911697125818488e-10
3.445640169 8.660850926927794e-11
3.4469914 4.4393784391906925e-11
3.448342631 3.664919419913147e-11
3.449693863 2.5087555646284117e-11
3.451045094 5.402992052676442e-11
3.452396326 5.171857923197962e-11
3.4537475570000002 2.8228653427942052e-11
3.455098789 3.636137970304473e-11
3.45645002 3.154138170721515e-11
3.4578012520000003 1.0493968674704135e-10
3.459152483 4.840340225990185e-11
3.460503714 1.3191110951595237e-11
3.461854946 1.653784485950092e-11
3.463206177 1.1469608156849654e-10
3.464557409 1.220352864222495e-10
3.4659086400000003 5.066781487453266e-11
3.467259872 1.6958862378440694e-12
3.468611103 2.34291455321734e-12
3.469962335 1.4986532954235575e-13
3.4713135659999996 5.925210090014558e-12
3.4726647969999997 4.042690860624611e-11
3.474016029 4.762727253105692e-12
3.47536726 4.523309163706941e-12
3.476718492 3.7213100169090036e-12
3.478069723 1.0295604993093808e-11
3.479420955 2.428499260639758e-11
3.4807721860000003 1.7874091315780886e-12
3.482123417 1.1039065058224258e-13
3.483474649 3.057911186128775e-13
3.48482588 1.917087122664327e-11
3.486177112 7.851396333931817e-11
3.487528343 5.366241506273412e-11
3.488879575 3.130557266975396e-11
3.490230806 2.42653918084848e-11
3.491582038 4.640037095455898e-12
3.492933269 3.2402991759353153e-11
3.4942845 5.7195009407232604e-11
3.495635732 4.4349118774065176e-11
3.496986963 3.342185605556928e-11
3.4983381949999997 9.296844075479628e-12
3.4996894259999998 9.771655354245338e-14
3.501040658 2.5619345959472714e-13
3.502391889 2.133257044025014e-11
3.50374312 2.7529384199714908e-11
3.505094352 7.571299800759544e-12
3.506445583 3.4318532656900576e-12
3.5077968150000003 2.730860370795431e-11
3.509148046 4.5867620416681366e-11
3.5104992779999997 4.56642290260926e-12
3.511850509 1.0353692620868541e-13
3.513201741 1.667424785382343e-12
3.514552972 2.940522827380482e-11
3.515904203 1.8413995524212785e-11
3.517255435 3.636669891085914e-11
3.518606666 4.9613542633285205e-11
3.519957898 2.4126699029055532e-11
3.521309129 2.264209797432423e-11
3.5226603610000002 7.734422440916528e-12
3.524011592 8.676571903324994e-12
3.5253628239999997 7.070552796515639e-12
3.526714055 5.8771107667085e-11
3.528065286 3.571927331132404e-11
3.529416518 1.9001577338503847e-11
3.5307677490000002 2.4530711257285232e-11
3.532118981 4.327093478947211e-11
3.533470212 6.236094308113799e-11
3.5348214440000003 4.777287543996943e-11
3.536172675 1.9935752215317603e-11
3.537523906 2.2682567443368248e-11
3.538875138 2.2967666058467106e-11
3.540226369 6.490740745553478e-11
3.5415776009999997 7.912004582843069e-11
3.542928832 7.444350389805806e-11
3.544280064 5.914728678176247e-11
3.545631295 2.279745340152125e-12
3.546982527 4.168218761687383e-11
3.548333758 5.281383966754965e-11
3.5496849889999997 6.067984839790679e-11
3.551036221 3.027539595281075e-11
3.552387452 3.2437281406926204e-11
3.553738684 6.713154163299319e-11
3.555089915 6.614368445472481e-11
3.556441147 5.566642522814787e-11
3.5577923780000003 6.469800275949382e-11
3.5591436090000004 6.73079613460312e-11
3.560494841 5.093204265749464e-11
3.561846072 7.272772847867074e-11
3.563197304 7.791494457861156e-11
3.5645485349999997 8.654127923052823e-12
3.565899767 1.9745353169181033e-11
3.567250998 8.297646579464053e-11
3.5686022299999998 1.3772247110488144e-10
3.569953461 1.3097076370200823e-11
3.571304692 6.838388747493004e-11
3.572655924 1.1883966557211077e-10
3.574007155 1.296308467760676e-10
3.575358387 7.648010242544488e-11
3.5767096179999998 3.158505045196262e-11
3.57806085 6.783443102217185e-12
3.579412081 5.2884487984395505e-11
3.580763312 1.2457597737623726e-10
3.582114544 9.504897629185518e-11
3.583465775 6.150889505464428e-11
3.5848170070000003 6.250180408169354e-11
3.5861682380000004 6.524810911978609e-11
3.58751947 7.382183720811233e-11
3.588870701 1.1177158409739267e-10
3.5902219329999996 4.3454586252373975e-11
3.5915731639999997 4.119218691869867e-11
3.592924395 3.6985905907447907e-11
3.594275627 2.488543077800187e-13
3.595626858 2.9615833297496613e-12
3.59697809 2.97856462949746e-11
3.598329321 6.034984923025384e-11
3.5996805530000002 4.312256716774164e-12
3.601031784 3.2975579099096954e-11
3.602383016 9.743166947537899e-13
3.603734247 9.252337918642392e-12
3.605085478 1.6837442393180904e-10
3.60643671 3.395174259795647e-10
3.607787941 2.0606630087051516e-10
3.609139173 1.2638601608070219e-10
3.610490404 8.774110806656342e-11
3.6118416360000003 1.1081587836604859e-10
3.6131928670000004 1.1697171857107335e-10
3.6145440979999997 9.137632524563348e-11
3.61589533 9.785072325334341e-11
3.617246561 1.6535806220486073e-10
3.6185977929999997 1.0187967498782455e-10
3.619949024 3.368387427322279e-12
3.621300256 5.987692970140095e-11
3.622651487 2.6176835170169277e-10
3.624002719 2.5233907218581233e-10
3.62535395 1.4604393143753441e-10
3.6267051809999997 4.189051770951372e-11
3.628056413 2.740387149560042e-11
3.629407644 4.297954154953602e-11
3.630758876 4.761701576966878e-11
3.632110107 1.708279364616958e-11
3.633461339 9.577021817566945e-12
3.6348125700000002 1.2048399400755198e-10
3.6361638010000004 1.0591438207336847e-10
3.637515033 8.646968224755312e-11
3.638866264 9.593529815331575e-11
3.640217496 4.9276186975243636e-12
3.6415687269999997 6.39557360322436e-11
3.642919959 2.1645747467026915e-10
3.64427119 2.7721143889613013e-10
3.6456224219999998 2.9654029275710345e-10
3.646973653 1.5999521124182214e-10
3.648324884 5.592419347125975e-13
3.649676116 3.028470066435357e-11
3.6510273470000003 1.386590058937987e-10
3.652378579 2.1240049718986631e-10
3.6537298099999997 1.9869647673987132e-10
3.655081042 2.866948225003125e-10
3.656432273 6.731548409549227e-11
3.657783504 3.6603170969084656e-13
3.659134736 3.7286652023013203e-13
3.660485967 1.0507503872706294e-12
3.6618371990000003 6.160983369603235e-11
3.66318843 4.286981071855902e-11
3.664539662 3.734585554433631e-11
3.665890893 3.3439785728644968e-12
3.667242125 4.060558941034936e-13
3.6685933559999997 4.1217626995249795e-13
3.669944587 8.995235459531344e-12
3.671295819 1.1711334674391612e-10
3.67264705 1.5043026585936614e-10
3.673998282 2.7560492734142393e-10
3.675349513 1.5059154329543095e-10
3.676700745 1.2996051177216082e-10
3.6780519760000003 1.637022079722871e-10
3.679403208 1.2551084422889614e-10
3.6807544389999998 5.0309302906196384e-11
3.68210567 7.078931093733616e-11
3.683456902 1.7748374298712743e-10
3.684808133 2.5735036495965196e-10
3.686159365 1.9496120097677252e-10
3.687510596 5.271756095856939e-13
3.688861828 6.345359260722875e-13
3.690213059 4.624180183933157e-11
3.6915642899999996 2.368142771420658e-10
3.692915522 3.3452495101536743e-10
3.694266753 2.132848582730437e-10
3.6956179849999997 8.608595891549983e-11
3.696969216 6.150367439186289e-11
3.698320448 9.969398749315031e-11
3.699671679 2.9485260135859625e-10
3.701022911 3.757269958255248e-10
3.702374142 3.6749390634409934e-10
3.703725373 4.2043742085601146e-10
3.7050766050000004 5.851124158707981e-10
3.706427836 3.8777827474824815e-10
3.707779068 1.641698367753248e-10
3.709130299 2.535694279825094e-10
3.710481531 2.9314789403794386e-10
3.711832762 9.313614173403917e-11
3.713183993 8.307087795500274e-12
3.714535225 8.556594321356882e-11
3.7158864560000002 3.5939608734315463e-10
3.717237688 2.2008117613670663e-10
3.7185889189999997 3.4584371478274874e-10
3.719940151 5.717483958948278e-10
3.721291382 1.2115258854382856e-09
3.7226426139999997 1.2820000464739052e-09
3.723993845 9.854511458216567e-10
3.725345076 7.729937094497925e-10
3.726696308 2.383667248312496e-10
3.7280475390000003 2.991910528307175e-11
3.729398771 3.8259186305867033e-10
3.730750002 3.570265898742443e-10
3.7321012340000004 8.11856097830033e-10
3.733452465 7.809453132138285e-10
3.7348036959999997 2.9326765157454624e-10
3.736154928 2.0304292442000777e-10
3.737506159 9.102361566194147e-12
3.738857391 2.4731508243119445e-11
3.740208622 9.135245699008461e-10
3.741559854 3.2371100932957365e-09
3.7429110850000002 2.448413260813822e-09
3.744262317 9.504133519281777e-10
3.7456135479999997 9.070565820432222e-10
3.746964779 2.926711308830841e-09
3.748316011 4.34704062848303e-09
3.749667242 6.756371740129589e-09
3.751018474 5.753226044446937e-09
3.752369705 3.036068567406647e-09
3.753720937 7.214917680727549e-10
3.7550721680000003 4.3857220349272784e-10
3.7564234 1.7797287116820615e-11
3.757774631 6.926379019845114e-12
3.759125862 7.370243260996837e-12
3.7604770939999996 3.616207672676235e-10
3.7618283249999998 6.550350726819056e-09
3.763179557 4.42860586691668e-09
3.764530788 1.2196988647069459e-09
3.76588202 2.8147467441669496e-09
3.767233251 3.166784238368541e-09
3.768584482 3.6376348802264653e-09
3.7699357140000003 4.628197254353711e-09
3.771286945 3.972616025463353e-09
3.7726381769999997 3.5117473460893175e-09
3.773989408 3.311774700229993e-09
3.77534064 4.980160142309242e-09
3.776691871 3.6157923459189637e-09
3.778043103 1.7210252966384817e-09
3.779394334 4.2779932376487515e-09
3.780745565 8.332804060643489e-09
3.7820967970000003 9.524304892414047e-09
3.7834480279999996 7.805036363976095e-09
3.7847992599999998 3.3058534996623986e-09
3.786150491 5.952520429170758e-09
3.7875017229999997 6.5405372194801615e-09
3.7888529539999998 7.696713382913533e-09
3.790204185 6.763748829231774e-09
3.791555417 7.936925749321352e-09
3.792906648 1.600182518118584e-08
3.79425788 2.5675262876830905e-08
3.795609111 1.9883010498913103e-08
3.7969603430000003 1.7553641301759485e-08
3.798311574 2.8657149748000394e-08
3.7996628059999997 2.997248142200578e-08
3.801014037 1.3635487136733514e-08
3.802365268 1.992372254469693e-08
3.8037165 2.1547200438372365e-08
3.8050677310000003 2.6441024538240984e-08
3.806418963 5.066685593481705e-08
3.807770194 6.114502150463771e-08
3.8091214260000004 3.3053263692598174e-08
3.8104726569999996 2.0133894385584048e-08
3.811823889 1.5555447719757094e-10
3.81317512 2.0206891481614977e-09
3.814526351 7.3528439317873445e-09
3.815877583 2.432307784944888e-09
3.817228814 1.934504753252898e-08
3.818580046 4.3155761384930906e-08
3.8199312770000002 3.4036964253518103e-08
3.821282509 1.9480648293144424e-09
3.82263374 2.739061853233731e-08
3.823984971 4.7215344714055984e-09
3.825336203 1.5159182442363104e-08
3.826687434 1.508614671996686e-08
3.828038666 9.80050297560822e-09
3.829389897 1.943349077404822e-08
3.830741129 5.215884300479193e-08
3.8320923600000003 1.054519064022494e-07
3.833443592 1.427167164163917e-07
3.834794823 2.0229033591603412e-07
3.836146054 2.4625034779212315e-07
3.8374972859999996 2.233384104526535e-07
3.8388485169999997 2.0637144321606766e-07
3.840199749 1.4549067713838036e-07
3.84155098 2.0936182943025578e-08
3.842902212 5.231863823154259e-10
3.844253443 1.1917234632675026e-08
3.845604674 1.5181891951662002e-07
3.8469559060000003 2.9646292713907654e-07
3.848307137 3.5969977083735436e-07
3.849658369 2.736385344264655e-07
3.8510096 1.6098575759597447e-07
3.852360832 9.864678057130492e-09
3.853712063 2.315921804628292e-09
3.855063295 3.252229514443513e-07
3.856414526 4.496419871323911e-07
3.857765757 2.7052313776862984e-07
3.859116989 1.5067801781958384e-07
3.86046822 3.8990369331633533e-07
3.861819452 5.628703533896819e-07
3.863170683 5.539490669402271e-07
3.8645219149999996 5.701474621110458e-07
3.8658731459999998 7.934562013457784e-07
3.867224377 9.794953669525042e-07
3.868575609 5.836266488534182e-07
3.86992684 1.2560186924685808e-07
3.871278072 2.994097457541491e-07
3.872629303 2.3796370997587894e-07
3.8739805350000003 2.8198484079562785e-08
3.875331766 1.7746602214193945e-09
3.876682998 1.891233039058367e-09
3.878034229 2.0111840171985008e-09
3.87938546 2.133896895731192e-09
3.880736692 2.942652677055137e-09
3.882087923 7.496429286732474e-07
3.883439155 1.6313180245655123e-06
3.884790386 2.0922104381419005e-06
3.886141618 2.5998312787381713e-06
3.887492849 2.4846815734527197e-06
3.8888440810000002 1.7043748385262683e-06
3.890195312 1.4910295660124636e-06
3.891546543 2.406041372563892e-06
3.892897775 2.3277000283400306e-06
3.894249006 2.0026779934044773e-06
3.895600238 1.3424963239023164e-06
3.8969514690000002 1.380979005354432e-06
3.898302701 8.182327577110596e-07
3.899653932 6.298360298858595e-07
3.9010051629999998 6.279987766095246e-08
3.902356395 2.6841277529798327e-08
3.903707626 5.501183481884014e-09
3.905058858 4.179595283943514e-09
3.906410089 4.246134891775093e-09
3.9077613209999997 4.308500511644362e-09
3.909112552 4.366920770551139e-09
3.910463784 2.1829718502159973e-08
3.911815015 7.615136817059066e-07
3.913166246 2.6020316506429413e-06
3.914517478 4.045398635970549e-06
3.9158687089999997 4.483706085501998e-06
3.917219941 2.5651372701602507e-06
3.918571172 1.4058707996945448e-06
3.919922404 6.694675627933189e-07
3.921273635 1.0513458383112366e-06
3.922624866 2.2032569086149816e-06
3.9239760980000002 3.974992683093144e-06
3.9253273290000004 3.5574328291502463e-06
3.926678561 2.471556161053163e-07
3.928029792 6.102258410251529e-07
3.929381024 3.48008425966146e-06
3.9307322549999997 3.077613294347916e-06
3.932083487 1.7001819464658848e-06
3.933434718 1.5697744715408407e-06
3.934785949 1.291036624985111e-06
3.936137181 7.991170122295126e-07
3.937488412 2.6520032238972533e-07
3.938839644 3.7993284556975384e-07
3.940190875 9.541323333758958e-07
3.941542107 1.6515993683445474e-06
3.9428933379999997 2.411968265730766e-06
3.944244569 4.045917467798587e-06
3.945595801 3.94524193436634e-06
3.946947032 2.9011630339290633e-06
3.948298264 2.33752174612081e-06
3.949649495 2.1022178170292647e-06
3.9510007270000003 2.170321524506561e-06
3.9523519580000004 3.910043799936807e-06
3.95370319 6.166381792275045e-06
3.955054421 5.837087519167332e-06
3.956405652 4.22717853682003e-06
3.9577568839999997 4.371513137456441e-06
3.959108115 3.1349432816793747e-06
3.960459347 2.412456646155774e-06
3.961810578 4.657869476197275e-06
3.96316181 5.691788122467128e-06
3.964513041 4.726708637655084e-06
3.965864273 2.374513562197078e-06
3.967215504 6.594422297175383e-07
3.968566735 8.785462937259187e-08
3.9699179669999998 9.647551626871202e-07
3.971269198 3.908194538025522e-06
3.97262043 6.325170750512611e-06
3.973971661 7.775161112304307e-06
3.975322893 6.1493232441894565e-06
3.976674124 6.364531750845829e-06
3.978025355 8.439340593180444e-06
3.9793765870000004 1.117509446052234e-05
3.9807278179999996 1.135047109557888e-05
3.98207905 9.45752369988604e-06
3.983430281 8.320808798325046e-06
3.9847815129999997 6.886858625845501e-06
3.986132744 3.6292972415258556e-06
3.987483976 2.318453072460616e-06
3.988835207 3.1427420942806555e-06
3.9901864380000003 4.6462977875036555e-06
3.99153767 4.620471499855559e-06
3.9928889009999997 2.1926046369447664e-06
3.994240133 1.422665842330405e-06
3.995591364 1.105925838783986e-06
3.996942596 6.445125008624505e-07
3.998293827 9.72269282848416e-07
3.999645058 2.2393330107648695e-06
4.00099629 4.338165481331747e-06
4.002347521 5.93541875052105e-06
4.003698753 6.791345711820393e-06
4.005049984 4.896057189885651e-06
4.006401216 2.368952293042083e-06
4.007752447 7.489218832320266e-07
4.009103679 2.197743950352477e-06
4.01045491 2.7846747280915583e-06
4.011806141 3.2738066715588953e-06
4.013157373 3.6997475636216288e-06
4.014508604 2.812528868515366e-06
4.015859836 3.3005613537455907e-06
4.017211067 5.696917862611876e-06
4.018562299 6.99084915591545e-06
4.01991353 5.6592278858080874e-06
4.021264761 4.210111923470822e-06
4.022615993 3.356444325475985e-06
4.023967224 2.1712217177045476e-06
4.025318456 1.7315017783573566e-06
4.026669687 2.2040721707286006e-06
4.028020919 3.0554856309139833e-06
4.02937215 3.619870012266336e-06
4.030723382 2.339406586823064e-06
4.032074613 2.3901309433392345e-06
4.033425844 3.154577261651254e-06
4.034777076 3.935650458635116e-06
4.036128307 3.804657740511816e-06
4.037479539 2.8830550249948854e-06
4.03883077 2.897891471958037e-06
4.040182002 4.38625856437676e-06
4.041533233 7.181229713450795e-06
4.042884465 7.989207156563485e-06
4.044235696 5.716980271916485e-06
4.0455869269999996 2.6298619323490568e-06
4.046938159 1.6590019056568897e-06
4.04828939 1.1063532095281406e-06
4.049640622 2.38865783279432e-06
4.050991853 1.8830537386914882e-06
4.052343085 1.1320668935353763e-06
4.053694316 2.221454346411338e-06
4.055045547 3.330052743390634e-06
4.056396779 3.3241375870497494e-06
4.05774801 2.7406286001152194e-06
4.059099241999999 2.053182455312553e-06
4.0604504729999995 1.0011584246955945e-06
4.061801705 1.3763062169115392e-07
4.063152936 2.127180615744797e-07
4.064504168 6.8047624713395185e-09
4.065855399 5.247635693443575e-09
4.06720663 2.356543041284269e-08
4.0685578620000005 3.26162728982329e-07
4.069909093000001 1.554549210108512e-06
4.071260325 4.087360892296412e-06
4.072611556 4.087108629520408e-06
4.073962788 1.0407859045796454e-06
4.075314019 1.965328541664954e-08
4.07666525 5.264189612649506e-09
4.078016482 5.265667996047753e-09
4.079367713 5.267096558030164e-09
4.080718945 5.2681545567700755e-09
4.082070176 5.268844711744704e-09
4.083421408 5.269450703401384e-09
4.084772639 1.1158368253251085e-08
4.086123871 1.50929710581337e-07
4.087475102 2.6654477154519394e-06
4.088826333 3.3821464798271496e-06
4.090177565 3.0730910089622534e-06
4.091528796 2.2822645984565993e-06
4.092880028 7.061004931435279e-07
4.094231259 8.285187008321528e-07
4.095582491 1.559883558901679e-07
4.096933722 1.093986885607435e-06
4.098284953 1.5811012367298091e-06
4.0996361850000005 1.0125552180101263e-06
4.100987416 7.201195527729207e-08
4.102338648 5.850540806577768e-08
4.103689878999999 1.4783348238106301e-08
4.105041110999999 1.4099813321892372e-06
4.106392342 2.8620249007759965e-06
4.107743574 1.2655754759163362e-06
4.109094805 3.5439754581695065e-08
4.110446036 2.7647157438353953e-08
4.111797268 5.964344490275444e-07
4.113148499 2.3618904203752718e-06
4.1144997309999995 2.4619036507523812e-06
4.115850962000001 1.450771241319776e-06
4.117202194000001 2.3745204168222452e-07
4.118553425 6.292556489768495e-07
4.119904657 1.1531674540694686e-07
4.121255887999999 5.2897019084183195e-09
4.122607119 2.3279642329932198e-07
4.123958351000001 3.3287170206224906e-07
4.125309582 2.65135075760393e-08
4.126660814 5.292487117673825e-09
4.128012045 6.533396601002039e-09
4.129363277 1.2665212444071234e-07
4.130714508 8.719623179407e-09
4.132065739 5.294520590720683e-09
4.133416971 5.294622984113194e-09
4.134768202 9.641300936075163e-09
4.136119434 4.961294780347437e-07
4.1374706649999995 1.136733723015574e-06
4.138821897 9.656277753005637e-07
4.140173128000001 4.279200544230456e-08
4.14152436 1.1405200716471842e-08
4.142875591 1.1600177133019306e-07
4.144226821999999 5.81982967307555e-09
4.145578054 5.300383214935992e-09
4.146929285000001 5.301716508085018e-09
4.148280517 2.1005822269701033e-08
4.149631748 1.900718393618415e-07
4.15098298 5.31111154629285e-09
4.152334211 5.311653171637063e-09
4.153685442 5.312147679605466e-09
4.155036674 5.312588347611851e-09
4.156387905 5.313018306400939e-09
4.157739136999999 5.313385293933963e-09
4.159090368 5.313683935734074e-09
4.1604416 5.31656193582808e-09
4.161792831 5.320159010724201e-09
4.163144063 5.320409317891553e-09
4.164495294 5.320609039386452e-09
4.165846525 5.3207980575947764e-09
4.167197757 5.320932553409871e-09
4.1685489879999995 5.320940817901523e-09
4.169900220000001 5.320905743020013e-09
4.171251451 5.320890985265693e-09
4.172602683 5.320804670696314e-09
4.173953914 5.32065690512962e-09
4.1753051459999995 5.320458340878412e-09
4.1766563770000005 5.320214591859776e-09
4.178007608 5.3198914315120385e-09
4.17935884 5.3195421608419906e-09
4.180710071 7.075622113199997e-08
4.182061303 5.06814150835905e-07
4.183412534 1.0835988128655089e-06
4.184763766 1.1708735451093862e-06
4.186114997 1.1403727957706924e-06
4.187466228 1.1390931694716651e-06
4.18881746 1.4018318409146179e-06
4.190168691 2.1366116314077985e-06
4.1915199229999995 3.2842668694347723e-06
4.1928711540000005 3.2296251539254187e-06
4.194222386000001 1.244177712391332e-06
4.195573617 3.0566680540539874e-08
4.196924849 1.0783790853780524e-08
4.198276079999999 5.012491121408147e-08
4.199627311 5.676080543279206e-09
4.200978543 4.787071195934681e-07
4.202329774 4.241377858914134e-06
4.203681006 5.360558254115886e-06
4.205032237 5.3483506715856214e-06
4.206383469 3.961277600359058e-06
4.2077347 3.1060285354511745e-06
4.209085931 3.4364434207995413e-06
4.210437163 4.216448593173861e-06
4.211788394 5.4215547271063125e-06
4.213139626 6.347886119674048e-06
4.2144908569999995 5.3521414672322e-06
4.215842089 3.7228739354851745e-06
4.217193320000001 4.2416437843298175e-06
4.218544552 2.4272014474624483e-06
4.219895783 1.0690589535297892e-08
4.221247013999999 7.251635474893876e-08
4.2225982459999996 1.0347336146855973e-06
4.223949477 3.827478368294531e-06
4.225300709 4.753871911958853e-06
4.22665194 3.6986262704885036e-06
4.228003171999999 1.880869446761822e-06
4.229354403 1.7968584289028644e-07
4.2307056339999995 2.3527538315801782e-07
4.232056866 1.0678829966098247e-06
4.233408097000001 1.5995449041733296e-06
4.234759329 3.859699060181995e-06
4.23611056 6.881876454705667e-06
4.237461792 8.936873778304081e-06
4.238813023 9.188907458574805e-06
4.240164255 8.877813300601694e-06
4.241515486 7.622208390894804e-06
4.242866717 5.302191493428447e-06
4.244217949 2.8538270441453826e-06
4.24556918 3.200538138724606e-06
4.246920412000001 4.6767769100002975e-06
4.248271643 5.841623926438733e-06
4.249622875 4.159436946879361e-06
4.250974105999999 7.883505769740914e-07
4.2523253379999995 1.189038732301653e-07
4.2536765690000005 2.469279222845411e-06
4.2550278 2.3089285649748577e-06
4.256379032 1.913563792770343e-06
4.257730263 2.5248110406571843e-06
4.259081495 7.278222758765217e-07
4.260432726 5.405271702391604e-08
4.261783958 5.585422151925586e-09
4.263135189 5.27927370232453e-09
4.26448642 3.003497283889547e-08
4.265837652 6.14120808625222e-07
4.267188883 2.122726597117555e-06
4.2685401149999995 2.1621061741001737e-06
4.2698913460000005 1.4880718137694768e-06
4.271242578000001 6.906915877647367e-07
4.272593809 1.5349631846224491e-07
4.273945041 6.535764832972855e-09
4.275296271999999 5.165551097979885e-09
4.276647503 2.6113496973147547e-08
4.277998735 1.0332834308481637e-06
4.279349966 2.7187898507571966e-06
4.280701198 3.1389071967396546e-06
4.282052429 2.6117778005917055e-06
4.283403661 1.4474569935619243e-06
4.284754892 4.64620255414603e-07
4.286106123 9.84437888254322e-09
4.287457355 5.2435755092814256e-09
4.288808586 5.26739605823128e-09
4.290159818 5.914098157808437e-09
4.2915110489999995 1.618251463295512e-07
4.292862281 2.1700654550699214e-08
4.294213512000001 5.2960663291875935e-09
4.295564744 5.301022826637145e-09
4.296915975 5.301237646964949e-09
4.298267206 5.301453949384531e-09
4.299618438 5.3016770499404915e-09
4.300969669 5.3013028515340565e-09
4.302320901 5.300674057160336e-09
4.303672132 5.300031163373568e-09
4.305023363999999 5.299390615127916e-09
4.306374595 8.393708161691906e-09
4.3077258259999995 6.650147209233485e-07
4.309077058 6.678954843040671e-07
4.310428289000001 5.0064972468739195e-08
4.311779521 7.685091467400501e-09
4.313130752 1.7276618875611399e-07
4.314481984 1.2041990894817723e-08
4.315833215 4.503673941479778e-09
4.317184447 4.105023756601022e-09
4.318535678 5.144282747123919e-09
4.319886909 2.5867560334572287e-07
4.321238141 1.6542660523986542e-06
4.322589372 2.796455152428732e-06
4.323940604000001 3.4722883641138594e-06
4.325291835 3.5459781093639477e-06
4.326643067 2.614527307064547e-06
4.327994297999999 1.992177155189375e-06
4.329345529999999 2.0609425897077217e-06
4.3306967610000004 1.8260441144426674e-06
4.332047992 9.480567395614194e-08
4.333399224 8.080712564376463e-09
4.334750455 2.861428863942935e-07
4.336101687 1.4878796177277865e-08
4.337452918 5.281641278937416e-09
4.33880415 7.347187961326456e-09
4.340155381 1.722145339581987e-07
4.341506612 1.4498048678976402e-08
4.342857844 5.2777062340272615e-09
4.344209075 5.276617203466629e-09
4.3455603069999995 5.278734002442868e-09
4.3469115380000005 5.280129887164705e-09
4.34826277 1.5811288767329024e-08
4.349614001 5.044315510674593e-07
4.350965233 1.2770973966509352e-06
4.352316464 1.3679191596384039e-06
4.353667695 6.402674076303381e-07
4.355018927 1.57243437972581e-07
4.356370158 2.2540773631903332e-07
4.35772139 5.886323594154576e-07
4.359072621 1.3448853766055664e-06
4.360423853 2.9941589257304817e-06
4.361775084 3.0086146532925287e-06
4.363126315000001 1.4397840320367124e-06
4.364477547000001 1.1697568329184826e-06
4.365828778 5.461435887668958e-07
4.36718001 1.6351081538345042e-07
4.3685312409999995 1.5350369587123258e-06
4.369882473 1.8637657598826543e-06
4.371233704 1.0088313308304827e-06
4.372584936 2.2881391945127473e-08
4.373936167 5.249619282306278e-09
4.375287398 5.247217709761379e-09
4.37663863 5.244765664645456e-09
4.377989861 7.68225387996701e-08
4.379341093 1.8412059204311903e-06
4.380692324 2.2713453965416747e-06
4.382043555999999 2.3036262078461695e-06
4.383394787 2.136921612748314e-06
4.3847460179999995 1.7307756313021504e-06
4.38609725 1.1081298635036052e-06
4.387448481000001 1.9945547481456005e-08
4.388799713 5.222025326908062e-09
4.390150944 5.219438880850862e-09
4.391502176 5.216836848632719e-09
4.392853407 5.214245179115921e-09
4.394204639 5.211678554871074e-09
4.39555587 5.209138419070189e-09
4.396907101 5.206941489642031e-09
4.398258332999999 5.2049254035512166e-09
4.399609564 5.202929099111081e-09
4.400960796000001 5.2009573455154976e-09
4.402312027 5.19900704210494e-09
4.403663259 5.197104030457932e-09
4.405014489999999 5.195315894283861e-09
4.406365721999999 5.1991221510226045e-09
4.407716953 5.1973453985705494e-09
4.409068184 5.195642513072417e-09
4.410419416 5.193989239619294e-09
4.411770647 5.1924020893149575e-09
4.413121879 5.191596788039184e-09
4.41447311 5.195336786338346e-09
4.415824342 5.19394406801941e-09
4.417175573000001 5.1926207743773944e-09
4.418526804 1.3452801843753849e-08
4.419878036 1.0192528582559715e-06
4.421229266999999 1.4910244771414525e-08
4.4225804989999995 5.187887855365998e-09
4.4239317300000005 5.186838002203717e-09
4.425282962 5.185821037511225e-09
4.426634193 5.184863266895151e-09
4.427985425 5.183938218199714e-09
4.429336656 5.183072564172343e-09
4.430687887 5.182190897691675e-09
4.432039119 5.181307866868835e-09
4.43339035 5.180449569970096e-09
4.434741582 5.179639278363726e-09
4.436092813 5.178861715646935e-09
4.437444045 5.17811584890751e-09
4.438795276 5.177394001710591e-09
4.440146507000001 5.176704752710128e-09
4.441497739000001 5.176103364548904e-09
4.44284897 5.17551936302916e-09
4.444200202 5.174931864126832e-09
4.445551432999999 5.379802389934101e-08
4.446902665 1.9764325090842015e-07
4.448253896 5.734230692719948e-09
4.449605128 5.171918322408478e-09
4.450956359 5.171147886486892e-09
4.45230759 5.170384748688561e-09
4.453658822 5.16961497155901e-09
4.455010053 5.168849156075259e-09
4.456361285 5.168084315647189e-09
4.457712516 5.167320615318856e-09
4.459063747999999 5.166556299362807e-09
4.460414979 5.165792321365755e-09
4.4617662110000005 5.165066598068739e-09
4.463117442 5.1643336892326094e-09
4.464468673000001 5.163604164995165e-09
4.465819905 5.1628438661950775e-09
4.467171136 5.162086574917416e-09
4.468522368 5.1613112990139054e-09
4.469873599 1.1383404760907466e-08
4.471224831000001 8.493380157633377e-07
4.472576062 7.728055800043658e-07
4.473927293 8.52679587180253e-08
4.475278524999999 5.157237068427161e-09
4.476629756 5.159949326152108e-09
4.4779809880000006 5.161168518148769e-09
4.479332219 5.160298004304207e-09
4.480683451 5.159396176918664e-09
4.482034682 5.15847908811363e-09
4.483385914 5.157524400556756e-09
4.484737145 5.160889380341323e-09
4.486088376 5.161438191367391e-09
4.487439608 5.160426154929596e-09
4.488790839 5.159394431428878e-09
4.490142071 5.158347052277094e-09
4.491493302 5.1572435504689404e-09
4.492844534 5.1561027830476436e-09
4.494195765000001 5.154936251474327e-09
4.495546996 5.153651072381356e-09
4.496898228 5.152370277408743e-09
4.498249458999999 5.151050713437841e-09
4.4996006909999995 5.149715655901129e-09
4.5009519220000005 5.1484177857460105e-09
4.502303154 5.1471422912571695e-09
4.503654385 5.145831791677245e-09
4.505005617 5.144475336630587e-09
4.506356848 5.1430992285305755e-09
4.507708079 5.141680939500431e-09
4.509059311 5.140233891612209e-09
4.510410542 5.13872063289175e-09
4.511761774 5.137179687785486e-09
4.513113005 5.135594895365541e-09
4.514464237 5.133988251375123e-09
4.5158154679999996 5.132331841627412e-09
4.517166699000001 5.130640402985447e-09
4.518517931 1.6570903399381708e-08
4.519869162 2.1776684272344823e-06
4.521220394 4.511610590367345e-06
4.522571624999999 2.6891123459372094e-06
4.523922857 1.8957302599174734e-06
4.525274088 1.9333014826382887e-06
4.52662532 2.117539474122298e-06
4.527976551 2.457567897388597e-06
4.529327782 1.46306102970444e-06
4.530679014 1.1106476382190641e-07
4.532030245 5.109968000136932e-09
4.533381477 5.107819220609782e-09
4.534732708 5.10563338781545e-09
4.53608394 5.1034600578722635e-09
4.537435171 5.101242891130975e-09
4.5387864030000005 5.098995805212814e-09
4.540137634 5.096714207672215e-09
4.541488865 5.094429077685243e-09
4.542840097 5.092121580786399e-09
4.544191328 5.089759097929132e-09
4.5455425599999995 5.08735414631217e-09
4.5468937910000005 5.084895315961963e-09
4.548245023000001 5.082431178280726e-09
4.549596254 5.079922372776191e-09
4.550947485 1.0366324414435926e-07
4.552298716999999 2.590562866512165e-06
4.553649948 2.5074151211726715e-06
4.5550011800000005 1.0937340700770316e-06
4.556352411 3.886719479359344e-06
4.557703643 7.077841786829099e-06
4.559054874 1.2612335412781351e-05
4.560406106 2.6083104962952552e-05
4.561757337 4.326372454208269e-05
4.563108568 6.559633281387554e-05
4.5644598 9.687167158059326e-05
4.565811031 0.00013938560607810557
4.567162263 0.00019051910485977307
4.568513493999999 0.0002543644467326152
4.569864726 0.0003315473584393411
4.571215957000001 0.0004231503734415098
4.572567188 0.0005360492068936334
4.57391842 0.0006731458798746642
4.575269650999999 0.0008214884273164963
4.5766208829999995 0.0009810947986360812
4.5779721140000005 0.0011465611406268176
4.579323346 0.0012713260866107205
4.580674577 0.001368993950263491
4.582025809 0.0014324980710047717
4.58337704 0.0014274338518658197
4.584728271 0.0014036971797090248
4.586079503 0.0013634921300193523
4.587430734 0.0013289192813435934
4.588781966 0.0013088460810205152
4.590133197 0.0013022760178856801
4.591484429 0.0013297425913464367
4.5928356599999995 0.00137691954109695
4.5941868910000005 0.0014453298519305697
4.595538123 0.0015508732013991462
4.596889354 0.00167874053778145
4.598240586 0.0018335692554480151
4.599591817 0.0020391787508522415
4.6009430490000005 0.002286740319463646
4.60229428 0.0025872550807486414
4.603645512 0.0029720257835225156
4.604996743 0.0034419907096983476
4.606347974 0.004023125075820307
4.607699206 0.0047731882617253205
4.609050437 0.005704592162053137
4.610401669 0.006877076582398722
4.611752900000001 0.00840739459329376
4.613104132 0.010356163430500706
4.614455363 0.012880191432667594
4.6158065950000005 0.016244306458271747
4.617157826 0.020646054225200237
4.618509057 0.026516049473230597
4.619860289 0.03442682758425218
4.62121152 0.044873739347015204
4.622562751999999 0.05872842463450678
4.6239139830000004 0.07647336457947534
4.625265215000001 0.09887085786761324
4.626616446 0.12573705145419925
4.627967677 0.15570557530822376
4.629318908999999 0.1894347067234877
4.63067014 0.22244733178597437
4.6320213720000005 0.2533813224145619
4.633372603 0.28302422946903916
4.634723835 0.30425515466600156
4.636075066 0.3203447717423096
4.637426298 0.33200538706761124
4.638777529 0.3359236725578478
4.64012876 0.33760450397514147
4.641479992 0.33720639861424306
4.642831223 0.33599493316740753
4.644182455 0.33532540421078383
4.645533685999999 0.33530871862659345
4.646884918 0.33684320345448576
4.648236149000001 0.3389899850563313
4.64958738 0.34190603198836367
4.650938612 0.3449516674205614
4.652289842999999 0.348152859796919
4.6536410749999995 0.3503390519619273
4.6549923060000005 0.3513514943246975
4.656343538 0.3516128016525893
4.657694769 0.35046265777101504
4.659046001 0.34850444430837374
4.660397232 0.34609478748773365
4.661748463 0.3434295192637435
4.663099695 0.34111605152457913
4.664450926000001 0.3390931330727569
4.665802158 0.3381296868974688
4.667153389 0.33729039564357327
4.668504621 0.3365958236788373
4.6698558519999995 0.33396386746542855
4.6712070830000005 0.3292586749879035
4.672558315 0.3210483099919502
4.673909546 0.3063092062800619
4.675260778 0.28829171681687066
4.676612009 0.2636439987796606
4.6779632410000005 0.2346067145441562
4.679314472 0.2051711147303125
4.680665704 0.1724864024165246
4.682016935 0.14212059342259123
4.683368166 0.11500389023520106
4.684719398 0.0902851171886748
4.686070629 0.07027619050334238
4.687421861 0.054056524697949616
4.688773092 0.04133149090640384
4.690124324 0.03160144234007037
4.691475555 0.02423917686181123
4.6928267869999996 0.018745923807092228
4.694178018 0.014579631296376119
4.695529249 0.011491315707370817
4.696880481 0.009138260754458727
4.698231712 0.007329392567131312
4.699582943999999 0.005958073557936974
4.700934175 0.00487232309617183
4.702285407000001 0.004017649356560292
4.703636638 0.0033488468257970782
4.704987869 0.00280600755041762
4.706339100999999 0.0023716414857449667
4.707690332 0.0020188555418126472
4.7090415640000005 0.0017266153885131628
4.710392795 0.0014932449004883396
4.711744027 0.0012966590226538596
4.713095258 0.0011305221615866355
4.71444649 0.0009890333768114428
4.7157977209999995 0.0008671490129467346
4.717148952 0.0007631626374820645
4.718500184000001 0.0006731533425612143
4.719851415 0.0005944181726970896
4.721202647 0.000525540137007299
4.722553877999999 0.00046622456099050703
4.72390511 0.0004147224786607683
4.725256341000001 0.0003706320235050127
4.726607572 0.0003327946902508996
4.727958804 0.0003010281598268261
4.729310035 0.00027718362709933624
4.730661267 0.00025726708042607925
4.7320124980000005 0.00024171923837289978
4.73336373 0.00022875865338628433
4.734714961 0.00021781705694277358
4.736066193 0.00020913430863258033
4.737417424 0.0001996898763839728
4.738768654999999 0.0001889181878210843
4.740119887 0.00017640296161190204
4.741471118000001 0.00016426058431060202
4.74282235 0.00015333894962281088
4.744173581 0.00014388091667657648
4.745524813 0.00013553450013479752
4.7468760439999995 0.00012926246774983157
4.748227276 0.00012286489509676264
4.749578507 0.0001159879327816093
4.750929738 0.00010464443750867951
4.75228097 9.242357458364835e-05
4.753632201 7.827992102943126e-05
4.7549834330000005 6.70648839263231e-05
4.756334664 5.813669396605026e-05
4.757685896 5.2009422757356116e-05
4.759037127 4.686131762351049e-05
4.760388358 4.256166610168347e-05
4.76173959 3.8327894092459324e-05
4.763090821 3.4190076547249946e-05
4.764442053 2.8317525335799703e-05
4.765793284 2.2381864433239028e-05
4.767144516 1.6570472636315995e-05
4.768495747 8.954579089053656e-06
4.7698469789999995 3.950778569907296e-06
4.77119821 8.672240039802645e-07
4.772549441 7.127650167865529e-08
4.773900673 4.9884739345882515e-09
4.775251904 4.635208766327065e-09
4.776603135999999 4.6325703713659375e-09
4.777954367 4.6298919888151585e-09
4.779305599000001 3.846269329507494e-08
4.78065683 1.9427147763963393e-06
4.782008061000001 2.9775560318792697e-06
4.783359293 4.745769595430524e-06
4.784710524 4.849883354288242e-06
4.7860617560000005 5.682289427007109e-06
4.787412987 6.800811899860607e-06
4.788764219 8.195961126672499e-06
4.79011545 9.451287327001069e-06
4.791466682 1.1242788649788802e-05
4.7928179129999995 1.2032137313795538e-05
4.7941691440000005 1.1670736906571427e-05
4.795520376000001 1.0360985229884944e-05
4.796871607 1.0034916518501305e-05
4.798222839 1.0693537190809862e-05
4.799574069999999 1.173390794559129e-05
4.800925302 1.2210200376964771e-05
4.802276533000001 1.1041332885385765e-05
4.803627764 8.034788546912144e-06
4.804978996 6.124727639659578e-06
4.806330227 3.223830733338887e-06
4.807681459 2.462761048332897e-06
4.80903269 1.2430455338885417e-06
4.810383922 4.4222133949707884e-07
4.811735153 2.482431643079894e-07
4.813086384999999 1.0992756667321294e-06
4.814437616 2.9905380855966017e-06
4.815788846999999 3.854027286584607e-06
4.817140079 3.589124168299438e-06
4.818491310000001 3.0009948048638876e-06
4.819842542 2.5191087920697357e-06
4.821193773 2.587734389813059e-06
4.822545005 2.550754868207936e-06
4.8238962359999995 9.316033917562005e-08
4.825247468 4.5463369039230534e-09
4.826598699 4.544446916890649e-09
4.82794993 4.542614897661365e-09
4.829301162 4.54080270533097e-09
4.830652393 4.538968257293666e-09
4.8320036250000005 4.537117660098743e-09
4.833354856 4.535318974540755e-09
4.834706088 4.533556212031247e-09
4.836057318999999 4.531774030254068e-09
4.83740855 4.529951822305191e-09
4.838759782 4.528097493995198e-09
4.840111013 4.526238362406749e-09
4.841462245 4.524340619717871e-09
4.842813476 4.52236117014393e-09
4.844164708 4.5202971742647276e-09
4.845515939 4.518167679894094e-09
4.8468671709999995 4.516000839322368e-09
4.8482184020000005 4.513777030173741e-09
4.849569633 4.511431987920266e-09
4.850920865 4.5090537542778975e-09
4.852272096 4.506620740609651e-09
4.853623327999999 4.504118354679171e-09
4.854974559 4.5015241441219835e-09
4.856325791000001 4.498772153985595e-09
4.857677022 4.4958820365111805e-09
4.859028253 4.492872177493097e-09
4.860379485 4.489753446784786e-09
4.861730716 4.486490488418494e-09
4.863081948 4.483042168633799e-09
4.864433179 2.0558011018581323e-08
4.865784411 7.515693007310944e-07
4.867135642 4.643287108145564e-07
4.868486874 1.2650959242673238e-07
4.8698381049999995 8.412551902241972e-09
4.8711893360000005 4.458824704996032e-09
4.872540568000001 4.454101505189254e-09
4.873891799 4.449220786434823e-09
4.875243031 4.444149554316381e-09
4.876594261999999 4.441746226028032e-09
4.8779454939999995 4.438248938172081e-09
4.879296725000001 4.430847158378421e-09
4.880647956 4.423260652185378e-09
4.881999188 4.415529224737307e-09
4.883350419 4.407613578546214e-09
4.884701651 4.399549097361337e-09
4.8860528819999995 4.391364764512469e-09
4.887404114 4.383059337086464e-09
4.888755345 4.374593282268154e-09
4.890106576999999 4.365969853128552e-09
4.891457808 4.3572003622718554e-09
4.892809038999999 4.34834408592595e-09
4.894160271 4.3393969364959746e-09
4.895511502000001 4.3303181616576535e-09
4.896862734 4.321122313531915e-09
4.898213965 4.311839460948891e-09
4.899565197 4.302513411062871e-09
4.900916428 4.293136960329072e-09
4.902267660000001 4.28367954672187e-09
4.903618891 4.274164344866057e-09
4.904970122 4.299891372817435e-09
4.906321354 2.2195357220660145e-08
4.907672585 2.002135535255878e-07
4.9090238170000005 1.2567639981269715e-06
4.910375048 4.213499568670015e-06
4.91172628 6.139153128174464e-06
4.913077511 6.335425908369917e-06
4.914428742 6.0972112909795275e-06
4.915779974 5.729414621651071e-06
4.917131205 5.425457740367416e-06
4.918482437 5.5777852738511525e-06
4.919833668 3.863517796437711e-06
4.9211849 1.8767065105623774e-06
4.922536131 6.143328318397732e-08
4.9238873629999995 4.1329406763106265e-09
4.9252385940000005 4.123672640913954e-09
4.926589825 1.122578554198577e-08
4.927941057 3.528264118895767e-07
4.929292288 8.186440430270803e-07
4.930643519999999 6.997671370703704e-07
4.931994751 2.096120552564262e-08
4.933345983000001 4.068328322242259e-09
4.934697214 4.05904613295331e-09
4.936048445 4.049671034934753e-09
4.937399677 4.040162992978193e-09
4.938750908 4.030546208970705e-09
4.94010214 4.020801118413426e-09
4.941453371 4.012874694890592e-09
4.942804603 4.005104162178843e-09
4.944155834 3.994639628627326e-09
4.945507066 3.9839131679732235e-09
4.9468582969999995 3.972860091968808e-09
4.9482095280000005 3.961460149388779e-09
4.949560760000001 3.949624716008649e-09
4.950911991 3.937317924891821e-09
4.952263223 3.9245580047381726e-09
4.953614453999999 3.9112587602941e-09
4.9549656859999995 3.8974408058530225e-09
4.9563169170000005 3.882927275644164e-09
4.957668148 3.867752458207843e-09
4.95901938 3.851860456447391e-09
4.960370611 3.835229760270057e-09
4.961721843 3.81783731480348e-09
4.9630730739999995 3.79951842404808e-09
4.964424306 3.780351950000709e-09
4.965775537000001 3.760162441873491e-09
4.967126769 3.73907654796255e-09
4.968478 3.7169495017591595e-09
4.969829230999999 3.6937484205110595e-09
4.971180463 3.6695257734015357e-09
4.972531694000001 3.6441332866192904e-09
4.973882926 3.617733891221185e-09
4.975234157 3.590067867342703e-09
4.976585389 3.5613073496275888e-09
4.97793662 3.5312897381217766e-09
4.979287852000001 3.5001132680327032e-09
4.980639083 3.467787226107065e-09
4.981990314 3.434243119240409e-09
4.983341545999999 3.3996126523399947e-09
4.984692777 3.3636925297926633e-09
4.986044009 8.125757538014566e-09
4.98739524 7.223510255620682e-08
4.988746472 1.1733414980217823e-08
4.990097703 3.209635627143334e-09
4.991448934 3.16856979663536e-09
4.992800166 3.1266417833294457e-09
4.9941513969999995 3.0837771649149844e-09
4.995502629 3.040248251348127e-09
4.99685386 2.995846196390308e-09
4.998205092 2.9508147922296642e-09
4.999556323 2.905103067913255e-09
5.0009075549999995 2.859153702442322e-09
5.0022587860000005 2.8128718708427154e-09
5.003610017 2.7661073125553457e-09
5.004961249 2.719016908366328e-09
5.006312479999999 2.67151079899827e-09
5.007663711999999 2.623882054855546e-09
5.009014943 2.578829861772454e-09
5.010366175 2.5308594064705557e-09
5.011717406 2.482803203647885e-09
5.013068637 2.4347409538662733e-09
5.014419869 2.386770426128828e-09
5.0157711 2.3388857608978546e-09
5.017122332 2.2912220981036125e-09
5.018473563 2.243692996814203e-09
5.019824795000001 2.1964669806596945e-09
5.021176026 2.1494968298188183e-09
5.022527258 2.1029016985765487e-09
5.0238784889999994 2.0566606270965538e-09
5.0252297200000005 2.0107944904185424e-09
5.026580952000001 1.9653418218267874e-09
5.027932183 1.9202790641607146e-09
5.029283415 1.8757093296888987e-09
5.030634646 1.8315394986081897e-09
5.031985878 1.7878578358780638e-09
5.033337109 1.744567761197004e-09
5.034688341 1.7017479068361351e-09
5.036039572 1.6593726003653717e-09
5.037390803 1.6174584538501316e-09
5.038742035 1.5760015477551327e-09
5.0400932659999995 1.5349534442153056e-09
5.041444498 1.4943846315904161e-09
5.042795729000001 1.4542119089547886e-09
5.044146961 1.4145509181474866e-09
5.045498192 1.3752727431093791e-09
5.046849422999999 1.3364558141405528e-09
5.048200655 1.2980318322295967e-09
5.049551886000001 1.26004409662489e-09
5.050903118 1.2224833850478714e-09
5.052254349 1.1853232712701665e-09
5.053605581 2.140233688410388e-09
5.054956812 6.364310312721672e-08
5.056308044000001 3.698473820996034e-07
5.057659275 2.9755916305194954e-07
5.059010506 2.2818078997450336e-08
5.060361737999999 1.1958835745239428e-09
5.061712969 9.36953376945777e-10
5.063064201 9.032247219590497e-10
5.064415432 8.702419249325873e-10
5.065766664 8.377556830643173e-10
5.067117895 8.057458075377489e-10
5.068469126 7.743014085574308e-10
5.069820358 7.433629964989606e-10
5.0711715889999995 7.13075272358362e-10
5.072522821 6.833636909715238e-10
5.073874052 6.543426487236481e-10
5.075225284 6.259519527080876e-10
5.076576515 5.982689524482672e-10
5.0779277469999995 5.71864813225421e-10
5.0792789780000005 5.456327420234932e-10
5.080630209 5.201122991154813e-10
5.081981441 4.953345856494546e-10
5.083332671999999 4.713514958836881e-10
5.084683904 4.481235373419577e-10
5.086035135 4.25723821685687e-10
5.087386367 4.0410321544345564e-10
5.088737598 3.833090401624991e-10
5.090088829 3.6330210818007663e-10
5.091440061 3.4410955873530523e-10
5.092791292 3.2571044738021984e-10
5.094142524 3.081065530439148e-10
5.095493755000001 2.912837964485717e-10
5.096844987000001 2.7522170212378496e-10
5.098196218 2.5991556910489285e-10
5.09954745 2.453347494640201e-10
