# lambda    trans    
  19000.0   0.00
  19250.0   0.00
  19265.0   0.266    
  19270.0   0.183    
  19275.0   0.264    
  19280.0   0.182    
  19285.0   0.243    
  19290.0   0.223    
  19295.0   0.223    
  19300.0   0.284    
  19305.0   0.304    
  19310.0   0.406    
  19315.0   0.409    
  19320.0   0.511    
  19325.0   0.43     
  19330.0   0.471    
  19335.0   0.43     
  19340.0   0.349    
  19345.0   0.247    
  19350.0   0.104    
  19355.0   0.061    
  19360.0   -0.0020  
  19365.0   0.02     
  19370.0   0.06     
  19375.0   0.04     
  19380.0   -0.063   
  19385.0   -0.143   
  19390.0   -0.0020  
  19395.0   0.079    
  19400.0   0.06     
  19405.0   0.06     
  19410.0   0.099    
  19415.0   0.121    
  19420.0   0.223    
  19425.0   0.304    
  19430.0   0.243    
  19435.0   0.22     
  19440.0   0.22     
  19445.0   0.2      
  19450.0   0.34     
  19455.0   0.36     
  19460.0   0.439    
  19465.0   0.459    
  19470.0   0.499    
  19475.0   0.479    
  19480.0   0.519    
  19485.0   0.479    
  19490.0   0.417    
  19495.0   0.516    
  19500.0   0.475    
  19505.0   0.494    
  19510.0   0.592    
  19515.0   0.69     
  19520.0   0.65     
  19525.0   0.729    
  19530.0   0.69     
  19535.0   0.648    
  19540.0   0.748    
  19545.0   0.768    
  19550.0   0.688    
  19555.0   0.529    
  19560.0   0.627    
  19565.0   0.705    
  19570.0   0.665    
  19575.0   0.8      
  19580.0   0.76     
  19585.0   0.836    
  19590.0   0.912    
  19595.0   1.065    
  19600.0   1.14     
  19605.0   1.1      
  19610.0   1.176    
  19615.0   1.175    
  19620.0   1.286    
  19625.0   1.341    
  19630.0   1.338    
  19635.0   1.337    
  19640.0   1.43     
  19645.0   1.788    
  19650.0   2.036    
  19655.0   2.147    
  19660.0   2.414    
  19665.0   2.542    
  19670.0   2.733    
  19675.0   3.017    
  19680.0   3.198    
  19685.0   3.363    
  19690.0   3.445    
  19695.0   3.745    
  19700.0   3.854    
  19705.0   4.198    
  19710.0   4.614    
  19715.0   4.91     
  19720.0   5.305    
  19725.0   5.614    
  19730.0   6.081    
  19735.0   6.47     
  19740.0   6.912    
  19745.0   7.405    
  19750.0   7.855    
  19755.0   8.495    
  19760.0   9.067    
  19765.0   9.669    
  19770.0   10.313   
  19775.0   11.031   
  19780.0   11.787   
  19785.0   12.569   
  19790.0   13.504   
  19795.0   14.433   
  19800.0   15.314   
  19805.0   16.231   
  19810.0   17.273   
  19815.0   18.365   
  19820.0   19.592   
  19825.0   20.816   
  19830.0   22.026   
  19835.0   23.364   
  19840.0   24.721   
  19845.0   26.32    
  19850.0   27.745   
  19855.0   29.373   
  19860.0   30.856   
  19865.0   32.558   
  19870.0   34.177   
  19875.0   35.803   
  19880.0   37.657   
  19885.0   39.348   
  19890.0   41.26    
  19895.0   43.135   
  19900.0   45.071   
  19905.0   46.964   
  19910.0   48.9     
  19915.0   50.984   
  19920.0   52.887   
  19925.0   54.913   
  19930.0   56.851   
  19935.0   58.694   
  19940.0   60.562   
  19945.0   62.231   
  19950.0   64.049   
  19955.0   65.753   
  19960.0   67.465   
  19965.0   69.043   
  19970.0   70.66    
  19975.0   72.249   
  19980.0   73.714   
  19985.0   75.146   
  19990.0   76.541   
  19995.0   77.641   
  20000.0   78.734   
  20005.0   79.851   
  20010.0   80.641   
  20015.0   81.271   
  20020.0   82.123   
  20025.0   82.812   
  20030.0   83.296   
  20035.0   83.752   
  20040.0   84.282   
  20045.0   84.595   
  20050.0   85.173   
  20055.0   85.652   
  20060.0   85.878   
  20065.0   86.235   
  20070.0   86.58    
  20075.0   86.984   
  20080.0   87.141   
  20085.0   87.198   
  20090.0   87.224   
  20095.0   87.296   
  20100.0   87.286   
  20105.0   87.238   
  20110.0   87.158   
  20115.0   87.029   
  20120.0   87.03    
  20125.0   87.23    
  20130.0   87.26    
  20135.0   87.331   
  20140.0   87.541   
  20145.0   87.787   
  20150.0   87.953   
  20155.0   88.098   
  20160.0   88.185   
  20165.0   88.136   
  20170.0   88.054   
  20175.0   87.929   
  20180.0   87.926   
  20185.0   87.735   
  20190.0   87.628   
  20195.0   87.595   
  20200.0   87.476   
  20205.0   87.413   
  20210.0   87.503   
  20215.0   87.665   
  20220.0   87.454   
  20225.0   87.392   
  20230.0   87.251   
  20235.0   86.993   
  20240.0   87.03    
  20245.0   87.074   
  20250.0   86.986   
  20255.0   86.821   
  20260.0   86.81    
  20265.0   86.717   
  20270.0   86.794   
  20275.0   86.942   
  20280.0   86.931   
  20285.0   86.989   
  20290.0   87.083   
  20295.0   87.166   
  20300.0   87.114   
  20305.0   87.231   
  20310.0   87.276   
  20315.0   87.32    
  20320.0   87.398   
  20325.0   87.18    
  20330.0   87.114   
  20335.0   87.042   
  20340.0   87.096   
  20345.0   87.074   
  20350.0   87.068   
  20355.0   87.09    
  20360.0   87.009   
  20365.0   87.108   
  20370.0   87.044   
  20375.0   87.042   
  20380.0   87.039   
  20385.0   87.039   
  20390.0   87.048   
  20395.0   86.925   
  20400.0   86.855   
  20405.0   87.051   
  20410.0   87.262   
  20415.0   87.263   
  20420.0   87.485   
  20425.0   87.503   
  20430.0   87.515   
  20435.0   87.692   
  20440.0   87.834   
  20445.0   87.573   
  20450.0   87.415   
  20455.0   87.439   
  20460.0   87.16    
  20465.0   86.964   
  20470.0   86.855   
  20475.0   86.613   
  20480.0   86.475   
  20485.0   86.533   
  20490.0   86.517   
  20495.0   86.464   
  20500.0   86.514   
  20505.0   86.751   
  20510.0   86.742   
  20515.0   86.855   
  20520.0   86.958   
  20525.0   86.974   
  20530.0   86.923   
  20535.0   87.067   
  20540.0   87.172   
  20545.0   87.181   
  20550.0   87.265   
  20555.0   87.199   
  20560.0   87.189   
  20565.0   87.309   
  20570.0   87.41    
  20575.0   87.352   
  20580.0   87.343   
  20585.0   87.375   
  20590.0   87.364   
  20595.0   87.421   
  20600.0   87.549   
  20605.0   87.517   
  20610.0   87.595   
  20615.0   87.671   
  20620.0   87.602   
  20625.0   87.437   
  20630.0   87.485   
  20635.0   87.408   
  20640.0   87.228   
  20645.0   87.047   
  20650.0   86.963   
  20655.0   87.024   
  20660.0   87.048   
  20665.0   87.138   
  20670.0   87.062   
  20675.0   87.216   
  20680.0   87.25    
  20685.0   87.283   
  20690.0   87.257   
  20695.0   87.135   
  20700.0   87.199   
  20705.0   87.196   
  20710.0   87.228   
  20715.0   87.187   
  20720.0   87.137   
  20725.0   87.181   
  20730.0   87.093   
  20735.0   87.099   
  20740.0   87.08    
  20745.0   86.914   
  20750.0   86.905   
  20755.0   86.852   
  20760.0   86.879   
  20765.0   86.824   
  20770.0   86.916   
  20775.0   86.833   
  20780.0   86.681   
  20785.0   86.963   
  20790.0   86.873   
  20795.0   86.995   
  20800.0   86.951   
  20805.0   86.978   
  20810.0   87.218   
  20815.0   87.23    
  20820.0   87.283   
  20825.0   87.148   
  20830.0   87.326   
  20835.0   87.39    
  20840.0   87.46    
  20845.0   87.61    
  20850.0   87.421   
  20855.0   87.611   
  20860.0   87.808   
  20865.0   87.816   
  20870.0   87.801   
  20875.0   87.785   
  20880.0   87.944   
  20885.0   87.869   
  20890.0   87.883   
  20895.0   87.801   
  20900.0   87.747   
  20905.0   87.689   
  20910.0   87.515   
  20915.0   87.407   
  20920.0   87.259   
  20925.0   87.16    
  20930.0   87.143   
  20935.0   86.938   
  20940.0   86.877   
  20945.0   87.166   
  20950.0   87.463   
  20955.0   87.526   
  20960.0   87.52    
  20965.0   87.717   
  20970.0   87.666   
  20975.0   87.802   
  20980.0   87.857   
  20985.0   87.563   
  20990.0   87.36    
  20995.0   87.37    
  21000.0   87.46    
  21005.0   87.437   
  21010.0   87.625   
  21015.0   87.708   
  21020.0   87.708   
  21025.0   87.605   
  21030.0   87.608   
  21035.0   87.662   
  21040.0   87.599   
  21045.0   87.564   
  21050.0   87.364   
  21055.0   87.283   
  21060.0   87.328   
  21065.0   87.556   
  21070.0   87.721   
  21075.0   87.698   
  21080.0   87.852   
  21085.0   87.915   
  21090.0   87.866   
  21095.0   87.901   
  21100.0   87.859   
  21105.0   87.935   
  21110.0   87.859   
  21115.0   87.749   
  21120.0   87.605   
  21125.0   87.521   
  21130.0   87.619   
  21135.0   87.73    
  21140.0   87.639   
  21145.0   87.587   
  21150.0   87.505   
  21155.0   87.526   
  21160.0   87.569   
  21165.0   87.561   
  21170.0   87.566   
  21175.0   87.383   
  21180.0   87.442   
  21185.0   87.393   
  21190.0   87.524   
  21195.0   87.55    
  21200.0   87.445   
  21205.0   87.474   
  21210.0   87.48    
  21215.0   87.576   
  21220.0   87.622   
  21225.0   87.578   
  21230.0   87.57    
  21235.0   87.5     
  21240.0   87.605   
  21245.0   87.486   
  21250.0   87.55    
  21255.0   87.463   
  21260.0   87.389   
  21265.0   87.254   
  21270.0   87.067   
  21275.0   87.119   
  21280.0   87.041   
  21285.0   87.254   
  21290.0   87.221   
  21295.0   87.212   
  21300.0   87.332   
  21305.0   87.595   
  21310.0   87.576   
  21315.0   87.572   
  21320.0   87.651   
  21325.0   87.521   
  21330.0   87.682   
  21335.0   87.738   
  21340.0   87.84    
  21345.0   87.698   
  21350.0   87.985   
  21355.0   88.033   
  21360.0   88.033   
  21365.0   87.86    
  21370.0   87.766   
  21375.0   87.962   
  21380.0   87.706   
  21385.0   87.878   
  21390.0   87.756   
  21395.0   87.608   
  21400.0   87.643   
  21405.0   87.808   
  21410.0   87.816   
  21415.0   87.776   
  21420.0   87.762   
  21425.0   87.587   
  21430.0   87.476   
  21435.0   87.494   
  21440.0   87.23    
  21445.0   86.961   
  21450.0   86.743   
  21455.0   86.649   
  21460.0   86.624   
  21465.0   86.597   
  21470.0   86.729   
  21475.0   86.859   
  21480.0   87.08    
  21485.0   87.273   
  21490.0   87.251   
  21495.0   87.073   
  21500.0   87.146   
  21505.0   87.117   
  21510.0   86.916   
  21515.0   86.682   
  21520.0   86.707   
  21525.0   86.929   
  21530.0   87.097   
  21535.0   87.344   
  21540.0   87.26    
  21545.0   87.305   
  21550.0   87.526   
  21555.0   87.709   
  21560.0   87.529   
  21565.0   87.346   
  21570.0   87.134   
  21575.0   86.955   
  21580.0   87.126   
  21585.0   87.114   
  21590.0   87.022   
  21595.0   86.853   
  21600.0   86.986   
  21605.0   87.029   
  21610.0   87.071   
  21615.0   86.917   
  21620.0   86.731   
  21625.0   86.655   
  21630.0   86.583   
  21635.0   86.694   
  21640.0   86.722   
  21645.0   86.821   
  21650.0   86.803   
  21655.0   86.986   
  21660.0   87.177   
  21665.0   87.424   
  21670.0   87.527   
  21675.0   87.497   
  21680.0   87.347   
  21685.0   87.201   
  21690.0   87.343   
  21695.0   87.312   
  21700.0   87.186   
  21705.0   87.016   
  21710.0   86.913   
  21715.0   86.835   
  21720.0   86.852   
  21725.0   86.812   
  21730.0   86.67    
  21735.0   86.603   
  21740.0   86.552   
  21745.0   86.514   
  21750.0   86.476   
  21755.0   86.526   
  21760.0   86.292   
  21765.0   86.316   
  21770.0   86.299   
  21775.0   86.191   
  21780.0   86.026   
  21785.0   85.986   
  21790.0   85.89    
  21795.0   85.773   
  21800.0   85.895   
  21805.0   85.652   
  21810.0   85.567   
  21815.0   85.393   
  21820.0   85.51    
  21825.0   85.745   
  21830.0   85.716   
  21835.0   85.892   
  21840.0   85.953   
  21845.0   85.973   
  21850.0   86.072   
  21855.0   86.301   
  21860.0   86.302   
  21865.0   86.002   
  21870.0   85.91    
  21875.0   85.8     
  21880.0   85.651   
  21885.0   85.609   
  21890.0   85.49    
  21895.0   85.316   
  21900.0   85.074   
  21905.0   85.004   
  21910.0   84.982   
  21915.0   84.711   
  21920.0   84.601   
  21925.0   84.679   
  21930.0   84.546   
  21935.0   84.509   
  21940.0   84.445   
  21945.0   84.308   
  21950.0   84.28    
  21955.0   84.245   
  21960.0   84.229   
  21965.0   83.928   
  21970.0   83.711   
  21975.0   83.559   
  21980.0   83.604   
  21985.0   83.58    
  21990.0   83.597   
  21995.0   83.586   
  22000.0   83.418   
  22005.0   83.554   
  22010.0   83.815   
  22015.0   84.001   
  22020.0   84.004   
  22025.0   84.093   
  22030.0   84.044   
  22035.0   84.116   
  22040.0   84.436   
  22045.0   84.366   
  22050.0   84.328   
  22055.0   84.158   
  22060.0   84.036   
  22065.0   84.023   
  22070.0   83.891   
  22075.0   83.839   
  22080.0   83.49    
  22085.0   83.429   
  22090.0   83.408   
  22095.0   83.658   
  22100.0   83.667   
  22105.0   83.516   
  22110.0   83.644   
  22115.0   83.635   
  22120.0   83.707   
  22125.0   83.752   
  22130.0   83.672   
  22135.0   83.531   
  22140.0   83.672   
  22145.0   83.568   
  22150.0   83.412   
  22155.0   83.25    
  22160.0   83.138   
  22165.0   82.956   
  22170.0   82.797   
  22175.0   82.526   
  22180.0   82.333   
  22185.0   82.309   
  22190.0   82.314   
  22195.0   82.292   
  22200.0   82.44    
  22205.0   82.43    
  22210.0   82.401   
  22215.0   82.494   
  22220.0   82.507   
  22225.0   82.652   
  22230.0   82.741   
  22235.0   82.964   
  22240.0   82.84    
  22245.0   83.038   
  22250.0   83.096   
  22255.0   83.148   
  22260.0   83.154   
  22265.0   83.058   
  22270.0   83.089   
  22275.0   83.0     
  22280.0   83.186   
  22285.0   83.299   
  22290.0   83.295   
  22295.0   83.324   
  22300.0   83.301   
  22305.0   83.279   
  22310.0   83.185   
  22315.0   83.197   
  22320.0   83.09    
  22325.0   82.863   
  22330.0   82.825   
  22335.0   82.683   
  22340.0   82.697   
  22345.0   82.835   
  22350.0   82.739   
  22355.0   82.66    
  22360.0   82.703   
  22365.0   82.864   
  22370.0   83.197   
  22375.0   83.261   
  22380.0   83.273   
  22385.0   83.331   
  22390.0   83.412   
  22395.0   83.467   
  22400.0   83.401   
  22405.0   83.272   
  22410.0   82.898   
  22415.0   82.82    
  22420.0   82.605   
  22425.0   82.413   
  22430.0   82.384   
  22435.0   82.376   
  22440.0   82.405   
  22445.0   82.471   
  22450.0   82.616   
  22455.0   82.674   
  22460.0   82.809   
  22465.0   82.704   
  22470.0   82.896   
  22475.0   82.849   
  22480.0   82.706   
  22485.0   82.617   
  22490.0   82.666   
  22495.0   82.671   
  22500.0   82.822   
  22505.0   83.058   
  22510.0   82.857   
  22515.0   82.726   
  22520.0   82.874   
  22525.0   82.843   
  22530.0   82.761   
  22535.0   82.809   
  22540.0   82.695   
  22545.0   82.539   
  22550.0   82.526   
  22555.0   82.526   
  22560.0   82.433   
  22565.0   82.385   
  22570.0   82.265   
  22575.0   82.272   
  22580.0   82.294   
  22585.0   82.326   
  22590.0   82.315   
  22595.0   82.236   
  22600.0   82.057   
  22605.0   81.972   
  22610.0   81.984   
  22615.0   81.866   
  22620.0   81.711   
  22625.0   81.81    
  22630.0   81.735   
  22635.0   81.822   
  22640.0   81.833   
  22645.0   81.778   
  22650.0   81.615   
  22655.0   81.349   
  22660.0   81.354   
  22665.0   81.052   
  22670.0   81.039   
  22675.0   80.949   
  22680.0   80.995   
  22685.0   81.038   
  22690.0   81.236   
  22695.0   81.25    
  22700.0   81.125   
  22705.0   81.029   
  22710.0   80.794   
  22715.0   80.783   
  22720.0   80.667   
  22725.0   80.621   
  22730.0   80.492   
  22735.0   80.688   
  22740.0   80.83    
  22745.0   81.079   
  22750.0   81.448   
  22755.0   81.569   
  22760.0   81.949   
  22765.0   82.12    
  22770.0   82.234   
  22775.0   82.118   
  22780.0   82.207   
  22785.0   82.158   
  22790.0   82.082   
  22795.0   82.033   
  22800.0   81.816   
  22805.0   81.708   
  22810.0   81.572   
  22815.0   81.487   
  22820.0   81.364   
  22825.0   81.337   
  22830.0   81.238   
  22835.0   81.306   
  22840.0   81.401   
  22845.0   81.462   
  22850.0   81.4     
  22855.0   81.645   
  22860.0   81.621   
  22865.0   81.511   
  22870.0   81.429   
  22875.0   81.277   
  22880.0   80.997   
  22885.0   80.945   
  22890.0   81.12    
  22895.0   81.087   
  22900.0   81.155   
  22905.0   81.253   
  22910.0   81.494   
  22915.0   81.613   
  22920.0   81.709   
  22925.0   81.746   
  22930.0   81.636   
  22935.0   81.491   
  22940.0   81.561   
  22945.0   81.7     
  22950.0   81.606   
  22955.0   81.552   
  22960.0   81.769   
  22965.0   81.819   
  22970.0   81.854   
  22975.0   81.979   
  22980.0   81.866   
  22985.0   81.807   
  22990.0   81.798   
  22995.0   81.683   
  23000.0   81.274   
  23005.0   81.094   
  23010.0   81.015   
  23015.0   80.785   
  23020.0   80.637   
  23025.0   80.264   
  23030.0   79.706   
  23035.0   79.277   
  23040.0   79.012   
  23045.0   78.549   
  23050.0   77.959   
  23055.0   77.28    
  23060.0   76.477   
  23065.0   75.81    
  23070.0   75.304   
  23075.0   74.477   
  23080.0   73.688   
  23085.0   72.798   
  23090.0   71.944   
  23095.0   70.885   
  23100.0   69.791   
  23105.0   68.33    
  23110.0   67.065   
  23115.0   65.593   
  23120.0   63.947   
  23125.0   62.17    
  23130.0   60.396   
  23135.0   58.821   
  23140.0   57.05    
  23145.0   55.463   
  23150.0   53.658   
  23155.0   51.92    
  23160.0   50.169   
  23165.0   48.456   
  23170.0   46.707   
  23175.0   44.713   
  23180.0   43.019   
  23185.0   41.269   
  23190.0   39.378   
  23195.0   37.793   
  23200.0   36.263   
  23205.0   34.663   
  23210.0   33.133   
  23215.0   31.604   
  23220.0   30.029   
  23225.0   28.484   
  23230.0   27.028   
  23235.0   25.609   
  23240.0   24.078   
  23245.0   22.711   
  23250.0   21.376   
  23255.0   20.303   
  23260.0   19.328   
  23265.0   18.254   
  23270.0   17.372   
  23275.0   16.621   
  23280.0   15.721   
  23285.0   14.841   
  23290.0   14.102   
  23295.0   13.293   
  23300.0   12.225   
  23305.0   11.694   
  23310.0   10.968   
  23315.0   10.226   
  23320.0   9.589    
  23325.0   9.178    
  23330.0   8.517    
  23335.0   8.098    
  23340.0   7.982    
  23345.0   7.487    
  23350.0   7.143    
  23355.0   6.764    
  23360.0   6.415    
  23365.0   5.934    
  23370.0   5.618    
  23375.0   5.275    
  23380.0   4.776    
  23385.0   4.442    
  23390.0   4.12     
  23395.0   3.703    
  23400.0   3.546    
  23405.0   3.418    
  23410.0   3.259    
  23415.0   3.076    
  23420.0   2.888    
  23425.0   2.76     
  23430.0   2.451    
  23435.0   2.452    
  23440.0   2.348    
  23445.0   2.24     
  23450.0   2.075    
  23455.0   1.874    
  23460.0   1.817    
  23465.0   1.793    
  23470.0   1.855    
  23475.0   1.859    
  23480.0   1.651    
  23485.0   1.562    
  23490.0   1.355    
  23495.0   1.505    
  23500.0   1.505    
  23505.0   1.361    
  23510.0   1.271    
  23515.0   1.07     
  23520.0   1.103    
  23525.0   1.045    
  23530.0   1.106    
  23535.0   1.027    
  23540.0   1.031    
  23545.0   0.88     
  23550.0   1.039    
  23555.0   0.949    
  23560.0   0.888    
  23565.0   0.766    
  23570.0   0.891    
  23575.0   0.861    
  23580.0   0.771    
  23585.0   0.771    
  23590.0   0.587    
  23595.0   0.558    
  23600.0   0.528    
  23605.0   0.467    
  23610.0   0.281    
  23615.0   0.218    
  23620.0   0.188    
  23625.0   0.124    
  23630.0   -0.063   
  23635.0   0.128    
  23640.0   0.096    
  23645.0   0.159    
  23650.0   0.191    
  23655.0   0.191    
  23660.0   0.191    
  23665.0   0.191    
  23670.0   0.471    
  23675.0   0.281    
  23680.0   0.313    
  23685.0   0.249    
  23690.0   0.374    
  23695.0   0.473    
  23700.0   0.443    
  23705.0   0.507    
  23710.0   0.221    
  23715.0   0.285    
  23720.0   0.188    
  23725.0   0.252    
  23730.0   0.127    
  23735.0   -0.0020  
  23740.0   0.128    
  23745.0   0.258    
  23750.0   0.224    
  23755.0   0.194    
  23760.0   0.194    
  23765.0   0.291    
  23770.0   0.388    
  23775.0   0.29     
  23780.0   0.226    
  23785.0   0.162    
  23790.0   0.293    
  23795.0   0.491    
  23800.0   0.491    
  23805.0   0.493    
  23810.0   0.363    
  23815.0   0.56     
  23820.0   0.462    
  23840.0   0.00
  23900.0   0.000
