              0         0.01221  
              1         0.01217  
              2         0.01213  
              3         0.01209  
              4         0.01205  
              5         0.01200  
              6         0.01196  
              7         0.01192  
              8         0.01188  
              9         0.01184  
             10         0.01180  
             11         0.01176  
             12         0.01172  
             13         0.01167  
             14         0.01163  
             15         0.01159  
             16         0.01155  
             17         0.01151  
             18         0.01147  
             19         0.01143  
             20         0.01138  
             21         0.01134  
             22         0.01130  
             23         0.01126  
             24         0.01122  
             25         0.01118  
             26         0.01114  
             27         0.01110  
             28         0.01105  
             29         0.01101  
             30         0.01097  
             31         0.01093  
             32         0.01089  
             33         0.01085  
             34         0.01081  
             35         0.01077  
             36         0.01072  
             37         0.01068  
             38         0.01064  
             39         0.01060  
             40         0.01056  
             41         0.01052  
             42         0.01048  
             43         0.01043  
             44         0.01039  
             45         0.01035  
             46         0.01031  
             47         0.01027  
             48         0.01023  
             49         0.01019  
             50         0.01015  
             51         0.01010  
             52         0.01006  
             53         0.01002  
             54         0.00998  
             55         0.00994  
             56         0.00990  
             57         0.00986  
             58         0.00982  
             59         0.00977  
             60         0.00973  
             61         0.00969  
             62         0.00965  
             63         0.00961  
             64         0.00957  
             65         0.00953  
             66         0.00948  
             67         0.00944  
             68         0.00940  
             69         0.00936  
             70         0.00932  
             71         0.00928  
             72         0.00924  
             73         0.00920  
             74         0.00915  
             75         0.00911  
             76         0.00907  
             77         0.00903  
             78         0.00899  
             79         0.00895  
             80         0.00891  
             81         0.00887  
             82         0.00882  
             83         0.00878  
             84         0.00874  
             85         0.00870  
             86         0.00866  
             87         0.00862  
             88         0.00858  
             89         0.00854  
             90         0.00849  
             91         0.00845  
             92         0.00841  
             93         0.00837  
             94         0.00833  
             95         0.00829  
             96         0.00825  
             97         0.00820  
             98         0.00816  
             99         0.00812  
            100         0.00808  
            101         0.00804  
            102         0.00800  
            103         0.00796  
            104         0.00792  
            105         0.00787  
            106         0.00783  
            107         0.00779  
            108         0.00775  
            109         0.00771  
            110         0.00767  
            111         0.00763  
            112         0.00759  
            113         0.00754  
            114         0.00750  
            115         0.00746  
            116         0.00742  
            117         0.00738  
            118         0.00734  
            119         0.00730  
            120         0.00725  
            121         0.00721  
            122         0.00717  
            123         0.00713  
            124         0.00709  
            125         0.00705  
            126         0.00701  
            127         0.00697  
            128         0.00692  
            129         0.00688  
            130         0.00684  
            131         0.00680  
            132         0.00676  
            133         0.00672  
            134         0.00668  
            135         0.00664  
            136         0.00659  
            137         0.00655  
            138         0.00651  
            139         0.00647  
            140         0.00643  
            141         0.00639  
            142         0.00635  
            143         0.00630  
            144         0.00626  
            145         0.00622  
            146         0.00618  
            147         0.00614  
            148         0.00610  
            149         0.00606  
            150         0.00602  
            151         0.00597  
            152         0.00593  
            153         0.00589  
            154         0.00585  
            155         0.00581  
            156         0.00577  
            157         0.00573  
            158         0.00569  
            159         0.00564  
            160         0.00560  
            161         0.00556  
            162         0.00552  
            163         0.00548  
            164         0.00544  
            165         0.00540  
            166         0.00535  
            167         0.00531  
            168         0.00527  
            169         0.00523  
            170         0.00519  
            171         0.00515  
            172         0.00511  
            173         0.00507  
            174         0.00502  
            175         0.00498  
            176         0.00494  
            177         0.00490  
            178         0.00486  
            179         0.00482  
            180         0.00478  
            181         0.00474  
            182         0.00469  
            183         0.00465  
            184         0.00461  
            185         0.00457  
            186         0.00453  
            187         0.00449  
            188         0.00445  
            189         0.00440  
            190         0.00436  
            191         0.00432  
            192         0.00428  
            193         0.00424  
            194         0.00420  
            195         0.00416  
            196         0.00412  
            197         0.00407  
            198         0.00403  
            199         0.00399  
            200         0.00395  
            201         0.00391  
            202         0.00387  
            203         0.00383  
            204         0.00379  
            205         0.00374  
            206         0.00370  
            207         0.00366  
            208         0.00362  
            209         0.00358  
            210         0.00354  
            211         0.00350  
            212         0.00346  
            213         0.00341  
            214         0.00337  
            215         0.00333  
            216         0.00329  
            217         0.00325  
            218         0.00321  
            219         0.00317  
            220         0.00312  
            221         0.00308  
            222         0.00304  
            223         0.00300  
            224         0.00296  
            225         0.00292  
            226         0.00288  
            227         0.00284  
            228         0.00279  
            229         0.00275  
            230         0.00271  
            231         0.00267  
            232         0.00263  
            233         0.00259  
            234         0.00255  
            235         0.00251  
            236         0.00246  
            237         0.00242  
            238         0.00238  
            239         0.00234  
            240         0.00230  
            241         0.00226  
            242         0.00222  
            243         0.00217  
            244         0.00213  
            245         0.00209  
            246         0.00205  
            247         0.00201  
            248         0.00197  
            249         0.00193  
            250         0.00189  
            251         0.00185  
            252         0.00181  
            253         0.00177  
            254         0.00174  
            255         0.00170  
            256         0.00166  
            257         0.00163  
            258         0.00159  
            259         0.00155  
            260         0.00152  
            261         0.00148  
            262         0.00145  
            263         0.00141  
            264         0.00138  
            265         0.00134  
            266         0.00131  
            267         0.00127  
            268         0.00124  
            269         0.00120  
            270         0.00117  
            271         0.00114  
            272         0.00111  
            273         0.00108  
            274         0.00105  
            275         0.00102  
            276         0.00100  
            277         0.00097  
            278         0.00094  
            279         0.00092  
            280         0.00089  
            281         0.00087  
            282         0.00085  
            283         0.00083  
            284         0.00080  
            285         0.00078  
            286         0.00076  
            287         0.00074  
            288         0.00072  
            289         0.00070  
            290         0.00069  
            291         0.00067  
            292         0.00065  
            293         0.00063  
            294         0.00062  
            295         0.00060  
            296         0.00059  
            297         0.00057  
            298         0.00056  
            299         0.00054  
            300         0.00053  
            301         0.00051  
            302         0.00050  
            303         0.00049  
            304         0.00048  
            305         0.00047  
            306         0.00045  
            307         0.00044  
            308         0.00043  
            309         0.00042  
            310         0.00041  
            311         0.00040  
            312         0.00039  
            313         0.00038  
            314         0.00037  
            315         0.00036  
            316         0.00035  
            317         0.00034  
            318         0.00034  
            319         0.00033  
            320         0.00032  
            321         0.00031  
            322         0.00030  
            323         0.00030  
            324         0.00029  
            325         0.00028  
            326         0.00028  
            327         0.00027  
            328         0.00026  
            329         0.00026  
            330         0.00025  
            331         0.00024  
            332         0.00024  
            333         0.00023  
            334         0.00023  
            335         0.00022  
            336         0.00022  
            337         0.00021  
            338         0.00021  
            339         0.00020  
            340         0.00020  
            341         0.00019  
            342         0.00019  
            343         0.00018  
            344         0.00018  
            345         0.00018  
            346         0.00017  
            347         0.00017  
            348         0.00016  
            349         0.00016  
            350         0.00016  
            351         0.00015  
            352         0.00015  
            353         0.00015  
            354         0.00014  
            355         0.00014  
            356         0.00014  
            357         0.00014  
            358         0.00013  
            359         0.00013  
            360         0.00013  
            361         0.00012  
            362         0.00012  
            363         0.00012  
            364         0.00012  
            365         0.00011  
            366         0.00011  
            367         0.00011  
            368         0.00011  
            369         0.00010  
            370         0.00010  
            371         0.00010  
            372         0.00010  
            373         0.00010  
            374         0.00009  
            375         0.00009  
            376         0.00009  
            377         0.00009  
            378         0.00009  
            379         0.00008  
            380         0.00008  
            381         0.00008  
            382         0.00008  
            383         0.00008  
            384         0.00008  
            385         0.00008  
            386         0.00007  
            387         0.00007  
            388         0.00007  
            389         0.00007  
            390         0.00007  
            391         0.00007  
            392         0.00007  
            393         0.00006  
            394         0.00006  
            395         0.00006  
            396         0.00006  
            397         0.00006  
            398         0.00006  
            399         0.00006  
            400         0.00006  
            401         0.00006  
            402         0.00005  
            403         0.00005  
            404         0.00005  
            405         0.00005  
            406         0.00005  
            407         0.00005  
            408         0.00005  
            409         0.00005  
            410         0.00005  
            411         0.00005  
            412         0.00005  
            413         0.00004  
            414         0.00004  
            415         0.00004  
            416         0.00004  
            417         0.00004  
            418         0.00004  
            419         0.00004  
            420         0.00004  
            421         0.00004  
            422         0.00004  
            423         0.00004  
            424         0.00004  
            425         0.00004  
            426         0.00004  
            427         0.00003  
            428         0.00003  
            429         0.00003  
            430         0.00003  
            431         0.00003  
            432         0.00003  
            433         0.00003  
            434         0.00003  
            435         0.00003  
            436         0.00003  
            437         0.00003  
            438         0.00003  
            439         0.00003  
            440         0.00003  
            441         0.00003  
            442         0.00003  
            443         0.00003  
            444         0.00003  
            445         0.00003  
            446         0.00003  
            447         0.00003  
            448         0.00003  
            449         0.00003  
            450         0.00003  
            451         0.00003  
            452         0.00002  
            453         0.00002  
            454         0.00002  
            455         0.00002  
            456         0.00002  
            457         0.00002  
            458         0.00002  
            459         0.00002  
            460         0.00002  
            461         0.00002  
            462         0.00002  
            463         0.00002  
            464         0.00002  
            465         0.00002  
            466         0.00002  
            467         0.00002  
            468         0.00002  
            469         0.00002  
            470         0.00002  
            471         0.00002  
            472         0.00002  
            473         0.00002  
            474         0.00002  
            475         0.00002  
            476         0.00002  
            477         0.00002  
            478         0.00002  
            479         0.00002  
            480         0.00002  
            481         0.00002  
            482         0.00002  
            483         0.00002  
            484         0.00002  
            485         0.00002  
            486         0.00002  
            487         0.00002  
            488         0.00002  
            489         0.00002  
            490         0.00002  
            491         0.00002  
            492         0.00002  
            493         0.00001  
            494         0.00001  
            495         0.00001  
            496         0.00001  
            497         0.00001  
            498         0.00001  
            499         0.00001  
            500         0.00001  
            501         0.00001  
            502         0.00001  
            503         0.00001  
            504         0.00001  
            505         0.00001  
            506         0.00001  
            507         0.00001  
            508         0.00001  
            509         0.00001  
            510         0.00001  
            511         0.00001  
            512         0.00001  
            513         0.00001  
            514         0.00001  
            515         0.00001  
            516         0.00001  
            517         0.00001  
            518         0.00001  
            519         0.00001  
            520         0.00001  
            521         0.00001  
            522         0.00001  
            523         0.00001  
            524         0.00001  
            525         0.00001  
            526         0.00001  
            527         0.00001  
            528         0.00001  
            529         0.00001  
            530         0.00001  
            531         0.00001  
            532         0.00001  
            533         0.00001  
            534         0.00001  
            535         0.00001  
            536         0.00001  
            537         0.00001  
            538         0.00001  
            539         0.00001  
            540         0.00001  
            541         0.00001  
            542         0.00001  
            543         0.00001  
            544         0.00001  
            545         0.00001  
            546         0.00001  
            547         0.00001  
            548         0.00001  
            549         0.00001  
            550         0.00001  
            551         0.00001  
            552         0.00001  
            553         0.00001  
            554         0.00001  
            555         0.00001  
            556         0.00001  
            557         0.00001  
            558         0.00001  
            559         0.00001  
            560         0.00001  
            561         0.00001  
            562         0.00001  
            563         0.00001  
            564         0.00001  
            565         0.00001  
            566         0.00001  
            567         0.00001  
            568         0.00001  
            569         0.00001  
            570         0.00001  
            571         0.00001  
            572         0.00001  
            573         0.00001  
            574         0.00001  
            575         0.00001  
            576         0.00001  
            577         0.00001  
            578         0.00001  
            579         0.00001  
            580         0.00001  
            581         0.00001  
            582         0.00001  
            583         0.00001  
            584         0.00001  
            585         0.00001  
            586         0.00001  
            587         0.00001  
            588         0.00001  
            589         0.00001  
            590         0.00001  
            591         0.00001  
            592         0.00001  
            593         0.00001  
            594         0.00001  
            595         0.00001  
            596         0.00001  
            597         0.00001  
            598         0.00001  
            599         0.00001  
            600         0.00001  
            601         0.00001  
            602         0.00001  
            603         0.00001  
            604         0.00001  
            605         0.00001  
            606         0.00001  
            607         0.00001  
            608         0.00001  
            609         0.00001  
            610         0.00001  
            611         0.00001  
            612         0.00001  
            613         0.00001  
            614         0.00001  
            615         0.00001  
            616         0.00001  
            617         0.00001  
            618         0.00001  
            619         0.00001  
            620         0.00001  
            621         0.00001  
            622         0.00001  
            623         0.00001  
            624         0.00001  
            625         0.00001  
            626         0.00001  
            627         0.00001  
            628         0.00001  
            629         0.00001  
            630         0.00001  
            631         0.00001  
            632         0.00001  
            633         0.00001  
            634         0.00001  
            635         0.00001  
            636         0.00001  
            637         0.00001  
            638         0.00001  
            639         0.00001  
            640         0.00001  
            641         0.00001  
            642         0.00001  
            643         0.00001  
            644         0.00001  
            645         0.00001  
            646         0.00001  
            647         0.00002  
            648         0.00002  
            649         0.00002  
            650         0.00002  
            651         0.00002  
            652         0.00002  
            653         0.00002  
            654         0.00002  
            655         0.00002  
            656         0.00002  
            657         0.00002  
            658         0.00002  
            659         0.00002  
            660         0.00002  
            661         0.00002  
            662         0.00002  
            663         0.00002  
            664         0.00002  
            665         0.00002  
            666         0.00002  
            667         0.00002  
            668         0.00002  
            669         0.00002  
            670         0.00002  
            671         0.00002  
            672         0.00002  
            673         0.00002  
            674         0.00002  
            675         0.00002  
            676         0.00002  
            677         0.00002  
            678         0.00002  
            679         0.00002  
            680         0.00002  
            681         0.00002  
            682         0.00002  
            683         0.00002  
            684         0.00002  
            685         0.00002  
            686         0.00003  
            687         0.00003  
            688         0.00003  
            689         0.00003  
            690         0.00003  
            691         0.00003  
            692         0.00003  
            693         0.00003  
            694         0.00003  
            695         0.00003  
            696         0.00003  
            697         0.00003  
            698         0.00003  
            699         0.00003  
            700         0.00003  
            701         0.00003  
            702         0.00003  
            703         0.00003  
            704         0.00003  
            705         0.00004  
            706         0.00004  
            707         0.00004  
            708         0.00004  
            709         0.00004  
            710         0.00004  
            711         0.00004  
            712         0.00004  
            713         0.00004  
            714         0.00004  
            715         0.00004  
            716         0.00004  
            717         0.00004  
            718         0.00005  
            719         0.00005  
            720         0.00005  
            721         0.00005  
            722         0.00005  
            723         0.00005  
            724         0.00005  
            725         0.00005  
            726         0.00005  
            727         0.00006  
            728         0.00006  
            729         0.00006  
            730         0.00006  
            731         0.00006  
            732         0.00006  
            733         0.00006  
            734         0.00006  
            735         0.00007  
            736         0.00007  
            737         0.00007  
            738         0.00007  
            739         0.00007  
            740         0.00007  
            741         0.00008  
            742         0.00008  
            743         0.00008  
            744         0.00008  
            745         0.00008  
            746         0.00009  
            747         0.00009  
            748         0.00009  
            749         0.00009  
            750         0.00009  
            751         0.00010  
            752         0.00010  
            753         0.00010  
            754         0.00011  
            755         0.00011  
            756         0.00011  
            757         0.00011  
            758         0.00012  
            759         0.00012  
            760         0.00012  
            761         0.00013  
            762         0.00013  
            763         0.00013  
            764         0.00014  
            765         0.00014  
            766         0.00014  
            767         0.00015  
            768         0.00015  
            769         0.00016  
            770         0.00016  
            771         0.00017  
            772         0.00017  
            773         0.00018  
            774         0.00018  
            775         0.00019  
            776         0.00019  
            777         0.00020  
            778         0.00020  
            779         0.00021  
            780         0.00022  
            781         0.00022  
            782         0.00023  
            783         0.00024  
            784         0.00024  
            785         0.00025  
            786         0.00026  
            787         0.00027  
            788         0.00028  
            789         0.00028  
            790         0.00029  
            791         0.00030  
            792         0.00031  
            793         0.00032  
            794         0.00033  
            795         0.00034  
            796         0.00035  
            797         0.00037  
            798         0.00038  
            799         0.00039  
            800         0.00040  
            801         0.00042  
            802         0.00043  
            803         0.00045  
            804         0.00046  
            805         0.00048  
            806         0.00049  
            807         0.00051  
            808         0.00053  
            809         0.00055  
            810         0.00056  
            811         0.00058  
            812         0.00060  
            813         0.00063  
            814         0.00065  
            815         0.00067  
            816         0.00070  
            817         0.00072  
            818         0.00075  
            819         0.00077  
            820         0.00080  
            821         0.00083  
            822         0.00086  
            823         0.00089  
            824         0.00093  
            825         0.00096  
            826         0.00100  
            827         0.00104  
            828         0.00107  
            829         0.00111  
            830         0.00116  
            831         0.00120  
            832         0.00125  
            833         0.00130  
            834         0.00135  
            835         0.00140  
            836         0.00145  
            837         0.00151  
            838         0.00157  
            839         0.00163  
            840         0.00170  
            841         0.00177  
            842         0.00184  
            843         0.00191  
            844         0.00199  
            845         0.00207  
            846         0.00215  
            847         0.00224  
            848         0.00234  
            849         0.00243  
            850         0.00253  
            851         0.00264  
            852         0.00275  
            853         0.00287  
            854         0.00299  
            855         0.00311  
            856         0.00325  
            857         0.00338  
            858         0.00353  
            859         0.00368  
            860         0.00384  
            861         0.00401  
            862         0.00418  
            863         0.00437  
            864         0.00456  
            865         0.00476  
            866         0.00497  
            867         0.00519  
            868         0.00542  
            869         0.00567  
            870         0.00592  
            871         0.00619  
            872         0.00647  
            873         0.00676  
            874         0.00707  
            875         0.00740  
            876         0.00774  
            877         0.00809  
            878         0.00847  
            879         0.00886  
            880         0.00928  
            881         0.00971  
            882         0.01017  
            883         0.01065  
            884         0.01115  
            885         0.01168  
            886         0.01224  
            887         0.01282  
            888         0.01344  
            889         0.01408  
            890         0.01477  
            891         0.01548  
            892         0.01624  
            893         0.01703  
            894         0.01787  
            895         0.01875  
            896         0.01967  
            897         0.02065  
            898         0.02168  
            899         0.02276  
            900         0.02390  
            901         0.02511  
            902         0.02637  
            903         0.02771  
            904         0.02912  
            905         0.03060  
            906         0.03217  
            907         0.03382  
            908         0.03556  
            909         0.03740  
            910         0.03934  
            911         0.04139  
            912         0.04284  
            913         0.04270  
            914         0.04354  
            915         0.04481  
            916         0.04581  
            917         0.04627  
            918         0.04704  
            919         0.04824  
            920         0.05006  
            921         0.05152  
            922         0.05212  
            923         0.05139  
            924         0.05572  
            925         0.05496  
            926         0.05420  
            927         0.06061  
            928         0.05981  
            929         0.05902  
            930         0.05823  
            931         0.06817  
            932         0.06731  
            933         0.06646  
            934         0.06562  
            935         0.06478  
            936         0.06408  
            937         0.06323  
            938         0.08180  
            939         0.08082  
            940         0.07986  
            941         0.07890  
            942         0.07795  
            943         0.07701  
            944         0.07608  
            945         0.07515  
            946         0.07423  
            947         0.07332  
            948         0.07242  
            949         0.07153  
            950         0.10217  
            951         0.10108  
            952         0.10000  
            953         0.09892  
            954         0.09786  
            955         0.09680  
            956         0.09575  
            957         0.09471  
            958         0.09367  
            959         0.09264  
            960         0.09162  
            961         0.09061  
            962         0.08961  
            963         0.08861  
            964         0.08762  
            965         0.08664  
            966         0.08567  
            967         0.08470  
            968         0.08374  
            969         0.08279  
            970         0.08185  
            971         0.08091  
            972         0.07998  
            973         0.13882  
            974         0.13757  
            975         0.13632  
            976         0.13509  
            977         0.13386  
            978         0.13263  
            979         0.13142  
            980         0.13021  
            981         0.12900  
            982         0.12781  
            983         0.12662  
            984         0.12544  
            985         0.12427  
            986         0.12310  
            987         0.12194  
            988         0.12079  
            989         0.11964  
            990         0.11850  
            991         0.11737  
            992         0.11624  
            993         0.11513  
            994         0.11402  
            995         0.11291  
            996         0.11182  
            997         0.11073  
            998         0.10964  
            999         0.10857  
           1000         0.10750  
           1001         0.10644  
           1002         0.10538  
           1003         0.10433  
           1004         0.10329  
           1005         0.10226  
           1006         0.10123  
           1007         0.10021  
           1008         0.09920  
           1009         0.09820  
           1010         0.09720  
           1011         0.09620  
           1012         0.09522  
           1013         0.09424  
           1014         0.09327  
           1015         0.09230  
           1016         0.09135  
           1017         0.09040  
           1018         0.08945  
           1019         0.08851  
           1020         0.08758  
           1021         0.08666  
           1022         0.08574  
           1023         0.08483  
           1024         0.08393  
           1025         0.08303  
           1026         0.24712  
           1027         0.24564  
           1028         0.24416  
           1029         0.24268  
           1030         0.24121  
           1031         0.23974  
           1032         0.23828  
           1033         0.23682  
           1034         0.23536  
           1035         0.23391  
           1036         0.23246  
           1037         0.23102  
           1038         0.22958  
           1039         0.22815  
           1040         0.22672  
           1041         0.22529  
           1042         0.22387  
           1043         0.22246  
           1044         0.22105  
           1045         0.21964  
           1046         0.21824  
           1047         0.21684  
           1048         0.21544  
           1049         0.21406  
           1050         0.21267  
           1051         0.21129  
           1052         0.20992  
           1053         0.20855  
           1054         0.20718  
           1055         0.20582  
           1056         0.20446  
           1057         0.20311  
           1058         0.20176  
           1059         0.20042  
           1060         0.19908  
           1061         0.19775  
           1062         0.19642  
           1063         0.19510  
           1064         0.19378  
           1065         0.19247  
           1066         0.19116  
           1067         0.18985  
           1068         0.18856  
           1069         0.18726  
           1070         0.18597  
           1071         0.18469  
           1072         0.18341  
           1073         0.18213  
           1074         0.18086  
           1075         0.17960  
           1076         0.17834  
           1077         0.17709  
           1078         0.17584  
           1079         0.17459  
           1080         0.17335  
           1081         0.17212  
           1082         0.17089  
           1083         0.16966  
           1084         0.16844  
           1085         0.16723  
           1086         0.16602  
           1087         0.16482  
           1088         0.16362  
           1089         0.16242  
           1090         0.16124  
           1091         0.16005  
           1092         0.15887  
           1093         0.15770  
           1094         0.15653  
           1095         0.15537  
           1096         0.15421  
           1097         0.15306  
           1098         0.15191  
           1099         0.15077  
           1100         0.14963  
           1101         0.14850  
           1102         0.14737  
           1103         0.14625  
           1104         0.14514  
           1105         0.14403  
           1106         0.14292  
           1107         0.14182  
           1108         0.14072  
           1109         0.13963  
           1110         0.13855  
           1111         0.13747  
           1112         0.13640  
           1113         0.13533  
           1114         0.13426  
           1115         0.13320  
           1116         0.13215  
           1117         0.13110  
           1118         0.13006  
           1119         0.12902  
           1120         0.12799  
           1121         0.12696  
           1122         0.12594  
           1123         0.12493  
           1124         0.12392  
           1125         0.12291  
           1126         0.12191  
           1127         0.12091  
           1128         0.11992  
           1129         0.11894  
           1130         0.11796  
           1131         0.11698  
           1132         0.11602  
           1133         0.11505  
           1134         0.11409  
           1135         0.11314  
           1136         0.11219  
           1137         0.11125  
           1138         0.11031  
           1139         0.10938  
           1140         0.10845  
           1141         0.10753  
           1142         0.10661  
           1143         0.10570  
           1144         0.10480  
           1145         0.10389  
           1146         0.10300  
           1147         0.10211  
           1148         0.10122  
           1149         0.10034  
           1150         0.09947  
           1151         0.09860  
           1152         0.09773  
           1153         0.09687  
           1154         0.09602  
           1155         0.09517  
           1156         0.09433  
           1157         0.09349  
           1158         0.09265  
           1159         0.09182  
           1160         0.09100  
           1161         0.09018  
           1162         0.08937  
           1163         0.08856  
           1164         0.08776  
           1165         0.08696  
           1166         0.08617  
           1167         0.08538  
           1168         0.08459  
           1169         0.08382  
           1170         0.08304  
           1171         0.08228  
           1172         0.08151  
           1173         0.08075  
           1174         0.08000  
           1175         0.07925  
           1176         0.07851  
           1177         0.07777  
           1178         0.07704  
           1179         0.07631  
           1180         0.07559  
           1181         0.07487  
           1182         0.07415  
           1183         0.07345  
           1184         0.07274  
           1185         0.07204  
           1186         0.07135  
           1187         0.07066  
           1188         0.06997  
           1189         0.06929  
           1190         0.06862  
           1191         0.06795  
           1192         0.06728  
           1193         0.06662  
           1194         0.06597  
           1195         0.06531  
           1196         0.06467  
           1197         0.06403  
           1198         0.06339  
           1199         0.06276  
           1200         0.06213  
           1201         0.06150  
           1202         0.06089  
           1203         0.06027  
           1204         0.05966  
           1205         0.05906  
           1206         0.05845  
           1207         0.05786  
           1208         0.05727  
           1209         0.05668  
           1210         0.05610  
           1211         0.05552  
           1212         0.05494  
           1213         0.05438  
           1214         0.05381  
           1215         0.05325  
           1216         1.00000  
