              0         0.04760  
              1         0.04819  
              2         0.04879  
              3         0.04938  
              4         0.04997  
              5         0.05057  
              6         0.05116  
              7         0.05175  
              8         0.05235  
              9         0.05294  
             10         0.05354  
             11         0.05413  
             12         0.05472  
             13         0.05532  
             14         0.05591  
             15         0.05651  
             16         0.05710  
             17         0.05769  
             18         0.05829  
             19         0.05888  
             20         0.05948  
             21         0.06007  
             22         0.06066  
             23         0.06126  
             24         0.06185  
             25         0.06245  
             26         0.06304  
             27         0.06363  
             28         0.06423  
             29         0.06482  
             30         0.06542  
             31         0.06601  
             32         0.06660  
             33         0.06720  
             34         0.06779  
             35         0.06838  
             36         0.06898  
             37         0.06957  
             38         0.07017  
             39         0.07076  
             40         0.07135  
             41         0.07195  
             42         0.07254  
             43         0.07314  
             44         0.07373  
             45         0.07432  
             46         0.07492  
             47         0.07551  
             48         0.07611  
             49         0.07670  
             50         0.07729  
             51         0.07789  
             52         0.07848  
             53         0.07908  
             54         0.07967  
             55         0.08026  
             56         0.08086  
             57         0.08145  
             58         0.08204  
             59         0.08264  
             60         0.08323  
             61         0.08383  
             62         0.08442  
             63         0.08501  
             64         0.08561  
             65         0.08620  
             66         0.08680  
             67         0.08739  
             68         0.08798  
             69         0.08858  
             70         0.08917  
             71         0.08977  
             72         0.09036  
             73         0.09095  
             74         0.09155  
             75         0.09214  
             76         0.09274  
             77         0.09333  
             78         0.09392  
             79         0.09452  
             80         0.09511  
             81         0.09571  
             82         0.09630  
             83         0.09689  
             84         0.09749  
             85         0.09808  
             86         0.09867  
             87         0.09927  
             88         0.09986  
             89         0.10046  
             90         0.10105  
             91         0.10164  
             92         0.10224  
             93         0.10283  
             94         0.10343  
             95         0.10402  
             96         0.10461  
             97         0.10521  
             98         0.10580  
             99         0.10640  
            100         0.10699  
            101         0.10758  
            102         0.10818  
            103         0.10877  
            104         0.10937  
            105         0.10996  
            106         0.11055  
            107         0.11115  
            108         0.11174  
            109         0.11234  
            110         0.11293  
            111         0.11352  
            112         0.11412  
            113         0.11471  
            114         0.11530  
            115         0.11590  
            116         0.11649  
            117         0.11709  
            118         0.11768  
            119         0.11827  
            120         0.11887  
            121         0.11946  
            122         0.12006  
            123         0.12065  
            124         0.12124  
            125         0.12184  
            126         0.12243  
            127         0.12303  
            128         0.12362  
            129         0.12421  
            130         0.12481  
            131         0.12540  
            132         0.12600  
            133         0.12659  
            134         0.12718  
            135         0.12778  
            136         0.12837  
            137         0.12896  
            138         0.12956  
            139         0.13015  
            140         0.13075  
            141         0.13134  
            142         0.13193  
            143         0.13253  
            144         0.13312  
            145         0.13372  
            146         0.13431  
            147         0.13490  
            148         0.13550  
            149         0.13609  
            150         0.13669  
            151         0.13728  
            152         0.13787  
            153         0.13847  
            154         0.13906  
            155         0.13966  
            156         0.14025  
            157         0.14084  
            158         0.14144  
            159         0.14203  
            160         0.14263  
            161         0.14322  
            162         0.14381  
            163         0.14441  
            164         0.14500  
            165         0.14559  
            166         0.14619  
            167         0.14678  
            168         0.14738  
            169         0.14797  
            170         0.14856  
            171         0.14916  
            172         0.14975  
            173         0.15035  
            174         0.15094  
            175         0.15153  
            176         0.15213  
            177         0.15272  
            178         0.15332  
            179         0.15391  
            180         0.15450  
            181         0.15510  
            182         0.15569  
            183         0.15629  
            184         0.15688  
            185         0.15747  
            186         0.15807  
            187         0.15866  
            188         0.15926  
            189         0.15985  
            190         0.16044  
            191         0.16104  
            192         0.16163  
            193         0.16222  
            194         0.16282  
            195         0.16341  
            196         0.16401  
            197         0.16460  
            198         0.16519  
            199         0.16579  
            200         0.16638  
            201         0.16698  
            202         0.16757  
            203         0.16816  
            204         0.16876  
            205         0.16935  
            206         0.16995  
            207         0.17054  
            208         0.17113  
            209         0.17173  
            210         0.17232  
            211         0.17292  
            212         0.17351  
            213         0.17410  
            214         0.17470  
            215         0.17529  
            216         0.17588  
            217         0.17648  
            218         0.17707  
            219         0.17767  
            220         0.17826  
            221         0.17885  
            222         0.17945  
            223         0.18004  
            224         0.18064  
            225         0.18123  
            226         0.18182  
            227         0.18242  
            228         0.18301  
            229         0.18361  
            230         0.18420  
            231         0.18479  
            232         0.18539  
            233         0.18598  
            234         0.18658  
            235         0.18717  
            236         0.18776  
            237         0.18836  
            238         0.18895  
            239         0.18955  
            240         0.19014  
            241         0.19073  
            242         0.19133  
            243         0.19192  
            244         0.19251  
            245         0.19311  
            246         0.19370  
            247         0.19430  
            248         0.19489  
            249         0.19548  
            250         0.19608  
            251         0.19667  
            252         0.19727  
            253         0.19786  
            254         0.19845  
            255         0.19905  
            256         0.19964  
            257         0.20024  
            258         0.20083  
            259         0.20142  
            260         0.20202  
            261         0.20261  
            262         0.20321  
            263         0.20380  
            264         0.20439  
            265         0.20499  
            266         0.20558  
            267         0.20618  
            268         0.20677  
            269         0.20736  
            270         0.20796  
            271         0.20855  
            272         0.20914  
            273         0.20974  
            274         0.21033  
            275         0.21093  
            276         0.21152  
            277         0.21211  
            278         0.21271  
            279         0.21330  
            280         0.21390  
            281         0.21449  
            282         0.21508  
            283         0.21568  
            284         0.21627  
            285         0.21687  
            286         0.21746  
            287         0.21805  
            288         0.21865  
            289         0.21924  
            290         0.21984  
            291         0.22043  
            292         0.22102  
            293         0.22162  
            294         0.22221  
            295         0.22280  
            296         0.22340  
            297         0.22399  
            298         0.22459  
            299         0.22518  
            300         0.22577  
            301         0.22637  
            302         0.22696  
            303         0.22756  
            304         0.22815  
            305         0.22874  
            306         0.22934  
            307         0.22993  
            308         0.23053  
            309         0.23112  
            310         0.23171  
            311         0.23231  
            312         0.23290  
            313         0.23350  
            314         0.23409  
            315         0.23468  
            316         0.23528  
            317         0.23587  
            318         0.23647  
            319         0.23706  
            320         0.23765  
            321         0.23825  
            322         0.23884  
            323         0.23943  
            324         0.24003  
            325         0.24062  
            326         0.24122  
            327         0.24181  
            328         0.24240  
            329         0.24300  
            330         0.24359  
            331         0.24419  
            332         0.24478  
            333         0.24537  
            334         0.24597  
            335         0.24656  
            336         0.24716  
            337         0.24775  
            338         0.24834  
            339         0.24894  
            340         0.24953  
            341         0.25013  
            342         0.25072  
            343         0.25131  
            344         0.25191  
            345         0.25250  
            346         0.25310  
            347         0.25369  
            348         0.25428  
            349         0.25488  
            350         0.25547  
            351         0.25606  
            352         0.25666  
            353         0.25725  
            354         0.25785  
            355         0.25844  
            356         0.25903  
            357         0.25963  
            358         0.26022  
            359         0.26082  
            360         0.26141  
            361         0.26200  
            362         0.26260  
            363         0.26319  
            364         0.26379  
            365         0.26438  
            366         0.26497  
            367         0.26557  
            368         0.26616  
            369         0.26676  
            370         0.26735  
            371         0.26794  
            372         0.26854  
            373         0.26913  
            374         0.26972  
            375         0.27032  
            376         0.27091  
            377         0.27151  
            378         0.27210  
            379         0.27269  
            380         0.27329  
            381         0.27388  
            382         0.27448  
            383         0.27507  
            384         0.27566  
            385         0.27626  
            386         0.27685  
            387         0.27745  
            388         0.27804  
            389         0.27863  
            390         0.27923  
            391         0.27982  
            392         0.28042  
            393         0.28101  
            394         0.28160  
            395         0.28220  
            396         0.28279  
            397         0.28339  
            398         0.28398  
            399         0.28457  
            400         0.28517  
            401         0.28576  
            402         0.28635  
            403         0.28695  
            404         0.28754  
            405         0.28814  
            406         0.28873  
            407         0.28932  
            408         0.28992  
            409         0.29051  
            410         0.29111  
            411         0.29170  
            412         0.29229  
            413         0.29289  
            414         0.29348  
            415         0.29408  
            416         0.29467  
            417         0.29526  
            418         0.29586  
            419         0.29645  
            420         0.29705  
            421         0.29764  
            422         0.29823  
            423         0.29883  
            424         0.29942  
            425         0.30002  
            426         0.30061  
            427         0.30120  
            428         0.30180  
            429         0.30239  
            430         0.30298  
            431         0.30358  
            432         0.30417  
            433         0.30477  
            434         0.30536  
            435         0.30595  
            436         0.30655  
            437         0.30714  
            438         0.30774  
            439         0.30833  
            440         0.30892  
            441         0.30952  
            442         0.31011  
            443         0.31071  
            444         0.31130  
            445         0.31189  
            446         0.31249  
            447         0.31308  
            448         0.31368  
            449         0.31427  
            450         0.31486  
            451         0.31546  
            452         0.31605  
            453         0.31664  
            454         0.31724  
            455         0.31783  
            456         0.31843  
            457         0.31902  
            458         0.31961  
            459         0.32021  
            460         0.32080  
            461         0.32140  
            462         0.32199  
            463         0.32258  
            464         0.32318  
            465         0.32377  
            466         0.32437  
            467         0.32496  
            468         0.32555  
            469         0.32615  
            470         0.32674  
            471         0.32734  
            472         0.32793  
            473         0.32852  
            474         0.32912  
            475         0.32971  
            476         0.33031  
            477         0.33090  
            478         0.33149  
            479         0.33209  
            480         0.33268  
            481         0.33327  
            482         0.33387  
            483         0.33446  
            484         0.33506  
            485         0.33565  
            486         0.33624  
            487         0.33684  
            488         0.33743  
            489         0.33803  
            490         0.33862  
            491         0.33921  
            492         0.33981  
            493         0.34040  
            494         0.34100  
            495         0.34159  
            496         0.34218  
            497         0.34278  
            498         0.34337  
            499         0.34397  
            500         0.34456  
            501         0.34515  
            502         0.34575  
            503         0.34634  
            504         0.34694  
            505         0.34753  
            506         0.34812  
            507         0.34872  
            508         0.34931  
            509         0.34990  
            510         0.35050  
            511         0.35109  
            512         0.35169  
            513         0.35228  
            514         0.35287  
            515         0.35347  
            516         0.35406  
            517         0.35466  
            518         0.35525  
            519         0.35584  
            520         0.35644  
            521         0.35703  
            522         0.35763  
            523         0.35822  
            524         0.35881  
            525         0.35941  
            526         0.36000  
            527         0.36060  
            528         0.36119  
            529         0.36178  
            530         0.36238  
            531         0.36297  
            532         0.36356  
            533         0.36416  
            534         0.36475  
            535         0.36535  
            536         0.36594  
            537         0.36653  
            538         0.36713  
            539         0.36772  
            540         0.36832  
            541         0.36891  
            542         0.36950  
            543         0.37010  
            544         0.37069  
            545         0.37129  
            546         0.37188  
            547         0.37247  
            548         0.37307  
            549         0.37366  
            550         0.37426  
            551         0.37485  
            552         0.37544  
            553         0.37604  
            554         0.37663  
            555         0.37723  
            556         0.37782  
            557         0.37841  
            558         0.37901  
            559         0.37960  
            560         0.38019  
            561         0.38079  
            562         0.38138  
            563         0.38198  
            564         0.38257  
            565         0.38316  
            566         0.38376  
            567         0.38435  
            568         0.38495  
            569         0.38554  
            570         0.38613  
            571         0.38673  
            572         0.38732  
            573         0.38792  
            574         0.38851  
            575         0.38910  
            576         0.38970  
            577         0.39029  
            578         0.39089  
            579         0.39148  
            580         0.39207  
            581         0.39267  
            582         0.39326  
            583         0.39386  
            584         0.39445  
            585         0.39504  
            586         0.39564  
            587         0.39623  
            588         0.39682  
            589         0.39742  
            590         0.39801  
            591         0.39861  
            592         0.39920  
            593         0.39979  
            594         0.40039  
            595         0.40098  
            596         0.40158  
            597         0.40217  
            598         0.40276  
            599         0.40336  
            600         0.40395  
            601         0.40455  
            602         0.40514  
            603         0.40573  
            604         0.40633  
            605         0.40692  
            606         0.40752  
            607         0.40811  
            608         0.40870  
            609         0.40930  
            610         0.40989  
            611         0.41048  
            612         0.41108  
            613         0.41167  
            614         0.41227  
            615         0.41286  
            616         0.41345  
            617         0.41405  
            618         0.41464  
            619         0.41524  
            620         0.41583  
            621         0.41642  
            622         0.41702  
            623         0.41761  
            624         0.41821  
            625         0.41880  
            626         0.41939  
            627         0.41999  
            628         0.42058  
            629         0.42118  
            630         0.42177  
            631         0.42236  
            632         0.42296  
            633         0.42355  
            634         0.42415  
            635         0.42474  
            636         0.42533  
            637         0.42593  
            638         0.42652  
            639         0.42711  
            640         0.42771  
            641         0.42830  
            642         0.42890  
            643         0.42949  
            644         0.43008  
            645         0.43068  
            646         0.43127  
            647         0.43187  
            648         0.43246  
            649         0.43305  
            650         0.43365  
            651         0.43424  
            652         0.43484  
            653         0.43543  
            654         0.43602  
            655         0.43662  
            656         0.43721  
            657         0.43781  
            658         0.43840  
            659         0.43899  
            660         0.43959  
            661         0.44018  
            662         0.44078  
            663         0.44137  
            664         0.44196  
            665         0.44256  
            666         0.44315  
            667         0.44374  
            668         0.44434  
            669         0.44493  
            670         0.44553  
            671         0.44612  
            672         0.44671  
            673         0.44731  
            674         0.44790  
            675         0.44850  
            676         0.44909  
            677         0.44968  
            678         0.45028  
            679         0.45087  
            680         0.45147  
            681         0.45206  
            682         0.45265  
            683         0.45325  
            684         0.45384  
            685         0.45444  
            686         0.45503  
            687         0.45562  
            688         0.45622  
            689         0.45681  
            690         0.45740  
            691         0.45800  
            692         0.45859  
            693         0.45919  
            694         0.45979  
            695         0.46040  
            696         0.46102  
            697         0.46164  
            698         0.46227  
            699         0.46291  
            700         0.46355  
            701         0.46420  
            702         0.46486  
            703         0.46553  
            704         0.46620  
            705         0.46688  
            706         0.46757  
            707         0.46826  
            708         0.46896  
            709         0.46968  
            710         0.47039  
            711         0.47112  
            712         0.47185  
            713         0.47259  
            714         0.47334  
            715         0.47410  
            716         0.47487  
            717         0.47564  
            718         0.47642  
            719         0.47721  
            720         0.47801  
            721         0.47882  
            722         0.47963  
            723         0.48046  
            724         0.48129  
            725         0.48213  
            726         0.48298  
            727         0.48384  
            728         0.48471  
            729         0.48558  
            730         0.48647  
            731         0.48736  
            732         0.48827  
            733         0.48918  
            734         0.49010  
            735         0.49104  
            736         0.49198  
            737         0.49293  
            738         0.49389  
            739         0.49486  
            740         0.49584  
            741         0.49683  
            742         0.49783  
            743         0.49884  
            744         0.49986  
            745         0.50089  
            746         0.50193  
            747         0.50299  
            748         0.50405  
            749         0.50512  
            750         0.50621  
            751         0.50730  
            752         0.50841  
            753         0.50952  
            754         0.51065  
            755         0.51179  
            756         0.51294  
            757         0.51411  
            758         0.51528  
            759         0.51647  
            760         0.51766  
            761         0.51887  
            762         0.52009  
            763         0.52133  
            764         0.52257  
            765         0.52383  
            766         0.52510  
            767         0.52639  
            768         0.52768  
            769         0.52899  
            770         0.53032  
            771         0.53165  
            772         0.53300  
            773         0.53436  
            774         0.53574  
            775         0.53713  
            776         0.53853  
            777         0.53995  
            778         0.54138  
            779         0.54282  
            780         0.54428  
            781         0.54576  
            782         0.54725  
            783         0.54875  
            784         0.55027  
            785         0.55180  
            786         0.55335  
            787         0.55492  
            788         0.55650  
            789         0.55809  
            790         0.55970  
            791         0.56133  
            792         0.56298  
            793         0.56464  
            794         0.56631  
            795         0.56801  
            796         0.56972  
            797         0.57144  
            798         0.57319  
            799         0.57495  
            800         0.57673  
            801         0.57853  
            802         0.58034  
            803         0.58218  
            804         0.58403  
            805         0.58590  
            806         0.58779  
            807         0.58970  
            808         0.59162  
            809         0.59357  
            810         0.59554  
            811         0.59752  
            812         0.59953  
            813         0.60155  
            814         0.60360  
            815         0.60567  
            816         0.60776  
            817         0.60986  
            818         0.61200  
            819         0.61415  
            820         0.61632  
            821         0.61852  
            822         0.62074  
            823         0.62298  
            824         0.62524  
            825         0.62753  
            826         0.62984  
            827         0.63217  
            828         0.63453  
            829         0.63691  
            830         0.63931  
            831         0.64174  
            832         0.64420  
            833         0.64668  
            834         0.64918  
            835         0.65172  
            836         0.65427  
            837         0.65686  
            838         0.65947  
            839         0.66211  
            840         0.66477  
            841         0.66746  
            842         0.67018  
            843         0.67293  
            844         0.67571  
            845         0.67851  
            846         0.68135  
            847         0.68421  
            848         0.68711  
            849         0.69003  
            850         0.69299  
            851         0.69597  
            852         0.69899  
            853         0.70204  
            854         0.70512  
            855         0.70823  
            856         0.71138  
            857         0.71456  
            858         0.71777  
            859         0.72102  
            860         0.72430  
            861         0.72762  
            862         0.73097  
            863         0.73436  
            864         0.73778  
            865         0.74124  
            866         0.74474  
            867         0.74827  
            868         0.75184  
            869         0.75545  
            870         0.75910  
            871         0.76279  
            872         0.76652  
            873         0.77029  
            874         0.77410  
            875         0.77795  
            876         0.78184  
            877         0.78578  
            878         0.78975  
            879         0.79377  
            880         0.79784  
            881         0.80195  
            882         0.80610  
            883         0.81030  
            884         0.81455  
            885         0.81884  
            886         0.82318  
            887         0.82756  
            888         0.83200  
            889         0.83649  
            890         0.84102  
            891         0.84560  
            892         0.85024  
            893         0.85493  
            894         0.85967  
            895         0.86446  
            896         0.86930  
            897         0.87421  
            898         0.87916  
            899         0.88417  
            900         0.88924  
            901         0.89436  
            902         0.89955  
            903         0.90479  
            904         0.91009  
            905         0.91545  
            906         0.92087  
            907         0.92635  
            908         0.93190  
            909         0.93751  
            910         0.94318  
            911         0.94892  
            912         0.95322  
            913         0.95316  
            914         0.95339  
            915         0.95365  
            916         0.95399  
            917         0.95429  
            918         0.95429  
            919         0.95458  
            920         0.95501  
            921         0.95524  
            922         0.95548  
            923         0.95587  
            924         0.95626  
            925         0.95608  
            926         0.95590  
            927         0.95723  
            928         0.95706  
            929         0.95688  
            930         0.95671  
            931         0.95859  
            932         0.95843  
            933         0.95826  
            934         0.95809  
            935         0.95792  
            936         0.95775  
            937         0.95758  
            938         0.96036  
            939         0.96020  
            940         0.96004  
            941         0.95988  
            942         0.95972  
            943         0.95956  
            944         0.95939  
            945         0.95923  
            946         0.95907  
            947         0.95890  
            948         0.95874  
            949         0.95858  
            950         0.96284  
            951         0.96269  
            952         0.96255  
            953         0.96240  
            954         0.96225  
            955         0.96210  
            956         0.96195  
            957         0.96180  
            958         0.96165  
            959         0.96150  
            960         0.96135  
            961         0.96120  
            962         0.96104  
            963         0.96089  
            964         0.96074  
            965         0.96059  
            966         0.96043  
            967         0.96028  
            968         0.96012  
            969         0.95997  
            970         0.95981  
            971         0.95966  
            972         0.95950  
            973         0.96668  
            974         0.96655  
            975         0.96642  
            976         0.96630  
            977         0.96617  
            978         0.96604  
            979         0.96591  
            980         0.96578  
            981         0.96565  
            982         0.96552  
            983         0.96538  
            984         0.96525  
            985         0.96512  
            986         0.96499  
            987         0.96486  
            988         0.96472  
            989         0.96459  
            990         0.96445  
            991         0.96432  
            992         0.96419  
            993         0.96405  
            994         0.96392  
            995         0.96378  
            996         0.96364  
            997         0.96351  
            998         0.96337  
            999         0.96323  
           1000         0.96310  
           1001         0.96296  
           1002         0.96282  
           1003         0.96268  
           1004         0.96254  
           1005         0.96240  
           1006         0.96226  
           1007         0.96212  
           1008         0.96198  
           1009         0.96184  
           1010         0.96170  
           1011         0.96156  
           1012         0.96142  
           1013         0.96128  
           1014         0.96113  
           1015         0.96099  
           1016         0.96085  
           1017         0.96070  
           1018         0.96056  
           1019         0.96042  
           1020         0.96027  
           1021         0.96013  
           1022         0.95998  
           1023         0.95983  
           1024         0.95969  
           1025         0.95954  
           1026         0.97370  
           1027         0.97361  
           1028         0.97351  
           1029         0.97342  
           1030         0.97333  
           1031         0.97323  
           1032         0.97314  
           1033         0.97304  
           1034         0.97295  
           1035         0.97285  
           1036         0.97276  
           1037         0.97266  
           1038         0.97256  
           1039         0.97247  
           1040         0.97237  
           1041         0.97228  
           1042         0.97218  
           1043         0.97208  
           1044         0.97198  
           1045         0.97189  
           1046         0.97179  
           1047         0.97169  
           1048         0.97159  
           1049         0.97149  
           1050         0.97139  
           1051         0.97130  
           1052         0.97120  
           1053         0.97110  
           1054         0.97100  
           1055         0.97090  
           1056         0.97080  
           1057         0.97070  
           1058         0.97059  
           1059         0.97049  
           1060         0.97039  
           1061         0.97029  
           1062         0.97019  
           1063         0.97009  
           1064         0.96998  
           1065         0.96988  
           1066         0.96978  
           1067         0.96968  
           1068         0.96957  
           1069         0.96947  
           1070         0.96937  
           1071         0.96926  
           1072         0.96916  
           1073         0.96905  
           1074         0.96895  
           1075         0.96884  
           1076         0.96874  
           1077         0.96863  
           1078         0.96853  
           1079         0.96842  
           1080         0.96831  
           1081         0.96821  
           1082         0.96810  
           1083         0.96799  
           1084         0.96789  
           1085         0.96778  
           1086         0.96767  
           1087         0.96756  
           1088         0.96746  
           1089         0.96735  
           1090         0.96724  
           1091         0.96713  
           1092         0.96702  
           1093         0.96691  
           1094         0.96680  
           1095         0.96669  
           1096         0.96658  
           1097         0.96647  
           1098         0.96636  
           1099         0.96625  
           1100         0.96614  
           1101         0.96602  
           1102         0.96591  
           1103         0.96580  
           1104         0.96569  
           1105         0.96558  
           1106         0.96546  
           1107         0.96535  
           1108         0.96524  
           1109         0.96512  
           1110         0.96501  
           1111         0.96489  
           1112         0.96478  
           1113         0.96467  
           1114         0.96455  
           1115         0.96444  
           1116         0.96432  
           1117         0.96420  
           1118         0.96409  
           1119         0.96397  
           1120         0.96386  
           1121         0.96374  
           1122         0.96362  
           1123         0.96350  
           1124         0.96339  
           1125         0.96327  
           1126         0.96315  
           1127         0.96303  
           1128         0.96291  
           1129         0.96279  
           1130         0.96268  
           1131         0.96256  
           1132         0.96244  
           1133         0.96232  
           1134         0.96220  
           1135         0.96208  
           1136         0.96196  
           1137         0.96183  
           1138         0.96171  
           1139         0.96159  
           1140         0.96147  
           1141         0.96135  
           1142         0.96122  
           1143         0.96110  
           1144         0.96098  
           1145         0.96086  
           1146         0.96073  
           1147         0.96061  
           1148         0.96048  
           1149         0.96036  
           1150         0.96024  
           1151         0.96011  
           1152         0.95999  
           1153         0.95986  
           1154         0.95973  
           1155         0.95961  
           1156         0.95948  
           1157         0.95936  
           1158         0.95923  
           1159         0.95910  
           1160         0.95898  
           1161         0.95885  
           1162         0.95872  
           1163         0.95859  
           1164         0.95846  
           1165         0.95833  
           1166         0.95821  
           1167         0.95808  
           1168         0.95795  
           1169         0.95782  
           1170         0.95769  
           1171         0.95756  
           1172         0.95743  
           1173         0.95729  
           1174         0.95716  
           1175         0.95703  
           1176         0.95690  
           1177         0.95677  
           1178         0.95664  
           1179         0.95650  
           1180         0.95637  
           1181         0.95624  
           1182         0.95610  
           1183         0.95597  
           1184         0.95584  
           1185         0.95570  
           1186         0.95557  
           1187         0.95543  
           1188         0.95530  
           1189         0.95516  
           1190         0.95503  
           1191         0.95489  
           1192         0.95475  
           1193         0.95462  
           1194         0.95448  
           1195         0.95434  
           1196         0.95421  
           1197         0.95407  
           1198         0.95393  
           1199         0.95379  
           1200         0.95365  
           1201         0.95352  
           1202         0.95338  
           1203         0.95324  
           1204         0.95310  
           1205         0.95296  
           1206         0.95282  
           1207         0.95268  
           1208         0.95254  
           1209         0.95239  
           1210         0.95225  
           1211         0.95211  
           1212         0.95197  
           1213         0.95183  
           1214         0.95168  
           1215         0.95154  
           1216         1.00000  
