              0         0.05769  
              1         0.05756  
              2         0.05742  
              3         0.05729  
              4         0.05715  
              5         0.05702  
              6         0.05688  
              7         0.05675  
              8         0.05661  
              9         0.05648  
             10         0.05634  
             11         0.05621  
             12         0.05607  
             13         0.05594  
             14         0.05580  
             15         0.05567  
             16         0.05553  
             17         0.05540  
             18         0.05526  
             19         0.05513  
             20         0.05499  
             21         0.05486  
             22         0.05472  
             23         0.05459  
             24         0.05445  
             25         0.05432  
             26         0.05418  
             27         0.05405  
             28         0.05391  
             29         0.05378  
             30         0.05364  
             31         0.05351  
             32         0.05337  
             33         0.05324  
             34         0.05310  
             35         0.05297  
             36         0.05283  
             37         0.05270  
             38         0.05256  
             39         0.05243  
             40         0.05229  
             41         0.05216  
             42         0.05202  
             43         0.05189  
             44         0.05175  
             45         0.05162  
             46         0.05148  
             47         0.05135  
             48         0.05121  
             49         0.05108  
             50         0.05094  
             51         0.05081  
             52         0.05067  
             53         0.05054  
             54         0.05040  
             55         0.05027  
             56         0.05013  
             57         0.05000  
             58         0.04986  
             59         0.04973  
             60         0.04959  
             61         0.04946  
             62         0.04932  
             63         0.04919  
             64         0.04905  
             65         0.04892  
             66         0.04878  
             67         0.04865  
             68         0.04851  
             69         0.04838  
             70         0.04824  
             71         0.04811  
             72         0.04797  
             73         0.04784  
             74         0.04770  
             75         0.04757  
             76         0.04743  
             77         0.04730  
             78         0.04716  
             79         0.04703  
             80         0.04689  
             81         0.04676  
             82         0.04662  
             83         0.04649  
             84         0.04635  
             85         0.04622  
             86         0.04608  
             87         0.04595  
             88         0.04581  
             89         0.04568  
             90         0.04554  
             91         0.04541  
             92         0.04527  
             93         0.04514  
             94         0.04500  
             95         0.04487  
             96         0.04473  
             97         0.04460  
             98         0.04446  
             99         0.04433  
            100         0.04419  
            101         0.04406  
            102         0.04392  
            103         0.04379  
            104         0.04365  
            105         0.04352  
            106         0.04338  
            107         0.04325  
            108         0.04311  
            109         0.04298  
            110         0.04284  
            111         0.04271  
            112         0.04257  
            113         0.04244  
            114         0.04230  
            115         0.04217  
            116         0.04203  
            117         0.04190  
            118         0.04176  
            119         0.04163  
            120         0.04149  
            121         0.04136  
            122         0.04122  
            123         0.04109  
            124         0.04095  
            125         0.04082  
            126         0.04068  
            127         0.04055  
            128         0.04041  
            129         0.04028  
            130         0.04014  
            131         0.04001  
            132         0.03987  
            133         0.03974  
            134         0.03960  
            135         0.03947  
            136         0.03933  
            137         0.03920  
            138         0.03906  
            139         0.03893  
            140         0.03879  
            141         0.03866  
            142         0.03852  
            143         0.03839  
            144         0.03825  
            145         0.03812  
            146         0.03798  
            147         0.03785  
            148         0.03771  
            149         0.03758  
            150         0.03744  
            151         0.03731  
            152         0.03717  
            153         0.03704  
            154         0.03690  
            155         0.03677  
            156         0.03663  
            157         0.03650  
            158         0.03636  
            159         0.03623  
            160         0.03609  
            161         0.03596  
            162         0.03582  
            163         0.03569  
            164         0.03555  
            165         0.03542  
            166         0.03528  
            167         0.03515  
            168         0.03501  
            169         0.03488  
            170         0.03474  
            171         0.03461  
            172         0.03447  
            173         0.03434  
            174         0.03420  
            175         0.03407  
            176         0.03393  
            177         0.03380  
            178         0.03366  
            179         0.03353  
            180         0.03339  
            181         0.03326  
            182         0.03312  
            183         0.03299  
            184         0.03285  
            185         0.03272  
            186         0.03258  
            187         0.03245  
            188         0.03231  
            189         0.03218  
            190         0.03204  
            191         0.03191  
            192         0.03177  
            193         0.03164  
            194         0.03150  
            195         0.03137  
            196         0.03123  
            197         0.03110  
            198         0.03096  
            199         0.03083  
            200         0.03069  
            201         0.03056  
            202         0.03042  
            203         0.03029  
            204         0.03015  
            205         0.03002  
            206         0.02988  
            207         0.02975  
            208         0.02961  
            209         0.02948  
            210         0.02934  
            211         0.02921  
            212         0.02907  
            213         0.02894  
            214         0.02880  
            215         0.02867  
            216         0.02853  
            217         0.02840  
            218         0.02826  
            219         0.02813  
            220         0.02799  
            221         0.02786  
            222         0.02772  
            223         0.02759  
            224         0.02745  
            225         0.02732  
            226         0.02718  
            227         0.02705  
            228         0.02691  
            229         0.02678  
            230         0.02664  
            231         0.02651  
            232         0.02637  
            233         0.02624  
            234         0.02610  
            235         0.02597  
            236         0.02583  
            237         0.02570  
            238         0.02556  
            239         0.02543  
            240         0.02529  
            241         0.02516  
            242         0.02502  
            243         0.02489  
            244         0.02475  
            245         0.02462  
            246         0.02448  
            247         0.02435  
            248         0.02421  
            249         0.02408  
            250         0.02394  
            251         0.02381  
            252         0.02367  
            253         0.02354  
            254         0.02340  
            255         0.02327  
            256         0.02313  
            257         0.02300  
            258         0.02286  
            259         0.02273  
            260         0.02259  
            261         0.02246  
            262         0.02232  
            263         0.02219  
            264         0.02205  
            265         0.02192  
            266         0.02178  
            267         0.02165  
            268         0.02151  
            269         0.02138  
            270         0.02124  
            271         0.02111  
            272         0.02097  
            273         0.02084  
            274         0.02070  
            275         0.02057  
            276         0.02043  
            277         0.02030  
            278         0.02016  
            279         0.02003  
            280         0.01989  
            281         0.01976  
            282         0.01962  
            283         0.01949  
            284         0.01935  
            285         0.01922  
            286         0.01908  
            287         0.01895  
            288         0.01881  
            289         0.01868  
            290         0.01854  
            291         0.01841  
            292         0.01827  
            293         0.01814  
            294         0.01800  
            295         0.01787  
            296         0.01773  
            297         0.01760  
            298         0.01746  
            299         0.01733  
            300         0.01719  
            301         0.01706  
            302         0.01692  
            303         0.01679  
            304         0.01665  
            305         0.01652  
            306         0.01638  
            307         0.01625  
            308         0.01611  
            309         0.01598  
            310         0.01584  
            311         0.01571  
            312         0.01557  
            313         0.01544  
            314         0.01530  
            315         0.01517  
            316         0.01503  
            317         0.01490  
            318         0.01476  
            319         0.01463  
            320         0.01449  
            321         0.01436  
            322         0.01422  
            323         0.01409  
            324         0.01395  
            325         0.01382  
            326         0.01368  
            327         0.01355  
            328         0.01341  
            329         0.01328  
            330         0.01314  
            331         0.01301  
            332         0.01287  
            333         0.01274  
            334         0.01260  
            335         0.01247  
            336         0.01233  
            337         0.01220  
            338         0.01206  
            339         0.01193  
            340         0.01179  
            341         0.01166  
            342         0.01152  
            343         0.01139  
            344         0.01125  
            345         0.01112  
            346         0.01098  
            347         0.01085  
            348         0.01072  
            349         0.01058  
            350         0.01046  
            351         0.01033  
            352         0.01020  
            353         0.01008  
            354         0.00996  
            355         0.00984  
            356         0.00972  
            357         0.00961  
            358         0.00950  
            359         0.00938  
            360         0.00927  
            361         0.00916  
            362         0.00906  
            363         0.00895  
            364         0.00885  
            365         0.00875  
            366         0.00864  
            367         0.00855  
            368         0.00845  
            369         0.00835  
            370         0.00826  
            371         0.00816  
            372         0.00807  
            373         0.00798  
            374         0.00789  
            375         0.00780  
            376         0.00772  
            377         0.00763  
            378         0.00755  
            379         0.00746  
            380         0.00738  
            381         0.00730  
            382         0.00722  
            383         0.00714  
            384         0.00707  
            385         0.00699  
            386         0.00692  
            387         0.00684  
            388         0.00677  
            389         0.00670  
            390         0.00663  
            391         0.00656  
            392         0.00649  
            393         0.00642  
            394         0.00636  
            395         0.00629  
            396         0.00623  
            397         0.00616  
            398         0.00610  
            399         0.00604  
            400         0.00598  
            401         0.00592  
            402         0.00586  
            403         0.00580  
            404         0.00575  
            405         0.00569  
            406         0.00563  
            407         0.00558  
            408         0.00553  
            409         0.00547  
            410         0.00542  
            411         0.00537  
            412         0.00532  
            413         0.00527  
            414         0.00522  
            415         0.00517  
            416         0.00512  
            417         0.00507  
            418         0.00503  
            419         0.00498  
            420         0.00494  
            421         0.00489  
            422         0.00485  
            423         0.00480  
            424         0.00476  
            425         0.00472  
            426         0.00468  
            427         0.00464  
            428         0.00460  
            429         0.00456  
            430         0.00452  
            431         0.00448  
            432         0.00444  
            433         0.00440  
            434         0.00437  
            435         0.00433  
            436         0.00430  
            437         0.00426  
            438         0.00423  
            439         0.00419  
            440         0.00416  
            441         0.00412  
            442         0.00409  
            443         0.00406  
            444         0.00403  
            445         0.00400  
            446         0.00397  
            447         0.00394  
            448         0.00391  
            449         0.00388  
            450         0.00385  
            451         0.00382  
            452         0.00379  
            453         0.00376  
            454         0.00373  
            455         0.00371  
            456         0.00368  
            457         0.00365  
            458         0.00363  
            459         0.00360  
            460         0.00358  
            461         0.00355  
            462         0.00353  
            463         0.00351  
            464         0.00348  
            465         0.00346  
            466         0.00344  
            467         0.00341  
            468         0.00339  
            469         0.00337  
            470         0.00335  
            471         0.00333  
            472         0.00331  
            473         0.00328  
            474         0.00326  
            475         0.00324  
            476         0.00323  
            477         0.00321  
            478         0.00319  
            479         0.00317  
            480         0.00315  
            481         0.00313  
            482         0.00311  
            483         0.00310  
            484         0.00308  
            485         0.00306  
            486         0.00305  
            487         0.00303  
            488         0.00301  
            489         0.00300  
            490         0.00298  
            491         0.00297  
            492         0.00295  
            493         0.00294  
            494         0.00292  
            495         0.00291  
            496         0.00289  
            497         0.00288  
            498         0.00287  
            499         0.00285  
            500         0.00284  
            501         0.00283  
            502         0.00282  
            503         0.00280  
            504         0.00279  
            505         0.00278  
            506         0.00277  
            507         0.00276  
            508         0.00274  
            509         0.00273  
            510         0.00272  
            511         0.00271  
            512         0.00270  
            513         0.00269  
            514         0.00268  
            515         0.00267  
            516         0.00266  
            517         0.00265  
            518         0.00264  
            519         0.00263  
            520         0.00263  
            521         0.00262  
            522         0.00261  
            523         0.00260  
            524         0.00259  
            525         0.00259  
            526         0.00258  
            527         0.00257  
            528         0.00256  
            529         0.00256  
            530         0.00255  
            531         0.00254  
            532         0.00254  
            533         0.00253  
            534         0.00252  
            535         0.00252  
            536         0.00251  
            537         0.00251  
            538         0.00250  
            539         0.00250  
            540         0.00249  
            541         0.00249  
            542         0.00248  
            543         0.00248  
            544         0.00247  
            545         0.00247  
            546         0.00247  
            547         0.00246  
            548         0.00246  
            549         0.00246  
            550         0.00245  
            551         0.00245  
            552         0.00245  
            553         0.00244  
            554         0.00244  
            555         0.00244  
            556         0.00244  
            557         0.00244  
            558         0.00243  
            559         0.00243  
            560         0.00243  
            561         0.00243  
            562         0.00243  
            563         0.00243  
            564         0.00243  
            565         0.00243  
            566         0.00243  
            567         0.00243  
            568         0.00243  
            569         0.00243  
            570         0.00243  
            571         0.00243  
            572         0.00243  
            573         0.00243  
            574         0.00243  
            575         0.00243  
            576         0.00243  
            577         0.00243  
            578         0.00243  
            579         0.00244  
            580         0.00244  
            581         0.00244  
            582         0.00244  
            583         0.00245  
            584         0.00245  
            585         0.00245  
            586         0.00245  
            587         0.00246  
            588         0.00246  
            589         0.00247  
            590         0.00247  
            591         0.00247  
            592         0.00248  
            593         0.00248  
            594         0.00249  
            595         0.00249  
            596         0.00250  
            597         0.00250  
            598         0.00251  
            599         0.00251  
            600         0.00252  
            601         0.00253  
            602         0.00253  
            603         0.00254  
            604         0.00255  
            605         0.00255  
            606         0.00256  
            607         0.00257  
            608         0.00258  
            609         0.00258  
            610         0.00259  
            611         0.00260  
            612         0.00261  
            613         0.00262  
            614         0.00263  
            615         0.00263  
            616         0.00264  
            617         0.00265  
            618         0.00266  
            619         0.00267  
            620         0.00268  
            621         0.00270  
            622         0.00271  
            623         0.00272  
            624         0.00273  
            625         0.00274  
            626         0.00275  
            627         0.00276  
            628         0.00278  
            629         0.00279  
            630         0.00280  
            631         0.00282  
            632         0.00283  
            633         0.00285  
            634         0.00286  
            635         0.00287  
            636         0.00289  
            637         0.00290  
            638         0.00292  
            639         0.00294  
            640         0.00295  
            641         0.00297  
            642         0.00298  
            643         0.00300  
            644         0.00302  
            645         0.00304  
            646         0.00306  
            647         0.00307  
            648         0.00309  
            649         0.00311  
            650         0.00313  
            651         0.00315  
            652         0.00317  
            653         0.00319  
            654         0.00321  
            655         0.00324  
            656         0.00326  
            657         0.00328  
            658         0.00330  
            659         0.00333  
            660         0.00335  
            661         0.00338  
            662         0.00340  
            663         0.00343  
            664         0.00345  
            665         0.00348  
            666         0.00350  
            667         0.00353  
            668         0.00356  
            669         0.00359  
            670         0.00362  
            671         0.00365  
            672         0.00368  
            673         0.00371  
            674         0.00374  
            675         0.00377  
            676         0.00380  
            677         0.00383  
            678         0.00387  
            679         0.00390  
            680         0.00394  
            681         0.00397  
            682         0.00401  
            683         0.00404  
            684         0.00408  
            685         0.00412  
            686         0.00416  
            687         0.00420  
            688         0.00424  
            689         0.00428  
            690         0.00432  
            691         0.00436  
            692         0.00441  
            693         0.00445  
            694         0.00450  
            695         0.00454  
            696         0.00459  
            697         0.00464  
            698         0.00468  
            699         0.00473  
            700         0.00478  
            701         0.00484  
            702         0.00489  
            703         0.00494  
            704         0.00500  
            705         0.00505  
            706         0.00511  
            707         0.00516  
            708         0.00522  
            709         0.00528  
            710         0.00534  
            711         0.00541  
            712         0.00547  
            713         0.00553  
            714         0.00560  
            715         0.00567  
            716         0.00574  
            717         0.00581  
            718         0.00588  
            719         0.00595  
            720         0.00602  
            721         0.00610  
            722         0.00618  
            723         0.00626  
            724         0.00634  
            725         0.00642  
            726         0.00650  
            727         0.00659  
            728         0.00667  
            729         0.00676  
            730         0.00685  
            731         0.00695  
            732         0.00704  
            733         0.00714  
            734         0.00723  
            735         0.00733  
            736         0.00744  
            737         0.00754  
            738         0.00765  
            739         0.00776  
            740         0.00787  
            741         0.00798  
            742         0.00810  
            743         0.00822  
            744         0.00834  
            745         0.00846  
            746         0.00859  
            747         0.00871  
            748         0.00885  
            749         0.00898  
            750         0.00912  
            751         0.00926  
            752         0.00940  
            753         0.00955  
            754         0.00970  
            755         0.00985  
            756         0.01001  
            757         0.01017  
            758         0.01033  
            759         0.01050  
            760         0.01067  
            761         0.01084  
            762         0.01102  
            763         0.01120  
            764         0.01139  
            765         0.01158  
            766         0.01177  
            767         0.01197  
            768         0.01218  
            769         0.01238  
            770         0.01260  
            771         0.01282  
            772         0.01304  
            773         0.01327  
            774         0.01350  
            775         0.01374  
            776         0.01398  
            777         0.01424  
            778         0.01449  
            779         0.01475  
            780         0.01502  
            781         0.01530  
            782         0.01558  
            783         0.01587  
            784         0.01617  
            785         0.01647  
            786         0.01678  
            787         0.01710  
            788         0.01742  
            789         0.01776  
            790         0.01810  
            791         0.01845  
            792         0.01881  
            793         0.01917  
            794         0.01955  
            795         0.01994  
            796         0.02033  
            797         0.02074  
            798         0.02115  
            799         0.02158  
            800         0.02202  
            801         0.02246  
            802         0.02292  
            803         0.02340  
            804         0.02388  
            805         0.02438  
            806         0.02488  
            807         0.02541  
            808         0.02594  
            809         0.02649  
            810         0.02706  
            811         0.02763  
            812         0.02823  
            813         0.02884  
            814         0.02946  
            815         0.03011  
            816         0.03077  
            817         0.03144  
            818         0.03214  
            819         0.03285  
            820         0.03359  
            821         0.03434  
            822         0.03512  
            823         0.03591  
            824         0.03673  
            825         0.03757  
            826         0.03844  
            827         0.03933  
            828         0.04024  
            829         0.04118  
            830         0.04214  
            831         0.04313  
            832         0.04415  
            833         0.04520  
            834         0.04628  
            835         0.04739  
            836         0.04853  
            837         0.04970  
            838         0.05091  
            839         0.05215  
            840         0.05343  
            841         0.05474  
            842         0.05610  
            843         0.05749  
            844         0.05892  
            845         0.06040  
            846         0.06192  
            847         0.06348  
            848         0.06509  
            849         0.06675  
            850         0.06846  
            851         0.07022  
            852         0.07203  
            853         0.07390  
            854         0.07582  
            855         0.07780  
            856         0.07984  
            857         0.08195  
            858         0.08412  
            859         0.08635  
            860         0.08866  
            861         0.09104  
            862         0.09349  
            863         0.09601  
            864         0.09862  
            865         0.10131  
            866         0.10408  
            867         0.10694  
            868         0.10989  
            869         0.11293  
            870         0.11607  
            871         0.11931  
            872         0.12265  
            873         0.12611  
            874         0.12967  
            875         0.13335  
            876         0.13715  
            877         0.14107  
            878         0.14512  
            879         0.14930  
            880         0.15362  
            881         0.15808  
            882         0.16270  
            883         0.16746  
            884         0.17238  
            885         0.17747  
            886         0.18272  
            887         0.18816  
            888         0.19377  
            889         0.19958  
            890         0.20558  
            891         0.21179  
            892         0.21821  
            893         0.22485  
            894         0.23172  
            895         0.23882  
            896         0.24617  
            897         0.25378  
            898         0.26164  
            899         0.26979  
            900         0.27821  
            901         0.28694  
            902         0.29597  
            903         0.30532  
            904         0.31500  
            905         0.32502  
            906         0.33540  
            907         0.34615  
            908         0.35729  
            909         0.36882  
            910         0.38078  
            911         0.39316  
            912         0.40235  
            913         0.40192  
            914         0.40416  
            915         0.40729  
            916         0.40969  
            917         0.41082  
            918         0.41264  
            919         0.41541  
            920         0.41951  
            921         0.42558  
            922         0.42404  
            923         0.42251  
            924         0.43158  
            925         0.43006  
            926         0.42854  
            927         0.44128  
            928         0.43977  
            929         0.43826  
            930         0.43676  
            931         0.45511  
            932         0.45363  
            933         0.45214  
            934         0.45065  
            935         0.44917  
            936         0.44768  
            937         0.44620  
            938         0.47605  
            939         0.47461  
            940         0.47317  
            941         0.47173  
            942         0.47030  
            943         0.46886  
            944         0.46742  
            945         0.46598  
            946         0.46455  
            947         0.46311  
            948         0.46167  
            949         0.46024  
            950         0.50473  
            951         0.50335  
            952         0.50197  
            953         0.50060  
            954         0.49922  
            955         0.49784  
            956         0.49647  
            957         0.49509  
            958         0.49371  
            959         0.49233  
            960         0.49096  
            961         0.48958  
            962         0.48820  
            963         0.48682  
            964         0.48544  
            965         0.48407  
            966         0.48269  
            967         0.48131  
            968         0.47993  
            969         0.47855  
            970         0.47717  
            971         0.47580  
            972         0.47442  
            973         0.55054  
            974         0.54927  
            975         0.54800  
            976         0.54672  
            977         0.54545  
            978         0.54417  
            979         0.54290  
            980         0.54162  
            981         0.54034  
            982         0.53907  
            983         0.53779  
            984         0.53651  
            985         0.53523  
            986         0.53395  
            987         0.53267  
            988         0.53139  
            989         0.53011  
            990         0.52883  
            991         0.52754  
            992         0.52626  
            993         0.52498  
            994         0.52369  
            995         0.52241  
            996         0.52113  
            997         0.51984  
            998         0.51856  
            999         0.51727  
           1000         0.51598  
           1001         0.51470  
           1002         0.51341  
           1003         0.51213  
           1004         0.51084  
           1005         0.50955  
           1006         0.50826  
           1007         0.50697  
           1008         0.50568  
           1009         0.50440  
           1010         0.50311  
           1011         0.50182  
           1012         0.50053  
           1013         0.49924  
           1014         0.49795  
           1015         0.49666  
           1016         0.49537  
           1017         0.49408  
           1018         0.49279  
           1019         0.49150  
           1020         0.49021  
           1021         0.48892  
           1022         0.48763  
           1023         0.48633  
           1024         0.48504  
           1025         0.48375  
           1026         0.64765  
           1027         0.64663  
           1028         0.64561  
           1029         0.64460  
           1030         0.64358  
           1031         0.64256  
           1032         0.64154  
           1033         0.64052  
           1034         0.63949  
           1035         0.63847  
           1036         0.63745  
           1037         0.63642  
           1038         0.63539  
           1039         0.63437  
           1040         0.63334  
           1041         0.63231  
           1042         0.63128  
           1043         0.63024  
           1044         0.62921  
           1045         0.62818  
           1046         0.62714  
           1047         0.62611  
           1048         0.62507  
           1049         0.62404  
           1050         0.62300  
           1051         0.62196  
           1052         0.62092  
           1053         0.61988  
           1054         0.61883  
           1055         0.61779  
           1056         0.61675  
           1057         0.61570  
           1058         0.61466  
           1059         0.61361  
           1060         0.61256  
           1061         0.61151  
           1062         0.61046  
           1063         0.60941  
           1064         0.60836  
           1065         0.60731  
           1066         0.60626  
           1067         0.60520  
           1068         0.60415  
           1069         0.60310  
           1070         0.60204  
           1071         0.60098  
           1072         0.59992  
           1073         0.59887  
           1074         0.59781  
           1075         0.59675  
           1076         0.59569  
           1077         0.59462  
           1078         0.59356  
           1079         0.59250  
           1080         0.59144  
           1081         0.59037  
           1082         0.58931  
           1083         0.58824  
           1084         0.58717  
           1085         0.58611  
           1086         0.58504  
           1087         0.58397  
           1088         0.58290  
           1089         0.58183  
           1090         0.58076  
           1091         0.57969  
           1092         0.57862  
           1093         0.57754  
           1094         0.57647  
           1095         0.57539  
           1096         0.57432  
           1097         0.57324  
           1098         0.57217  
           1099         0.57109  
           1100         0.57001  
           1101         0.56893  
           1102         0.56786  
           1103         0.56678  
           1104         0.56570  
           1105         0.56462  
           1106         0.56354  
           1107         0.56245  
           1108         0.56137  
           1109         0.56029  
           1110         0.55921  
           1111         0.55812  
           1112         0.55704  
           1113         0.55595  
           1114         0.55487  
           1115         0.55378  
           1116         0.55270  
           1117         0.55161  
           1118         0.55052  
           1119         0.54944  
           1120         0.54835  
           1121         0.54726  
           1122         0.54617  
           1123         0.54508  
           1124         0.54399  
           1125         0.54290  
           1126         0.54181  
           1127         0.54072  
           1128         0.53962  
           1129         0.53853  
           1130         0.53744  
           1131         0.53635  
           1132         0.53525  
           1133         0.53416  
           1134         0.53307  
           1135         0.53197  
           1136         0.53088  
           1137         0.52978  
           1138         0.52869  
           1139         0.52759  
           1140         0.52649  
           1141         0.52540  
           1142         0.52430  
           1143         0.52320  
           1144         0.52211  
           1145         0.52101  
           1146         0.51991  
           1147         0.51881  
           1148         0.51772  
           1149         0.51662  
           1150         0.51552  
           1151         0.51442  
           1152         0.51332  
           1153         0.51222  
           1154         0.51112  
           1155         0.51002  
           1156         0.50892  
           1157         0.50782  
           1158         0.50672  
           1159         0.50562  
           1160         0.50452  
           1161         0.50342  
           1162         0.50232  
           1163         0.50121  
           1164         0.50011  
           1165         0.49901  
           1166         0.49791  
           1167         0.49681  
           1168         0.49571  
           1169         0.49460  
           1170         0.49350  
           1171         0.49240  
           1172         0.49130  
           1173         0.49020  
           1174         0.48909  
           1175         0.48799  
           1176         0.48689  
           1177         0.48579  
           1178         0.48468  
           1179         0.48358  
           1180         0.48248  
           1181         0.48138  
           1182         0.48027  
           1183         0.47917  
           1184         0.47807  
           1185         0.47696  
           1186         0.47586  
           1187         0.47476  
           1188         0.47366  
           1189         0.47256  
           1190         0.47145  
           1191         0.47035  
           1192         0.46925  
           1193         0.46815  
           1194         0.46704  
           1195         0.46594  
           1196         0.46484  
           1197         0.46374  
           1198         0.46264  
           1199         0.46154  
           1200         0.46044  
           1201         0.45933  
           1202         0.45823  
           1203         0.45713  
           1204         0.45603  
           1205         0.45493  
           1206         0.45383  
           1207         0.45273  
           1208         0.45163  
           1209         0.45053  
           1210         0.44943  
           1211         0.44833  
           1212         0.44724  
           1213         0.44614  
           1214         0.44504  
           1215         0.44394  
           1216         1.00000  
