              0         0.04123  
              1         0.04112  
              2         0.04102  
              3         0.04091  
              4         0.04081  
              5         0.04070  
              6         0.04059  
              7         0.04049  
              8         0.04038  
              9         0.04027  
             10         0.04017  
             11         0.04006  
             12         0.03996  
             13         0.03985  
             14         0.03974  
             15         0.03964  
             16         0.03953  
             17         0.03942  
             18         0.03932  
             19         0.03921  
             20         0.03911  
             21         0.03900  
             22         0.03889  
             23         0.03879  
             24         0.03868  
             25         0.03858  
             26         0.03847  
             27         0.03836  
             28         0.03826  
             29         0.03815  
             30         0.03804  
             31         0.03794  
             32         0.03783  
             33         0.03773  
             34         0.03762  
             35         0.03751  
             36         0.03741  
             37         0.03730  
             38         0.03719  
             39         0.03709  
             40         0.03698  
             41         0.03688  
             42         0.03677  
             43         0.03666  
             44         0.03656  
             45         0.03645  
             46         0.03635  
             47         0.03624  
             48         0.03613  
             49         0.03603  
             50         0.03592  
             51         0.03581  
             52         0.03571  
             53         0.03560  
             54         0.03550  
             55         0.03539  
             56         0.03528  
             57         0.03518  
             58         0.03507  
             59         0.03496  
             60         0.03486  
             61         0.03475  
             62         0.03465  
             63         0.03454  
             64         0.03443  
             65         0.03433  
             66         0.03422  
             67         0.03412  
             68         0.03401  
             69         0.03390  
             70         0.03380  
             71         0.03369  
             72         0.03358  
             73         0.03348  
             74         0.03337  
             75         0.03327  
             76         0.03316  
             77         0.03305  
             78         0.03295  
             79         0.03284  
             80         0.03273  
             81         0.03263  
             82         0.03252  
             83         0.03242  
             84         0.03231  
             85         0.03220  
             86         0.03210  
             87         0.03199  
             88         0.03188  
             89         0.03178  
             90         0.03167  
             91         0.03157  
             92         0.03146  
             93         0.03135  
             94         0.03125  
             95         0.03114  
             96         0.03104  
             97         0.03093  
             98         0.03082  
             99         0.03072  
            100         0.03061  
            101         0.03050  
            102         0.03040  
            103         0.03029  
            104         0.03019  
            105         0.03008  
            106         0.02997  
            107         0.02987  
            108         0.02976  
            109         0.02965  
            110         0.02955  
            111         0.02944  
            112         0.02934  
            113         0.02923  
            114         0.02912  
            115         0.02902  
            116         0.02891  
            117         0.02881  
            118         0.02870  
            119         0.02859  
            120         0.02849  
            121         0.02838  
            122         0.02827  
            123         0.02817  
            124         0.02806  
            125         0.02796  
            126         0.02785  
            127         0.02774  
            128         0.02764  
            129         0.02753  
            130         0.02742  
            131         0.02732  
            132         0.02721  
            133         0.02711  
            134         0.02700  
            135         0.02689  
            136         0.02679  
            137         0.02668  
            138         0.02658  
            139         0.02647  
            140         0.02636  
            141         0.02626  
            142         0.02615  
            143         0.02604  
            144         0.02594  
            145         0.02583  
            146         0.02573  
            147         0.02562  
            148         0.02551  
            149         0.02541  
            150         0.02530  
            151         0.02519  
            152         0.02509  
            153         0.02498  
            154         0.02488  
            155         0.02477  
            156         0.02466  
            157         0.02456  
            158         0.02445  
            159         0.02435  
            160         0.02424  
            161         0.02413  
            162         0.02403  
            163         0.02392  
            164         0.02381  
            165         0.02371  
            166         0.02360  
            167         0.02350  
            168         0.02339  
            169         0.02328  
            170         0.02318  
            171         0.02307  
            172         0.02296  
            173         0.02286  
            174         0.02275  
            175         0.02265  
            176         0.02254  
            177         0.02243  
            178         0.02233  
            179         0.02222  
            180         0.02211  
            181         0.02201  
            182         0.02190  
            183         0.02180  
            184         0.02169  
            185         0.02158  
            186         0.02148  
            187         0.02137  
            188         0.02127  
            189         0.02116  
            190         0.02105  
            191         0.02095  
            192         0.02084  
            193         0.02073  
            194         0.02063  
            195         0.02052  
            196         0.02042  
            197         0.02031  
            198         0.02020  
            199         0.02010  
            200         0.01999  
            201         0.01988  
            202         0.01978  
            203         0.01967  
            204         0.01957  
            205         0.01946  
            206         0.01935  
            207         0.01925  
            208         0.01914  
            209         0.01904  
            210         0.01893  
            211         0.01882  
            212         0.01872  
            213         0.01861  
            214         0.01850  
            215         0.01840  
            216         0.01829  
            217         0.01819  
            218         0.01808  
            219         0.01797  
            220         0.01787  
            221         0.01776  
            222         0.01765  
            223         0.01755  
            224         0.01744  
            225         0.01734  
            226         0.01723  
            227         0.01712  
            228         0.01702  
            229         0.01691  
            230         0.01681  
            231         0.01670  
            232         0.01659  
            233         0.01649  
            234         0.01638  
            235         0.01627  
            236         0.01617  
            237         0.01606  
            238         0.01596  
            239         0.01585  
            240         0.01574  
            241         0.01564  
            242         0.01553  
            243         0.01542  
            244         0.01532  
            245         0.01521  
            246         0.01511  
            247         0.01500  
            248         0.01489  
            249         0.01479  
            250         0.01468  
            251         0.01457  
            252         0.01447  
            253         0.01436  
            254         0.01426  
            255         0.01415  
            256         0.01404  
            257         0.01394  
            258         0.01383  
            259         0.01373  
            260         0.01362  
            261         0.01351  
            262         0.01341  
            263         0.01330  
            264         0.01319  
            265         0.01309  
            266         0.01298  
            267         0.01288  
            268         0.01277  
            269         0.01266  
            270         0.01256  
            271         0.01245  
            272         0.01234  
            273         0.01224  
            274         0.01213  
            275         0.01203  
            276         0.01192  
            277         0.01181  
            278         0.01171  
            279         0.01160  
            280         0.01150  
            281         0.01139  
            282         0.01128  
            283         0.01118  
            284         0.01107  
            285         0.01096  
            286         0.01086  
            287         0.01075  
            288         0.01065  
            289         0.01054  
            290         0.01043  
            291         0.01033  
            292         0.01022  
            293         0.01011  
            294         0.01001  
            295         0.00990  
            296         0.00980  
            297         0.00969  
            298         0.00958  
            299         0.00948  
            300         0.00937  
            301         0.00927  
            302         0.00916  
            303         0.00905  
            304         0.00895  
            305         0.00884  
            306         0.00873  
            307         0.00863  
            308         0.00852  
            309         0.00842  
            310         0.00831  
            311         0.00820  
            312         0.00810  
            313         0.00799  
            314         0.00788  
            315         0.00778  
            316         0.00767  
            317         0.00757  
            318         0.00747  
            319         0.00737  
            320         0.00727  
            321         0.00717  
            322         0.00707  
            323         0.00698  
            324         0.00688  
            325         0.00679  
            326         0.00670  
            327         0.00661  
            328         0.00652  
            329         0.00643  
            330         0.00634  
            331         0.00626  
            332         0.00617  
            333         0.00609  
            334         0.00601  
            335         0.00592  
            336         0.00584  
            337         0.00576  
            338         0.00569  
            339         0.00561  
            340         0.00553  
            341         0.00546  
            342         0.00538  
            343         0.00531  
            344         0.00523  
            345         0.00516  
            346         0.00509  
            347         0.00502  
            348         0.00495  
            349         0.00488  
            350         0.00481  
            351         0.00475  
            352         0.00468  
            353         0.00462  
            354         0.00455  
            355         0.00449  
            356         0.00443  
            357         0.00437  
            358         0.00431  
            359         0.00426  
            360         0.00420  
            361         0.00414  
            362         0.00409  
            363         0.00404  
            364         0.00398  
            365         0.00393  
            366         0.00388  
            367         0.00383  
            368         0.00378  
            369         0.00373  
            370         0.00368  
            371         0.00364  
            372         0.00359  
            373         0.00354  
            374         0.00350  
            375         0.00345  
            376         0.00341  
            377         0.00337  
            378         0.00333  
            379         0.00329  
            380         0.00325  
            381         0.00321  
            382         0.00317  
            383         0.00313  
            384         0.00309  
            385         0.00305  
            386         0.00302  
            387         0.00298  
            388         0.00294  
            389         0.00291  
            390         0.00287  
            391         0.00284  
            392         0.00281  
            393         0.00277  
            394         0.00274  
            395         0.00271  
            396         0.00268  
            397         0.00265  
            398         0.00262  
            399         0.00259  
            400         0.00256  
            401         0.00253  
            402         0.00250  
            403         0.00247  
            404         0.00245  
            405         0.00242  
            406         0.00239  
            407         0.00237  
            408         0.00234  
            409         0.00232  
            410         0.00229  
            411         0.00227  
            412         0.00224  
            413         0.00222  
            414         0.00220  
            415         0.00217  
            416         0.00215  
            417         0.00213  
            418         0.00211  
            419         0.00208  
            420         0.00206  
            421         0.00204  
            422         0.00202  
            423         0.00200  
            424         0.00198  
            425         0.00196  
            426         0.00194  
            427         0.00192  
            428         0.00190  
            429         0.00189  
            430         0.00187  
            431         0.00185  
            432         0.00183  
            433         0.00181  
            434         0.00180  
            435         0.00178  
            436         0.00176  
            437         0.00175  
            438         0.00173  
            439         0.00172  
            440         0.00170  
            441         0.00169  
            442         0.00167  
            443         0.00166  
            444         0.00164  
            445         0.00163  
            446         0.00161  
            447         0.00160  
            448         0.00159  
            449         0.00157  
            450         0.00156  
            451         0.00155  
            452         0.00153  
            453         0.00152  
            454         0.00151  
            455         0.00150  
            456         0.00148  
            457         0.00147  
            458         0.00146  
            459         0.00145  
            460         0.00144  
            461         0.00143  
            462         0.00142  
            463         0.00141  
            464         0.00139  
            465         0.00138  
            466         0.00137  
            467         0.00136  
            468         0.00135  
            469         0.00134  
            470         0.00133  
            471         0.00133  
            472         0.00132  
            473         0.00131  
            474         0.00130  
            475         0.00129  
            476         0.00128  
            477         0.00127  
            478         0.00126  
            479         0.00126  
            480         0.00125  
            481         0.00124  
            482         0.00123  
            483         0.00122  
            484         0.00122  
            485         0.00121  
            486         0.00120  
            487         0.00119  
            488         0.00119  
            489         0.00118  
            490         0.00117  
            491         0.00117  
            492         0.00116  
            493         0.00115  
            494         0.00115  
            495         0.00114  
            496         0.00113  
            497         0.00113  
            498         0.00112  
            499         0.00112  
            500         0.00111  
            501         0.00111  
            502         0.00110  
            503         0.00109  
            504         0.00109  
            505         0.00108  
            506         0.00108  
            507         0.00107  
            508         0.00107  
            509         0.00106  
            510         0.00106  
            511         0.00105  
            512         0.00105  
            513         0.00105  
            514         0.00104  
            515         0.00104  
            516         0.00103  
            517         0.00103  
            518         0.00102  
            519         0.00102  
            520         0.00102  
            521         0.00101  
            522         0.00101  
            523         0.00101  
            524         0.00100  
            525         0.00100  
            526         0.00100  
            527         0.00099  
            528         0.00099  
            529         0.00099  
            530         0.00098  
            531         0.00098  
            532         0.00098  
            533         0.00098  
            534         0.00097  
            535         0.00097  
            536         0.00097  
            537         0.00097  
            538         0.00096  
            539         0.00096  
            540         0.00096  
            541         0.00096  
            542         0.00096  
            543         0.00095  
            544         0.00095  
            545         0.00095  
            546         0.00095  
            547         0.00095  
            548         0.00095  
            549         0.00094  
            550         0.00094  
            551         0.00094  
            552         0.00094  
            553         0.00094  
            554         0.00094  
            555         0.00094  
            556         0.00094  
            557         0.00094  
            558         0.00093  
            559         0.00093  
            560         0.00093  
            561         0.00093  
            562         0.00093  
            563         0.00093  
            564         0.00093  
            565         0.00093  
            566         0.00093  
            567         0.00093  
            568         0.00093  
            569         0.00093  
            570         0.00093  
            571         0.00093  
            572         0.00093  
            573         0.00093  
            574         0.00093  
            575         0.00093  
            576         0.00093  
            577         0.00093  
            578         0.00093  
            579         0.00093  
            580         0.00094  
            581         0.00094  
            582         0.00094  
            583         0.00094  
            584         0.00094  
            585         0.00094  
            586         0.00094  
            587         0.00094  
            588         0.00095  
            589         0.00095  
            590         0.00095  
            591         0.00095  
            592         0.00095  
            593         0.00095  
            594         0.00096  
            595         0.00096  
            596         0.00096  
            597         0.00096  
            598         0.00096  
            599         0.00097  
            600         0.00097  
            601         0.00097  
            602         0.00097  
            603         0.00098  
            604         0.00098  
            605         0.00098  
            606         0.00099  
            607         0.00099  
            608         0.00099  
            609         0.00100  
            610         0.00100  
            611         0.00100  
            612         0.00101  
            613         0.00101  
            614         0.00101  
            615         0.00102  
            616         0.00102  
            617         0.00103  
            618         0.00103  
            619         0.00103  
            620         0.00104  
            621         0.00104  
            622         0.00105  
            623         0.00105  
            624         0.00106  
            625         0.00106  
            626         0.00107  
            627         0.00107  
            628         0.00108  
            629         0.00108  
            630         0.00109  
            631         0.00109  
            632         0.00110  
            633         0.00111  
            634         0.00111  
            635         0.00112  
            636         0.00113  
            637         0.00113  
            638         0.00114  
            639         0.00115  
            640         0.00115  
            641         0.00116  
            642         0.00117  
            643         0.00117  
            644         0.00118  
            645         0.00119  
            646         0.00120  
            647         0.00121  
            648         0.00121  
            649         0.00122  
            650         0.00123  
            651         0.00124  
            652         0.00125  
            653         0.00126  
            654         0.00127  
            655         0.00128  
            656         0.00129  
            657         0.00130  
            658         0.00131  
            659         0.00132  
            660         0.00133  
            661         0.00134  
            662         0.00135  
            663         0.00136  
            664         0.00137  
            665         0.00138  
            666         0.00139  
            667         0.00140  
            668         0.00142  
            669         0.00143  
            670         0.00144  
            671         0.00145  
            672         0.00147  
            673         0.00148  
            674         0.00150  
            675         0.00151  
            676         0.00152  
            677         0.00154  
            678         0.00155  
            679         0.00157  
            680         0.00158  
            681         0.00160  
            682         0.00162  
            683         0.00163  
            684         0.00165  
            685         0.00166  
            686         0.00168  
            687         0.00170  
            688         0.00172  
            689         0.00174  
            690         0.00175  
            691         0.00177  
            692         0.00179  
            693         0.00181  
            694         0.00183  
            695         0.00185  
            696         0.00188  
            697         0.00190  
            698         0.00192  
            699         0.00194  
            700         0.00196  
            701         0.00199  
            702         0.00201  
            703         0.00204  
            704         0.00206  
            705         0.00209  
            706         0.00211  
            707         0.00214  
            708         0.00217  
            709         0.00219  
            710         0.00222  
            711         0.00225  
            712         0.00228  
            713         0.00231  
            714         0.00234  
            715         0.00237  
            716         0.00240  
            717         0.00243  
            718         0.00247  
            719         0.00250  
            720         0.00254  
            721         0.00257  
            722         0.00261  
            723         0.00264  
            724         0.00268  
            725         0.00272  
            726         0.00276  
            727         0.00280  
            728         0.00284  
            729         0.00288  
            730         0.00293  
            731         0.00297  
            732         0.00302  
            733         0.00306  
            734         0.00311  
            735         0.00316  
            736         0.00320  
            737         0.00326  
            738         0.00331  
            739         0.00336  
            740         0.00341  
            741         0.00347  
            742         0.00352  
            743         0.00358  
            744         0.00364  
            745         0.00370  
            746         0.00376  
            747         0.00382  
            748         0.00389  
            749         0.00395  
            750         0.00402  
            751         0.00409  
            752         0.00416  
            753         0.00423  
            754         0.00431  
            755         0.00438  
            756         0.00446  
            757         0.00454  
            758         0.00462  
            759         0.00471  
            760         0.00479  
            761         0.00488  
            762         0.00497  
            763         0.00506  
            764         0.00516  
            765         0.00525  
            766         0.00535  
            767         0.00545  
            768         0.00556  
            769         0.00566  
            770         0.00577  
            771         0.00588  
            772         0.00600  
            773         0.00612  
            774         0.00624  
            775         0.00636  
            776         0.00649  
            777         0.00662  
            778         0.00675  
            779         0.00689  
            780         0.00703  
            781         0.00718  
            782         0.00732  
            783         0.00748  
            784         0.00763  
            785         0.00779  
            786         0.00796  
            787         0.00813  
            788         0.00830  
            789         0.00848  
            790         0.00866  
            791         0.00885  
            792         0.00905  
            793         0.00924  
            794         0.00945  
            795         0.00966  
            796         0.00987  
            797         0.01010  
            798         0.01032  
            799         0.01056  
            800         0.01080  
            801         0.01105  
            802         0.01130  
            803         0.01156  
            804         0.01183  
            805         0.01211  
            806         0.01239  
            807         0.01269  
            808         0.01299  
            809         0.01330  
            810         0.01362  
            811         0.01395  
            812         0.01429  
            813         0.01463  
            814         0.01499  
            815         0.01536  
            816         0.01574  
            817         0.01613  
            818         0.01654  
            819         0.01695  
            820         0.01738  
            821         0.01782  
            822         0.01828  
            823         0.01874  
            824         0.01923  
            825         0.01972  
            826         0.02024  
            827         0.02077  
            828         0.02131  
            829         0.02187  
            830         0.02245  
            831         0.02305  
            832         0.02367  
            833         0.02431  
            834         0.02496  
            835         0.02564  
            836         0.02634  
            837         0.02706  
            838         0.02780  
            839         0.02857  
            840         0.02937  
            841         0.03018  
            842         0.03103  
            843         0.03190  
            844         0.03280  
            845         0.03373  
            846         0.03469  
            847         0.03568  
            848         0.03671  
            849         0.03777  
            850         0.03886  
            851         0.03999  
            852         0.04116  
            853         0.04236  
            854         0.04361  
            855         0.04490  
            856         0.04624  
            857         0.04762  
            858         0.04905  
            859         0.05052  
            860         0.05205  
            861         0.05363  
            862         0.05527  
            863         0.05696  
            864         0.05873  
            865         0.06054  
            866         0.06242  
            867         0.06436  
            868         0.06637  
            869         0.06845  
            870         0.07061  
            871         0.07284  
            872         0.07515  
            873         0.07755  
            874         0.08004  
            875         0.08261  
            876         0.08528  
            877         0.08805  
            878         0.09091  
            879         0.09389  
            880         0.09697  
            881         0.10017  
            882         0.10348  
            883         0.10692  
            884         0.11049  
            885         0.11423  
            886         0.11806  
            887         0.12204  
            888         0.12617  
            889         0.13046  
            890         0.13490  
            891         0.13952  
            892         0.14431  
            893         0.14929  
            894         0.15446  
            895         0.15983  
            896         0.16541  
            897         0.17121  
            898         0.17723  
            899         0.18349  
            900         0.18999  
            901         0.19676  
            902         0.20379  
            903         0.21110  
            904         0.21869  
            905         0.22660  
            906         0.23482  
            907         0.24337  
            908         0.25227  
            909         0.26152  
            910         0.27115  
            911         0.28118  
            912         0.28856  
            913         0.28810  
            914         0.29034  
            915         0.29289  
            916         0.29593  
            917         0.29706  
            918         0.29891  
            919         0.30174  
            920         0.30596  
            921         0.30905  
            922         0.31063  
            923         0.30903  
            924         0.31849  
            925         0.31689  
            926         0.31529  
            927         0.32870  
            928         0.32710  
            929         0.32551  
            930         0.32392  
            931         0.34348  
            932         0.34190  
            933         0.34057  
            934         0.33892  
            935         0.33728  
            936         0.33564  
            937         0.33401  
            938         0.36545  
            939         0.36383  
            940         0.36220  
            941         0.36057  
            942         0.35895  
            943         0.35733  
            944         0.35571  
            945         0.35409  
            946         0.35248  
            947         0.35086  
            948         0.34925  
            949         0.34765  
            950         0.39658  
            951         0.39499  
            952         0.39342  
            953         0.39184  
            954         0.39026  
            955         0.38869  
            956         0.38711  
            957         0.38554  
            958         0.38397  
            959         0.38240  
            960         0.38083  
            961         0.37926  
            962         0.37770  
            963         0.37614  
            964         0.37457  
            965         0.37301  
            966         0.37145  
            967         0.36990  
            968         0.36834  
            969         0.36679  
            970         0.36523  
            971         0.36368  
            972         0.36213  
            973         0.44685  
            974         0.44537  
            975         0.44388  
            976         0.44240  
            977         0.44092  
            978         0.43944  
            979         0.43796  
            980         0.43648  
            981         0.43500  
            982         0.43353  
            983         0.43205  
            984         0.43057  
            985         0.42910  
            986         0.42762  
            987         0.42614  
            988         0.42467  
            989         0.42320  
            990         0.42172  
            991         0.42025  
            992         0.41878  
            993         0.41731  
            994         0.41584  
            995         0.41437  
            996         0.41290  
            997         0.41143  
            998         0.40996  
            999         0.40850  
           1000         0.40703  
           1001         0.40557  
           1002         0.40410  
           1003         0.40264  
           1004         0.40118  
           1005         0.39972  
           1006         0.39826  
           1007         0.39680  
           1008         0.39534  
           1009         0.39389  
           1010         0.39243  
           1011         0.39098  
           1012         0.38952  
           1013         0.38807  
           1014         0.38662  
           1015         0.38517  
           1016         0.38372  
           1017         0.38228  
           1018         0.38083  
           1019         0.37939  
           1020         0.37794  
           1021         0.37650  
           1022         0.37506  
           1023         0.37362  
           1024         0.37218  
           1025         0.37075  
           1026         0.56070  
           1027         0.55954  
           1028         0.55838  
           1029         0.55721  
           1030         0.55604  
           1031         0.55488  
           1032         0.55371  
           1033         0.55254  
           1034         0.55137  
           1035         0.55021  
           1036         0.54904  
           1037         0.54787  
           1038         0.54670  
           1039         0.54552  
           1040         0.54435  
           1041         0.54318  
           1042         0.54201  
           1043         0.54084  
           1044         0.53966  
           1045         0.53849  
           1046         0.53732  
           1047         0.53614  
           1048         0.53497  
           1049         0.53379  
           1050         0.53262  
           1051         0.53144  
           1052         0.53026  
           1053         0.52909  
           1054         0.52791  
           1055         0.52673  
           1056         0.52555  
           1057         0.52438  
           1058         0.52320  
           1059         0.52202  
           1060         0.52084  
           1061         0.51966  
           1062         0.51848  
           1063         0.51730  
           1064         0.51612  
           1065         0.51494  
           1066         0.51376  
           1067         0.51258  
           1068         0.51140  
           1069         0.51022  
           1070         0.50904  
           1071         0.50785  
           1072         0.50667  
           1073         0.50549  
           1074         0.50431  
           1075         0.50313  
           1076         0.50194  
           1077         0.50076  
           1078         0.49958  
           1079         0.49840  
           1080         0.49721  
           1081         0.49603  
           1082         0.49485  
           1083         0.49366  
           1084         0.49248  
           1085         0.49130  
           1086         0.49011  
           1087         0.48893  
           1088         0.48775  
           1089         0.48656  
           1090         0.48538  
           1091         0.48420  
           1092         0.48301  
           1093         0.48183  
           1094         0.48065  
           1095         0.47946  
           1096         0.47828  
           1097         0.47710  
           1098         0.47592  
           1099         0.47473  
           1100         0.47355  
           1101         0.47237  
           1102         0.47118  
           1103         0.47000  
           1104         0.46882  
           1105         0.46764  
           1106         0.46739  
           1107         0.46600  
           1108         0.46461  
           1109         0.46322  
           1110         0.46183  
           1111         0.46044  
           1112         0.45906  
           1113         0.45767  
           1114         0.45628  
           1115         0.45489  
           1116         0.45350  
           1117         0.45211  
           1118         0.45072  
           1119         0.44933  
           1120         0.44795  
           1121         0.44656  
           1122         0.44517  
           1123         0.44378  
           1124         0.44240  
           1125         0.44101  
           1126         0.43963  
           1127         0.43824  
           1128         0.43686  
           1129         0.43547  
           1130         0.43409  
           1131         0.43270  
           1132         0.43132  
           1133         0.42994  
           1134         0.42856  
           1135         0.42718  
           1136         0.42579  
           1137         0.42441  
           1138         0.42304  
           1139         0.42166  
           1140         0.42028  
           1141         0.41890  
           1142         0.41752  
           1143         0.41615  
           1144         0.41477  
           1145         0.41339  
           1146         0.41202  
           1147         0.41065  
           1148         0.40927  
           1149         0.40790  
           1150         0.40653  
           1151         0.40516  
           1152         0.40379  
           1153         0.40242  
           1154         0.40105  
           1155         0.39969  
           1156         0.39832  
           1157         0.39696  
           1158         0.39559  
           1159         0.39423  
           1160         0.39287  
           1161         0.39150  
           1162         0.39014  
           1163         0.38878  
           1164         0.38743  
           1165         0.38607  
           1166         0.38471  
           1167         0.38336  
           1168         0.38200  
           1169         0.38065  
           1170         0.37930  
           1171         0.37795  
           1172         0.37660  
           1173         0.37525  
           1174         0.37390  
           1175         0.37256  
           1176         0.37121  
           1177         0.36987  
           1178         0.36853  
           1179         0.36719  
           1180         0.36585  
           1181         0.36451  
           1182         0.36317  
           1183         0.36184  
           1184         0.36050  
           1185         0.35917  
           1186         0.35784  
           1187         0.35651  
           1188         0.35518  
           1189         0.35386  
           1190         0.35253  
           1191         0.35121  
           1192         0.34988  
           1193         0.34856  
           1194         0.34724  
           1195         0.34593  
           1196         0.34461  
           1197         0.34330  
           1198         0.34198  
           1199         0.34067  
           1200         0.33936  
           1201         0.33805  
           1202         0.33675  
           1203         0.33544  
           1204         0.33414  
           1205         0.33284  
           1206         0.33154  
           1207         0.33024  
           1208         0.32894  
           1209         0.32765  
           1210         0.32636  
           1211         0.32507  
           1212         0.32378  
           1213         0.32249  
           1214         0.32120  
           1215         0.31992  
           1216         1.00000  
