              0         0.06908  
              1         0.06893  
              2         0.06878  
              3         0.06863  
              4         0.06848  
              5         0.06833  
              6         0.06818  
              7         0.06803  
              8         0.06788  
              9         0.06773  
             10         0.06758  
             11         0.06743  
             12         0.06728  
             13         0.06713  
             14         0.06698  
             15         0.06683  
             16         0.06669  
             17         0.06654  
             18         0.06639  
             19         0.06624  
             20         0.06609  
             21         0.06594  
             22         0.06579  
             23         0.06564  
             24         0.06549  
             25         0.06534  
             26         0.06519  
             27         0.06504  
             28         0.06489  
             29         0.06474  
             30         0.06459  
             31         0.06444  
             32         0.06429  
             33         0.06415  
             34         0.06400  
             35         0.06385  
             36         0.06370  
             37         0.06355  
             38         0.06340  
             39         0.06325  
             40         0.06310  
             41         0.06295  
             42         0.06280  
             43         0.06265  
             44         0.06250  
             45         0.06235  
             46         0.06220  
             47         0.06205  
             48         0.06190  
             49         0.06175  
             50         0.06161  
             51         0.06146  
             52         0.06131  
             53         0.06116  
             54         0.06101  
             55         0.06086  
             56         0.06071  
             57         0.06056  
             58         0.06041  
             59         0.06026  
             60         0.06011  
             61         0.05996  
             62         0.05981  
             63         0.05966  
             64         0.05951  
             65         0.05936  
             66         0.05922  
             67         0.05907  
             68         0.05892  
             69         0.05877  
             70         0.05862  
             71         0.05847  
             72         0.05832  
             73         0.05817  
             74         0.05802  
             75         0.05787  
             76         0.05772  
             77         0.05757  
             78         0.05742  
             79         0.05727  
             80         0.05712  
             81         0.05697  
             82         0.05682  
             83         0.05668  
             84         0.05653  
             85         0.05638  
             86         0.05623  
             87         0.05608  
             88         0.05593  
             89         0.05578  
             90         0.05563  
             91         0.05548  
             92         0.05533  
             93         0.05518  
             94         0.05503  
             95         0.05488  
             96         0.05473  
             97         0.05458  
             98         0.05443  
             99         0.05428  
            100         0.05414  
            101         0.05399  
            102         0.05384  
            103         0.05369  
            104         0.05354  
            105         0.05339  
            106         0.05324  
            107         0.05309  
            108         0.05294  
            109         0.05279  
            110         0.05264  
            111         0.05249  
            112         0.05234  
            113         0.05219  
            114         0.05204  
            115         0.05189  
            116         0.05174  
            117         0.05160  
            118         0.05145  
            119         0.05130  
            120         0.05115  
            121         0.05100  
            122         0.05085  
            123         0.05070  
            124         0.05055  
            125         0.05040  
            126         0.05025  
            127         0.05010  
            128         0.04995  
            129         0.04980  
            130         0.04965  
            131         0.04950  
            132         0.04935  
            133         0.04921  
            134         0.04906  
            135         0.04891  
            136         0.04876  
            137         0.04861  
            138         0.04846  
            139         0.04831  
            140         0.04816  
            141         0.04801  
            142         0.04786  
            143         0.04771  
            144         0.04756  
            145         0.04741  
            146         0.04726  
            147         0.04711  
            148         0.04696  
            149         0.04681  
            150         0.04667  
            151         0.04652  
            152         0.04637  
            153         0.04622  
            154         0.04607  
            155         0.04592  
            156         0.04577  
            157         0.04562  
            158         0.04547  
            159         0.04532  
            160         0.04517  
            161         0.04502  
            162         0.04487  
            163         0.04472  
            164         0.04457  
            165         0.04442  
            166         0.04427  
            167         0.04413  
            168         0.04398  
            169         0.04383  
            170         0.04368  
            171         0.04353  
            172         0.04338  
            173         0.04323  
            174         0.04308  
            175         0.04293  
            176         0.04278  
            177         0.04263  
            178         0.04248  
            179         0.04233  
            180         0.04218  
            181         0.04203  
            182         0.04188  
            183         0.04173  
            184         0.04159  
            185         0.04144  
            186         0.04129  
            187         0.04114  
            188         0.04099  
            189         0.04084  
            190         0.04069  
            191         0.04054  
            192         0.04039  
            193         0.04024  
            194         0.04009  
            195         0.03994  
            196         0.03979  
            197         0.03964  
            198         0.03949  
            199         0.03934  
            200         0.03920  
            201         0.03905  
            202         0.03890  
            203         0.03875  
            204         0.03860  
            205         0.03845  
            206         0.03830  
            207         0.03815  
            208         0.03800  
            209         0.03785  
            210         0.03770  
            211         0.03755  
            212         0.03740  
            213         0.03725  
            214         0.03710  
            215         0.03695  
            216         0.03680  
            217         0.03666  
            218         0.03651  
            219         0.03636  
            220         0.03621  
            221         0.03606  
            222         0.03591  
            223         0.03576  
            224         0.03561  
            225         0.03546  
            226         0.03531  
            227         0.03516  
            228         0.03501  
            229         0.03486  
            230         0.03471  
            231         0.03456  
            232         0.03441  
            233         0.03426  
            234         0.03412  
            235         0.03397  
            236         0.03382  
            237         0.03367  
            238         0.03352  
            239         0.03337  
            240         0.03322  
            241         0.03307  
            242         0.03292  
            243         0.03277  
            244         0.03262  
            245         0.03247  
            246         0.03232  
            247         0.03217  
            248         0.03202  
            249         0.03187  
            250         0.03173  
            251         0.03158  
            252         0.03143  
            253         0.03128  
            254         0.03113  
            255         0.03098  
            256         0.03083  
            257         0.03068  
            258         0.03053  
            259         0.03038  
            260         0.03023  
            261         0.03008  
            262         0.02993  
            263         0.02978  
            264         0.02963  
            265         0.02948  
            266         0.02933  
            267         0.02919  
            268         0.02904  
            269         0.02889  
            270         0.02874  
            271         0.02859  
            272         0.02844  
            273         0.02829  
            274         0.02814  
            275         0.02799  
            276         0.02784  
            277         0.02769  
            278         0.02754  
            279         0.02739  
            280         0.02724  
            281         0.02709  
            282         0.02694  
            283         0.02679  
            284         0.02665  
            285         0.02650  
            286         0.02635  
            287         0.02620  
            288         0.02605  
            289         0.02590  
            290         0.02575  
            291         0.02560  
            292         0.02545  
            293         0.02530  
            294         0.02515  
            295         0.02500  
            296         0.02485  
            297         0.02470  
            298         0.02455  
            299         0.02440  
            300         0.02425  
            301         0.02411  
            302         0.02396  
            303         0.02381  
            304         0.02366  
            305         0.02351  
            306         0.02336  
            307         0.02321  
            308         0.02306  
            309         0.02291  
            310         0.02276  
            311         0.02261  
            312         0.02246  
            313         0.02231  
            314         0.02216  
            315         0.02201  
            316         0.02186  
            317         0.02172  
            318         0.02157  
            319         0.02142  
            320         0.02127  
            321         0.02112  
            322         0.02097  
            323         0.02082  
            324         0.02067  
            325         0.02052  
            326         0.02037  
            327         0.02022  
            328         0.02007  
            329         0.01992  
            330         0.01977  
            331         0.01962  
            332         0.01947  
            333         0.01932  
            334         0.01918  
            335         0.01903  
            336         0.01888  
            337         0.01873  
            338         0.01858  
            339         0.01843  
            340         0.01828  
            341         0.01813  
            342         0.01798  
            343         0.01783  
            344         0.01768  
            345         0.01753  
            346         0.01738  
            347         0.01723  
            348         0.01709  
            349         0.01694  
            350         0.01679  
            351         0.01665  
            352         0.01651  
            353         0.01636  
            354         0.01622  
            355         0.01608  
            356         0.01594  
            357         0.01581  
            358         0.01567  
            359         0.01553  
            360         0.01540  
            361         0.01527  
            362         0.01513  
            363         0.01500  
            364         0.01487  
            365         0.01474  
            366         0.01461  
            367         0.01448  
            368         0.01436  
            369         0.01423  
            370         0.01411  
            371         0.01398  
            372         0.01386  
            373         0.01373  
            374         0.01361  
            375         0.01349  
            376         0.01337  
            377         0.01325  
            378         0.01313  
            379         0.01301  
            380         0.01290  
            381         0.01278  
            382         0.01266  
            383         0.01255  
            384         0.01243  
            385         0.01232  
            386         0.01221  
            387         0.01209  
            388         0.01198  
            389         0.01187  
            390         0.01177  
            391         0.01166  
            392         0.01156  
            393         0.01145  
            394         0.01135  
            395         0.01125  
            396         0.01115  
            397         0.01105  
            398         0.01096  
            399         0.01086  
            400         0.01077  
            401         0.01067  
            402         0.01058  
            403         0.01049  
            404         0.01040  
            405         0.01032  
            406         0.01023  
            407         0.01014  
            408         0.01006  
            409         0.00998  
            410         0.00989  
            411         0.00981  
            412         0.00973  
            413         0.00965  
            414         0.00958  
            415         0.00950  
            416         0.00942  
            417         0.00935  
            418         0.00927  
            419         0.00920  
            420         0.00913  
            421         0.00906  
            422         0.00899  
            423         0.00892  
            424         0.00885  
            425         0.00878  
            426         0.00872  
            427         0.00865  
            428         0.00859  
            429         0.00852  
            430         0.00846  
            431         0.00840  
            432         0.00834  
            433         0.00828  
            434         0.00822  
            435         0.00816  
            436         0.00810  
            437         0.00804  
            438         0.00799  
            439         0.00793  
            440         0.00788  
            441         0.00782  
            442         0.00777  
            443         0.00772  
            444         0.00767  
            445         0.00761  
            446         0.00756  
            447         0.00751  
            448         0.00747  
            449         0.00742  
            450         0.00737  
            451         0.00732  
            452         0.00728  
            453         0.00723  
            454         0.00718  
            455         0.00714  
            456         0.00710  
            457         0.00705  
            458         0.00701  
            459         0.00697  
            460         0.00693  
            461         0.00689  
            462         0.00684  
            463         0.00681  
            464         0.00677  
            465         0.00673  
            466         0.00669  
            467         0.00665  
            468         0.00661  
            469         0.00658  
            470         0.00654  
            471         0.00651  
            472         0.00647  
            473         0.00644  
            474         0.00640  
            475         0.00637  
            476         0.00634  
            477         0.00630  
            478         0.00627  
            479         0.00624  
            480         0.00621  
            481         0.00618  
            482         0.00615  
            483         0.00612  
            484         0.00609  
            485         0.00606  
            486         0.00603  
            487         0.00601  
            488         0.00598  
            489         0.00595  
            490         0.00593  
            491         0.00590  
            492         0.00587  
            493         0.00585  
            494         0.00582  
            495         0.00580  
            496         0.00578  
            497         0.00575  
            498         0.00573  
            499         0.00571  
            500         0.00568  
            501         0.00566  
            502         0.00564  
            503         0.00562  
            504         0.00560  
            505         0.00558  
            506         0.00556  
            507         0.00554  
            508         0.00552  
            509         0.00550  
            510         0.00548  
            511         0.00546  
            512         0.00545  
            513         0.00543  
            514         0.00541  
            515         0.00539  
            516         0.00538  
            517         0.00536  
            518         0.00535  
            519         0.00533  
            520         0.00532  
            521         0.00530  
            522         0.00529  
            523         0.00527  
            524         0.00526  
            525         0.00525  
            526         0.00523  
            527         0.00522  
            528         0.00521  
            529         0.00520  
            530         0.00518  
            531         0.00517  
            532         0.00516  
            533         0.00515  
            534         0.00514  
            535         0.00513  
            536         0.00512  
            537         0.00511  
            538         0.00510  
            539         0.00509  
            540         0.00508  
            541         0.00508  
            542         0.00507  
            543         0.00506  
            544         0.00505  
            545         0.00505  
            546         0.00504  
            547         0.00503  
            548         0.00503  
            549         0.00502  
            550         0.00502  
            551         0.00501  
            552         0.00501  
            553         0.00500  
            554         0.00500  
            555         0.00499  
            556         0.00499  
            557         0.00499  
            558         0.00498  
            559         0.00498  
            560         0.00498  
            561         0.00498  
            562         0.00497  
            563         0.00497  
            564         0.00497  
            565         0.00497  
            566         0.00497  
            567         0.00497  
            568         0.00497  
            569         0.00497  
            570         0.00497  
            571         0.00497  
            572         0.00497  
            573         0.00498  
            574         0.00498  
            575         0.00498  
            576         0.00498  
            577         0.00498  
            578         0.00499  
            579         0.00499  
            580         0.00499  
            581         0.00500  
            582         0.00500  
            583         0.00501  
            584         0.00501  
            585         0.00502  
            586         0.00502  
            587         0.00503  
            588         0.00504  
            589         0.00504  
            590         0.00505  
            591         0.00506  
            592         0.00507  
            593         0.00507  
            594         0.00508  
            595         0.00509  
            596         0.00510  
            597         0.00511  
            598         0.00512  
            599         0.00513  
            600         0.00514  
            601         0.00515  
            602         0.00516  
            603         0.00517  
            604         0.00519  
            605         0.00520  
            606         0.00521  
            607         0.00522  
            608         0.00524  
            609         0.00525  
            610         0.00527  
            611         0.00528  
            612         0.00530  
            613         0.00531  
            614         0.00533  
            615         0.00534  
            616         0.00536  
            617         0.00538  
            618         0.00539  
            619         0.00541  
            620         0.00543  
            621         0.00545  
            622         0.00547  
            623         0.00549  
            624         0.00551  
            625         0.00553  
            626         0.00555  
            627         0.00557  
            628         0.00559  
            629         0.00561  
            630         0.00564  
            631         0.00566  
            632         0.00568  
            633         0.00571  
            634         0.00573  
            635         0.00576  
            636         0.00579  
            637         0.00581  
            638         0.00584  
            639         0.00587  
            640         0.00589  
            641         0.00592  
            642         0.00595  
            643         0.00598  
            644         0.00601  
            645         0.00604  
            646         0.00607  
            647         0.00611  
            648         0.00614  
            649         0.00617  
            650         0.00621  
            651         0.00624  
            652         0.00627  
            653         0.00631  
            654         0.00635  
            655         0.00638  
            656         0.00642  
            657         0.00646  
            658         0.00650  
            659         0.00654  
            660         0.00658  
            661         0.00662  
            662         0.00666  
            663         0.00671  
            664         0.00675  
            665         0.00679  
            666         0.00684  
            667         0.00689  
            668         0.00693  
            669         0.00698  
            670         0.00703  
            671         0.00708  
            672         0.00713  
            673         0.00718  
            674         0.00723  
            675         0.00728  
            676         0.00734  
            677         0.00739  
            678         0.00745  
            679         0.00751  
            680         0.00756  
            681         0.00762  
            682         0.00768  
            683         0.00774  
            684         0.00780  
            685         0.00787  
            686         0.00793  
            687         0.00800  
            688         0.00806  
            689         0.00813  
            690         0.00820  
            691         0.00827  
            692         0.00834  
            693         0.00841  
            694         0.00849  
            695         0.00856  
            696         0.00864  
            697         0.00872  
            698         0.00880  
            699         0.00888  
            700         0.00896  
            701         0.00904  
            702         0.00913  
            703         0.00921  
            704         0.00930  
            705         0.00939  
            706         0.00948  
            707         0.00958  
            708         0.00967  
            709         0.00977  
            710         0.00986  
            711         0.00996  
            712         0.01007  
            713         0.01017  
            714         0.01027  
            715         0.01038  
            716         0.01049  
            717         0.01060  
            718         0.01072  
            719         0.01083  
            720         0.01095  
            721         0.01107  
            722         0.01119  
            723         0.01131  
            724         0.01144  
            725         0.01157  
            726         0.01170  
            727         0.01183  
            728         0.01197  
            729         0.01211  
            730         0.01225  
            731         0.01239  
            732         0.01254  
            733         0.01269  
            734         0.01284  
            735         0.01300  
            736         0.01315  
            737         0.01331  
            738         0.01348  
            739         0.01365  
            740         0.01382  
            741         0.01399  
            742         0.01417  
            743         0.01435  
            744         0.01453  
            745         0.01472  
            746         0.01491  
            747         0.01511  
            748         0.01531  
            749         0.01551  
            750         0.01572  
            751         0.01593  
            752         0.01614  
            753         0.01636  
            754         0.01659  
            755         0.01682  
            756         0.01705  
            757         0.01729  
            758         0.01753  
            759         0.01778  
            760         0.01803  
            761         0.01829  
            762         0.01855  
            763         0.01882  
            764         0.01909  
            765         0.01937  
            766         0.01966  
            767         0.01995  
            768         0.02025  
            769         0.02055  
            770         0.02086  
            771         0.02118  
            772         0.02150  
            773         0.02183  
            774         0.02217  
            775         0.02251  
            776         0.02287  
            777         0.02323  
            778         0.02359  
            779         0.02397  
            780         0.02435  
            781         0.02474  
            782         0.02514  
            783         0.02555  
            784         0.02597  
            785         0.02640  
            786         0.02684  
            787         0.02728  
            788         0.02774  
            789         0.02821  
            790         0.02868  
            791         0.02917  
            792         0.02967  
            793         0.03018  
            794         0.03070  
            795         0.03123  
            796         0.03178  
            797         0.03234  
            798         0.03291  
            799         0.03349  
            800         0.03409  
            801         0.03470  
            802         0.03533  
            803         0.03597  
            804         0.03663  
            805         0.03730  
            806         0.03798  
            807         0.03869  
            808         0.03941  
            809         0.04014  
            810         0.04090  
            811         0.04167  
            812         0.04246  
            813         0.04327  
            814         0.04410  
            815         0.04495  
            816         0.04582  
            817         0.04672  
            818         0.04763  
            819         0.04857  
            820         0.04953  
            821         0.05051  
            822         0.05152  
            823         0.05256  
            824         0.05362  
            825         0.05470  
            826         0.05582  
            827         0.05696  
            828         0.05813  
            829         0.05933  
            830         0.06056  
            831         0.06183  
            832         0.06312  
            833         0.06445  
            834         0.06582  
            835         0.06722  
            836         0.06865  
            837         0.07013  
            838         0.07164  
            839         0.07319  
            840         0.07479  
            841         0.07642  
            842         0.07810  
            843         0.07982  
            844         0.08160  
            845         0.08341  
            846         0.08528  
            847         0.08720  
            848         0.08917  
            849         0.09119  
            850         0.09327  
            851         0.09541  
            852         0.09760  
            853         0.09986  
            854         0.10218  
            855         0.10456  
            856         0.10701  
            857         0.10953  
            858         0.11212  
            859         0.11478  
            860         0.11751  
            861         0.12033  
            862         0.12322  
            863         0.12620  
            864         0.12926  
            865         0.13242  
            866         0.13566  
            867         0.13900  
            868         0.14243  
            869         0.14596  
            870         0.14960  
            871         0.15335  
            872         0.15720  
            873         0.16117  
            874         0.16525  
            875         0.16946  
            876         0.17379  
            877         0.17826  
            878         0.18285  
            879         0.18759  
            880         0.19247  
            881         0.19750  
            882         0.20268  
            883         0.20802  
            884         0.21352  
            885         0.21919  
            886         0.22503  
            887         0.23106  
            888         0.23728  
            889         0.24368  
            890         0.25029  
            891         0.25711  
            892         0.26414  
            893         0.27139  
            894         0.27887  
            895         0.28659  
            896         0.29456  
            897         0.30278  
            898         0.31126  
            899         0.32002  
            900         0.32906  
            901         0.33840  
            902         0.34803  
            903         0.35799  
            904         0.36826  
            905         0.37888  
            906         0.38984  
            907         0.40117  
            908         0.41287  
            909         0.42497  
            910         0.43746  
            911         0.45038  
            912         0.45997  
            913         0.45963  
            914         0.46168  
            915         0.46440  
            916         0.46694  
            917         0.46801  
            918         0.46974  
            919         0.47236  
            920         0.47626  
            921         0.48068  
            922         0.48055  
            923         0.47909  
            924         0.48768  
            925         0.48623  
            926         0.48478  
            927         0.49681  
            928         0.49538  
            929         0.49395  
            930         0.49252  
            931         0.50982  
            932         0.50841  
            933         0.50701  
            934         0.50560  
            935         0.50419  
            936         0.50279  
            937         0.50138  
            938         0.52909  
            939         0.52774  
            940         0.52638  
            941         0.52503  
            942         0.52367  
            943         0.52231  
            944         0.52096  
            945         0.51960  
            946         0.51824  
            947         0.51688  
            948         0.51553  
            949         0.51417  
            950         0.55565  
            951         0.55436  
            952         0.55307  
            953         0.55179  
            954         0.55050  
            955         0.54921  
            956         0.54791  
            957         0.54662  
            958         0.54533  
            959         0.54404  
            960         0.54274  
            961         0.54145  
            962         0.54015  
            963         0.53886  
            964         0.53756  
            965         0.53627  
            966         0.53497  
            967         0.53367  
            968         0.53237  
            969         0.53108  
            970         0.52978  
            971         0.52848  
            972         0.52718  
            973         0.59809  
            974         0.59691  
            975         0.59573  
            976         0.59455  
            977         0.59337  
            978         0.59219  
            979         0.59100  
            980         0.58982  
            981         0.58863  
            982         0.58744  
            983         0.58625  
            984         0.58507  
            985         0.58388  
            986         0.58269  
            987         0.58150  
            988         0.58030  
            989         0.57911  
            990         0.57792  
            991         0.57672  
            992         0.57553  
            993         0.57433  
            994         0.57314  
            995         0.57194  
            996         0.57074  
            997         0.56954  
            998         0.56834  
            999         0.56714  
           1000         0.56594  
           1001         0.56474  
           1002         0.56354  
           1003         0.56233  
           1004         0.56113  
           1005         0.55993  
           1006         0.55872  
           1007         0.55751  
           1008         0.55631  
           1009         0.55510  
           1010         0.55389  
           1011         0.55269  
           1012         0.55148  
           1013         0.55027  
           1014         0.54906  
           1015         0.54785  
           1016         0.54664  
           1017         0.54543  
           1018         0.54422  
           1019         0.54300  
           1020         0.54179  
           1021         0.54058  
           1022         0.53936  
           1023         0.53815  
           1024         0.53694  
           1025         0.53572  
           1026         0.68665  
           1027         0.68572  
           1028         0.68479  
           1029         0.68387  
           1030         0.68294  
           1031         0.68201  
           1032         0.68108  
           1033         0.68014  
           1034         0.67921  
           1035         0.67828  
           1036         0.67734  
           1037         0.67640  
           1038         0.67547  
           1039         0.67453  
           1040         0.67359  
           1041         0.67265  
           1042         0.67170  
           1043         0.67076  
           1044         0.66982  
           1045         0.66887  
           1046         0.66792  
           1047         0.66698  
           1048         0.66603  
           1049         0.66508  
           1050         0.66413  
           1051         0.66318  
           1052         0.66222  
           1053         0.66127  
           1054         0.66031  
           1055         0.65936  
           1056         0.65840  
           1057         0.65744  
           1058         0.65649  
           1059         0.65553  
           1060         0.65457  
           1061         0.65360  
           1062         0.65264  
           1063         0.65168  
           1064         0.65071  
           1065         0.64975  
           1066         0.64878  
           1067         0.64781  
           1068         0.64684  
           1069         0.64587  
           1070         0.64490  
           1071         0.64393  
           1072         0.64296  
           1073         0.64199  
           1074         0.64101  
           1075         0.64004  
           1076         0.63906  
           1077         0.63808  
           1078         0.63711  
           1079         0.63613  
           1080         0.63515  
           1081         0.63417  
           1082         0.63319  
           1083         0.63221  
           1084         0.63122  
           1085         0.63024  
           1086         0.62925  
           1087         0.62827  
           1088         0.62728  
           1089         0.62629  
           1090         0.62531  
           1091         0.62432  
           1092         0.62333  
           1093         0.62234  
           1094         0.62134  
           1095         0.62035  
           1096         0.61936  
           1097         0.61837  
           1098         0.61737  
           1099         0.61637  
           1100         0.61538  
           1101         0.61438  
           1102         0.61338  
           1103         0.61239  
           1104         0.61139  
           1105         0.61039  
           1106         0.60939  
           1107         0.60838  
           1108         0.60738  
           1109         0.60638  
           1110         0.60537  
           1111         0.60437  
           1112         0.60337  
           1113         0.60236  
           1114         0.60135  
           1115         0.60035  
           1116         0.59934  
           1117         0.59833  
           1118         0.59732  
           1119         0.59631  
           1120         0.59530  
           1121         0.59429  
           1122         0.59328  
           1123         0.59226  
           1124         0.59125  
           1125         0.59024  
           1126         0.58922  
           1127         0.58821  
           1128         0.58719  
           1129         0.58617  
           1130         0.58516  
           1131         0.58414  
           1132         0.58312  
           1133         0.58210  
           1134         0.58108  
           1135         0.58006  
           1136         0.57904  
           1137         0.57802  
           1138         0.57700  
           1139         0.57598  
           1140         0.57495  
           1141         0.57393  
           1142         0.57291  
           1143         0.57188  
           1144         0.57086  
           1145         0.56983  
           1146         0.56881  
           1147         0.56778  
           1148         0.56675  
           1149         0.56573  
           1150         0.56470  
           1151         0.56367  
           1152         0.56264  
           1153         0.56161  
           1154         0.56058  
           1155         0.55955  
           1156         0.55852  
           1157         0.55749  
           1158         0.55646  
           1159         0.55543  
           1160         0.55440  
           1161         0.55336  
           1162         0.55233  
           1163         0.55130  
           1164         0.55026  
           1165         0.54923  
           1166         0.54819  
           1167         0.54716  
           1168         0.54612  
           1169         0.54509  
           1170         0.54405  
           1171         0.54301  
           1172         0.54198  
           1173         0.54094  
           1174         0.53990  
           1175         0.53887  
           1176         0.53783  
           1177         0.53679  
           1178         0.53575  
           1179         0.53471  
           1180         0.53367  
           1181         0.53263  
           1182         0.53159  
           1183         0.53055  
           1184         0.52951  
           1185         0.52847  
           1186         0.52743  
           1187         0.52639  
           1188         0.52535  
           1189         0.52431  
           1190         0.52326  
           1191         0.52222  
           1192         0.52118  
           1193         0.52014  
           1194         0.51910  
           1195         0.51805  
           1196         0.51701  
           1197         0.51597  
           1198         0.51492  
           1199         0.51388  
           1200         0.51284  
           1201         0.51179  
           1202         0.51075  
           1203         0.50970  
           1204         0.50866  
           1205         0.50762  
           1206         0.50657  
           1207         0.50553  
           1208         0.50448  
           1209         0.50344  
           1210         0.50239  
           1211         0.50135  
           1212         0.50030  
           1213         0.49926  
           1214         0.49821  
           1215         0.49717  
           1216         1.00000  
