              0         0.13100  
              1         0.13104  
              2         0.13107  
              3         0.13110  
              4         0.13114  
              5         0.13117  
              6         0.13120  
              7         0.13123  
              8         0.13127  
              9         0.13130  
             10         0.13133  
             11         0.13137  
             12         0.13140  
             13         0.13143  
             14         0.13147  
             15         0.13150  
             16         0.13153  
             17         0.13156  
             18         0.13160  
             19         0.13163  
             20         0.13166  
             21         0.13170  
             22         0.13173  
             23         0.13176  
             24         0.13180  
             25         0.13183  
             26         0.13186  
             27         0.13190  
             28         0.13193  
             29         0.13196  
             30         0.13199  
             31         0.13203  
             32         0.13206  
             33         0.13209  
             34         0.13213  
             35         0.13216  
             36         0.13219  
             37         0.13223  
             38         0.13226  
             39         0.13229  
             40         0.13232  
             41         0.13236  
             42         0.13239  
             43         0.13242  
             44         0.13246  
             45         0.13249  
             46         0.13252  
             47         0.13256  
             48         0.13259  
             49         0.13262  
             50         0.13266  
             51         0.13269  
             52         0.13272  
             53         0.13275  
             54         0.13279  
             55         0.13282  
             56         0.13285  
             57         0.13289  
             58         0.13292  
             59         0.13295  
             60         0.13299  
             61         0.13302  
             62         0.13305  
             63         0.13308  
             64         0.13312  
             65         0.13315  
             66         0.13318  
             67         0.13322  
             68         0.13325  
             69         0.13328  
             70         0.13332  
             71         0.13335  
             72         0.13338  
             73         0.13341  
             74         0.13345  
             75         0.13348  
             76         0.13351  
             77         0.13355  
             78         0.13358  
             79         0.13361  
             80         0.13365  
             81         0.13368  
             82         0.13371  
             83         0.13375  
             84         0.13378  
             85         0.13381  
             86         0.13384  
             87         0.13388  
             88         0.13391  
             89         0.13394  
             90         0.13398  
             91         0.13401  
             92         0.13404  
             93         0.13408  
             94         0.13411  
             95         0.13414  
             96         0.13417  
             97         0.13421  
             98         0.13424  
             99         0.13427  
            100         0.13431  
            101         0.13434  
            102         0.13437  
            103         0.13441  
            104         0.13444  
            105         0.13447  
            106         0.13451  
            107         0.13454  
            108         0.13457  
            109         0.13460  
            110         0.13464  
            111         0.13467  
            112         0.13470  
            113         0.13474  
            114         0.13477  
            115         0.13480  
            116         0.13484  
            117         0.13487  
            118         0.13490  
            119         0.13493  
            120         0.13497  
            121         0.13500  
            122         0.13503  
            123         0.13507  
            124         0.13510  
            125         0.13513  
            126         0.13517  
            127         0.13520  
            128         0.13523  
            129         0.13527  
            130         0.13530  
            131         0.13533  
            132         0.13536  
            133         0.13540  
            134         0.13543  
            135         0.13546  
            136         0.13550  
            137         0.13553  
            138         0.13556  
            139         0.13560  
            140         0.13563  
            141         0.13566  
            142         0.13569  
            143         0.13573  
            144         0.13576  
            145         0.13579  
            146         0.13583  
            147         0.13586  
            148         0.13589  
            149         0.13593  
            150         0.13596  
            151         0.13599  
            152         0.13602  
            153         0.13606  
            154         0.13609  
            155         0.13612  
            156         0.13616  
            157         0.13619  
            158         0.13622  
            159         0.13626  
            160         0.13629  
            161         0.13632  
            162         0.13636  
            163         0.13639  
            164         0.13642  
            165         0.13645  
            166         0.13649  
            167         0.13652  
            168         0.13655  
            169         0.13659  
            170         0.13662  
            171         0.13665  
            172         0.13669  
            173         0.13672  
            174         0.13675  
            175         0.13678  
            176         0.13682  
            177         0.13685  
            178         0.13688  
            179         0.13692  
            180         0.13695  
            181         0.13698  
            182         0.13702  
            183         0.13705  
            184         0.13708  
            185         0.13712  
            186         0.13715  
            187         0.13718  
            188         0.13721  
            189         0.13725  
            190         0.13728  
            191         0.13731  
            192         0.13735  
            193         0.13738  
            194         0.13741  
            195         0.13745  
            196         0.13748  
            197         0.13751  
            198         0.13754  
            199         0.13758  
            200         0.13761  
            201         0.13764  
            202         0.13768  
            203         0.13771  
            204         0.13774  
            205         0.13778  
            206         0.13781  
            207         0.13784  
            208         0.13788  
            209         0.13791  
            210         0.13794  
            211         0.13797  
            212         0.13801  
            213         0.13804  
            214         0.13807  
            215         0.13811  
            216         0.13814  
            217         0.13817  
            218         0.13821  
            219         0.13824  
            220         0.13827  
            221         0.13830  
            222         0.13834  
            223         0.13837  
            224         0.13840  
            225         0.13844  
            226         0.13847  
            227         0.13850  
            228         0.13854  
            229         0.13857  
            230         0.13860  
            231         0.13863  
            232         0.13867  
            233         0.13870  
            234         0.13873  
            235         0.13877  
            236         0.13880  
            237         0.13883  
            238         0.13887  
            239         0.13890  
            240         0.13893  
            241         0.13897  
            242         0.13900  
            243         0.13903  
            244         0.13906  
            245         0.13910  
            246         0.13913  
            247         0.13916  
            248         0.13920  
            249         0.13923  
            250         0.13926  
            251         0.13930  
            252         0.13933  
            253         0.13936  
            254         0.13939  
            255         0.13943  
            256         0.13946  
            257         0.13949  
            258         0.13953  
            259         0.13956  
            260         0.13959  
            261         0.13963  
            262         0.13966  
            263         0.13969  
            264         0.13973  
            265         0.13976  
            266         0.13979  
            267         0.13982  
            268         0.13986  
            269         0.13989  
            270         0.13992  
            271         0.13996  
            272         0.13999  
            273         0.14002  
            274         0.14006  
            275         0.14009  
            276         0.14012  
            277         0.14015  
            278         0.14019  
            279         0.14022  
            280         0.14025  
            281         0.14029  
            282         0.14032  
            283         0.14035  
            284         0.14039  
            285         0.14042  
            286         0.14045  
            287         0.14049  
            288         0.14052  
            289         0.14055  
            290         0.14058  
            291         0.14062  
            292         0.14065  
            293         0.14068  
            294         0.14072  
            295         0.14075  
            296         0.14078  
            297         0.14082  
            298         0.14085  
            299         0.14088  
            300         0.14091  
            301         0.14095  
            302         0.14098  
            303         0.14101  
            304         0.14105  
            305         0.14108  
            306         0.14111  
            307         0.14115  
            308         0.14118  
            309         0.14121  
            310         0.14124  
            311         0.14128  
            312         0.14131  
            313         0.14134  
            314         0.14138  
            315         0.14141  
            316         0.14144  
            317         0.14148  
            318         0.14151  
            319         0.14154  
            320         0.14158  
            321         0.14161  
            322         0.14164  
            323         0.14167  
            324         0.14171  
            325         0.14174  
            326         0.14177  
            327         0.14181  
            328         0.14184  
            329         0.14187  
            330         0.14191  
            331         0.14194  
            332         0.14197  
            333         0.14200  
            334         0.14204  
            335         0.14207  
            336         0.14210  
            337         0.14214  
            338         0.14217  
            339         0.14220  
            340         0.14224  
            341         0.14227  
            342         0.14230  
            343         0.14234  
            344         0.14237  
            345         0.14240  
            346         0.14243  
            347         0.14247  
            348         0.14250  
            349         0.14253  
            350         0.14257  
            351         0.14260  
            352         0.14263  
            353         0.14267  
            354         0.14270  
            355         0.14273  
            356         0.14276  
            357         0.14280  
            358         0.14283  
            359         0.14286  
            360         0.14290  
            361         0.14293  
            362         0.14296  
            363         0.14300  
            364         0.14303  
            365         0.14306  
            366         0.14310  
            367         0.14313  
            368         0.14316  
            369         0.14319  
            370         0.14323  
            371         0.14326  
            372         0.14329  
            373         0.14333  
            374         0.14336  
            375         0.14339  
            376         0.14343  
            377         0.14346  
            378         0.14349  
            379         0.14352  
            380         0.14356  
            381         0.14359  
            382         0.14362  
            383         0.14366  
            384         0.14369  
            385         0.14372  
            386         0.14376  
            387         0.14379  
            388         0.14382  
            389         0.14385  
            390         0.14389  
            391         0.14392  
            392         0.14395  
            393         0.14399  
            394         0.14402  
            395         0.14405  
            396         0.14409  
            397         0.14412  
            398         0.14415  
            399         0.14419  
            400         0.14422  
            401         0.14425  
            402         0.14428  
            403         0.14432  
            404         0.14435  
            405         0.14438  
            406         0.14442  
            407         0.14445  
            408         0.14448  
            409         0.14452  
            410         0.14455  
            411         0.14458  
            412         0.14461  
            413         0.14465  
            414         0.14468  
            415         0.14471  
            416         0.14475  
            417         0.14478  
            418         0.14481  
            419         0.14485  
            420         0.14488  
            421         0.14491  
            422         0.14495  
            423         0.14498  
            424         0.14501  
            425         0.14504  
            426         0.14508  
            427         0.14511  
            428         0.14514  
            429         0.14518  
            430         0.14521  
            431         0.14524  
            432         0.14528  
            433         0.14531  
            434         0.14534  
            435         0.14537  
            436         0.14541  
            437         0.14544  
            438         0.14547  
            439         0.14551  
            440         0.14554  
            441         0.14557  
            442         0.14561  
            443         0.14564  
            444         0.14567  
            445         0.14571  
            446         0.14574  
            447         0.14577  
            448         0.14580  
            449         0.14584  
            450         0.14587  
            451         0.14590  
            452         0.14594  
            453         0.14597  
            454         0.14600  
            455         0.14604  
            456         0.14607  
            457         0.14610  
            458         0.14613  
            459         0.14617  
            460         0.14620  
            461         0.14623  
            462         0.14627  
            463         0.14630  
            464         0.14633  
            465         0.14637  
            466         0.14640  
            467         0.14643  
            468         0.14646  
            469         0.14650  
            470         0.14653  
            471         0.14656  
            472         0.14660  
            473         0.14663  
            474         0.14666  
            475         0.14670  
            476         0.14673  
            477         0.14676  
            478         0.14680  
            479         0.14683  
            480         0.14686  
            481         0.14689  
            482         0.14693  
            483         0.14696  
            484         0.14699  
            485         0.14703  
            486         0.14706  
            487         0.14709  
            488         0.14713  
            489         0.14716  
            490         0.14719  
            491         0.14722  
            492         0.14726  
            493         0.14729  
            494         0.14732  
            495         0.14736  
            496         0.14739  
            497         0.14742  
            498         0.14746  
            499         0.14749  
            500         0.14752  
            501         0.14756  
            502         0.14759  
            503         0.14762  
            504         0.14765  
            505         0.14769  
            506         0.14772  
            507         0.14775  
            508         0.14779  
            509         0.14782  
            510         0.14785  
            511         0.14789  
            512         0.14792  
            513         0.14795  
            514         0.14798  
            515         0.14802  
            516         0.14805  
            517         0.14808  
            518         0.14812  
            519         0.14815  
            520         0.14818  
            521         0.14822  
            522         0.14825  
            523         0.14828  
            524         0.14832  
            525         0.14835  
            526         0.14838  
            527         0.14841  
            528         0.14845  
            529         0.14848  
            530         0.14851  
            531         0.14855  
            532         0.14858  
            533         0.14861  
            534         0.14865  
            535         0.14868  
            536         0.14871  
            537         0.14874  
            538         0.14878  
            539         0.14881  
            540         0.14884  
            541         0.14888  
            542         0.14891  
            543         0.14894  
            544         0.14898  
            545         0.14901  
            546         0.14904  
            547         0.14907  
            548         0.14911  
            549         0.14914  
            550         0.14917  
            551         0.14921  
            552         0.14924  
            553         0.14927  
            554         0.14931  
            555         0.14934  
            556         0.14937  
            557         0.14941  
            558         0.14944  
            559         0.14947  
            560         0.14950  
            561         0.14954  
            562         0.14957  
            563         0.14960  
            564         0.14964  
            565         0.14967  
            566         0.14970  
            567         0.14974  
            568         0.14977  
            569         0.14980  
            570         0.14983  
            571         0.14987  
            572         0.14990  
            573         0.14993  
            574         0.14997  
            575         0.15000  
            576         0.15003  
            577         0.15007  
            578         0.15010  
            579         0.15014  
            580         0.15018  
            581         0.15023  
            582         0.15028  
            583         0.15033  
            584         0.15039  
            585         0.15045  
            586         0.15052  
            587         0.15059  
            588         0.15066  
            589         0.15074  
            590         0.15082  
            591         0.15090  
            592         0.15099  
            593         0.15108  
            594         0.15118  
            595         0.15128  
            596         0.15138  
            597         0.15149  
            598         0.15160  
            599         0.15172  
            600         0.15184  
            601         0.15196  
            602         0.15209  
            603         0.15222  
            604         0.15236  
            605         0.15250  
            606         0.15264  
            607         0.15279  
            608         0.15294  
            609         0.15310  
            610         0.15326  
            611         0.15343  
            612         0.15360  
            613         0.15377  
            614         0.15395  
            615         0.15413  
            616         0.15432  
            617         0.15451  
            618         0.15470  
            619         0.15490  
            620         0.15511  
            621         0.15532  
            622         0.15553  
            623         0.15575  
            624         0.15597  
            625         0.15620  
            626         0.15643  
            627         0.15666  
            628         0.15690  
            629         0.15715  
            630         0.15740  
            631         0.15765  
            632         0.15791  
            633         0.15818  
            634         0.15845  
            635         0.15872  
            636         0.15900  
            637         0.15928  
            638         0.15957  
            639         0.15986  
            640         0.16016  
            641         0.16046  
            642         0.16077  
            643         0.16109  
            644         0.16141  
            645         0.16173  
            646         0.16206  
            647         0.16239  
            648         0.16273  
            649         0.16308  
            650         0.16343  
            651         0.16378  
            652         0.16414  
            653         0.16451  
            654         0.16488  
            655         0.16526  
            656         0.16565  
            657         0.16603  
            658         0.16643  
            659         0.16683  
            660         0.16724  
            661         0.16765  
            662         0.16807  
            663         0.16849  
            664         0.16892  
            665         0.16936  
            666         0.16980  
            667         0.17025  
            668         0.17070  
            669         0.17116  
            670         0.17163  
            671         0.17210  
            672         0.17258  
            673         0.17307  
            674         0.17356  
            675         0.17406  
            676         0.17457  
            677         0.17508  
            678         0.17560  
            679         0.17612  
            680         0.17666  
            681         0.17720  
            682         0.17774  
            683         0.17830  
            684         0.17886  
            685         0.17943  
            686         0.18000  
            687         0.18058  
            688         0.18117  
            689         0.18177  
            690         0.18238  
            691         0.18299  
            692         0.18361  
            693         0.18424  
            694         0.18487  
            695         0.18552  
            696         0.18617  
            697         0.18683  
            698         0.18750  
            699         0.18817  
            700         0.18885  
            701         0.18955  
            702         0.19025  
            703         0.19096  
            704         0.19168  
            705         0.19240  
            706         0.19314  
            707         0.19388  
            708         0.19463  
            709         0.19540  
            710         0.19617  
            711         0.19695  
            712         0.19774  
            713         0.19854  
            714         0.19935  
            715         0.20017  
            716         0.20100  
            717         0.20183  
            718         0.20268  
            719         0.20354  
            720         0.20441  
            721         0.20529  
            722         0.20618  
            723         0.20707  
            724         0.20798  
            725         0.20891  
            726         0.20984  
            727         0.21078  
            728         0.21173  
            729         0.21270  
            730         0.21367  
            731         0.21466  
            732         0.21566  
            733         0.21667  
            734         0.21769  
            735         0.21873  
            736         0.21977  
            737         0.22083  
            738         0.22190  
            739         0.22299  
            740         0.22408  
            741         0.22519  
            742         0.22632  
            743         0.22745  
            744         0.22860  
            745         0.22976  
            746         0.23094  
            747         0.23213  
            748         0.23333  
            749         0.23455  
            750         0.23578  
            751         0.23702  
            752         0.23828  
            753         0.23956  
            754         0.24085  
            755         0.24215  
            756         0.24347  
            757         0.24481  
            758         0.24616  
            759         0.24753  
            760         0.24891  
            761         0.25031  
            762         0.25172  
            763         0.25316  
            764         0.25461  
            765         0.25607  
            766         0.25756  
            767         0.25906  
            768         0.26058  
            769         0.26211  
            770         0.26367  
            771         0.26524  
            772         0.26683  
            773         0.26844  
            774         0.27007  
            775         0.27172  
            776         0.27339  
            777         0.27508  
            778         0.27679  
            779         0.27851  
            780         0.28026  
            781         0.28203  
            782         0.28382  
            783         0.28564  
            784         0.28747  
            785         0.28933  
            786         0.29120  
            787         0.29310  
            788         0.29503  
            789         0.29697  
            790         0.29894  
            791         0.30094  
            792         0.30296  
            793         0.30500  
            794         0.30707  
            795         0.30916  
            796         0.31127  
            797         0.31342  
            798         0.31558  
            799         0.31778  
            800         0.32000  
            801         0.32225  
            802         0.32453  
            803         0.32683  
            804         0.32917  
            805         0.33153  
            806         0.33392  
            807         0.33634  
            808         0.33878  
            809         0.34126  
            810         0.34378  
            811         0.34632  
            812         0.34889  
            813         0.35149  
            814         0.35413  
            815         0.35680  
            816         0.35951  
            817         0.36224  
            818         0.36501  
            819         0.36782  
            820         0.37066  
            821         0.37354  
            822         0.37645  
            823         0.37940  
            824         0.38239  
            825         0.38541  
            826         0.38848  
            827         0.39158  
            828         0.39472  
            829         0.39791  
            830         0.40113  
            831         0.40439  
            832         0.40770  
            833         0.41105  
            834         0.41444  
            835         0.41787  
            836         0.42135  
            837         0.42488  
            838         0.42845  
            839         0.43206  
            840         0.43573  
            841         0.43944  
            842         0.44319  
            843         0.44700  
            844         0.45086  
            845         0.45477  
            846         0.45873  
            847         0.46275  
            848         0.46681  
            849         0.47093  
            850         0.47510  
            851         0.47933  
            852         0.48362  
            853         0.48796  
            854         0.49236  
            855         0.49682  
            856         0.50134  
            857         0.50592  
            858         0.51056  
            859         0.51527  
            860         0.52003  
            861         0.52487  
            862         0.52977  
            863         0.53473  
            864         0.53976  
            865         0.54486  
            866         0.55003  
            867         0.55527  
            868         0.56059  
            869         0.56597  
            870         0.57143  
            871         0.57697  
            872         0.58258  
            873         0.58827  
            874         0.59404  
            875         0.59989  
            876         0.60582  
            877         0.61184  
            878         0.61794  
            879         0.62412  
            880         0.63039  
            881         0.63675  
            882         0.64320  
            883         0.64975  
            884         0.65638  
            885         0.66311  
            886         0.66993  
            887         0.67685  
            888         0.68387  
            889         0.69099  
            890         0.69822  
            891         0.70555  
            892         0.71298  
            893         0.72052  
            894         0.72817  
            895         0.73593  
            896         0.74381  
            897         0.75180  
            898         0.75990  
            899         0.76813  
            900         0.77647  
            901         0.78494  
            902         0.79353  
            903         0.80225  
            904         0.81111  
            905         0.82009  
            906         0.82920  
            907         0.83845  
            908         0.84784  
            909         0.85737  
            910         0.86704  
            911         0.87686  
            912         0.88420  
            913         0.88405  
            914         0.88465  
            915         0.88549  
            916         0.88612  
            917         0.88640  
            918         0.88687  
            919         0.88759  
            920         0.88868  
            921         0.89027  
            922         0.88983  
            923         0.88939  
            924         0.89177  
            925         0.89134  
            926         0.89090  
            927         0.89420  
            928         0.89378  
            929         0.89336  
            930         0.89293  
            931         0.89760  
            932         0.89719  
            933         0.89679  
            934         0.89638  
            935         0.89597  
            936         0.89556  
            937         0.89515  
            938         0.90206  
            939         0.90168  
            940         0.90129  
            941         0.90090  
            942         0.90051  
            943         0.90013  
            944         0.89973  
            945         0.89934  
            946         0.89895  
            947         0.89856  
            948         0.89816  
            949         0.89777  
            950         0.90835  
            951         0.90799  
            952         0.90763  
            953         0.90728  
            954         0.90692  
            955         0.90656  
            956         0.90620  
            957         0.90584  
            958         0.90548  
            959         0.90511  
            960         0.90475  
            961         0.90438  
            962         0.90402  
            963         0.90365  
            964         0.90328  
            965         0.90292  
            966         0.90255  
            967         0.90218  
            968         0.90180  
            969         0.90143  
            970         0.90106  
            971         0.90068  
            972         0.90031  
            973         0.91817  
            974         0.91786  
            975         0.91756  
            976         0.91725  
            977         0.91693  
            978         0.91662  
            979         0.91631  
            980         0.91600  
            981         0.91568  
            982         0.91537  
            983         0.91505  
            984         0.91474  
            985         0.91442  
            986         0.91410  
            987         0.91378  
            988         0.91346  
            989         0.91314  
            990         0.91282  
            991         0.91250  
            992         0.91218  
            993         0.91185  
            994         0.91153  
            995         0.91120  
            996         0.91088  
            997         0.91055  
            998         0.91022  
            999         0.90990  
           1000         0.90957  
           1001         0.90924  
           1002         0.90891  
           1003         0.90857  
           1004         0.90824  
           1005         0.90791  
           1006         0.90757  
           1007         0.90724  
           1008         0.90690  
           1009         0.90657  
           1010         0.90623  
           1011         0.90589  
           1012         0.90555  
           1013         0.90521  
           1014         0.90487  
           1015         0.90453  
           1016         0.90419  
           1017         0.90384  
           1018         0.90350  
           1019         0.90316  
           1020         0.90281  
           1021         0.90246  
           1022         0.90212  
           1023         0.90177  
           1024         0.90142  
           1025         0.90107  
           1026         0.93648  
           1027         0.93626  
           1028         0.93604  
           1029         0.93582  
           1030         0.93559  
           1031         0.93537  
           1032         0.93514  
           1033         0.93492  
           1034         0.93469  
           1035         0.93447  
           1036         0.93424  
           1037         0.93401  
           1038         0.93379  
           1039         0.93356  
           1040         0.93333  
           1041         0.93310  
           1042         0.93287  
           1043         0.93264  
           1044         0.93241  
           1045         0.93218  
           1046         0.93194  
           1047         0.93171  
           1048         0.93148  
           1049         0.93124  
           1050         0.93101  
           1051         0.93077  
           1052         0.93054  
           1053         0.93030  
           1054         0.93007  
           1055         0.92983  
           1056         0.92959  
           1057         0.92936  
           1058         0.92912  
           1059         0.92888  
           1060         0.92864  
           1061         0.92840  
           1062         0.92816  
           1063         0.92792  
           1064         0.92767  
           1065         0.92743  
           1066         0.92719  
           1067         0.92694  
           1068         0.92670  
           1069         0.92646  
           1070         0.92621  
           1071         0.92596  
           1072         0.92572  
           1073         0.92547  
           1074         0.92522  
           1075         0.92497  
           1076         0.92473  
           1077         0.92448  
           1078         0.92423  
           1079         0.92398  
           1080         0.92373  
           1081         0.92348  
           1082         0.92322  
           1083         0.92297  
           1084         0.92272  
           1085         0.92247  
           1086         0.92221  
           1087         0.92196  
           1088         0.92170  
           1089         0.92145  
           1090         0.92119  
           1091         0.92093  
           1092         0.92067  
           1093         0.92042  
           1094         0.92016  
           1095         0.91990  
           1096         0.91964  
           1097         0.91938  
           1098         0.91912  
           1099         0.91886  
           1100         0.91859  
           1101         0.91833  
           1102         0.91807  
           1103         0.91780  
           1104         0.91754  
           1105         0.91727  
           1106         0.91701  
           1107         0.91674  
           1108         0.91648  
           1109         0.91621  
           1110         0.91594  
           1111         0.91567  
           1112         0.91540  
           1113         0.91513  
           1114         0.91486  
           1115         0.91459  
           1116         0.91432  
           1117         0.91405  
           1118         0.91378  
           1119         0.91351  
           1120         0.91323  
           1121         0.91296  
           1122         0.91268  
           1123         0.91241  
           1124         0.91213  
           1125         0.91186  
           1126         0.91158  
           1127         0.91130  
           1128         0.91102  
           1129         0.91074  
           1130         0.91046  
           1131         0.91018  
           1132         0.90990  
           1133         0.90962  
           1134         0.90934  
           1135         0.90906  
           1136         0.90878  
           1137         0.90849  
           1138         0.90821  
           1139         0.90792  
           1140         0.90764  
           1141         0.90735  
           1142         0.90707  
           1143         0.90678  
           1144         0.90649  
           1145         0.90620  
           1146         0.90592  
           1147         0.90563  
           1148         0.90534  
           1149         0.90505  
           1150         0.90475  
           1151         0.90446  
           1152         0.90417  
           1153         0.90388  
           1154         0.90358  
           1155         0.90329  
           1156         0.90299  
           1157         0.90270  
           1158         0.90240  
           1159         0.90211  
           1160         0.90181  
           1161         0.90151  
           1162         0.90122  
           1163         0.90092  
           1164         0.90062  
           1165         0.90032  
           1166         0.90002  
           1167         0.89972  
           1168         0.89941  
           1169         0.89911  
           1170         0.89881  
           1171         0.89851  
           1172         0.89820  
           1173         0.89790  
           1174         0.89759  
           1175         0.89728  
           1176         0.89698  
           1177         0.89667  
           1178         0.89636  
           1179         0.89605  
           1180         0.89575  
           1181         0.89544  
           1182         0.89513  
           1183         0.89482  
           1184         0.89450  
           1185         0.89419  
           1186         0.89388  
           1187         0.89357  
           1188         0.89325  
           1189         0.89294  
           1190         0.89262  
           1191         0.89231  
           1192         0.89199  
           1193         0.89167  
           1194         0.89136  
           1195         0.89104  
           1196         0.89072  
           1197         0.89040  
           1198         0.89008  
           1199         0.88976  
           1200         0.88944  
           1201         0.88912  
           1202         0.88880  
           1203         0.88847  
           1204         0.88815  
           1205         0.88783  
           1206         0.88750  
           1207         0.88718  
           1208         0.88685  
           1209         0.88652  
           1210         0.88620  
           1211         0.88587  
           1212         0.88554  
           1213         0.88521  
           1214         0.88488  
           1215         0.88455  
           1216         1.00000  
