              0         0.15109  
              1         0.15091  
              2         0.15074  
              3         0.15056  
              4         0.15039  
              5         0.15021  
              6         0.15004  
              7         0.14986  
              8         0.14969  
              9         0.14952  
             10         0.14934  
             11         0.14917  
             12         0.14899  
             13         0.14882  
             14         0.14864  
             15         0.14847  
             16         0.14830  
             17         0.14812  
             18         0.14795  
             19         0.14777  
             20         0.14760  
             21         0.14742  
             22         0.14725  
             23         0.14707  
             24         0.14690  
             25         0.14673  
             26         0.14655  
             27         0.14638  
             28         0.14620  
             29         0.14603  
             30         0.14585  
             31         0.14568  
             32         0.14550  
             33         0.14533  
             34         0.14516  
             35         0.14498  
             36         0.14481  
             37         0.14463  
             38         0.14446  
             39         0.14428  
             40         0.14411  
             41         0.14394  
             42         0.14376  
             43         0.14359  
             44         0.14341  
             45         0.14324  
             46         0.14306  
             47         0.14289  
             48         0.14271  
             49         0.14254  
             50         0.14237  
             51         0.14219  
             52         0.14202  
             53         0.14184  
             54         0.14167  
             55         0.14149  
             56         0.14132  
             57         0.14114  
             58         0.14097  
             59         0.14080  
             60         0.14062  
             61         0.14045  
             62         0.14027  
             63         0.14010  
             64         0.13992  
             65         0.13975  
             66         0.13958  
             67         0.13940  
             68         0.13923  
             69         0.13905  
             70         0.13888  
             71         0.13870  
             72         0.13853  
             73         0.13835  
             74         0.13818  
             75         0.13801  
             76         0.13783  
             77         0.13766  
             78         0.13748  
             79         0.13731  
             80         0.13713  
             81         0.13696  
             82         0.13678  
             83         0.13661  
             84         0.13644  
             85         0.13626  
             86         0.13609  
             87         0.13591  
             88         0.13574  
             89         0.13556  
             90         0.13539  
             91         0.13522  
             92         0.13504  
             93         0.13487  
             94         0.13469  
             95         0.13452  
             96         0.13434  
             97         0.13417  
             98         0.13399  
             99         0.13382  
            100         0.13365  
            101         0.13347  
            102         0.13330  
            103         0.13312  
            104         0.13295  
            105         0.13277  
            106         0.13260  
            107         0.13242  
            108         0.13225  
            109         0.13208  
            110         0.13190  
            111         0.13173  
            112         0.13155  
            113         0.13138  
            114         0.13120  
            115         0.13103  
            116         0.13086  
            117         0.13068  
            118         0.13051  
            119         0.13033  
            120         0.13016  
            121         0.12998  
            122         0.12981  
            123         0.12963  
            124         0.12946  
            125         0.12929  
            126         0.12911  
            127         0.12894  
            128         0.12876  
            129         0.12859  
            130         0.12841  
            131         0.12824  
            132         0.12806  
            133         0.12789  
            134         0.12772  
            135         0.12754  
            136         0.12737  
            137         0.12719  
            138         0.12702  
            139         0.12684  
            140         0.12667  
            141         0.12650  
            142         0.12632  
            143         0.12615  
            144         0.12597  
            145         0.12580  
            146         0.12562  
            147         0.12545  
            148         0.12527  
            149         0.12510  
            150         0.12493  
            151         0.12475  
            152         0.12458  
            153         0.12440  
            154         0.12423  
            155         0.12405  
            156         0.12388  
            157         0.12370  
            158         0.12353  
            159         0.12336  
            160         0.12318  
            161         0.12301  
            162         0.12283  
            163         0.12266  
            164         0.12248  
            165         0.12231  
            166         0.12213  
            167         0.12196  
            168         0.12179  
            169         0.12161  
            170         0.12144  
            171         0.12126  
            172         0.12109  
            173         0.12091  
            174         0.12074  
            175         0.12057  
            176         0.12039  
            177         0.12022  
            178         0.12004  
            179         0.11987  
            180         0.11969  
            181         0.11952  
            182         0.11934  
            183         0.11917  
            184         0.11900  
            185         0.11882  
            186         0.11865  
            187         0.11847  
            188         0.11830  
            189         0.11812  
            190         0.11795  
            191         0.11777  
            192         0.11760  
            193         0.11743  
            194         0.11725  
            195         0.11708  
            196         0.11690  
            197         0.11673  
            198         0.11655  
            199         0.11638  
            200         0.11621  
            201         0.11603  
            202         0.11586  
            203         0.11568  
            204         0.11551  
            205         0.11533  
            206         0.11516  
            207         0.11498  
            208         0.11481  
            209         0.11464  
            210         0.11446  
            211         0.11429  
            212         0.11411  
            213         0.11394  
            214         0.11376  
            215         0.11359  
            216         0.11341  
            217         0.11324  
            218         0.11307  
            219         0.11289  
            220         0.11272  
            221         0.11254  
            222         0.11237  
            223         0.11219  
            224         0.11202  
            225         0.11185  
            226         0.11167  
            227         0.11150  
            228         0.11132  
            229         0.11115  
            230         0.11097  
            231         0.11080  
            232         0.11062  
            233         0.11045  
            234         0.11028  
            235         0.11010  
            236         0.10993  
            237         0.10975  
            238         0.10958  
            239         0.10940  
            240         0.10923  
            241         0.10905  
            242         0.10888  
            243         0.10871  
            244         0.10853  
            245         0.10836  
            246         0.10818  
            247         0.10801  
            248         0.10783  
            249         0.10766  
            250         0.10749  
            251         0.10731  
            252         0.10714  
            253         0.10696  
            254         0.10679  
            255         0.10661  
            256         0.10644  
            257         0.10626  
            258         0.10609  
            259         0.10592  
            260         0.10574  
            261         0.10557  
            262         0.10539  
            263         0.10522  
            264         0.10504  
            265         0.10487  
            266         0.10469  
            267         0.10452  
            268         0.10435  
            269         0.10417  
            270         0.10400  
            271         0.10382  
            272         0.10365  
            273         0.10347  
            274         0.10330  
            275         0.10313  
            276         0.10295  
            277         0.10278  
            278         0.10260  
            279         0.10243  
            280         0.10225  
            281         0.10208  
            282         0.10190  
            283         0.10173  
            284         0.10156  
            285         0.10138  
            286         0.10121  
            287         0.10103  
            288         0.10086  
            289         0.10068  
            290         0.10051  
            291         0.10033  
            292         0.10016  
            293         0.09999  
            294         0.09981  
            295         0.09964  
            296         0.09946  
            297         0.09929  
            298         0.09911  
            299         0.09894  
            300         0.09877  
            301         0.09859  
            302         0.09842  
            303         0.09824  
            304         0.09807  
            305         0.09789  
            306         0.09772  
            307         0.09754  
            308         0.09737  
            309         0.09720  
            310         0.09702  
            311         0.09685  
            312         0.09667  
            313         0.09650  
            314         0.09632  
            315         0.09615  
            316         0.09597  
            317         0.09580  
            318         0.09563  
            319         0.09545  
            320         0.09528  
            321         0.09510  
            322         0.09493  
            323         0.09475  
            324         0.09458  
            325         0.09441  
            326         0.09423  
            327         0.09406  
            328         0.09388  
            329         0.09371  
            330         0.09353  
            331         0.09336  
            332         0.09318  
            333         0.09301  
            334         0.09284  
            335         0.09266  
            336         0.09249  
            337         0.09231  
            338         0.09214  
            339         0.09196  
            340         0.09179  
            341         0.09161  
            342         0.09144  
            343         0.09127  
            344         0.09109  
            345         0.09092  
            346         0.09074  
            347         0.09057  
            348         0.09039  
            349         0.09022  
            350         0.09005  
            351         0.08987  
            352         0.08970  
            353         0.08952  
            354         0.08935  
            355         0.08917  
            356         0.08900  
            357         0.08882  
            358         0.08865  
            359         0.08848  
            360         0.08830  
            361         0.08813  
            362         0.08795  
            363         0.08778  
            364         0.08760  
            365         0.08743  
            366         0.08725  
            367         0.08708  
            368         0.08691  
            369         0.08673  
            370         0.08656  
            371         0.08638  
            372         0.08621  
            373         0.08603  
            374         0.08586  
            375         0.08568  
            376         0.08551  
            377         0.08534  
            378         0.08516  
            379         0.08499  
            380         0.08481  
            381         0.08464  
            382         0.08446  
            383         0.08429  
            384         0.08412  
            385         0.08394  
            386         0.08377  
            387         0.08359  
            388         0.08342  
            389         0.08324  
            390         0.08307  
            391         0.08289  
            392         0.08272  
            393         0.08255  
            394         0.08237  
            395         0.08220  
            396         0.08202  
            397         0.08185  
            398         0.08167  
            399         0.08150  
            400         0.08132  
            401         0.08115  
            402         0.08098  
            403         0.08080  
            404         0.08063  
            405         0.08045  
            406         0.08028  
            407         0.08010  
            408         0.07993  
            409         0.07976  
            410         0.07958  
            411         0.07941  
            412         0.07923  
            413         0.07906  
            414         0.07888  
            415         0.07871  
            416         0.07853  
            417         0.07836  
            418         0.07819  
            419         0.07801  
            420         0.07784  
            421         0.07766  
            422         0.07749  
            423         0.07731  
            424         0.07714  
            425         0.07696  
            426         0.07679  
            427         0.07662  
            428         0.07644  
            429         0.07627  
            430         0.07609  
            431         0.07592  
            432         0.07574  
            433         0.07557  
            434         0.07540  
            435         0.07522  
            436         0.07505  
            437         0.07488  
            438         0.07471  
            439         0.07453  
            440         0.07436  
            441         0.07419  
            442         0.07402  
            443         0.07385  
            444         0.07368  
            445         0.07351  
            446         0.07334  
            447         0.07318  
            448         0.07301  
            449         0.07284  
            450         0.07267  
            451         0.07251  
            452         0.07234  
            453         0.07217  
            454         0.07201  
            455         0.07184  
            456         0.07168  
            457         0.07151  
            458         0.07135  
            459         0.07119  
            460         0.07102  
            461         0.07086  
            462         0.07070  
            463         0.07053  
            464         0.07037  
            465         0.07021  
            466         0.07005  
            467         0.06989  
            468         0.06973  
            469         0.06957  
            470         0.06941  
            471         0.06925  
            472         0.06909  
            473         0.06893  
            474         0.06877  
            475         0.06861  
            476         0.06845  
            477         0.06830  
            478         0.06814  
            479         0.06798  
            480         0.06782  
            481         0.06767  
            482         0.06751  
            483         0.06736  
            484         0.06720  
            485         0.06705  
            486         0.06689  
            487         0.06674  
            488         0.06658  
            489         0.06643  
            490         0.06627  
            491         0.06612  
            492         0.06597  
            493         0.06581  
            494         0.06566  
            495         0.06551  
            496         0.06536  
            497         0.06521  
            498         0.06507  
            499         0.06492  
            500         0.06478  
            501         0.06464  
            502         0.06450  
            503         0.06437  
            504         0.06424  
            505         0.06411  
            506         0.06398  
            507         0.06385  
            508         0.06373  
            509         0.06361  
            510         0.06349  
            511         0.06337  
            512         0.06325  
            513         0.06314  
            514         0.06303  
            515         0.06292  
            516         0.06282  
            517         0.06271  
            518         0.06261  
            519         0.06251  
            520         0.06241  
            521         0.06231  
            522         0.06222  
            523         0.06213  
            524         0.06204  
            525         0.06195  
            526         0.06187  
            527         0.06178  
            528         0.06170  
            529         0.06162  
            530         0.06154  
            531         0.06147  
            532         0.06140  
            533         0.06132  
            534         0.06126  
            535         0.06119  
            536         0.06112  
            537         0.06106  
            538         0.06100  
            539         0.06094  
            540         0.06088  
            541         0.06083  
            542         0.06078  
            543         0.06072  
            544         0.06068  
            545         0.06063  
            546         0.06058  
            547         0.06054  
            548         0.06050  
            549         0.06046  
            550         0.06043  
            551         0.06039  
            552         0.06036  
            553         0.06033  
            554         0.06030  
            555         0.06028  
            556         0.06025  
            557         0.06023  
            558         0.06021  
            559         0.06019  
            560         0.06018  
            561         0.06016  
            562         0.06015  
            563         0.06014  
            564         0.06013  
            565         0.06013  
            566         0.06012  
            567         0.06012  
            568         0.06012  
            569         0.06012  
            570         0.06013  
            571         0.06014  
            572         0.06015  
            573         0.06016  
            574         0.06017  
            575         0.06018  
            576         0.06020  
            577         0.06022  
            578         0.06024  
            579         0.06027  
            580         0.06029  
            581         0.06032  
            582         0.06035  
            583         0.06038  
            584         0.06042  
            585         0.06046  
            586         0.06050  
            587         0.06054  
            588         0.06058  
            589         0.06062  
            590         0.06067  
            591         0.06072  
            592         0.06078  
            593         0.06083  
            594         0.06089  
            595         0.06095  
            596         0.06101  
            597         0.06107  
            598         0.06114  
            599         0.06121  
            600         0.06128  
            601         0.06135  
            602         0.06143  
            603         0.06150  
            604         0.06158  
            605         0.06167  
            606         0.06175  
            607         0.06184  
            608         0.06193  
            609         0.06202  
            610         0.06212  
            611         0.06221  
            612         0.06231  
            613         0.06242  
            614         0.06252  
            615         0.06263  
            616         0.06274  
            617         0.06285  
            618         0.06297  
            619         0.06308  
            620         0.06320  
            621         0.06333  
            622         0.06345  
            623         0.06358  
            624         0.06371  
            625         0.06385  
            626         0.06398  
            627         0.06412  
            628         0.06427  
            629         0.06441  
            630         0.06456  
            631         0.06471  
            632         0.06486  
            633         0.06502  
            634         0.06518  
            635         0.06534  
            636         0.06551  
            637         0.06568  
            638         0.06585  
            639         0.06602  
            640         0.06620  
            641         0.06638  
            642         0.06657  
            643         0.06675  
            644         0.06694  
            645         0.06714  
            646         0.06733  
            647         0.06753  
            648         0.06774  
            649         0.06795  
            650         0.06816  
            651         0.06837  
            652         0.06859  
            653         0.06881  
            654         0.06903  
            655         0.06926  
            656         0.06949  
            657         0.06973  
            658         0.06997  
            659         0.07021  
            660         0.07045  
            661         0.07070  
            662         0.07096  
            663         0.07121  
            664         0.07148  
            665         0.07174  
            666         0.07201  
            667         0.07229  
            668         0.07256  
            669         0.07284  
            670         0.07313  
            671         0.07342  
            672         0.07371  
            673         0.07401  
            674         0.07432  
            675         0.07462  
            676         0.07493  
            677         0.07525  
            678         0.07557  
            679         0.07590  
            680         0.07623  
            681         0.07656  
            682         0.07690  
            683         0.07725  
            684         0.07760  
            685         0.07795  
            686         0.07831  
            687         0.07867  
            688         0.07904  
            689         0.07942  
            690         0.07980  
            691         0.08018  
            692         0.08057  
            693         0.08097  
            694         0.08137  
            695         0.08178  
            696         0.08219  
            697         0.08261  
            698         0.08303  
            699         0.08346  
            700         0.08390  
            701         0.08434  
            702         0.08479  
            703         0.08524  
            704         0.08570  
            705         0.08617  
            706         0.08664  
            707         0.08712  
            708         0.08760  
            709         0.08810  
            710         0.08860  
            711         0.08910  
            712         0.08962  
            713         0.09014  
            714         0.09066  
            715         0.09120  
            716         0.09174  
            717         0.09229  
            718         0.09285  
            719         0.09341  
            720         0.09398  
            721         0.09456  
            722         0.09515  
            723         0.09575  
            724         0.09635  
            725         0.09696  
            726         0.09758  
            727         0.09821  
            728         0.09885  
            729         0.09950  
            730         0.10015  
            731         0.10081  
            732         0.10149  
            733         0.10217  
            734         0.10286  
            735         0.10357  
            736         0.10428  
            737         0.10500  
            738         0.10573  
            739         0.10647  
            740         0.10722  
            741         0.10798  
            742         0.10876  
            743         0.10954  
            744         0.11033  
            745         0.11114  
            746         0.11195  
            747         0.11278  
            748         0.11362  
            749         0.11447  
            750         0.11533  
            751         0.11621  
            752         0.11710  
            753         0.11800  
            754         0.11891  
            755         0.11983  
            756         0.12077  
            757         0.12172  
            758         0.12269  
            759         0.12367  
            760         0.12466  
            761         0.12566  
            762         0.12669  
            763         0.12772  
            764         0.12877  
            765         0.12983  
            766         0.13091  
            767         0.13201  
            768         0.13312  
            769         0.13425  
            770         0.13539  
            771         0.13655  
            772         0.13773  
            773         0.13893  
            774         0.14014  
            775         0.14137  
            776         0.14261  
            777         0.14388  
            778         0.14516  
            779         0.14646  
            780         0.14778  
            781         0.14913  
            782         0.15049  
            783         0.15187  
            784         0.15327  
            785         0.15469  
            786         0.15613  
            787         0.15760  
            788         0.15908  
            789         0.16059  
            790         0.16212  
            791         0.16368  
            792         0.16526  
            793         0.16686  
            794         0.16848  
            795         0.17013  
            796         0.17181  
            797         0.17351  
            798         0.17524  
            799         0.17699  
            800         0.17877  
            801         0.18058  
            802         0.18241  
            803         0.18427  
            804         0.18617  
            805         0.18809  
            806         0.19004  
            807         0.19202  
            808         0.19403  
            809         0.19608  
            810         0.19815  
            811         0.20026  
            812         0.20240  
            813         0.20458  
            814         0.20679  
            815         0.20903  
            816         0.21131  
            817         0.21363  
            818         0.21598  
            819         0.21837  
            820         0.22080  
            821         0.22327  
            822         0.22578  
            823         0.22833  
            824         0.23092  
            825         0.23355  
            826         0.23622  
            827         0.23894  
            828         0.24171  
            829         0.24451  
            830         0.24737  
            831         0.25027  
            832         0.25322  
            833         0.25622  
            834         0.25926  
            835         0.26236  
            836         0.26551  
            837         0.26872  
            838         0.27197  
            839         0.27528  
            840         0.27865  
            841         0.28207  
            842         0.28556  
            843         0.28910  
            844         0.29270  
            845         0.29636  
            846         0.30009  
            847         0.30388  
            848         0.30773  
            849         0.31165  
            850         0.31564  
            851         0.31970  
            852         0.32383  
            853         0.32803  
            854         0.33230  
            855         0.33665  
            856         0.34107  
            857         0.34558  
            858         0.35016  
            859         0.35482  
            860         0.35957  
            861         0.36440  
            862         0.36932  
            863         0.37432  
            864         0.37942  
            865         0.38460  
            866         0.38988  
            867         0.39526  
            868         0.40073  
            869         0.40630  
            870         0.41198  
            871         0.41776  
            872         0.42364  
            873         0.42963  
            874         0.43573  
            875         0.44195  
            876         0.44828  
            877         0.45473  
            878         0.46129  
            879         0.46798  
            880         0.47480  
            881         0.48174  
            882         0.48882  
            883         0.49603  
            884         0.50337  
            885         0.51085  
            886         0.51848  
            887         0.52625  
            888         0.53417  
            889         0.54224  
            890         0.55047  
            891         0.55886  
            892         0.56741  
            893         0.57612  
            894         0.58500  
            895         0.59406  
            896         0.60330  
            897         0.61271  
            898         0.62231  
            899         0.63210  
            900         0.64209  
            901         0.65227  
            902         0.66265  
            903         0.67325  
            904         0.68405  
            905         0.69507  
            906         0.70631  
            907         0.71778  
            908         0.72948  
            909         0.74142  
            910         0.75360  
            911         0.76603  
            912         0.77530  
            913         0.77512  
            914         0.77615  
            915         0.77744  
            916         0.77890  
            917         0.77943  
            918         0.78032  
            919         0.78167  
            920         0.78369  
            921         0.78528  
            922         0.78586  
            923         0.78506  
            924         0.78949  
            925         0.78870  
            926         0.78792  
            927         0.79407  
            928         0.79330  
            929         0.79253  
            930         0.79176  
            931         0.80049  
            932         0.79975  
            933         0.79900  
            934         0.79825  
            935         0.79751  
            936         0.79676  
            937         0.79601  
            938         0.80913  
            939         0.80842  
            940         0.80771  
            941         0.80700  
            942         0.80629  
            943         0.80558  
            944         0.80486  
            945         0.80415  
            946         0.80343  
            947         0.80271  
            948         0.80199  
            949         0.80127  
            950         0.82127  
            951         0.82061  
            952         0.81995  
            953         0.81930  
            954         0.81864  
            955         0.81797  
            956         0.81731  
            957         0.81665  
            958         0.81598  
            959         0.81532  
            960         0.81465  
            961         0.81398  
            962         0.81331  
            963         0.81263  
            964         0.81196  
            965         0.81128  
            966         0.81061  
            967         0.80993  
            968         0.80925  
            969         0.80857  
            970         0.80789  
            971         0.80720  
            972         0.80652  
            973         0.84058  
            974         0.84001  
            975         0.83944  
            976         0.83886  
            977         0.83828  
            978         0.83771  
            979         0.83713  
            980         0.83655  
            981         0.83597  
            982         0.83539  
            983         0.83480  
            984         0.83422  
            985         0.83363  
            986         0.83304  
            987         0.83246  
            988         0.83187  
            989         0.83127  
            990         0.83068  
            991         0.83009  
            992         0.82949  
            993         0.82890  
            994         0.82830  
            995         0.82770  
            996         0.82710  
            997         0.82650  
            998         0.82590  
            999         0.82530  
           1000         0.82469  
           1001         0.82408  
           1002         0.82348  
           1003         0.82287  
           1004         0.82226  
           1005         0.82165  
           1006         0.82104  
           1007         0.82042  
           1008         0.81981  
           1009         0.81919  
           1010         0.81857  
           1011         0.81796  
           1012         0.81734  
           1013         0.81671  
           1014         0.81609  
           1015         0.81547  
           1016         0.81484  
           1017         0.81422  
           1018         0.81359  
           1019         0.81296  
           1020         0.81233  
           1021         0.81170  
           1022         0.81107  
           1023         0.81044  
           1024         0.80980  
           1025         0.80917  
           1026         0.87767  
           1027         0.87726  
           1028         0.87685  
           1029         0.87643  
           1030         0.87602  
           1031         0.87560  
           1032         0.87519  
           1033         0.87477  
           1034         0.87435  
           1035         0.87393  
           1036         0.87351  
           1037         0.87309  
           1038         0.87267  
           1039         0.87225  
           1040         0.87182  
           1041         0.87140  
           1042         0.87097  
           1043         0.87055  
           1044         0.87012  
           1045         0.86969  
           1046         0.86926  
           1047         0.86883  
           1048         0.86840  
           1049         0.86797  
           1050         0.86754  
           1051         0.86710  
           1052         0.86667  
           1053         0.86623  
           1054         0.86580  
           1055         0.86536  
           1056         0.86492  
           1057         0.86449  
           1058         0.86405  
           1059         0.86361  
           1060         0.86316  
           1061         0.86272  
           1062         0.86228  
           1063         0.86184  
           1064         0.86139  
           1065         0.86095  
           1066         0.86050  
           1067         0.86005  
           1068         0.85960  
           1069         0.85915  
           1070         0.85870  
           1071         0.85825  
           1072         0.85780  
           1073         0.85735  
           1074         0.85689  
           1075         0.85644  
           1076         0.85598  
           1077         0.85553  
           1078         0.85507  
           1079         0.85461  
           1080         0.85415  
           1081         0.85369  
           1082         0.85323  
           1083         0.85277  
           1084         0.85231  
           1085         0.85184  
           1086         0.85138  
           1087         0.85091  
           1088         0.85045  
           1089         0.84998  
           1090         0.84951  
           1091         0.84904  
           1092         0.84857  
           1093         0.84810  
           1094         0.84763  
           1095         0.84716  
           1096         0.84669  
           1097         0.84621  
           1098         0.84574  
           1099         0.84526  
           1100         0.84479  
           1101         0.84431  
           1102         0.84383  
           1103         0.84335  
           1104         0.84287  
           1105         0.84239  
           1106         0.84191  
           1107         0.84142  
           1108         0.84094  
           1109         0.84045  
           1110         0.83997  
           1111         0.83948  
           1112         0.83899  
           1113         0.83851  
           1114         0.83802  
           1115         0.83753  
           1116         0.83703  
           1117         0.83654  
           1118         0.83605  
           1119         0.83556  
           1120         0.83506  
           1121         0.83457  
           1122         0.83407  
           1123         0.83357  
           1124         0.83307  
           1125         0.83258  
           1126         0.83208  
           1127         0.83158  
           1128         0.83107  
           1129         0.83057  
           1130         0.83007  
           1131         0.82956  
           1132         0.82906  
           1133         0.82855  
           1134         0.82804  
           1135         0.82754  
           1136         0.82703  
           1137         0.82652  
           1138         0.82601  
           1139         0.82550  
           1140         0.82498  
           1141         0.82447  
           1142         0.82396  
           1143         0.82344  
           1144         0.82293  
           1145         0.82241  
           1146         0.82189  
           1147         0.82137  
           1148         0.82085  
           1149         0.82033  
           1150         0.81981  
           1151         0.81929  
           1152         0.81877  
           1153         0.81825  
           1154         0.81772  
           1155         0.81720  
           1156         0.81667  
           1157         0.81614  
           1158         0.81561  
           1159         0.81509  
           1160         0.81456  
           1161         0.81402  
           1162         0.81349  
           1163         0.81296  
           1164         0.81243  
           1165         0.81189  
           1166         0.81136  
           1167         0.81082  
           1168         0.81029  
           1169         0.80975  
           1170         0.80921  
           1171         0.80867  
           1172         0.80813  
           1173         0.80759  
           1174         0.80705  
           1175         0.80650  
           1176         0.80596  
           1177         0.80542  
           1178         0.80487  
           1179         0.80432  
           1180         0.80378  
           1181         0.80323  
           1182         0.80268  
           1183         0.80213  
           1184         0.80158  
           1185         0.80103  
           1186         0.80048  
           1187         0.79992  
           1188         0.79937  
           1189         0.79881  
           1190         0.79826  
           1191         0.79770  
           1192         0.79714  
           1193         0.79659  
           1194         0.79603  
           1195         0.79547  
           1196         0.79491  
           1197         0.79434  
           1198         0.79378  
           1199         0.79322  
           1200         0.79265  
           1201         0.79209  
           1202         0.79152  
           1203         0.79096  
           1204         0.79039  
           1205         0.78982  
           1206         0.78925  
           1207         0.78868  
           1208         0.78811  
           1209         0.78754  
           1210         0.78697  
           1211         0.78639  
           1212         0.78582  
           1213         0.78524  
           1214         0.78467  
           1215         0.78409  
           1216         1.00000  
