              0         0.00000  
              1         0.00000  
              2         0.00000  
              3         0.00000  
              4         0.00000  
              5         0.00000  
              6         0.00000  
              7         0.00000  
              8         0.00000  
              9         0.00000  
             10         0.00000  
             11         0.00000  
             12         0.00000  
             13         0.00000  
             14         0.00000  
             15         0.00000  
             16         0.00000  
             17         0.00000  
             18         0.00000  
             19         0.00000  
             20         0.00000  
             21         0.00000  
             22         0.00000  
             23         0.00000  
             24         0.00000  
             25         0.00000  
             26         0.00000  
             27         0.00000  
             28         0.00000  
             29         0.00000  
             30         0.00000  
             31         0.00000  
             32         0.00000  
             33         0.00000  
             34         0.00000  
             35         0.00000  
             36         0.00000  
             37         0.00000  
             38         0.00000  
             39         0.00000  
             40         0.00000  
             41         0.00000  
             42         0.00000  
             43         0.00000  
             44         0.00000  
             45         0.00000  
             46         0.00000  
             47         0.00000  
             48         0.00000  
             49         0.00000  
             50         0.00000  
             51         0.00000  
             52         0.00000  
             53         0.00000  
             54         0.00000  
             55         0.00000  
             56         0.00000  
             57         0.00000  
             58         0.00000  
             59         0.00000  
             60         0.00000  
             61         0.00000  
             62         0.00000  
             63         0.00000  
             64         0.00000  
             65         0.00000  
             66         0.00000  
             67         0.00000  
             68         0.00000  
             69         0.00000  
             70         0.00000  
             71         0.00000  
             72         0.00000  
             73         0.00000  
             74         0.00000  
             75         0.00000  
             76         0.00000  
             77         0.00000  
             78         0.00000  
             79         0.00000  
             80         0.00000  
             81         0.00000  
             82         0.00000  
             83         0.00000  
             84         0.00000  
             85         0.00000  
             86         0.00000  
             87         0.00000  
             88         0.00000  
             89         0.00000  
             90         0.00000  
             91         0.00000  
             92         0.00000  
             93         0.00000  
             94         0.00000  
             95         0.00000  
             96         0.00000  
             97         0.00000  
             98         0.00000  
             99         0.00000  
            100         0.00000  
            101         0.00000  
            102         0.00000  
            103         0.00000  
            104         0.00000  
            105         0.00000  
            106         0.00000  
            107         0.00000  
            108         0.00000  
            109         0.00000  
            110         0.00000  
            111         0.00000  
            112         0.00000  
            113         0.00000  
            114         0.00000  
            115         0.00000  
            116         0.00000  
            117         0.00000  
            118         0.00000  
            119         0.00000  
            120         0.00000  
            121         0.00000  
            122         0.00000  
            123         0.00000  
            124         0.00000  
            125         0.00000  
            126         0.00000  
            127         0.00000  
            128         0.00000  
            129         0.00000  
            130         0.00000  
            131         0.00000  
            132         0.00000  
            133         0.00000  
            134         0.00000  
            135         0.00000  
            136         0.00000  
            137         0.00000  
            138         0.00000  
            139         0.00000  
            140         0.00000  
            141         0.00000  
            142         0.00000  
            143         0.00000  
            144         0.00000  
            145         0.00000  
            146         0.00000  
            147         0.00000  
            148         0.00000  
            149         0.00000  
            150         0.00000  
            151         0.00000  
            152         0.00000  
            153         0.00000  
            154         0.00000  
            155         0.00000  
            156         0.00000  
            157         0.00000  
            158         0.00000  
            159         0.00000  
            160         0.00000  
            161         0.00042  
            162         0.00112  
            163         0.00181  
            164         0.00250  
            165         0.00319  
            166         0.00389  
            167         0.00458  
            168         0.00527  
            169         0.00597  
            170         0.00666  
            171         0.00735  
            172         0.00804  
            173         0.00874  
            174         0.00943  
            175         0.01012  
            176         0.01082  
            177         0.01151  
            178         0.01220  
            179         0.01289  
            180         0.01359  
            181         0.01428  
            182         0.01497  
            183         0.01567  
            184         0.01636  
            185         0.01705  
            186         0.01775  
            187         0.01844  
            188         0.01913  
            189         0.01982  
            190         0.02052  
            191         0.02121  
            192         0.02190  
            193         0.02260  
            194         0.02329  
            195         0.02398  
            196         0.02467  
            197         0.02537  
            198         0.02606  
            199         0.02675  
            200         0.02745  
            201         0.02814  
            202         0.02883  
            203         0.02952  
            204         0.03022  
            205         0.03091  
            206         0.03160  
            207         0.03230  
            208         0.03299  
            209         0.03368  
            210         0.03438  
            211         0.03507  
            212         0.03576  
            213         0.03645  
            214         0.03715  
            215         0.03784  
            216         0.03853  
            217         0.03923  
            218         0.03992  
            219         0.04061  
            220         0.04130  
            221         0.04200  
            222         0.04269  
            223         0.04338  
            224         0.04408  
            225         0.04477  
            226         0.04546  
            227         0.04615  
            228         0.04685  
            229         0.04754  
            230         0.04823  
            231         0.04893  
            232         0.04962  
            233         0.05031  
            234         0.05100  
            235         0.05170  
            236         0.05239  
            237         0.05308  
            238         0.05378  
            239         0.05447  
            240         0.05516  
            241         0.05586  
            242         0.05655  
            243         0.05724  
            244         0.05793  
            245         0.05863  
            246         0.05932  
            247         0.06001  
            248         0.06071  
            249         0.06140  
            250         0.06209  
            251         0.06278  
            252         0.06348  
            253         0.06417  
            254         0.06486  
            255         0.06556  
            256         0.06625  
            257         0.06694  
            258         0.06763  
            259         0.06833  
            260         0.06902  
            261         0.06971  
            262         0.07041  
            263         0.07110  
            264         0.07179  
            265         0.07249  
            266         0.07318  
            267         0.07387  
            268         0.07456  
            269         0.07526  
            270         0.07595  
            271         0.07664  
            272         0.07734  
            273         0.07803  
            274         0.07872  
            275         0.07941  
            276         0.08011  
            277         0.08080  
            278         0.08149  
            279         0.08219  
            280         0.08288  
            281         0.08357  
            282         0.08426  
            283         0.08496  
            284         0.08565  
            285         0.08634  
            286         0.08704  
            287         0.08773  
            288         0.08842  
            289         0.08912  
            290         0.08981  
            291         0.09050  
            292         0.09119  
            293         0.09189  
            294         0.09258  
            295         0.09327  
            296         0.09397  
            297         0.09466  
            298         0.09535  
            299         0.09604  
            300         0.09674  
            301         0.09743  
            302         0.09812  
            303         0.09882  
            304         0.09951  
            305         0.10020  
            306         0.10089  
            307         0.10159  
            308         0.10228  
            309         0.10297  
            310         0.10367  
            311         0.10436  
            312         0.10505  
            313         0.10574  
            314         0.10644  
            315         0.10713  
            316         0.10782  
            317         0.10852  
            318         0.10921  
            319         0.10990  
            320         0.11060  
            321         0.11129  
            322         0.11198  
            323         0.11267  
            324         0.11337  
            325         0.11406  
            326         0.11475  
            327         0.11545  
            328         0.11614  
            329         0.11683  
            330         0.11752  
            331         0.11822  
            332         0.11891  
            333         0.11960  
            334         0.12030  
            335         0.12099  
            336         0.12168  
            337         0.12237  
            338         0.12307  
            339         0.12376  
            340         0.12445  
            341         0.12515  
            342         0.12584  
            343         0.12653  
            344         0.12723  
            345         0.12792  
            346         0.12861  
            347         0.12930  
            348         0.13000  
            349         0.13069  
            350         0.13138  
            351         0.13208  
            352         0.13277  
            353         0.13346  
            354         0.13415  
            355         0.13485  
            356         0.13554  
            357         0.13623  
            358         0.13693  
            359         0.13762  
            360         0.13831  
            361         0.13900  
            362         0.13970  
            363         0.14039  
            364         0.14108  
            365         0.14178  
            366         0.14247  
            367         0.14316  
            368         0.14386  
            369         0.14455  
            370         0.14524  
            371         0.14593  
            372         0.14663  
            373         0.14732  
            374         0.14801  
            375         0.14871  
            376         0.14940  
            377         0.15009  
            378         0.15078  
            379         0.15148  
            380         0.15217  
            381         0.15286  
            382         0.15356  
            383         0.15425  
            384         0.15494  
            385         0.15563  
            386         0.15633  
            387         0.15702  
            388         0.15771  
            389         0.15841  
            390         0.15910  
            391         0.15979  
            392         0.16048  
            393         0.16118  
            394         0.16187  
            395         0.16256  
            396         0.16326  
            397         0.16395  
            398         0.16464  
            399         0.16534  
            400         0.16603  
            401         0.16672  
            402         0.16741  
            403         0.16811  
            404         0.16880  
            405         0.16949  
            406         0.17019  
            407         0.17088  
            408         0.17157  
            409         0.17226  
            410         0.17296  
            411         0.17365  
            412         0.17434  
            413         0.17504  
            414         0.17573  
            415         0.17642  
            416         0.17711  
            417         0.17781  
            418         0.17850  
            419         0.17919  
            420         0.17989  
            421         0.18058  
            422         0.18127  
            423         0.18197  
            424         0.18266  
            425         0.18335  
            426         0.18404  
            427         0.18474  
            428         0.18543  
            429         0.18612  
            430         0.18682  
            431         0.18751  
            432         0.18820  
            433         0.18889  
            434         0.18959  
            435         0.19028  
            436         0.19097  
            437         0.19167  
            438         0.19236  
            439         0.19305  
            440         0.19374  
            441         0.19444  
            442         0.19513  
            443         0.19582  
            444         0.19652  
            445         0.19721  
            446         0.19790  
            447         0.19860  
            448         0.19929  
            449         0.19998  
            450         0.20067  
            451         0.20137  
            452         0.20206  
            453         0.20275  
            454         0.20345  
            455         0.20414  
            456         0.20483  
            457         0.20552  
            458         0.20622  
            459         0.20691  
            460         0.20760  
            461         0.20830  
            462         0.20899  
            463         0.20968  
            464         0.21037  
            465         0.21107  
            466         0.21176  
            467         0.21245  
            468         0.21315  
            469         0.21384  
            470         0.21453  
            471         0.21522  
            472         0.21592  
            473         0.21661  
            474         0.21730  
            475         0.21800  
            476         0.21869  
            477         0.21938  
            478         0.22008  
            479         0.22077  
            480         0.22146  
            481         0.22215  
            482         0.22285  
            483         0.22354  
            484         0.22423  
            485         0.22493  
            486         0.22562  
            487         0.22631  
            488         0.22700  
            489         0.22770  
            490         0.22839  
            491         0.22908  
            492         0.22978  
            493         0.23047  
            494         0.23116  
            495         0.23185  
            496         0.23255  
            497         0.23324  
            498         0.23393  
            499         0.23463  
            500         0.23532  
            501         0.23601  
            502         0.23671  
            503         0.23740  
            504         0.23809  
            505         0.23878  
            506         0.23948  
            507         0.24017  
            508         0.24086  
            509         0.24156  
            510         0.24225  
            511         0.24294  
            512         0.24363  
            513         0.24433  
            514         0.24502  
            515         0.24571  
            516         0.24641  
            517         0.24710  
            518         0.24779  
            519         0.24848  
            520         0.24918  
            521         0.24987  
            522         0.25056  
            523         0.25126  
            524         0.25195  
            525         0.25264  
            526         0.25333  
            527         0.25403  
            528         0.25472  
            529         0.25541  
            530         0.25611  
            531         0.25680  
            532         0.25749  
            533         0.25819  
            534         0.25888  
            535         0.25957  
            536         0.26026  
            537         0.26096  
            538         0.26165  
            539         0.26234  
            540         0.26304  
            541         0.26373  
            542         0.26442  
            543         0.26511  
            544         0.26581  
            545         0.26650  
            546         0.26719  
            547         0.26789  
            548         0.26858  
            549         0.26927  
            550         0.26996  
            551         0.27066  
            552         0.27135  
            553         0.27204  
            554         0.27274  
            555         0.27343  
            556         0.27412  
            557         0.27482  
            558         0.27551  
            559         0.27620  
            560         0.27689  
            561         0.27759  
            562         0.27828  
            563         0.27897  
            564         0.27967  
            565         0.28036  
            566         0.28105  
            567         0.28174  
            568         0.28244  
            569         0.28313  
            570         0.28382  
            571         0.28452  
            572         0.28521  
            573         0.28590  
            574         0.28659  
            575         0.28729  
            576         0.28798  
            577         0.28867  
            578         0.28937  
            579         0.29006  
            580         0.29075  
            581         0.29145  
            582         0.29214  
            583         0.29283  
            584         0.29352  
            585         0.29422  
            586         0.29491  
            587         0.29560  
            588         0.29630  
            589         0.29699  
            590         0.29768  
            591         0.29837  
            592         0.29907  
            593         0.29976  
            594         0.30045  
            595         0.30115  
            596         0.30184  
            597         0.30253  
            598         0.30322  
            599         0.30392  
            600         0.30461  
            601         0.30530  
            602         0.30600  
            603         0.30669  
            604         0.30738  
            605         0.30808  
            606         0.30877  
            607         0.30946  
            608         0.31015  
            609         0.31085  
            610         0.31154  
            611         0.31223  
            612         0.31293  
            613         0.31362  
            614         0.31431  
            615         0.31500  
            616         0.31570  
            617         0.31639  
            618         0.31708  
            619         0.31778  
            620         0.31847  
            621         0.31916  
            622         0.31985  
            623         0.32055  
            624         0.32124  
            625         0.32193  
            626         0.32263  
            627         0.32332  
            628         0.32401  
            629         0.32470  
            630         0.32540  
            631         0.32609  
            632         0.32678  
            633         0.32748  
            634         0.32817  
            635         0.32886  
            636         0.32956  
            637         0.33025  
            638         0.33094  
            639         0.33163  
            640         0.33233  
            641         0.33302  
            642         0.33371  
            643         0.33441  
            644         0.33510  
            645         0.33579  
            646         0.33648  
            647         0.33718  
            648         0.33787  
            649         0.33856  
            650         0.33926  
            651         0.33995  
            652         0.34064  
            653         0.34133  
            654         0.34203  
            655         0.34272  
            656         0.34341  
            657         0.34411  
            658         0.34480  
            659         0.34549  
            660         0.34619  
            661         0.34688  
            662         0.34757  
            663         0.34826  
            664         0.34896  
            665         0.34965  
            666         0.35034  
            667         0.35104  
            668         0.35173  
            669         0.35242  
            670         0.35311  
            671         0.35381  
            672         0.35450  
            673         0.35519  
            674         0.35589  
            675         0.35658  
            676         0.35727  
            677         0.35796  
            678         0.35866  
            679         0.35935  
            680         0.36004  
            681         0.36074  
            682         0.36143  
            683         0.36212  
            684         0.36281  
            685         0.36351  
            686         0.36420  
            687         0.36489  
            688         0.36559  
            689         0.36628  
            690         0.36697  
            691         0.36767  
            692         0.36836  
            693         0.36905  
            694         0.36976  
            695         0.37047  
            696         0.37118  
            697         0.37191  
            698         0.37265  
            699         0.37339  
            700         0.37414  
            701         0.37490  
            702         0.37567  
            703         0.37645  
            704         0.37723  
            705         0.37802  
            706         0.37883  
            707         0.37964  
            708         0.38046  
            709         0.38129  
            710         0.38213  
            711         0.38297  
            712         0.38383  
            713         0.38469  
            714         0.38557  
            715         0.38645  
            716         0.38735  
            717         0.38825  
            718         0.38916  
            719         0.39008  
            720         0.39101  
            721         0.39195  
            722         0.39291  
            723         0.39387  
            724         0.39484  
            725         0.39582  
            726         0.39681  
            727         0.39781  
            728         0.39883  
            729         0.39985  
            730         0.40088  
            731         0.40192  
            732         0.40298  
            733         0.40404  
            734         0.40512  
            735         0.40621  
            736         0.40731  
            737         0.40842  
            738         0.40954  
            739         0.41067  
            740         0.41181  
            741         0.41297  
            742         0.41414  
            743         0.41532  
            744         0.41651  
            745         0.41771  
            746         0.41892  
            747         0.42015  
            748         0.42139  
            749         0.42264  
            750         0.42391  
            751         0.42519  
            752         0.42648  
            753         0.42778  
            754         0.42909  
            755         0.43042  
            756         0.43177  
            757         0.43312  
            758         0.43449  
            759         0.43588  
            760         0.43727  
            761         0.43868  
            762         0.44011  
            763         0.44155  
            764         0.44300  
            765         0.44447  
            766         0.44595  
            767         0.44745  
            768         0.44896  
            769         0.45049  
            770         0.45203  
            771         0.45359  
            772         0.45517  
            773         0.45676  
            774         0.45836  
            775         0.45998  
            776         0.46162  
            777         0.46327  
            778         0.46494  
            779         0.46663  
            780         0.46833  
            781         0.47005  
            782         0.47179  
            783         0.47354  
            784         0.47531  
            785         0.47710  
            786         0.47891  
            787         0.48074  
            788         0.48258  
            789         0.48444  
            790         0.48632  
            791         0.48822  
            792         0.49014  
            793         0.49207  
            794         0.49403  
            795         0.49601  
            796         0.49800  
            797         0.50002  
            798         0.50205  
            799         0.50411  
            800         0.50618  
            801         0.50828  
            802         0.51040  
            803         0.51254  
            804         0.51470  
            805         0.51688  
            806         0.51909  
            807         0.52131  
            808         0.52356  
            809         0.52583  
            810         0.52812  
            811         0.53044  
            812         0.53278  
            813         0.53515  
            814         0.53753  
            815         0.53995  
            816         0.54238  
            817         0.54484  
            818         0.54733  
            819         0.54984  
            820         0.55237  
            821         0.55494  
            822         0.55752  
            823         0.56014  
            824         0.56278  
            825         0.56545  
            826         0.56814  
            827         0.57086  
            828         0.57361  
            829         0.57639  
            830         0.57920  
            831         0.58203  
            832         0.58490  
            833         0.58779  
            834         0.59071  
            835         0.59367  
            836         0.59665  
            837         0.59967  
            838         0.60271  
            839         0.60579  
            840         0.60890  
            841         0.61204  
            842         0.61521  
            843         0.61842  
            844         0.62166  
            845         0.62493  
            846         0.62824  
            847         0.63158  
            848         0.63496  
            849         0.63837  
            850         0.64182  
            851         0.64530  
            852         0.64882  
            853         0.65238  
            854         0.65597  
            855         0.65961  
            856         0.66328  
            857         0.66699  
            858         0.67074  
            859         0.67452  
            860         0.67835  
            861         0.68222  
            862         0.68613  
            863         0.69008  
            864         0.69408  
            865         0.69811  
            866         0.70219  
            867         0.70632  
            868         0.71048  
            869         0.71470  
            870         0.71895  
            871         0.72326  
            872         0.72761  
            873         0.73200  
            874         0.73645  
            875         0.74094  
            876         0.74548  
            877         0.75007  
            878         0.75471  
            879         0.75940  
            880         0.76414  
            881         0.76894  
            882         0.77378  
            883         0.77868  
            884         0.78364  
            885         0.78864  
            886         0.79371  
            887         0.79883  
            888         0.80400  
            889         0.80923  
            890         0.81452  
            891         0.81987  
            892         0.82528  
            893         0.83075  
            894         0.83628  
            895         0.84187  
            896         0.84752  
            897         0.85324  
            898         0.85902  
            899         0.86487  
            900         0.87078  
            901         0.87676  
            902         0.88280  
            903         0.88892  
            904         0.89510  
            905         0.90136  
            906         0.90768  
            907         0.91408  
            908         0.92055  
            909         0.92710  
            910         0.93371  
            911         0.94041  
            912         0.94542  
            913         0.94536  
            914         0.94563  
            915         0.94592  
            916         0.94632  
            917         0.94667  
            918         0.94667  
            919         0.94701  
            920         0.94752  
            921         0.94779  
            922         0.94806  
            923         0.94851  
            924         0.94897  
            925         0.94876  
            926         0.94855  
            927         0.95011  
            928         0.94990  
            929         0.94970  
            930         0.94949  
            931         0.95169  
            932         0.95150  
            933         0.95130  
            934         0.95110  
            935         0.95090  
            936         0.95071  
            937         0.95051  
            938         0.95375  
            939         0.95357  
            940         0.95338  
            941         0.95319  
            942         0.95300  
            943         0.95281  
            944         0.95262  
            945         0.95244  
            946         0.95225  
            947         0.95205  
            948         0.95186  
            949         0.95167  
            950         0.95665  
            951         0.95648  
            952         0.95630  
            953         0.95613  
            954         0.95596  
            955         0.95578  
            956         0.95561  
            957         0.95543  
            958         0.95526  
            959         0.95508  
            960         0.95491  
            961         0.95473  
            962         0.95455  
            963         0.95437  
            964         0.95419  
            965         0.95402  
            966         0.95384  
            967         0.95366  
            968         0.95348  
            969         0.95330  
            970         0.95311  
            971         0.95293  
            972         0.95275  
            973         0.96113  
            974         0.96098  
            975         0.96083  
            976         0.96068  
            977         0.96053  
            978         0.96038  
            979         0.96023  
            980         0.96007  
            981         0.95992  
            982         0.95977  
            983         0.95961  
            984         0.95946  
            985         0.95931  
            986         0.95915  
            987         0.95900  
            988         0.95884  
            989         0.95869  
            990         0.95853  
            991         0.95837  
            992         0.95822  
            993         0.95806  
            994         0.95790  
            995         0.95774  
            996         0.95758  
            997         0.95743  
            998         0.95727  
            999         0.95711  
           1000         0.95695  
           1001         0.95679  
           1002         0.95662  
           1003         0.95646  
           1004         0.95630  
           1005         0.95614  
           1006         0.95597  
           1007         0.95581  
           1008         0.95565  
           1009         0.95548  
           1010         0.95532  
           1011         0.95515  
           1012         0.95499  
           1013         0.95482  
           1014         0.95466  
           1015         0.95449  
           1016         0.95432  
           1017         0.95415  
           1018         0.95399  
           1019         0.95382  
           1020         0.95365  
           1021         0.95348  
           1022         0.95331  
           1023         0.95314  
           1024         0.95297  
           1025         0.95280  
           1026         0.96932  
           1027         0.96921  
           1028         0.96910  
           1029         0.96899  
           1030         0.96888  
           1031         0.96877  
           1032         0.96866  
           1033         0.96855  
           1034         0.96844  
           1035         0.96833  
           1036         0.96822  
           1037         0.96810  
           1038         0.96799  
           1039         0.96788  
           1040         0.96777  
           1041         0.96765  
           1042         0.96754  
           1043         0.96743  
           1044         0.96731  
           1045         0.96720  
           1046         0.96709  
           1047         0.96697  
           1048         0.96686  
           1049         0.96674  
           1050         0.96663  
           1051         0.96651  
           1052         0.96640  
           1053         0.96628  
           1054         0.96616  
           1055         0.96605  
           1056         0.96593  
           1057         0.96581  
           1058         0.96569  
           1059         0.96558  
           1060         0.96546  
           1061         0.96534  
           1062         0.96522  
           1063         0.96510  
           1064         0.96498  
           1065         0.96486  
           1066         0.96474  
           1067         0.96462  
           1068         0.96450  
           1069         0.96438  
           1070         0.96426  
           1071         0.96414  
           1072         0.96402  
           1073         0.96390  
           1074         0.96377  
           1075         0.96365  
           1076         0.96353  
           1077         0.96340  
           1078         0.96328  
           1079         0.96316  
           1080         0.96303  
           1081         0.96291  
           1082         0.96279  
           1083         0.96266  
           1084         0.96254  
           1085         0.96241  
           1086         0.96228  
           1087         0.96216  
           1088         0.96203  
           1089         0.96191  
           1090         0.96178  
           1091         0.96165  
           1092         0.96152  
           1093         0.96140  
           1094         0.96127  
           1095         0.96114  
           1096         0.96101  
           1097         0.96088  
           1098         0.96075  
           1099         0.96062  
           1100         0.96049  
           1101         0.96036  
           1102         0.96023  
           1103         0.96010  
           1104         0.95997  
           1105         0.95984  
           1106         0.95971  
           1107         0.95958  
           1108         0.95944  
           1109         0.95931  
           1110         0.95918  
           1111         0.95904  
           1112         0.95891  
           1113         0.95878  
           1114         0.95864  
           1115         0.95851  
           1116         0.95837  
           1117         0.95824  
           1118         0.95810  
           1119         0.95797  
           1120         0.95783  
           1121         0.95770  
           1122         0.95756  
           1123         0.95742  
           1124         0.95728  
           1125         0.95715  
           1126         0.95701  
           1127         0.95687  
           1128         0.95673  
           1129         0.95659  
           1130         0.95645  
           1131         0.95632  
           1132         0.95618  
           1133         0.95604  
           1134         0.95590  
           1135         0.95575  
           1136         0.95561  
           1137         0.95547  
           1138         0.95533  
           1139         0.95519  
           1140         0.95505  
           1141         0.95490  
           1142         0.95476  
           1143         0.95462  
           1144         0.95448  
           1145         0.95433  
           1146         0.95419  
           1147         0.95404  
           1148         0.95390  
           1149         0.95375  
           1150         0.95361  
           1151         0.95346  
           1152         0.95332  
           1153         0.95317  
           1154         0.95302  
           1155         0.95288  
           1156         0.95273  
           1157         0.95258  
           1158         0.95243  
           1159         0.95229  
           1160         0.95214  
           1161         0.95199  
           1162         0.95184  
           1163         0.95169  
           1164         0.95154  
           1165         0.95139  
           1166         0.95124  
           1167         0.95109  
           1168         0.95094  
           1169         0.95079  
           1170         0.95063  
           1171         0.95048  
           1172         0.95033  
           1173         0.95018  
           1174         0.95002  
           1175         0.94987  
           1176         0.94972  
           1177         0.94956  
           1178         0.94941  
           1179         0.94925  
           1180         0.94910  
           1181         0.94894  
           1182         0.94879  
           1183         0.94863  
           1184         0.94848  
           1185         0.94832  
           1186         0.94816  
           1187         0.94800  
           1188         0.94785  
           1189         0.94769  
           1190         0.94753  
           1191         0.94737  
           1192         0.94721  
           1193         0.94705  
           1194         0.94689  
           1195         0.94673  
           1196         0.94657  
           1197         0.94641  
           1198         0.94625  
           1199         0.94609  
           1200         0.94593  
           1201         0.94577  
           1202         0.94561  
           1203         0.94544  
           1204         0.94528  
           1205         0.94512  
           1206         0.94495  
           1207         0.94479  
           1208         0.94462  
           1209         0.94446  
           1210         0.94429  
           1211         0.94413  
           1212         0.94396  
           1213         0.94380  
           1214         0.94363  
           1215         0.94346  
           1216         1.00000  
