              0         0.00887  
              1         0.00884  
              2         0.00880  
              3         0.00877  
              4         0.00874  
              5         0.00871  
              6         0.00867  
              7         0.00864  
              8         0.00861  
              9         0.00858  
             10         0.00854  
             11         0.00851  
             12         0.00848  
             13         0.00845  
             14         0.00841  
             15         0.00838  
             16         0.00835  
             17         0.00832  
             18         0.00828  
             19         0.00825  
             20         0.00822  
             21         0.00819  
             22         0.00815  
             23         0.00812  
             24         0.00809  
             25         0.00806  
             26         0.00802  
             27         0.00799  
             28         0.00796  
             29         0.00793  
             30         0.00789  
             31         0.00786  
             32         0.00783  
             33         0.00780  
             34         0.00776  
             35         0.00773  
             36         0.00770  
             37         0.00767  
             38         0.00763  
             39         0.00760  
             40         0.00757  
             41         0.00754  
             42         0.00750  
             43         0.00747  
             44         0.00744  
             45         0.00741  
             46         0.00737  
             47         0.00734  
             48         0.00731  
             49         0.00728  
             50         0.00724  
             51         0.00721  
             52         0.00718  
             53         0.00715  
             54         0.00711  
             55         0.00708  
             56         0.00705  
             57         0.00702  
             58         0.00698  
             59         0.00695  
             60         0.00692  
             61         0.00689  
             62         0.00685  
             63         0.00682  
             64         0.00679  
             65         0.00676  
             66         0.00672  
             67         0.00669  
             68         0.00666  
             69         0.00663  
             70         0.00659  
             71         0.00656  
             72         0.00653  
             73         0.00650  
             74         0.00646  
             75         0.00643  
             76         0.00640  
             77         0.00637  
             78         0.00633  
             79         0.00630  
             80         0.00627  
             81         0.00624  
             82         0.00620  
             83         0.00617  
             84         0.00614  
             85         0.00611  
             86         0.00607  
             87         0.00604  
             88         0.00601  
             89         0.00598  
             90         0.00594  
             91         0.00591  
             92         0.00588  
             93         0.00585  
             94         0.00581  
             95         0.00578  
             96         0.00575  
             97         0.00572  
             98         0.00568  
             99         0.00565  
            100         0.00562  
            101         0.00559  
            102         0.00555  
            103         0.00552  
            104         0.00549  
            105         0.00546  
            106         0.00542  
            107         0.00539  
            108         0.00536  
            109         0.00533  
            110         0.00529  
            111         0.00526  
            112         0.00523  
            113         0.00520  
            114         0.00516  
            115         0.00513  
            116         0.00510  
            117         0.00507  
            118         0.00503  
            119         0.00500  
            120         0.00497  
            121         0.00494  
            122         0.00490  
            123         0.00487  
            124         0.00484  
            125         0.00481  
            126         0.00477  
            127         0.00474  
            128         0.00471  
            129         0.00468  
            130         0.00464  
            131         0.00461  
            132         0.00458  
            133         0.00455  
            134         0.00451  
            135         0.00448  
            136         0.00445  
            137         0.00442  
            138         0.00438  
            139         0.00435  
            140         0.00432  
            141         0.00429  
            142         0.00425  
            143         0.00422  
            144         0.00419  
            145         0.00416  
            146         0.00412  
            147         0.00409  
            148         0.00406  
            149         0.00403  
            150         0.00399  
            151         0.00396  
            152         0.00393  
            153         0.00390  
            154         0.00386  
            155         0.00383  
            156         0.00380  
            157         0.00377  
            158         0.00373  
            159         0.00370  
            160         0.00367  
            161         0.00364  
            162         0.00360  
            163         0.00357  
            164         0.00354  
            165         0.00351  
            166         0.00347  
            167         0.00344  
            168         0.00341  
            169         0.00338  
            170         0.00334  
            171         0.00331  
            172         0.00328  
            173         0.00325  
            174         0.00321  
            175         0.00318  
            176         0.00315  
            177         0.00312  
            178         0.00308  
            179         0.00305  
            180         0.00302  
            181         0.00299  
            182         0.00295  
            183         0.00292  
            184         0.00289  
            185         0.00286  
            186         0.00282  
            187         0.00279  
            188         0.00276  
            189         0.00273  
            190         0.00269  
            191         0.00266  
            192         0.00263  
            193         0.00260  
            194         0.00256  
            195         0.00253  
            196         0.00250  
            197         0.00247  
            198         0.00243  
            199         0.00240  
            200         0.00237  
            201         0.00234  
            202         0.00230  
            203         0.00227  
            204         0.00224  
            205         0.00221  
            206         0.00217  
            207         0.00214  
            208         0.00211  
            209         0.00208  
            210         0.00204  
            211         0.00201  
            212         0.00198  
            213         0.00195  
            214         0.00191  
            215         0.00188  
            216         0.00185  
            217         0.00182  
            218         0.00178  
            219         0.00175  
            220         0.00172  
            221         0.00169  
            222         0.00165  
            223         0.00162  
            224         0.00159  
            225         0.00156  
            226         0.00152  
            227         0.00149  
            228         0.00146  
            229         0.00143  
            230         0.00139  
            231         0.00136  
            232         0.00133  
            233         0.00130  
            234         0.00127  
            235         0.00123  
            236         0.00120  
            237         0.00117  
            238         0.00114  
            239         0.00111  
            240         0.00108  
            241         0.00105  
            242         0.00102  
            243         0.00099  
            244         0.00096  
            245         0.00093  
            246         0.00089  
            247         0.00086  
            248         0.00084  
            249         0.00081  
            250         0.00078  
            251         0.00076  
            252         0.00073  
            253         0.00071  
            254         0.00069  
            255         0.00067  
            256         0.00064  
            257         0.00062  
            258         0.00060  
            259         0.00059  
            260         0.00057  
            261         0.00055  
            262         0.00053  
            263         0.00051  
            264         0.00050  
            265         0.00048  
            266         0.00047  
            267         0.00045  
            268         0.00044  
            269         0.00043  
            270         0.00041  
            271         0.00040  
            272         0.00039  
            273         0.00037  
            274         0.00036  
            275         0.00035  
            276         0.00034  
            277         0.00033  
            278         0.00032  
            279         0.00031  
            280         0.00030  
            281         0.00029  
            282         0.00028  
            283         0.00027  
            284         0.00027  
            285         0.00026  
            286         0.00025  
            287         0.00024  
            288         0.00023  
            289         0.00023  
            290         0.00022  
            291         0.00021  
            292         0.00021  
            293         0.00020  
            294         0.00020  
            295         0.00019  
            296         0.00018  
            297         0.00018  
            298         0.00017  
            299         0.00017  
            300         0.00016  
            301         0.00016  
            302         0.00015  
            303         0.00015  
            304         0.00015  
            305         0.00014  
            306         0.00014  
            307         0.00013  
            308         0.00013  
            309         0.00012  
            310         0.00012  
            311         0.00012  
            312         0.00011  
            313         0.00011  
            314         0.00011  
            315         0.00011  
            316         0.00010  
            317         0.00010  
            318         0.00010  
            319         0.00009  
            320         0.00009  
            321         0.00009  
            322         0.00009  
            323         0.00008  
            324         0.00008  
            325         0.00008  
            326         0.00008  
            327         0.00007  
            328         0.00007  
            329         0.00007  
            330         0.00007  
            331         0.00007  
            332         0.00006  
            333         0.00006  
            334         0.00006  
            335         0.00006  
            336         0.00006  
            337         0.00006  
            338         0.00006  
            339         0.00005  
            340         0.00005  
            341         0.00005  
            342         0.00005  
            343         0.00005  
            344         0.00005  
            345         0.00005  
            346         0.00004  
            347         0.00004  
            348         0.00004  
            349         0.00004  
            350         0.00004  
            351         0.00004  
            352         0.00004  
            353         0.00004  
            354         0.00004  
            355         0.00003  
            356         0.00003  
            357         0.00003  
            358         0.00003  
            359         0.00003  
            360         0.00003  
            361         0.00003  
            362         0.00003  
            363         0.00003  
            364         0.00003  
            365         0.00003  
            366         0.00003  
            367         0.00003  
            368         0.00002  
            369         0.00002  
            370         0.00002  
            371         0.00002  
            372         0.00002  
            373         0.00002  
            374         0.00002  
            375         0.00002  
            376         0.00002  
            377         0.00002  
            378         0.00002  
            379         0.00002  
            380         0.00002  
            381         0.00002  
            382         0.00002  
            383         0.00002  
            384         0.00002  
            385         0.00002  
            386         0.00002  
            387         0.00002  
            388         0.00002  
            389         0.00001  
            390         0.00001  
            391         0.00001  
            392         0.00001  
            393         0.00001  
            394         0.00001  
            395         0.00001  
            396         0.00001  
            397         0.00001  
            398         0.00001  
            399         0.00001  
            400         0.00001  
            401         0.00001  
            402         0.00001  
            403         0.00001  
            404         0.00001  
            405         0.00001  
            406         0.00001  
            407         0.00001  
            408         0.00001  
            409         0.00001  
            410         0.00001  
            411         0.00001  
            412         0.00001  
            413         0.00001  
            414         0.00001  
            415         0.00001  
            416         0.00001  
            417         0.00001  
            418         0.00001  
            419         0.00001  
            420         0.00001  
            421         0.00001  
            422         0.00001  
            423         0.00001  
            424         0.00001  
            425         0.00001  
            426         0.00001  
            427         0.00001  
            428         0.00001  
            429         0.00001  
            430         0.00001  
            431         0.00001  
            432         0.00001  
            433         0.00001  
            434         0.00001  
            435         0.00001  
            436         0.00001  
            437         0.00001  
            438         0.00001  
            439         0.00001  
            440         0.00001  
            441         0.00001  
            442         0.00000  
            443         0.00000  
            444         0.00000  
            445         0.00000  
            446         0.00000  
            447         0.00000  
            448         0.00000  
            449         0.00000  
            450         0.00000  
            451         0.00000  
            452         0.00000  
            453         0.00000  
            454         0.00000  
            455         0.00000  
            456         0.00000  
            457         0.00000  
            458         0.00000  
            459         0.00000  
            460         0.00000  
            461         0.00000  
            462         0.00000  
            463         0.00000  
            464         0.00000  
            465         0.00000  
            466         0.00000  
            467         0.00000  
            468         0.00000  
            469         0.00000  
            470         0.00000  
            471         0.00000  
            472         0.00000  
            473         0.00000  
            474         0.00000  
            475         0.00000  
            476         0.00000  
            477         0.00000  
            478         0.00000  
            479         0.00000  
            480         0.00000  
            481         0.00000  
            482         0.00000  
            483         0.00000  
            484         0.00000  
            485         0.00000  
            486         0.00000  
            487         0.00000  
            488         0.00000  
            489         0.00000  
            490         0.00000  
            491         0.00000  
            492         0.00000  
            493         0.00000  
            494         0.00000  
            495         0.00000  
            496         0.00000  
            497         0.00000  
            498         0.00000  
            499         0.00000  
            500         0.00000  
            501         0.00000  
            502         0.00000  
            503         0.00000  
            504         0.00000  
            505         0.00000  
            506         0.00000  
            507         0.00000  
            508         0.00000  
            509         0.00000  
            510         0.00000  
            511         0.00000  
            512         0.00000  
            513         0.00000  
            514         0.00000  
            515         0.00000  
            516         0.00000  
            517         0.00000  
            518         0.00000  
            519         0.00000  
            520         0.00000  
            521         0.00000  
            522         0.00000  
            523         0.00000  
            524         0.00000  
            525         0.00000  
            526         0.00000  
            527         0.00000  
            528         0.00000  
            529         0.00000  
            530         0.00000  
            531         0.00000  
            532         0.00000  
            533         0.00000  
            534         0.00000  
            535         0.00000  
            536         0.00000  
            537         0.00000  
            538         0.00000  
            539         0.00000  
            540         0.00000  
            541         0.00000  
            542         0.00000  
            543         0.00000  
            544         0.00000  
            545         0.00000  
            546         0.00000  
            547         0.00000  
            548         0.00000  
            549         0.00000  
            550         0.00000  
            551         0.00000  
            552         0.00000  
            553         0.00000  
            554         0.00000  
            555         0.00000  
            556         0.00000  
            557         0.00000  
            558         0.00000  
            559         0.00000  
            560         0.00000  
            561         0.00000  
            562         0.00000  
            563         0.00000  
            564         0.00000  
            565         0.00000  
            566         0.00000  
            567         0.00000  
            568         0.00000  
            569         0.00000  
            570         0.00000  
            571         0.00000  
            572         0.00000  
            573         0.00000  
            574         0.00000  
            575         0.00000  
            576         0.00000  
            577         0.00000  
            578         0.00000  
            579         0.00000  
            580         0.00000  
            581         0.00000  
            582         0.00000  
            583         0.00000  
            584         0.00000  
            585         0.00000  
            586         0.00000  
            587         0.00000  
            588         0.00000  
            589         0.00000  
            590         0.00000  
            591         0.00000  
            592         0.00000  
            593         0.00000  
            594         0.00000  
            595         0.00000  
            596         0.00000  
            597         0.00000  
            598         0.00000  
            599         0.00000  
            600         0.00000  
            601         0.00000  
            602         0.00000  
            603         0.00000  
            604         0.00000  
            605         0.00000  
            606         0.00000  
            607         0.00000  
            608         0.00000  
            609         0.00000  
            610         0.00000  
            611         0.00000  
            612         0.00000  
            613         0.00000  
            614         0.00000  
            615         0.00000  
            616         0.00000  
            617         0.00000  
            618         0.00000  
            619         0.00000  
            620         0.00000  
            621         0.00000  
            622         0.00000  
            623         0.00000  
            624         0.00000  
            625         0.00000  
            626         0.00000  
            627         0.00000  
            628         0.00000  
            629         0.00000  
            630         0.00000  
            631         0.00000  
            632         0.00000  
            633         0.00000  
            634         0.00000  
            635         0.00000  
            636         0.00000  
            637         0.00000  
            638         0.00000  
            639         0.00000  
            640         0.00000  
            641         0.00000  
            642         0.00000  
            643         0.00000  
            644         0.00000  
            645         0.00000  
            646         0.00000  
            647         0.00000  
            648         0.00000  
            649         0.00000  
            650         0.00000  
            651         0.00000  
            652         0.00000  
            653         0.00000  
            654         0.00000  
            655         0.00000  
            656         0.00000  
            657         0.00000  
            658         0.00000  
            659         0.00000  
            660         0.00000  
            661         0.00000  
            662         0.00000  
            663         0.00000  
            664         0.00000  
            665         0.00000  
            666         0.00000  
            667         0.00000  
            668         0.00000  
            669         0.00000  
            670         0.00000  
            671         0.00000  
            672         0.00000  
            673         0.00000  
            674         0.00000  
            675         0.00000  
            676         0.00000  
            677         0.00000  
            678         0.00000  
            679         0.00000  
            680         0.00000  
            681         0.00000  
            682         0.00000  
            683         0.00000  
            684         0.00000  
            685         0.00000  
            686         0.00000  
            687         0.00000  
            688         0.00000  
            689         0.00000  
            690         0.00000  
            691         0.00000  
            692         0.00000  
            693         0.00000  
            694         0.00000  
            695         0.00000  
            696         0.00000  
            697         0.00001  
            698         0.00001  
            699         0.00001  
            700         0.00001  
            701         0.00001  
            702         0.00001  
            703         0.00001  
            704         0.00001  
            705         0.00001  
            706         0.00001  
            707         0.00001  
            708         0.00001  
            709         0.00001  
            710         0.00001  
            711         0.00001  
            712         0.00001  
            713         0.00001  
            714         0.00001  
            715         0.00001  
            716         0.00001  
            717         0.00001  
            718         0.00001  
            719         0.00001  
            720         0.00001  
            721         0.00001  
            722         0.00001  
            723         0.00001  
            724         0.00001  
            725         0.00001  
            726         0.00001  
            727         0.00001  
            728         0.00001  
            729         0.00001  
            730         0.00001  
            731         0.00001  
            732         0.00001  
            733         0.00001  
            734         0.00001  
            735         0.00001  
            736         0.00001  
            737         0.00001  
            738         0.00001  
            739         0.00001  
            740         0.00001  
            741         0.00001  
            742         0.00001  
            743         0.00002  
            744         0.00002  
            745         0.00002  
            746         0.00002  
            747         0.00002  
            748         0.00002  
            749         0.00002  
            750         0.00002  
            751         0.00002  
            752         0.00002  
            753         0.00002  
            754         0.00002  
            755         0.00002  
            756         0.00002  
            757         0.00002  
            758         0.00002  
            759         0.00002  
            760         0.00002  
            761         0.00003  
            762         0.00003  
            763         0.00003  
            764         0.00003  
            765         0.00003  
            766         0.00003  
            767         0.00003  
            768         0.00003  
            769         0.00003  
            770         0.00003  
            771         0.00004  
            772         0.00004  
            773         0.00004  
            774         0.00004  
            775         0.00004  
            776         0.00004  
            777         0.00004  
            778         0.00004  
            779         0.00005  
            780         0.00005  
            781         0.00005  
            782         0.00005  
            783         0.00005  
            784         0.00005  
            785         0.00006  
            786         0.00006  
            787         0.00006  
            788         0.00006  
            789         0.00006  
            790         0.00007  
            791         0.00007  
            792         0.00007  
            793         0.00007  
            794         0.00008  
            795         0.00008  
            796         0.00008  
            797         0.00008  
            798         0.00009  
            799         0.00009  
            800         0.00009  
            801         0.00010  
            802         0.00010  
            803         0.00010  
            804         0.00011  
            805         0.00011  
            806         0.00012  
            807         0.00012  
            808         0.00013  
            809         0.00013  
            810         0.00014  
            811         0.00014  
            812         0.00015  
            813         0.00015  
            814         0.00016  
            815         0.00016  
            816         0.00017  
            817         0.00018  
            818         0.00019  
            819         0.00019  
            820         0.00020  
            821         0.00021  
            822         0.00022  
            823         0.00023  
            824         0.00024  
            825         0.00025  
            826         0.00026  
            827         0.00027  
            828         0.00028  
            829         0.00029  
            830         0.00030  
            831         0.00031  
            832         0.00033  
            833         0.00034  
            834         0.00036  
            835         0.00037  
            836         0.00039  
            837         0.00040  
            838         0.00042  
            839         0.00044  
            840         0.00046  
            841         0.00048  
            842         0.00050  
            843         0.00052  
            844         0.00055  
            845         0.00057  
            846         0.00060  
            847         0.00062  
            848         0.00065  
            849         0.00068  
            850         0.00071  
            851         0.00075  
            852         0.00078  
            853         0.00082  
            854         0.00086  
            855         0.00090  
            856         0.00094  
            857         0.00098  
            858         0.00103  
            859         0.00108  
            860         0.00113  
            861         0.00118  
            862         0.00124  
            863         0.00130  
            864         0.00136  
            865         0.00143  
            866         0.00150  
            867         0.00157  
            868         0.00165  
            869         0.00174  
            870         0.00182  
            871         0.00191  
            872         0.00200  
            873         0.00210  
            874         0.00221  
            875         0.00232  
            876         0.00243  
            877         0.00255  
            878         0.00268  
            879         0.00282  
            880         0.00296  
            881         0.00311  
            882         0.00327  
            883         0.00344  
            884         0.00361  
            885         0.00380  
            886         0.00400  
            887         0.00420  
            888         0.00442  
            889         0.00465  
            890         0.00490  
            891         0.00515  
            892         0.00543  
            893         0.00571  
            894         0.00602  
            895         0.00634  
            896         0.00668  
            897         0.00703  
            898         0.00741  
            899         0.00781  
            900         0.00824  
            901         0.00868  
            902         0.00916  
            903         0.00966  
            904         0.01019  
            905         0.01075  
            906         0.01134  
            907         0.01197  
            908         0.01264  
            909         0.01334  
            910         0.01409  
            911         0.01488  
            912         0.01542  
            913         0.01531  
            914         0.01573  
            915         0.01635  
            916         0.01683  
            917         0.01705  
            918         0.01742  
            919         0.01800  
            920         0.01892  
            921         0.02028  
            922         0.01995  
            923         0.01955  
            924         0.02179  
            925         0.02137  
            926         0.02096  
            927         0.02436  
            928         0.02390  
            929         0.02345  
            930         0.02300  
            931         0.02844  
            932         0.02793  
            933         0.02743  
            934         0.02693  
            935         0.02644  
            936         0.02596  
            937         0.02548  
            938         0.03719  
            939         0.03660  
            940         0.03602  
            941         0.03544  
            942         0.03487  
            943         0.03431  
            944         0.03376  
            945         0.03321  
            946         0.03267  
            947         0.03214  
            948         0.03162  
            949         0.03110  
            950         0.05029  
            951         0.04958  
            952         0.04888  
            953         0.04818  
            954         0.04749  
            955         0.04681  
            956         0.04614  
            957         0.04547  
            958         0.04482  
            959         0.04416  
            960         0.04352  
            961         0.04288  
            962         0.04225  
            963         0.04163  
            964         0.04101  
            965         0.04040  
            966         0.03980  
            967         0.03921  
            968         0.03862  
            969         0.03804  
            970         0.03746  
            971         0.03689  
            972         0.03633  
            973         0.07568  
            974         0.07478  
            975         0.07389  
            976         0.07301  
            977         0.07213  
            978         0.07126  
            979         0.07040  
            980         0.06955  
            981         0.06870  
            982         0.06786  
            983         0.06703  
            984         0.06620  
            985         0.06539  
            986         0.06458  
            987         0.06377  
            988         0.06298  
            989         0.06219  
            990         0.06141  
            991         0.06063  
            992         0.05987  
            993         0.05911  
            994         0.05835  
            995         0.05761  
            996         0.05687  
            997         0.05614  
            998         0.05541  
            999         0.05469  
           1000         0.05398  
           1001         0.05328  
           1002         0.05258  
           1003         0.05189  
           1004         0.05121  
           1005         0.05053  
           1006         0.04986  
           1007         0.04919  
           1008         0.04854  
           1009         0.04789  
           1010         0.04724  
           1011         0.04660  
           1012         0.04597  
           1013         0.04535  
           1014         0.04473  
           1015         0.04412  
           1016         0.04351  
           1017         0.04291  
           1018         0.04232  
           1019         0.04173  
           1020         0.04115  
           1021         0.04058  
           1022         0.04001  
           1023         0.03945  
           1024         0.03889  
           1025         0.03834  
           1026         0.16284  
           1027         0.16157  
           1028         0.16030  
           1029         0.15903  
           1030         0.15777  
           1031         0.15652  
           1032         0.15527  
           1033         0.15403  
           1034         0.15280  
           1035         0.15157  
           1036         0.15034  
           1037         0.14912  
           1038         0.14791  
           1039         0.14671  
           1040         0.14551  
           1041         0.14431  
           1042         0.14313  
           1043         0.14194  
           1044         0.14077  
           1045         0.13960  
           1046         0.13843  
           1047         0.13728  
           1048         0.13612  
           1049         0.13498  
           1050         0.13384  
           1051         0.13270  
           1052         0.13157  
           1053         0.13045  
           1054         0.12934  
           1055         0.12822  
           1056         0.12712  
           1057         0.12602  
           1058         0.12493  
           1059         0.12384  
           1060         0.12276  
           1061         0.12169  
           1062         0.12062  
           1063         0.11956  
           1064         0.11850  
           1065         0.11745  
           1066         0.11641  
           1067         0.11537  
           1068         0.11434  
           1069         0.11331  
           1070         0.11229  
           1071         0.11128  
           1072         0.11027  
           1073         0.10927  
           1074         0.10827  
           1075         0.10728  
           1076         0.10630  
           1077         0.10532  
           1078         0.10435  
           1079         0.10338  
           1080         0.10242  
           1081         0.10146  
           1082         0.10051  
           1083         0.09957  
           1084         0.09864  
           1085         0.09771  
           1086         0.09678  
           1087         0.09586  
           1088         0.09495  
           1089         0.09404  
           1090         0.09314  
           1091         0.09224  
           1092         0.09135  
           1093         0.09047  
           1094         0.08959  
           1095         0.08872  
           1096         0.08786  
           1097         0.08699  
           1098         0.08614  
           1099         0.08529  
           1100         0.08445  
           1101         0.08361  
           1102         0.08278  
           1103         0.08195  
           1104         0.08113  
           1105         0.08032  
           1106         0.07951  
           1107         0.07871  
           1108         0.07791  
           1109         0.07712  
           1110         0.07633  
           1111         0.07555  
           1112         0.07478  
           1113         0.07401  
           1114         0.07325  
           1115         0.07249  
           1116         0.07174  
           1117         0.07099  
           1118         0.07025  
           1119         0.06951  
           1120         0.06879  
           1121         0.06806  
           1122         0.06734  
           1123         0.06663  
           1124         0.06592  
           1125         0.06522  
           1126         0.06452  
           1127         0.06383  
           1128         0.06314  
           1129         0.06246  
           1130         0.06178  
           1131         0.06111  
           1132         0.06045  
           1133         0.05979  
           1134         0.05913  
           1135         0.05849  
           1136         0.05784  
           1137         0.05720  
           1138         0.05657  
           1139         0.05594  
           1140         0.05532  
           1141         0.05470  
           1142         0.05408  
           1143         0.05348  
           1144         0.05287  
           1145         0.05228  
           1146         0.05168  
           1147         0.05109  
           1148         0.05051  
           1149         0.04993  
           1150         0.04936  
           1151         0.04879  
           1152         0.04823  
           1153         0.04767  
           1154         0.04712  
           1155         0.04657  
           1156         0.04602  
           1157         0.04549  
           1158         0.04495  
           1159         0.04442  
           1160         0.04390  
           1161         0.04338  
           1162         0.04286  
           1163         0.04235  
           1164         0.04184  
           1165         0.04134  
           1166         0.04085  
           1167         0.04035  
           1168         0.03987  
           1169         0.03938  
           1170         0.03890  
           1171         0.03843  
           1172         0.03796  
           1173         0.03749  
           1174         0.03703  
           1175         0.03657  
           1176         0.03612  
           1177         0.03567  
           1178         0.03523  
           1179         0.03479  
           1180         0.03436  
           1181         0.03392  
           1182         0.03350  
           1183         0.03307  
           1184         0.03266  
           1185         0.03224  
           1186         0.03183  
           1187         0.03143  
           1188         0.03102  
           1189         0.03062  
           1190         0.03023  
           1191         0.02984  
           1192         0.02945  
           1193         0.02907  
           1194         0.02869  
           1195         0.02832  
           1196         0.02795  
           1197         0.02758  
           1198         0.02722  
           1199         0.02686  
           1200         0.02650  
           1201         0.02615  
           1202         0.02580  
           1203         0.02546  
           1204         0.02512  
           1205         0.02478  
           1206         0.02445  
           1207         0.02412  
           1208         0.02379  
           1209         0.02347  
           1210         0.02315  
           1211         0.02283  
           1212         0.02252  
           1213         0.02221  
           1214         0.02190  
           1215         0.02160  
           1216         1.00000  
