              0         0.08046  
              1         0.08030  
              2         0.08013  
              3         0.07997  
              4         0.07981  
              5         0.07964  
              6         0.07948  
              7         0.07931  
              8         0.07915  
              9         0.07899  
             10         0.07882  
             11         0.07866  
             12         0.07850  
             13         0.07833  
             14         0.07817  
             15         0.07800  
             16         0.07784  
             17         0.07768  
             18         0.07751  
             19         0.07735  
             20         0.07718  
             21         0.07702  
             22         0.07686  
             23         0.07669  
             24         0.07653  
             25         0.07637  
             26         0.07620  
             27         0.07604  
             28         0.07587  
             29         0.07571  
             30         0.07555  
             31         0.07538  
             32         0.07522  
             33         0.07506  
             34         0.07489  
             35         0.07473  
             36         0.07456  
             37         0.07440  
             38         0.07424  
             39         0.07407  
             40         0.07391  
             41         0.07374  
             42         0.07358  
             43         0.07342  
             44         0.07325  
             45         0.07309  
             46         0.07293  
             47         0.07276  
             48         0.07260  
             49         0.07243  
             50         0.07227  
             51         0.07211  
             52         0.07194  
             53         0.07178  
             54         0.07162  
             55         0.07145  
             56         0.07129  
             57         0.07112  
             58         0.07096  
             59         0.07080  
             60         0.07063  
             61         0.07047  
             62         0.07030  
             63         0.07014  
             64         0.06998  
             65         0.06981  
             66         0.06965  
             67         0.06949  
             68         0.06932  
             69         0.06916  
             70         0.06899  
             71         0.06883  
             72         0.06867  
             73         0.06850  
             74         0.06834  
             75         0.06818  
             76         0.06801  
             77         0.06785  
             78         0.06768  
             79         0.06752  
             80         0.06736  
             81         0.06719  
             82         0.06703  
             83         0.06686  
             84         0.06670  
             85         0.06654  
             86         0.06637  
             87         0.06621  
             88         0.06605  
             89         0.06588  
             90         0.06572  
             91         0.06555  
             92         0.06539  
             93         0.06523  
             94         0.06506  
             95         0.06490  
             96         0.06474  
             97         0.06457  
             98         0.06441  
             99         0.06424  
            100         0.06408  
            101         0.06392  
            102         0.06375  
            103         0.06359  
            104         0.06342  
            105         0.06326  
            106         0.06310  
            107         0.06293  
            108         0.06277  
            109         0.06261  
            110         0.06244  
            111         0.06228  
            112         0.06211  
            113         0.06195  
            114         0.06179  
            115         0.06162  
            116         0.06146  
            117         0.06129  
            118         0.06113  
            119         0.06097  
            120         0.06080  
            121         0.06064  
            122         0.06048  
            123         0.06031  
            124         0.06015  
            125         0.05998  
            126         0.05982  
            127         0.05966  
            128         0.05949  
            129         0.05933  
            130         0.05917  
            131         0.05900  
            132         0.05884  
            133         0.05867  
            134         0.05851  
            135         0.05835  
            136         0.05818  
            137         0.05802  
            138         0.05785  
            139         0.05769  
            140         0.05753  
            141         0.05736  
            142         0.05720  
            143         0.05704  
            144         0.05687  
            145         0.05671  
            146         0.05654  
            147         0.05638  
            148         0.05622  
            149         0.05605  
            150         0.05589  
            151         0.05573  
            152         0.05556  
            153         0.05540  
            154         0.05523  
            155         0.05507  
            156         0.05491  
            157         0.05474  
            158         0.05458  
            159         0.05441  
            160         0.05425  
            161         0.05409  
            162         0.05392  
            163         0.05376  
            164         0.05360  
            165         0.05343  
            166         0.05327  
            167         0.05310  
            168         0.05294  
            169         0.05278  
            170         0.05261  
            171         0.05245  
            172         0.05229  
            173         0.05212  
            174         0.05196  
            175         0.05179  
            176         0.05163  
            177         0.05147  
            178         0.05130  
            179         0.05114  
            180         0.05097  
            181         0.05081  
            182         0.05065  
            183         0.05048  
            184         0.05032  
            185         0.05016  
            186         0.04999  
            187         0.04983  
            188         0.04966  
            189         0.04950  
            190         0.04934  
            191         0.04917  
            192         0.04901  
            193         0.04885  
            194         0.04868  
            195         0.04852  
            196         0.04835  
            197         0.04819  
            198         0.04803  
            199         0.04786  
            200         0.04770  
            201         0.04753  
            202         0.04737  
            203         0.04721  
            204         0.04704  
            205         0.04688  
            206         0.04672  
            207         0.04655  
            208         0.04639  
            209         0.04622  
            210         0.04606  
            211         0.04590  
            212         0.04573  
            213         0.04557  
            214         0.04541  
            215         0.04524  
            216         0.04508  
            217         0.04491  
            218         0.04475  
            219         0.04459  
            220         0.04442  
            221         0.04426  
            222         0.04409  
            223         0.04393  
            224         0.04377  
            225         0.04360  
            226         0.04344  
            227         0.04328  
            228         0.04311  
            229         0.04295  
            230         0.04278  
            231         0.04262  
            232         0.04246  
            233         0.04229  
            234         0.04213  
            235         0.04197  
            236         0.04180  
            237         0.04164  
            238         0.04147  
            239         0.04131  
            240         0.04115  
            241         0.04098  
            242         0.04082  
            243         0.04065  
            244         0.04049  
            245         0.04033  
            246         0.04016  
            247         0.04000  
            248         0.03984  
            249         0.03967  
            250         0.03951  
            251         0.03934  
            252         0.03918  
            253         0.03902  
            254         0.03885  
            255         0.03869  
            256         0.03853  
            257         0.03836  
            258         0.03820  
            259         0.03803  
            260         0.03787  
            261         0.03771  
            262         0.03754  
            263         0.03738  
            264         0.03721  
            265         0.03705  
            266         0.03689  
            267         0.03672  
            268         0.03656  
            269         0.03640  
            270         0.03623  
            271         0.03607  
            272         0.03590  
            273         0.03574  
            274         0.03558  
            275         0.03541  
            276         0.03525  
            277         0.03508  
            278         0.03492  
            279         0.03476  
            280         0.03459  
            281         0.03443  
            282         0.03427  
            283         0.03410  
            284         0.03394  
            285         0.03377  
            286         0.03361  
            287         0.03345  
            288         0.03328  
            289         0.03312  
            290         0.03296  
            291         0.03279  
            292         0.03263  
            293         0.03246  
            294         0.03230  
            295         0.03214  
            296         0.03197  
            297         0.03181  
            298         0.03164  
            299         0.03148  
            300         0.03132  
            301         0.03115  
            302         0.03099  
            303         0.03083  
            304         0.03066  
            305         0.03050  
            306         0.03033  
            307         0.03017  
            308         0.03001  
            309         0.02984  
            310         0.02968  
            311         0.02952  
            312         0.02935  
            313         0.02919  
            314         0.02902  
            315         0.02886  
            316         0.02870  
            317         0.02853  
            318         0.02837  
            319         0.02820  
            320         0.02804  
            321         0.02788  
            322         0.02771  
            323         0.02755  
            324         0.02739  
            325         0.02722  
            326         0.02706  
            327         0.02689  
            328         0.02673  
            329         0.02657  
            330         0.02640  
            331         0.02624  
            332         0.02608  
            333         0.02591  
            334         0.02575  
            335         0.02558  
            336         0.02542  
            337         0.02526  
            338         0.02509  
            339         0.02493  
            340         0.02476  
            341         0.02460  
            342         0.02444  
            343         0.02427  
            344         0.02411  
            345         0.02395  
            346         0.02378  
            347         0.02362  
            348         0.02345  
            349         0.02329  
            350         0.02313  
            351         0.02297  
            352         0.02281  
            353         0.02264  
            354         0.02248  
            355         0.02232  
            356         0.02216  
            357         0.02200  
            358         0.02184  
            359         0.02168  
            360         0.02152  
            361         0.02137  
            362         0.02121  
            363         0.02105  
            364         0.02089  
            365         0.02074  
            366         0.02058  
            367         0.02042  
            368         0.02027  
            369         0.02011  
            370         0.01995  
            371         0.01980  
            372         0.01964  
            373         0.01949  
            374         0.01933  
            375         0.01918  
            376         0.01902  
            377         0.01887  
            378         0.01872  
            379         0.01856  
            380         0.01841  
            381         0.01826  
            382         0.01810  
            383         0.01795  
            384         0.01780  
            385         0.01765  
            386         0.01749  
            387         0.01734  
            388         0.01720  
            389         0.01705  
            390         0.01690  
            391         0.01676  
            392         0.01662  
            393         0.01648  
            394         0.01634  
            395         0.01621  
            396         0.01607  
            397         0.01594  
            398         0.01581  
            399         0.01568  
            400         0.01555  
            401         0.01543  
            402         0.01530  
            403         0.01518  
            404         0.01506  
            405         0.01494  
            406         0.01482  
            407         0.01471  
            408         0.01459  
            409         0.01448  
            410         0.01437  
            411         0.01426  
            412         0.01415  
            413         0.01404  
            414         0.01393  
            415         0.01383  
            416         0.01372  
            417         0.01362  
            418         0.01352  
            419         0.01342  
            420         0.01332  
            421         0.01322  
            422         0.01313  
            423         0.01303  
            424         0.01294  
            425         0.01285  
            426         0.01276  
            427         0.01267  
            428         0.01258  
            429         0.01249  
            430         0.01240  
            431         0.01232  
            432         0.01223  
            433         0.01215  
            434         0.01207  
            435         0.01199  
            436         0.01191  
            437         0.01183  
            438         0.01175  
            439         0.01167  
            440         0.01160  
            441         0.01152  
            442         0.01145  
            443         0.01138  
            444         0.01130  
            445         0.01123  
            446         0.01116  
            447         0.01109  
            448         0.01102  
            449         0.01096  
            450         0.01089  
            451         0.01083  
            452         0.01076  
            453         0.01070  
            454         0.01063  
            455         0.01057  
            456         0.01051  
            457         0.01045  
            458         0.01039  
            459         0.01033  
            460         0.01027  
            461         0.01022  
            462         0.01016  
            463         0.01010  
            464         0.01005  
            465         0.01000  
            466         0.00994  
            467         0.00989  
            468         0.00984  
            469         0.00979  
            470         0.00974  
            471         0.00969  
            472         0.00964  
            473         0.00959  
            474         0.00954  
            475         0.00949  
            476         0.00945  
            477         0.00940  
            478         0.00936  
            479         0.00931  
            480         0.00927  
            481         0.00923  
            482         0.00918  
            483         0.00914  
            484         0.00910  
            485         0.00906  
            486         0.00902  
            487         0.00898  
            488         0.00894  
            489         0.00891  
            490         0.00887  
            491         0.00883  
            492         0.00880  
            493         0.00876  
            494         0.00873  
            495         0.00869  
            496         0.00866  
            497         0.00862  
            498         0.00859  
            499         0.00856  
            500         0.00853  
            501         0.00850  
            502         0.00847  
            503         0.00844  
            504         0.00841  
            505         0.00838  
            506         0.00835  
            507         0.00832  
            508         0.00829  
            509         0.00827  
            510         0.00824  
            511         0.00821  
            512         0.00819  
            513         0.00816  
            514         0.00814  
            515         0.00812  
            516         0.00809  
            517         0.00807  
            518         0.00805  
            519         0.00803  
            520         0.00801  
            521         0.00798  
            522         0.00796  
            523         0.00794  
            524         0.00792  
            525         0.00791  
            526         0.00789  
            527         0.00787  
            528         0.00785  
            529         0.00783  
            530         0.00782  
            531         0.00780  
            532         0.00779  
            533         0.00777  
            534         0.00776  
            535         0.00774  
            536         0.00773  
            537         0.00771  
            538         0.00770  
            539         0.00769  
            540         0.00768  
            541         0.00767  
            542         0.00765  
            543         0.00764  
            544         0.00763  
            545         0.00762  
            546         0.00761  
            547         0.00760  
            548         0.00760  
            549         0.00759  
            550         0.00758  
            551         0.00757  
            552         0.00757  
            553         0.00756  
            554         0.00755  
            555         0.00755  
            556         0.00754  
            557         0.00754  
            558         0.00753  
            559         0.00753  
            560         0.00753  
            561         0.00752  
            562         0.00752  
            563         0.00752  
            564         0.00752  
            565         0.00752  
            566         0.00752  
            567         0.00751  
            568         0.00752  
            569         0.00752  
            570         0.00752  
            571         0.00752  
            572         0.00752  
            573         0.00752  
            574         0.00752  
            575         0.00753  
            576         0.00753  
            577         0.00754  
            578         0.00754  
            579         0.00755  
            580         0.00755  
            581         0.00756  
            582         0.00756  
            583         0.00757  
            584         0.00758  
            585         0.00759  
            586         0.00759  
            587         0.00760  
            588         0.00761  
            589         0.00762  
            590         0.00763  
            591         0.00764  
            592         0.00765  
            593         0.00766  
            594         0.00768  
            595         0.00769  
            596         0.00770  
            597         0.00772  
            598         0.00773  
            599         0.00774  
            600         0.00776  
            601         0.00778  
            602         0.00779  
            603         0.00781  
            604         0.00783  
            605         0.00784  
            606         0.00786  
            607         0.00788  
            608         0.00790  
            609         0.00792  
            610         0.00794  
            611         0.00796  
            612         0.00798  
            613         0.00800  
            614         0.00803  
            615         0.00805  
            616         0.00807  
            617         0.00810  
            618         0.00812  
            619         0.00815  
            620         0.00817  
            621         0.00820  
            622         0.00823  
            623         0.00826  
            624         0.00829  
            625         0.00831  
            626         0.00834  
            627         0.00838  
            628         0.00841  
            629         0.00844  
            630         0.00847  
            631         0.00850  
            632         0.00854  
            633         0.00857  
            634         0.00861  
            635         0.00864  
            636         0.00868  
            637         0.00872  
            638         0.00876  
            639         0.00880  
            640         0.00884  
            641         0.00888  
            642         0.00892  
            643         0.00896  
            644         0.00900  
            645         0.00905  
            646         0.00909  
            647         0.00914  
            648         0.00918  
            649         0.00923  
            650         0.00928  
            651         0.00933  
            652         0.00938  
            653         0.00943  
            654         0.00948  
            655         0.00953  
            656         0.00958  
            657         0.00964  
            658         0.00969  
            659         0.00975  
            660         0.00981  
            661         0.00987  
            662         0.00993  
            663         0.00999  
            664         0.01005  
            665         0.01011  
            666         0.01017  
            667         0.01024  
            668         0.01030  
            669         0.01037  
            670         0.01044  
            671         0.01051  
            672         0.01058  
            673         0.01065  
            674         0.01072  
            675         0.01080  
            676         0.01087  
            677         0.01095  
            678         0.01103  
            679         0.01111  
            680         0.01119  
            681         0.01127  
            682         0.01136  
            683         0.01144  
            684         0.01153  
            685         0.01162  
            686         0.01171  
            687         0.01180  
            688         0.01189  
            689         0.01198  
            690         0.01208  
            691         0.01218  
            692         0.01228  
            693         0.01238  
            694         0.01248  
            695         0.01258  
            696         0.01269  
            697         0.01280  
            698         0.01291  
            699         0.01302  
            700         0.01313  
            701         0.01325  
            702         0.01337  
            703         0.01349  
            704         0.01361  
            705         0.01373  
            706         0.01386  
            707         0.01399  
            708         0.01412  
            709         0.01425  
            710         0.01438  
            711         0.01452  
            712         0.01466  
            713         0.01480  
            714         0.01495  
            715         0.01510  
            716         0.01524  
            717         0.01540  
            718         0.01555  
            719         0.01571  
            720         0.01587  
            721         0.01603  
            722         0.01620  
            723         0.01637  
            724         0.01654  
            725         0.01672  
            726         0.01690  
            727         0.01708  
            728         0.01726  
            729         0.01745  
            730         0.01764  
            731         0.01784  
            732         0.01804  
            733         0.01824  
            734         0.01845  
            735         0.01866  
            736         0.01887  
            737         0.01909  
            738         0.01931  
            739         0.01954  
            740         0.01977  
            741         0.02000  
            742         0.02024  
            743         0.02048  
            744         0.02073  
            745         0.02098  
            746         0.02124  
            747         0.02150  
            748         0.02177  
            749         0.02204  
            750         0.02232  
            751         0.02260  
            752         0.02289  
            753         0.02318  
            754         0.02348  
            755         0.02378  
            756         0.02409  
            757         0.02441  
            758         0.02473  
            759         0.02506  
            760         0.02539  
            761         0.02573  
            762         0.02608  
            763         0.02644  
            764         0.02680  
            765         0.02717  
            766         0.02754  
            767         0.02793  
            768         0.02832  
            769         0.02872  
            770         0.02913  
            771         0.02954  
            772         0.02996  
            773         0.03040  
            774         0.03084  
            775         0.03129  
            776         0.03175  
            777         0.03222  
            778         0.03269  
            779         0.03318  
            780         0.03368  
            781         0.03419  
            782         0.03471  
            783         0.03524  
            784         0.03578  
            785         0.03633  
            786         0.03689  
            787         0.03747  
            788         0.03806  
            789         0.03866  
            790         0.03927  
            791         0.03989  
            792         0.04053  
            793         0.04119  
            794         0.04185  
            795         0.04253  
            796         0.04323  
            797         0.04394  
            798         0.04467  
            799         0.04541  
            800         0.04617  
            801         0.04694  
            802         0.04773  
            803         0.04854  
            804         0.04937  
            805         0.05022  
            806         0.05108  
            807         0.05197  
            808         0.05287  
            809         0.05380  
            810         0.05474  
            811         0.05571  
            812         0.05670  
            813         0.05771  
            814         0.05874  
            815         0.05980  
            816         0.06088  
            817         0.06199  
            818         0.06312  
            819         0.06428  
            820         0.06547  
            821         0.06668  
            822         0.06792  
            823         0.06920  
            824         0.07050  
            825         0.07183  
            826         0.07319  
            827         0.07459  
            828         0.07602  
            829         0.07748  
            830         0.07898  
            831         0.08052  
            832         0.08209  
            833         0.08370  
            834         0.08535  
            835         0.08704  
            836         0.08878  
            837         0.09055  
            838         0.09237  
            839         0.09423  
            840         0.09614  
            841         0.09810  
            842         0.10010  
            843         0.10216  
            844         0.10427  
            845         0.10643  
            846         0.10864  
            847         0.11092  
            848         0.11325  
            849         0.11563  
            850         0.11808  
            851         0.12060  
            852         0.12317  
            853         0.12582  
            854         0.12853  
            855         0.13132  
            856         0.13417  
            857         0.13710  
            858         0.14011  
            859         0.14320  
            860         0.14637  
            861         0.14962  
            862         0.15296  
            863         0.15639  
            864         0.15991  
            865         0.16353  
            866         0.16724  
            867         0.17106  
            868         0.17497  
            869         0.17900  
            870         0.18313  
            871         0.18738  
            872         0.19174  
            873         0.19623  
            874         0.20084  
            875         0.20558  
            876         0.21044  
            877         0.21545  
            878         0.22059  
            879         0.22588  
            880         0.23132  
            881         0.23691  
            882         0.24266  
            883         0.24857  
            884         0.25465  
            885         0.26091  
            886         0.26735  
            887         0.27397  
            888         0.28078  
            889         0.28779  
            890         0.29500  
            891         0.30243  
            892         0.31007  
            893         0.31793  
            894         0.32603  
            895         0.33437  
            896         0.34295  
            897         0.35179  
            898         0.36089  
            899         0.37026  
            900         0.37991  
            901         0.38986  
            902         0.40010  
            903         0.41066  
            904         0.42153  
            905         0.43274  
            906         0.44429  
            907         0.45619  
            908         0.46846  
            909         0.48111  
            910         0.49415  
            911         0.50759  
            912         0.51759  
            913         0.51734  
            914         0.51921  
            915         0.52151  
            916         0.52420  
            917         0.52520  
            918         0.52684  
            919         0.52932  
            920         0.53300  
            921         0.53578  
            922         0.53705  
            923         0.53566  
            924         0.54377  
            925         0.54239  
            926         0.54102  
            927         0.55235  
            928         0.55100  
            929         0.54964  
            930         0.54829  
            931         0.56452  
            932         0.56320  
            933         0.56187  
            934         0.56055  
            935         0.55922  
            936         0.55789  
            937         0.55656  
            938         0.58214  
            939         0.58086  
            940         0.57959  
            941         0.57832  
            942         0.57704  
            943         0.57577  
            944         0.57449  
            945         0.57322  
            946         0.57194  
            947         0.57066  
            948         0.56938  
            949         0.56810  
            950         0.60658  
            951         0.60538  
            952         0.60418  
            953         0.60297  
            954         0.60177  
            955         0.60057  
            956         0.59936  
            957         0.59815  
            958         0.59695  
            959         0.59574  
            960         0.59453  
            961         0.59332  
            962         0.59211  
            963         0.59089  
            964         0.58968  
            965         0.58847  
            966         0.58725  
            967         0.58603  
            968         0.58482  
            969         0.58360  
            970         0.58238  
            971         0.58116  
            972         0.57994  
            973         0.64564  
            974         0.64456  
            975         0.64347  
            976         0.64238  
            977         0.64129  
            978         0.64020  
            979         0.63910  
            980         0.63801  
            981         0.63692  
            982         0.63582  
            983         0.63472  
            984         0.63362  
            985         0.63252  
            986         0.63142  
            987         0.63032  
            988         0.62922  
            989         0.62811  
            990         0.62701  
            991         0.62590  
            992         0.62479  
            993         0.62368  
            994         0.62258  
            995         0.62146  
            996         0.62035  
            997         0.61924  
            998         0.61813  
            999         0.61701  
           1000         0.61589  
           1001         0.61478  
           1002         0.61366  
           1003         0.61254  
           1004         0.61142  
           1005         0.61030  
           1006         0.60918  
           1007         0.60806  
           1008         0.60693  
           1009         0.60581  
           1010         0.60468  
           1011         0.60356  
           1012         0.60243  
           1013         0.60130  
           1014         0.60017  
           1015         0.59904  
           1016         0.59791  
           1017         0.59678  
           1018         0.59564  
           1019         0.59451  
           1020         0.59338  
           1021         0.59224  
           1022         0.59110  
           1023         0.58997  
           1024         0.58883  
           1025         0.58769  
           1026         0.72565  
           1027         0.72481  
           1028         0.72397  
           1029         0.72314  
           1030         0.72230  
           1031         0.72146  
           1032         0.72061  
           1033         0.71977  
           1034         0.71893  
           1035         0.71808  
           1036         0.71723  
           1037         0.71639  
           1038         0.71554  
           1039         0.71469  
           1040         0.71384  
           1041         0.71298  
           1042         0.71213  
           1043         0.71128  
           1044         0.71042  
           1045         0.70956  
           1046         0.70870  
           1047         0.70784  
           1048         0.70698  
           1049         0.70612  
           1050         0.70526  
           1051         0.70439  
           1052         0.70353  
           1053         0.70266  
           1054         0.70180  
           1055         0.70093  
           1056         0.70006  
           1057         0.69919  
           1058         0.69832  
           1059         0.69744  
           1060         0.69657  
           1061         0.69569  
           1062         0.69482  
           1063         0.69394  
           1064         0.69306  
           1065         0.69218  
           1066         0.69130  
           1067         0.69042  
           1068         0.68954  
           1069         0.68865  
           1070         0.68777  
           1071         0.68688  
           1072         0.68600  
           1073         0.68511  
           1074         0.68422  
           1075         0.68333  
           1076         0.68244  
           1077         0.68154  
           1078         0.68065  
           1079         0.67976  
           1080         0.67886  
           1081         0.67796  
           1082         0.67707  
           1083         0.67617  
           1084         0.67527  
           1085         0.67437  
           1086         0.67347  
           1087         0.67257  
           1088         0.67166  
           1089         0.67076  
           1090         0.66985  
           1091         0.66895  
           1092         0.66804  
           1093         0.66713  
           1094         0.66622  
           1095         0.66531  
           1096         0.66440  
           1097         0.66349  
           1098         0.66257  
           1099         0.66166  
           1100         0.66075  
           1101         0.65983  
           1102         0.65891  
           1103         0.65799  
           1104         0.65707  
           1105         0.65616  
           1106         0.65523  
           1107         0.65431  
           1108         0.65339  
           1109         0.65247  
           1110         0.65154  
           1111         0.65062  
           1112         0.64969  
           1113         0.64876  
           1114         0.64784  
           1115         0.64691  
           1116         0.64598  
           1117         0.64505  
           1118         0.64412  
           1119         0.64318  
           1120         0.64225  
           1121         0.64132  
           1122         0.64038  
           1123         0.63945  
           1124         0.63851  
           1125         0.63757  
           1126         0.63663  
           1127         0.63570  
           1128         0.63476  
           1129         0.63382  
           1130         0.63287  
           1131         0.63193  
           1132         0.63099  
           1133         0.63004  
           1134         0.62910  
           1135         0.62815  
           1136         0.62721  
           1137         0.62626  
           1138         0.62531  
           1139         0.62436  
           1140         0.62342  
           1141         0.62246  
           1142         0.62151  
           1143         0.62056  
           1144         0.61961  
           1145         0.61866  
           1146         0.61770  
           1147         0.61675  
           1148         0.61579  
           1149         0.61484  
           1150         0.61388  
           1151         0.61292  
           1152         0.61196  
           1153         0.61101  
           1154         0.61005  
           1155         0.60908  
           1156         0.60812  
           1157         0.60716  
           1158         0.60620  
           1159         0.60524  
           1160         0.60427  
           1161         0.60331  
           1162         0.60234  
           1163         0.60138  
           1164         0.60041  
           1165         0.59945  
           1166         0.59848  
           1167         0.59751  
           1168         0.59654  
           1169         0.59557  
           1170         0.59460  
           1171         0.59363  
           1172         0.59266  
           1173         0.59169  
           1174         0.59071  
           1175         0.58974  
           1176         0.58877  
           1177         0.58779  
           1178         0.58682  
           1179         0.58584  
           1180         0.58487  
           1181         0.58389  
           1182         0.58291  
           1183         0.58194  
           1184         0.58096  
           1185         0.57998  
           1186         0.57900  
           1187         0.57802  
           1188         0.57704  
           1189         0.57606  
           1190         0.57508  
           1191         0.57409  
           1192         0.57311  
           1193         0.57213  
           1194         0.57115  
           1195         0.57016  
           1196         0.56918  
           1197         0.56819  
           1198         0.56721  
           1199         0.56622  
           1200         0.56524  
           1201         0.56425  
           1202         0.56326  
           1203         0.56227  
           1204         0.56129  
           1205         0.56030  
           1206         0.55931  
           1207         0.55832  
           1208         0.55733  
           1209         0.55634  
           1210         0.55535  
           1211         0.55436  
           1212         0.55337  
           1213         0.55238  
           1214         0.55138  
           1215         0.55039  
           1216         1.00000  
