              0         0.03712  
              1         0.03702  
              2         0.03692  
              3         0.03682  
              4         0.03672  
              5         0.03662  
              6         0.03652  
              7         0.03642  
              8         0.03632  
              9         0.03622  
             10         0.03613  
             11         0.03603  
             12         0.03593  
             13         0.03583  
             14         0.03573  
             15         0.03563  
             16         0.03553  
             17         0.03543  
             18         0.03533  
             19         0.03523  
             20         0.03514  
             21         0.03504  
             22         0.03494  
             23         0.03484  
             24         0.03474  
             25         0.03464  
             26         0.03454  
             27         0.03444  
             28         0.03434  
             29         0.03424  
             30         0.03415  
             31         0.03405  
             32         0.03395  
             33         0.03385  
             34         0.03375  
             35         0.03365  
             36         0.03355  
             37         0.03345  
             38         0.03335  
             39         0.03325  
             40         0.03316  
             41         0.03306  
             42         0.03296  
             43         0.03286  
             44         0.03276  
             45         0.03266  
             46         0.03256  
             47         0.03246  
             48         0.03236  
             49         0.03226  
             50         0.03217  
             51         0.03207  
             52         0.03197  
             53         0.03187  
             54         0.03177  
             55         0.03167  
             56         0.03157  
             57         0.03147  
             58         0.03137  
             59         0.03127  
             60         0.03118  
             61         0.03108  
             62         0.03098  
             63         0.03088  
             64         0.03078  
             65         0.03068  
             66         0.03058  
             67         0.03048  
             68         0.03038  
             69         0.03028  
             70         0.03019  
             71         0.03009  
             72         0.02999  
             73         0.02989  
             74         0.02979  
             75         0.02969  
             76         0.02959  
             77         0.02949  
             78         0.02939  
             79         0.02929  
             80         0.02920  
             81         0.02910  
             82         0.02900  
             83         0.02890  
             84         0.02880  
             85         0.02870  
             86         0.02860  
             87         0.02850  
             88         0.02840  
             89         0.02830  
             90         0.02821  
             91         0.02811  
             92         0.02801  
             93         0.02791  
             94         0.02781  
             95         0.02771  
             96         0.02761  
             97         0.02751  
             98         0.02741  
             99         0.02731  
            100         0.02722  
            101         0.02712  
            102         0.02702  
            103         0.02692  
            104         0.02682  
            105         0.02672  
            106         0.02662  
            107         0.02652  
            108         0.02642  
            109         0.02632  
            110         0.02623  
            111         0.02613  
            112         0.02603  
            113         0.02593  
            114         0.02583  
            115         0.02573  
            116         0.02563  
            117         0.02553  
            118         0.02543  
            119         0.02533  
            120         0.02524  
            121         0.02514  
            122         0.02504  
            123         0.02494  
            124         0.02484  
            125         0.02474  
            126         0.02464  
            127         0.02454  
            128         0.02444  
            129         0.02434  
            130         0.02425  
            131         0.02415  
            132         0.02405  
            133         0.02395  
            134         0.02385  
            135         0.02375  
            136         0.02365  
            137         0.02355  
            138         0.02345  
            139         0.02335  
            140         0.02326  
            141         0.02316  
            142         0.02306  
            143         0.02296  
            144         0.02286  
            145         0.02276  
            146         0.02266  
            147         0.02256  
            148         0.02246  
            149         0.02236  
            150         0.02227  
            151         0.02217  
            152         0.02207  
            153         0.02197  
            154         0.02187  
            155         0.02177  
            156         0.02167  
            157         0.02157  
            158         0.02147  
            159         0.02137  
            160         0.02128  
            161         0.02118  
            162         0.02108  
            163         0.02098  
            164         0.02088  
            165         0.02078  
            166         0.02068  
            167         0.02058  
            168         0.02048  
            169         0.02038  
            170         0.02029  
            171         0.02019  
            172         0.02009  
            173         0.01999  
            174         0.01989  
            175         0.01979  
            176         0.01969  
            177         0.01959  
            178         0.01949  
            179         0.01939  
            180         0.01930  
            181         0.01920  
            182         0.01910  
            183         0.01900  
            184         0.01890  
            185         0.01880  
            186         0.01870  
            187         0.01860  
            188         0.01850  
            189         0.01840  
            190         0.01831  
            191         0.01821  
            192         0.01811  
            193         0.01801  
            194         0.01791  
            195         0.01781  
            196         0.01771  
            197         0.01761  
            198         0.01751  
            199         0.01741  
            200         0.01732  
            201         0.01722  
            202         0.01712  
            203         0.01702  
            204         0.01692  
            205         0.01682  
            206         0.01672  
            207         0.01662  
            208         0.01652  
            209         0.01642  
            210         0.01633  
            211         0.01623  
            212         0.01613  
            213         0.01603  
            214         0.01593  
            215         0.01583  
            216         0.01573  
            217         0.01563  
            218         0.01553  
            219         0.01543  
            220         0.01534  
            221         0.01524  
            222         0.01514  
            223         0.01504  
            224         0.01494  
            225         0.01484  
            226         0.01474  
            227         0.01464  
            228         0.01454  
            229         0.01444  
            230         0.01435  
            231         0.01425  
            232         0.01415  
            233         0.01405  
            234         0.01395  
            235         0.01385  
            236         0.01375  
            237         0.01365  
            238         0.01355  
            239         0.01345  
            240         0.01336  
            241         0.01326  
            242         0.01316  
            243         0.01306  
            244         0.01296  
            245         0.01286  
            246         0.01276  
            247         0.01266  
            248         0.01256  
            249         0.01246  
            250         0.01237  
            251         0.01227  
            252         0.01217  
            253         0.01207  
            254         0.01197  
            255         0.01187  
            256         0.01177  
            257         0.01167  
            258         0.01157  
            259         0.01147  
            260         0.01138  
            261         0.01128  
            262         0.01118  
            263         0.01108  
            264         0.01098  
            265         0.01088  
            266         0.01078  
            267         0.01068  
            268         0.01058  
            269         0.01048  
            270         0.01039  
            271         0.01029  
            272         0.01019  
            273         0.01009  
            274         0.00999  
            275         0.00989  
            276         0.00979  
            277         0.00969  
            278         0.00959  
            279         0.00949  
            280         0.00940  
            281         0.00930  
            282         0.00920  
            283         0.00910  
            284         0.00900  
            285         0.00890  
            286         0.00880  
            287         0.00870  
            288         0.00860  
            289         0.00850  
            290         0.00841  
            291         0.00831  
            292         0.00821  
            293         0.00811  
            294         0.00801  
            295         0.00791  
            296         0.00781  
            297         0.00771  
            298         0.00761  
            299         0.00751  
            300         0.00742  
            301         0.00732  
            302         0.00722  
            303         0.00712  
            304         0.00702  
            305         0.00692  
            306         0.00682  
            307         0.00672  
            308         0.00662  
            309         0.00652  
            310         0.00643  
            311         0.00633  
            312         0.00623  
            313         0.00613  
            314         0.00603  
            315         0.00593  
            316         0.00583  
            317         0.00574  
            318         0.00564  
            319         0.00555  
            320         0.00546  
            321         0.00537  
            322         0.00528  
            323         0.00520  
            324         0.00512  
            325         0.00503  
            326         0.00495  
            327         0.00487  
            328         0.00479  
            329         0.00472  
            330         0.00464  
            331         0.00457  
            332         0.00450  
            333         0.00443  
            334         0.00436  
            335         0.00429  
            336         0.00422  
            337         0.00416  
            338         0.00409  
            339         0.00403  
            340         0.00396  
            341         0.00390  
            342         0.00384  
            343         0.00378  
            344         0.00373  
            345         0.00367  
            346         0.00361  
            347         0.00356  
            348         0.00351  
            349         0.00345  
            350         0.00340  
            351         0.00335  
            352         0.00330  
            353         0.00325  
            354         0.00320  
            355         0.00316  
            356         0.00311  
            357         0.00306  
            358         0.00302  
            359         0.00297  
            360         0.00293  
            361         0.00289  
            362         0.00285  
            363         0.00281  
            364         0.00277  
            365         0.00273  
            366         0.00269  
            367         0.00265  
            368         0.00261  
            369         0.00258  
            370         0.00254  
            371         0.00250  
            372         0.00247  
            373         0.00243  
            374         0.00240  
            375         0.00237  
            376         0.00233  
            377         0.00230  
            378         0.00227  
            379         0.00224  
            380         0.00221  
            381         0.00218  
            382         0.00215  
            383         0.00212  
            384         0.00209  
            385         0.00207  
            386         0.00204  
            387         0.00201  
            388         0.00199  
            389         0.00196  
            390         0.00193  
            391         0.00191  
            392         0.00189  
            393         0.00186  
            394         0.00184  
            395         0.00181  
            396         0.00179  
            397         0.00177  
            398         0.00175  
            399         0.00172  
            400         0.00170  
            401         0.00168  
            402         0.00166  
            403         0.00164  
            404         0.00162  
            405         0.00160  
            406         0.00158  
            407         0.00156  
            408         0.00154  
            409         0.00153  
            410         0.00151  
            411         0.00149  
            412         0.00147  
            413         0.00146  
            414         0.00144  
            415         0.00142  
            416         0.00141  
            417         0.00139  
            418         0.00137  
            419         0.00136  
            420         0.00134  
            421         0.00133  
            422         0.00131  
            423         0.00130  
            424         0.00129  
            425         0.00127  
            426         0.00126  
            427         0.00124  
            428         0.00123  
            429         0.00122  
            430         0.00120  
            431         0.00119  
            432         0.00118  
            433         0.00117  
            434         0.00116  
            435         0.00114  
            436         0.00113  
            437         0.00112  
            438         0.00111  
            439         0.00110  
            440         0.00109  
            441         0.00108  
            442         0.00107  
            443         0.00106  
            444         0.00104  
            445         0.00103  
            446         0.00103  
            447         0.00102  
            448         0.00101  
            449         0.00100  
            450         0.00099  
            451         0.00098  
            452         0.00097  
            453         0.00096  
            454         0.00095  
            455         0.00094  
            456         0.00093  
            457         0.00093  
            458         0.00092  
            459         0.00091  
            460         0.00090  
            461         0.00090  
            462         0.00089  
            463         0.00088  
            464         0.00087  
            465         0.00087  
            466         0.00086  
            467         0.00085  
            468         0.00084  
            469         0.00084  
            470         0.00083  
            471         0.00082  
            472         0.00082  
            473         0.00081  
            474         0.00081  
            475         0.00080  
            476         0.00079  
            477         0.00079  
            478         0.00078  
            479         0.00078  
            480         0.00077  
            481         0.00077  
            482         0.00076  
            483         0.00076  
            484         0.00075  
            485         0.00074  
            486         0.00074  
            487         0.00073  
            488         0.00073  
            489         0.00073  
            490         0.00072  
            491         0.00072  
            492         0.00071  
            493         0.00071  
            494         0.00070  
            495         0.00070  
            496         0.00069  
            497         0.00069  
            498         0.00069  
            499         0.00068  
            500         0.00068  
            501         0.00067  
            502         0.00067  
            503         0.00067  
            504         0.00066  
            505         0.00066  
            506         0.00066  
            507         0.00065  
            508         0.00065  
            509         0.00065  
            510         0.00064  
            511         0.00064  
            512         0.00064  
            513         0.00063  
            514         0.00063  
            515         0.00063  
            516         0.00063  
            517         0.00062  
            518         0.00062  
            519         0.00062  
            520         0.00061  
            521         0.00061  
            522         0.00061  
            523         0.00061  
            524         0.00061  
            525         0.00060  
            526         0.00060  
            527         0.00060  
            528         0.00060  
            529         0.00059  
            530         0.00059  
            531         0.00059  
            532         0.00059  
            533         0.00059  
            534         0.00059  
            535         0.00058  
            536         0.00058  
            537         0.00058  
            538         0.00058  
            539         0.00058  
            540         0.00058  
            541         0.00057  
            542         0.00057  
            543         0.00057  
            544         0.00057  
            545         0.00057  
            546         0.00057  
            547         0.00057  
            548         0.00057  
            549         0.00057  
            550         0.00056  
            551         0.00056  
            552         0.00056  
            553         0.00056  
            554         0.00056  
            555         0.00056  
            556         0.00056  
            557         0.00056  
            558         0.00056  
            559         0.00056  
            560         0.00056  
            561         0.00056  
            562         0.00056  
            563         0.00056  
            564         0.00056  
            565         0.00056  
            566         0.00056  
            567         0.00056  
            568         0.00056  
            569         0.00056  
            570         0.00056  
            571         0.00056  
            572         0.00056  
            573         0.00056  
            574         0.00056  
            575         0.00056  
            576         0.00056  
            577         0.00056  
            578         0.00056  
            579         0.00056  
            580         0.00056  
            581         0.00056  
            582         0.00056  
            583         0.00056  
            584         0.00056  
            585         0.00056  
            586         0.00056  
            587         0.00056  
            588         0.00057  
            589         0.00057  
            590         0.00057  
            591         0.00057  
            592         0.00057  
            593         0.00057  
            594         0.00057  
            595         0.00057  
            596         0.00057  
            597         0.00058  
            598         0.00058  
            599         0.00058  
            600         0.00058  
            601         0.00058  
            602         0.00058  
            603         0.00059  
            604         0.00059  
            605         0.00059  
            606         0.00059  
            607         0.00059  
            608         0.00060  
            609         0.00060  
            610         0.00060  
            611         0.00060  
            612         0.00061  
            613         0.00061  
            614         0.00061  
            615         0.00061  
            616         0.00062  
            617         0.00062  
            618         0.00062  
            619         0.00062  
            620         0.00063  
            621         0.00063  
            622         0.00063  
            623         0.00064  
            624         0.00064  
            625         0.00064  
            626         0.00065  
            627         0.00065  
            628         0.00065  
            629         0.00066  
            630         0.00066  
            631         0.00066  
            632         0.00067  
            633         0.00067  
            634         0.00068  
            635         0.00068  
            636         0.00068  
            637         0.00069  
            638         0.00069  
            639         0.00070  
            640         0.00070  
            641         0.00071  
            642         0.00071  
            643         0.00072  
            644         0.00072  
            645         0.00073  
            646         0.00073  
            647         0.00074  
            648         0.00074  
            649         0.00075  
            650         0.00075  
            651         0.00076  
            652         0.00077  
            653         0.00077  
            654         0.00078  
            655         0.00079  
            656         0.00079  
            657         0.00080  
            658         0.00081  
            659         0.00081  
            660         0.00082  
            661         0.00083  
            662         0.00083  
            663         0.00084  
            664         0.00085  
            665         0.00086  
            666         0.00086  
            667         0.00087  
            668         0.00088  
            669         0.00089  
            670         0.00090  
            671         0.00091  
            672         0.00092  
            673         0.00092  
            674         0.00093  
            675         0.00094  
            676         0.00095  
            677         0.00096  
            678         0.00097  
            679         0.00098  
            680         0.00099  
            681         0.00101  
            682         0.00102  
            683         0.00103  
            684         0.00104  
            685         0.00105  
            686         0.00106  
            687         0.00107  
            688         0.00109  
            689         0.00110  
            690         0.00111  
            691         0.00113  
            692         0.00114  
            693         0.00115  
            694         0.00117  
            695         0.00118  
            696         0.00120  
            697         0.00121  
            698         0.00123  
            699         0.00124  
            700         0.00126  
            701         0.00128  
            702         0.00129  
            703         0.00131  
            704         0.00133  
            705         0.00134  
            706         0.00136  
            707         0.00138  
            708         0.00140  
            709         0.00142  
            710         0.00144  
            711         0.00146  
            712         0.00148  
            713         0.00150  
            714         0.00152  
            715         0.00155  
            716         0.00157  
            717         0.00159  
            718         0.00161  
            719         0.00164  
            720         0.00166  
            721         0.00169  
            722         0.00172  
            723         0.00174  
            724         0.00177  
            725         0.00180  
            726         0.00182  
            727         0.00185  
            728         0.00188  
            729         0.00191  
            730         0.00194  
            731         0.00198  
            732         0.00201  
            733         0.00204  
            734         0.00208  
            735         0.00211  
            736         0.00215  
            737         0.00218  
            738         0.00222  
            739         0.00226  
            740         0.00230  
            741         0.00234  
            742         0.00238  
            743         0.00242  
            744         0.00247  
            745         0.00251  
            746         0.00255  
            747         0.00260  
            748         0.00265  
            749         0.00270  
            750         0.00275  
            751         0.00280  
            752         0.00285  
            753         0.00291  
            754         0.00296  
            755         0.00302  
            756         0.00308  
            757         0.00314  
            758         0.00320  
            759         0.00326  
            760         0.00332  
            761         0.00339  
            762         0.00346  
            763         0.00353  
            764         0.00360  
            765         0.00367  
            766         0.00375  
            767         0.00382  
            768         0.00390  
            769         0.00398  
            770         0.00407  
            771         0.00415  
            772         0.00424  
            773         0.00433  
            774         0.00442  
            775         0.00452  
            776         0.00461  
            777         0.00472  
            778         0.00482  
            779         0.00492  
            780         0.00503  
            781         0.00515  
            782         0.00526  
            783         0.00538  
            784         0.00550  
            785         0.00562  
            786         0.00575  
            787         0.00589  
            788         0.00602  
            789         0.00616  
            790         0.00630  
            791         0.00645  
            792         0.00660  
            793         0.00676  
            794         0.00692  
            795         0.00709  
            796         0.00726  
            797         0.00743  
            798         0.00762  
            799         0.00780  
            800         0.00799  
            801         0.00819  
            802         0.00839  
            803         0.00860  
            804         0.00882  
            805         0.00904  
            806         0.00927  
            807         0.00951  
            808         0.00975  
            809         0.01000  
            810         0.01026  
            811         0.01052  
            812         0.01080  
            813         0.01108  
            814         0.01137  
            815         0.01167  
            816         0.01199  
            817         0.01230  
            818         0.01264  
            819         0.01298  
            820         0.01333  
            821         0.01369  
            822         0.01407  
            823         0.01445  
            824         0.01485  
            825         0.01526  
            826         0.01569  
            827         0.01613  
            828         0.01658  
            829         0.01705  
            830         0.01753  
            831         0.01803  
            832         0.01855  
            833         0.01908  
            834         0.01963  
            835         0.02020  
            836         0.02079  
            837         0.02140  
            838         0.02203  
            839         0.02268  
            840         0.02335  
            841         0.02404  
            842         0.02476  
            843         0.02550  
            844         0.02627  
            845         0.02706  
            846         0.02788  
            847         0.02874  
            848         0.02961  
            849         0.03052  
            850         0.03146  
            851         0.03243  
            852         0.03344  
            853         0.03448  
            854         0.03556  
            855         0.03668  
            856         0.03784  
            857         0.03904  
            858         0.04028  
            859         0.04157  
            860         0.04290  
            861         0.04428  
            862         0.04571  
            863         0.04720  
            864         0.04876  
            865         0.05035  
            866         0.05200  
            867         0.05371  
            868         0.05549  
            869         0.05733  
            870         0.05924  
            871         0.06122  
            872         0.06328  
            873         0.06541  
            874         0.06763  
            875         0.06993  
            876         0.07231  
            877         0.07479  
            878         0.07736  
            879         0.08003  
            880         0.08281  
            881         0.08569  
            882         0.08868  
            883         0.09179  
            884         0.09502  
            885         0.09842  
            886         0.10190  
            887         0.10552  
            888         0.10927  
            889         0.11317  
            890         0.11723  
            891         0.12145  
            892         0.12584  
            893         0.13040  
            894         0.13515  
            895         0.14009  
            896         0.14522  
            897         0.15057  
            898         0.15613  
            899         0.16192  
            900         0.16794  
            901         0.17421  
            902         0.18074  
            903         0.18754  
            904         0.19462  
            905         0.20199  
            906         0.20967  
            907         0.21768  
            908         0.22601  
            909         0.23470  
            910         0.24375  
            911         0.25319  
            912         0.26011  
            913         0.25965  
            914         0.26188  
            915         0.26429  
            916         0.26749  
            917         0.26862  
            918         0.27048  
            919         0.27332  
            920         0.27757  
            921         0.27992  
            922         0.28228  
            923         0.28065  
            924         0.29022  
            925         0.28859  
            926         0.28697  
            927         0.30055  
            928         0.29893  
            929         0.29732  
            930         0.29571  
            931         0.31557  
            932         0.31396  
            933         0.31267  
            934         0.31099  
            935         0.30931  
            936         0.30764  
            937         0.30596  
            938         0.33781  
            939         0.33613  
            940         0.33446  
            941         0.33278  
            942         0.33111  
            943         0.32945  
            944         0.32778  
            945         0.32612  
            946         0.32446  
            947         0.32280  
            948         0.32115  
            949         0.31950  
            950         0.36954  
            951         0.36791  
            952         0.36628  
            953         0.36465  
            954         0.36302  
            955         0.36140  
            956         0.35977  
            957         0.35815  
            958         0.35653  
            959         0.35492  
            960         0.35330  
            961         0.35169  
            962         0.35007  
            963         0.34846  
            964         0.34686  
            965         0.34525  
            966         0.34364  
            967         0.34204  
            968         0.34044  
            969         0.33884  
            970         0.33725  
            971         0.33565  
            972         0.33406  
            973         0.42092  
            974         0.41939  
            975         0.41786  
            976         0.41632  
            977         0.41479  
            978         0.41326  
            979         0.41173  
            980         0.41020  
            981         0.40867  
            982         0.40714  
            983         0.40561  
            984         0.40409  
            985         0.40256  
            986         0.40104  
            987         0.39951  
            988         0.39799  
            989         0.39647  
            990         0.39495  
            991         0.39343  
            992         0.39191  
            993         0.39039  
            994         0.38887  
            995         0.38736  
            996         0.38584  
            997         0.38433  
            998         0.38281  
            999         0.38130  
           1000         0.37979  
           1001         0.37828  
           1002         0.37678  
           1003         0.37527  
           1004         0.37376  
           1005         0.37226  
           1006         0.37076  
           1007         0.36926  
           1008         0.36776  
           1009         0.36626  
           1010         0.36476  
           1011         0.36327  
           1012         0.36177  
           1013         0.36028  
           1014         0.35879  
           1015         0.35730  
           1016         0.35581  
           1017         0.35433  
           1018         0.35284  
           1019         0.35136  
           1020         0.34988  
           1021         0.34840  
           1022         0.34692  
           1023         0.34544  
           1024         0.34397  
           1025         0.34250  
           1026         0.53897  
           1027         0.53777  
           1028         0.53657  
           1029         0.53536  
           1030         0.53416  
           1031         0.53296  
           1032         0.53175  
           1033         0.53055  
           1034         0.52934  
           1035         0.52814  
           1036         0.52693  
           1037         0.52573  
           1038         0.52452  
           1039         0.52331  
           1040         0.52211  
           1041         0.52090  
           1042         0.51969  
           1043         0.51849  
           1044         0.51728  
           1045         0.51607  
           1046         0.51486  
           1047         0.51365  
           1048         0.51244  
           1049         0.51123  
           1050         0.51002  
           1051         0.50881  
           1052         0.50760  
           1053         0.50639  
           1054         0.50518  
           1055         0.50397  
           1056         0.50276  
           1057         0.50154  
           1058         0.50033  
           1059         0.49912  
           1060         0.49791  
           1061         0.49670  
           1062         0.49549  
           1063         0.49427  
           1064         0.49306  
           1065         0.49185  
           1066         0.49064  
           1067         0.48942  
           1068         0.48821  
           1069         0.48700  
           1070         0.48579  
           1071         0.48457  
           1072         0.48336  
           1073         0.48215  
           1074         0.48093  
           1075         0.47972  
           1076         0.47851  
           1077         0.47729  
           1078         0.47608  
           1079         0.47487  
           1080         0.47366  
           1081         0.47244  
           1082         0.47123  
           1083         0.47002  
           1084         0.46881  
           1085         0.46760  
           1086         0.46638  
           1087         0.46517  
           1088         0.46396  
           1089         0.46275  
           1090         0.46154  
           1091         0.46033  
           1092         0.45911  
           1093         0.45790  
           1094         0.45669  
           1095         0.45548  
           1096         0.45427  
           1097         0.45306  
           1098         0.45185  
           1099         0.45064  
           1100         0.44943  
           1101         0.44822  
           1102         0.44702  
           1103         0.44581  
           1104         0.44460  
           1105         0.44339  
           1106         0.44336  
           1107         0.44189  
           1108         0.44042  
           1109         0.43896  
           1110         0.43749  
           1111         0.43602  
           1112         0.43456  
           1113         0.43309  
           1114         0.43163  
           1115         0.43016  
           1116         0.42870  
           1117         0.42724  
           1118         0.42577  
           1119         0.42431  
           1120         0.42285  
           1121         0.42138  
           1122         0.41992  
           1123         0.41846  
           1124         0.41700  
           1125         0.41554  
           1126         0.41408  
           1127         0.41262  
           1128         0.41116  
           1129         0.40971  
           1130         0.40825  
           1131         0.40679  
           1132         0.40534  
           1133         0.40388  
           1134         0.40243  
           1135         0.40098  
           1136         0.39952  
           1137         0.39807  
           1138         0.39662  
           1139         0.39517  
           1140         0.39372  
           1141         0.39227  
           1142         0.39083  
           1143         0.38938  
           1144         0.38794  
           1145         0.38649  
           1146         0.38505  
           1147         0.38361  
           1148         0.38216  
           1149         0.38072  
           1150         0.37928  
           1151         0.37784  
           1152         0.37641  
           1153         0.37497  
           1154         0.37354  
           1155         0.37210  
           1156         0.37067  
           1157         0.36924  
           1158         0.36781  
           1159         0.36638  
           1160         0.36495  
           1161         0.36353  
           1162         0.36210  
           1163         0.36068  
           1164         0.35925  
           1165         0.35783  
           1166         0.35641  
           1167         0.35500  
           1168         0.35358  
           1169         0.35216  
           1170         0.35075  
           1171         0.34934  
           1172         0.34793  
           1173         0.34651  
           1174         0.34511  
           1175         0.34370  
           1176         0.34230  
           1177         0.34089  
           1178         0.33949  
           1179         0.33809  
           1180         0.33669  
           1181         0.33529  
           1182         0.33390  
           1183         0.33251  
           1184         0.33111  
           1185         0.32972  
           1186         0.32834  
           1187         0.32695  
           1188         0.32556  
           1189         0.32418  
           1190         0.32280  
           1191         0.32142  
           1192         0.32004  
           1193         0.31867  
           1194         0.31729  
           1195         0.31592  
           1196         0.31455  
           1197         0.31318  
           1198         0.31182  
           1199         0.31045  
           1200         0.30909  
           1201         0.30773  
           1202         0.30638  
           1203         0.30502  
           1204         0.30367  
           1205         0.30231  
           1206         0.30096  
           1207         0.29962  
           1208         0.29827  
           1209         0.29693  
           1210         0.29559  
           1211         0.29425  
           1212         0.29291  
           1213         0.29158  
           1214         0.29025  
           1215         0.28892  
           1216         1.00000  
