              0         0.07477  
              1         0.07461  
              2         0.07446  
              3         0.07430  
              4         0.07414  
              5         0.07399  
              6         0.07383  
              7         0.07367  
              8         0.07352  
              9         0.07336  
             10         0.07320  
             11         0.07305  
             12         0.07289  
             13         0.07273  
             14         0.07258  
             15         0.07242  
             16         0.07226  
             17         0.07211  
             18         0.07195  
             19         0.07179  
             20         0.07164  
             21         0.07148  
             22         0.07132  
             23         0.07117  
             24         0.07101  
             25         0.07085  
             26         0.07070  
             27         0.07054  
             28         0.07038  
             29         0.07023  
             30         0.07007  
             31         0.06991  
             32         0.06976  
             33         0.06960  
             34         0.06944  
             35         0.06929  
             36         0.06913  
             37         0.06897  
             38         0.06882  
             39         0.06866  
             40         0.06850  
             41         0.06835  
             42         0.06819  
             43         0.06803  
             44         0.06788  
             45         0.06772  
             46         0.06756  
             47         0.06741  
             48         0.06725  
             49         0.06709  
             50         0.06694  
             51         0.06678  
             52         0.06662  
             53         0.06647  
             54         0.06631  
             55         0.06615  
             56         0.06600  
             57         0.06584  
             58         0.06569  
             59         0.06553  
             60         0.06537  
             61         0.06522  
             62         0.06506  
             63         0.06490  
             64         0.06475  
             65         0.06459  
             66         0.06443  
             67         0.06428  
             68         0.06412  
             69         0.06396  
             70         0.06381  
             71         0.06365  
             72         0.06349  
             73         0.06334  
             74         0.06318  
             75         0.06302  
             76         0.06287  
             77         0.06271  
             78         0.06255  
             79         0.06240  
             80         0.06224  
             81         0.06208  
             82         0.06193  
             83         0.06177  
             84         0.06161  
             85         0.06146  
             86         0.06130  
             87         0.06114  
             88         0.06099  
             89         0.06083  
             90         0.06067  
             91         0.06052  
             92         0.06036  
             93         0.06020  
             94         0.06005  
             95         0.05989  
             96         0.05973  
             97         0.05958  
             98         0.05942  
             99         0.05926  
            100         0.05911  
            101         0.05895  
            102         0.05879  
            103         0.05864  
            104         0.05848  
            105         0.05832  
            106         0.05817  
            107         0.05801  
            108         0.05785  
            109         0.05770  
            110         0.05754  
            111         0.05738  
            112         0.05723  
            113         0.05707  
            114         0.05692  
            115         0.05676  
            116         0.05660  
            117         0.05645  
            118         0.05629  
            119         0.05613  
            120         0.05598  
            121         0.05582  
            122         0.05566  
            123         0.05551  
            124         0.05535  
            125         0.05519  
            126         0.05504  
            127         0.05488  
            128         0.05472  
            129         0.05457  
            130         0.05441  
            131         0.05425  
            132         0.05410  
            133         0.05394  
            134         0.05378  
            135         0.05363  
            136         0.05347  
            137         0.05331  
            138         0.05316  
            139         0.05300  
            140         0.05284  
            141         0.05269  
            142         0.05253  
            143         0.05237  
            144         0.05222  
            145         0.05206  
            146         0.05190  
            147         0.05175  
            148         0.05159  
            149         0.05143  
            150         0.05128  
            151         0.05112  
            152         0.05096  
            153         0.05081  
            154         0.05065  
            155         0.05049  
            156         0.05034  
            157         0.05018  
            158         0.05002  
            159         0.04987  
            160         0.04971  
            161         0.04955  
            162         0.04940  
            163         0.04924  
            164         0.04908  
            165         0.04893  
            166         0.04877  
            167         0.04861  
            168         0.04846  
            169         0.04830  
            170         0.04815  
            171         0.04799  
            172         0.04783  
            173         0.04768  
            174         0.04752  
            175         0.04736  
            176         0.04721  
            177         0.04705  
            178         0.04689  
            179         0.04674  
            180         0.04658  
            181         0.04642  
            182         0.04627  
            183         0.04611  
            184         0.04595  
            185         0.04580  
            186         0.04564  
            187         0.04548  
            188         0.04533  
            189         0.04517  
            190         0.04501  
            191         0.04486  
            192         0.04470  
            193         0.04454  
            194         0.04439  
            195         0.04423  
            196         0.04407  
            197         0.04392  
            198         0.04376  
            199         0.04360  
            200         0.04345  
            201         0.04329  
            202         0.04313  
            203         0.04298  
            204         0.04282  
            205         0.04266  
            206         0.04251  
            207         0.04235  
            208         0.04219  
            209         0.04204  
            210         0.04188  
            211         0.04172  
            212         0.04157  
            213         0.04141  
            214         0.04125  
            215         0.04110  
            216         0.04094  
            217         0.04078  
            218         0.04063  
            219         0.04047  
            220         0.04031  
            221         0.04016  
            222         0.04000  
            223         0.03984  
            224         0.03969  
            225         0.03953  
            226         0.03938  
            227         0.03922  
            228         0.03906  
            229         0.03891  
            230         0.03875  
            231         0.03859  
            232         0.03844  
            233         0.03828  
            234         0.03812  
            235         0.03797  
            236         0.03781  
            237         0.03765  
            238         0.03750  
            239         0.03734  
            240         0.03718  
            241         0.03703  
            242         0.03687  
            243         0.03671  
            244         0.03656  
            245         0.03640  
            246         0.03624  
            247         0.03609  
            248         0.03593  
            249         0.03577  
            250         0.03562  
            251         0.03546  
            252         0.03530  
            253         0.03515  
            254         0.03499  
            255         0.03483  
            256         0.03468  
            257         0.03452  
            258         0.03436  
            259         0.03421  
            260         0.03405  
            261         0.03389  
            262         0.03374  
            263         0.03358  
            264         0.03342  
            265         0.03327  
            266         0.03311  
            267         0.03295  
            268         0.03280  
            269         0.03264  
            270         0.03248  
            271         0.03233  
            272         0.03217  
            273         0.03201  
            274         0.03186  
            275         0.03170  
            276         0.03154  
            277         0.03139  
            278         0.03123  
            279         0.03107  
            280         0.03092  
            281         0.03076  
            282         0.03061  
            283         0.03045  
            284         0.03029  
            285         0.03014  
            286         0.02998  
            287         0.02982  
            288         0.02967  
            289         0.02951  
            290         0.02935  
            291         0.02920  
            292         0.02904  
            293         0.02888  
            294         0.02873  
            295         0.02857  
            296         0.02841  
            297         0.02826  
            298         0.02810  
            299         0.02794  
            300         0.02779  
            301         0.02763  
            302         0.02747  
            303         0.02732  
            304         0.02716  
            305         0.02700  
            306         0.02685  
            307         0.02669  
            308         0.02653  
            309         0.02638  
            310         0.02622  
            311         0.02606  
            312         0.02591  
            313         0.02575  
            314         0.02559  
            315         0.02544  
            316         0.02528  
            317         0.02512  
            318         0.02497  
            319         0.02481  
            320         0.02465  
            321         0.02450  
            322         0.02434  
            323         0.02418  
            324         0.02403  
            325         0.02387  
            326         0.02371  
            327         0.02356  
            328         0.02340  
            329         0.02324  
            330         0.02309  
            331         0.02293  
            332         0.02277  
            333         0.02262  
            334         0.02246  
            335         0.02230  
            336         0.02215  
            337         0.02199  
            338         0.02184  
            339         0.02168  
            340         0.02152  
            341         0.02137  
            342         0.02121  
            343         0.02105  
            344         0.02090  
            345         0.02074  
            346         0.02058  
            347         0.02043  
            348         0.02027  
            349         0.02012  
            350         0.01996  
            351         0.01981  
            352         0.01966  
            353         0.01950  
            354         0.01935  
            355         0.01920  
            356         0.01905  
            357         0.01890  
            358         0.01876  
            359         0.01861  
            360         0.01846  
            361         0.01832  
            362         0.01817  
            363         0.01803  
            364         0.01788  
            365         0.01774  
            366         0.01759  
            367         0.01745  
            368         0.01731  
            369         0.01717  
            370         0.01703  
            371         0.01689  
            372         0.01675  
            373         0.01661  
            374         0.01647  
            375         0.01633  
            376         0.01620  
            377         0.01606  
            378         0.01592  
            379         0.01579  
            380         0.01565  
            381         0.01552  
            382         0.01538  
            383         0.01525  
            384         0.01512  
            385         0.01498  
            386         0.01485  
            387         0.01472  
            388         0.01459  
            389         0.01446  
            390         0.01434  
            391         0.01421  
            392         0.01409  
            393         0.01397  
            394         0.01385  
            395         0.01373  
            396         0.01361  
            397         0.01350  
            398         0.01338  
            399         0.01327  
            400         0.01316  
            401         0.01305  
            402         0.01294  
            403         0.01284  
            404         0.01273  
            405         0.01263  
            406         0.01253  
            407         0.01242  
            408         0.01233  
            409         0.01223  
            410         0.01213  
            411         0.01203  
            412         0.01194  
            413         0.01185  
            414         0.01175  
            415         0.01166  
            416         0.01157  
            417         0.01148  
            418         0.01140  
            419         0.01131  
            420         0.01123  
            421         0.01114  
            422         0.01106  
            423         0.01098  
            424         0.01090  
            425         0.01082  
            426         0.01074  
            427         0.01066  
            428         0.01058  
            429         0.01051  
            430         0.01043  
            431         0.01036  
            432         0.01029  
            433         0.01021  
            434         0.01014  
            435         0.01007  
            436         0.01000  
            437         0.00994  
            438         0.00987  
            439         0.00980  
            440         0.00974  
            441         0.00967  
            442         0.00961  
            443         0.00955  
            444         0.00948  
            445         0.00942  
            446         0.00936  
            447         0.00930  
            448         0.00924  
            449         0.00919  
            450         0.00913  
            451         0.00907  
            452         0.00902  
            453         0.00896  
            454         0.00891  
            455         0.00886  
            456         0.00880  
            457         0.00875  
            458         0.00870  
            459         0.00865  
            460         0.00860  
            461         0.00855  
            462         0.00850  
            463         0.00845  
            464         0.00841  
            465         0.00836  
            466         0.00832  
            467         0.00827  
            468         0.00823  
            469         0.00818  
            470         0.00814  
            471         0.00810  
            472         0.00805  
            473         0.00801  
            474         0.00797  
            475         0.00793  
            476         0.00789  
            477         0.00785  
            478         0.00782  
            479         0.00778  
            480         0.00774  
            481         0.00770  
            482         0.00767  
            483         0.00763  
            484         0.00760  
            485         0.00756  
            486         0.00753  
            487         0.00749  
            488         0.00746  
            489         0.00743  
            490         0.00740  
            491         0.00737  
            492         0.00733  
            493         0.00730  
            494         0.00727  
            495         0.00725  
            496         0.00722  
            497         0.00719  
            498         0.00716  
            499         0.00713  
            500         0.00711  
            501         0.00708  
            502         0.00705  
            503         0.00703  
            504         0.00700  
            505         0.00698  
            506         0.00695  
            507         0.00693  
            508         0.00691  
            509         0.00688  
            510         0.00686  
            511         0.00684  
            512         0.00682  
            513         0.00680  
            514         0.00678  
            515         0.00676  
            516         0.00674  
            517         0.00672  
            518         0.00670  
            519         0.00668  
            520         0.00666  
            521         0.00664  
            522         0.00663  
            523         0.00661  
            524         0.00659  
            525         0.00658  
            526         0.00656  
            527         0.00654  
            528         0.00653  
            529         0.00652  
            530         0.00650  
            531         0.00649  
            532         0.00647  
            533         0.00646  
            534         0.00645  
            535         0.00644  
            536         0.00642  
            537         0.00641  
            538         0.00640  
            539         0.00639  
            540         0.00638  
            541         0.00637  
            542         0.00636  
            543         0.00635  
            544         0.00634  
            545         0.00633  
            546         0.00633  
            547         0.00632  
            548         0.00631  
            549         0.00630  
            550         0.00630  
            551         0.00629  
            552         0.00629  
            553         0.00628  
            554         0.00628  
            555         0.00627  
            556         0.00627  
            557         0.00626  
            558         0.00626  
            559         0.00626  
            560         0.00625  
            561         0.00625  
            562         0.00625  
            563         0.00625  
            564         0.00624  
            565         0.00624  
            566         0.00624  
            567         0.00624  
            568         0.00624  
            569         0.00624  
            570         0.00624  
            571         0.00625  
            572         0.00625  
            573         0.00625  
            574         0.00625  
            575         0.00625  
            576         0.00626  
            577         0.00626  
            578         0.00626  
            579         0.00627  
            580         0.00627  
            581         0.00628  
            582         0.00628  
            583         0.00629  
            584         0.00630  
            585         0.00630  
            586         0.00631  
            587         0.00632  
            588         0.00632  
            589         0.00633  
            590         0.00634  
            591         0.00635  
            592         0.00636  
            593         0.00637  
            594         0.00638  
            595         0.00639  
            596         0.00640  
            597         0.00641  
            598         0.00643  
            599         0.00644  
            600         0.00645  
            601         0.00646  
            602         0.00648  
            603         0.00649  
            604         0.00651  
            605         0.00652  
            606         0.00654  
            607         0.00655  
            608         0.00657  
            609         0.00659  
            610         0.00660  
            611         0.00662  
            612         0.00664  
            613         0.00666  
            614         0.00668  
            615         0.00670  
            616         0.00672  
            617         0.00674  
            618         0.00676  
            619         0.00678  
            620         0.00680  
            621         0.00683  
            622         0.00685  
            623         0.00687  
            624         0.00690  
            625         0.00692  
            626         0.00695  
            627         0.00697  
            628         0.00700  
            629         0.00703  
            630         0.00705  
            631         0.00708  
            632         0.00711  
            633         0.00714  
            634         0.00717  
            635         0.00720  
            636         0.00723  
            637         0.00727  
            638         0.00730  
            639         0.00733  
            640         0.00736  
            641         0.00740  
            642         0.00743  
            643         0.00747  
            644         0.00751  
            645         0.00754  
            646         0.00758  
            647         0.00762  
            648         0.00766  
            649         0.00770  
            650         0.00774  
            651         0.00778  
            652         0.00783  
            653         0.00787  
            654         0.00791  
            655         0.00796  
            656         0.00800  
            657         0.00805  
            658         0.00810  
            659         0.00815  
            660         0.00819  
            661         0.00824  
            662         0.00829  
            663         0.00835  
            664         0.00840  
            665         0.00845  
            666         0.00851  
            667         0.00856  
            668         0.00862  
            669         0.00868  
            670         0.00873  
            671         0.00879  
            672         0.00885  
            673         0.00892  
            674         0.00898  
            675         0.00904  
            676         0.00911  
            677         0.00917  
            678         0.00924  
            679         0.00931  
            680         0.00938  
            681         0.00945  
            682         0.00952  
            683         0.00959  
            684         0.00967  
            685         0.00974  
            686         0.00982  
            687         0.00990  
            688         0.00998  
            689         0.01006  
            690         0.01014  
            691         0.01022  
            692         0.01031  
            693         0.01040  
            694         0.01048  
            695         0.01057  
            696         0.01066  
            697         0.01076  
            698         0.01085  
            699         0.01095  
            700         0.01105  
            701         0.01115  
            702         0.01125  
            703         0.01135  
            704         0.01145  
            705         0.01156  
            706         0.01167  
            707         0.01178  
            708         0.01189  
            709         0.01201  
            710         0.01212  
            711         0.01224  
            712         0.01236  
            713         0.01249  
            714         0.01261  
            715         0.01274  
            716         0.01287  
            717         0.01300  
            718         0.01313  
            719         0.01327  
            720         0.01341  
            721         0.01355  
            722         0.01370  
            723         0.01384  
            724         0.01399  
            725         0.01414  
            726         0.01430  
            727         0.01446  
            728         0.01462  
            729         0.01478  
            730         0.01495  
            731         0.01512  
            732         0.01529  
            733         0.01546  
            734         0.01564  
            735         0.01583  
            736         0.01601  
            737         0.01620  
            738         0.01639  
            739         0.01659  
            740         0.01679  
            741         0.01700  
            742         0.01720  
            743         0.01742  
            744         0.01763  
            745         0.01785  
            746         0.01808  
            747         0.01830  
            748         0.01854  
            749         0.01877  
            750         0.01902  
            751         0.01926  
            752         0.01951  
            753         0.01977  
            754         0.02003  
            755         0.02030  
            756         0.02057  
            757         0.02085  
            758         0.02113  
            759         0.02142  
            760         0.02171  
            761         0.02201  
            762         0.02232  
            763         0.02263  
            764         0.02295  
            765         0.02327  
            766         0.02360  
            767         0.02394  
            768         0.02428  
            769         0.02464  
            770         0.02499  
            771         0.02536  
            772         0.02573  
            773         0.02611  
            774         0.02650  
            775         0.02690  
            776         0.02731  
            777         0.02772  
            778         0.02814  
            779         0.02858  
            780         0.02902  
            781         0.02947  
            782         0.02993  
            783         0.03039  
            784         0.03087  
            785         0.03136  
            786         0.03186  
            787         0.03238  
            788         0.03290  
            789         0.03343  
            790         0.03398  
            791         0.03453  
            792         0.03510  
            793         0.03568  
            794         0.03628  
            795         0.03688  
            796         0.03751  
            797         0.03814  
            798         0.03879  
            799         0.03945  
            800         0.04013  
            801         0.04082  
            802         0.04153  
            803         0.04226  
            804         0.04300  
            805         0.04376  
            806         0.04453  
            807         0.04533  
            808         0.04614  
            809         0.04697  
            810         0.04782  
            811         0.04869  
            812         0.04958  
            813         0.05049  
            814         0.05142  
            815         0.05238  
            816         0.05335  
            817         0.05435  
            818         0.05538  
            819         0.05642  
            820         0.05750  
            821         0.05860  
            822         0.05972  
            823         0.06088  
            824         0.06206  
            825         0.06327  
            826         0.06451  
            827         0.06577  
            828         0.06708  
            829         0.06841  
            830         0.06977  
            831         0.07117  
            832         0.07261  
            833         0.07408  
            834         0.07559  
            835         0.07713  
            836         0.07871  
            837         0.08034  
            838         0.08200  
            839         0.08371  
            840         0.08546  
            841         0.08726  
            842         0.08910  
            843         0.09099  
            844         0.09293  
            845         0.09492  
            846         0.09696  
            847         0.09906  
            848         0.10121  
            849         0.10341  
            850         0.10568  
            851         0.10800  
            852         0.11039  
            853         0.11284  
            854         0.11535  
            855         0.11794  
            856         0.12059  
            857         0.12332  
            858         0.12611  
            859         0.12899  
            860         0.13194  
            861         0.13498  
            862         0.13809  
            863         0.14130  
            864         0.14459  
            865         0.14797  
            866         0.15145  
            867         0.15503  
            868         0.15870  
            869         0.16248  
            870         0.16637  
            871         0.17036  
            872         0.17447  
            873         0.17870  
            874         0.18305  
            875         0.18752  
            876         0.19212  
            877         0.19685  
            878         0.20172  
            879         0.20674  
            880         0.21189  
            881         0.21720  
            882         0.22267  
            883         0.22829  
            884         0.23409  
            885         0.24005  
            886         0.24619  
            887         0.25252  
            888         0.25903  
            889         0.26574  
            890         0.27265  
            891         0.27977  
            892         0.28710  
            893         0.29466  
            894         0.30245  
            895         0.31048  
            896         0.31875  
            897         0.32728  
            898         0.33607  
            899         0.34514  
            900         0.35449  
            901         0.36413  
            902         0.37407  
            903         0.38432  
            904         0.39490  
            905         0.40581  
            906         0.41707  
            907         0.42868  
            908         0.44067  
            909         0.45304  
            910         0.46581  
            911         0.47899  
            912         0.48878  
            913         0.48848  
            914         0.49044  
            915         0.49296  
            916         0.49557  
            917         0.49661  
            918         0.49829  
            919         0.50084  
            920         0.50463  
            921         0.50823  
            922         0.50880  
            923         0.50737  
            924         0.51572  
            925         0.51431  
            926         0.51290  
            927         0.52458  
            928         0.52319  
            929         0.52180  
            930         0.52041  
            931         0.53717  
            932         0.53580  
            933         0.53444  
            934         0.53307  
            935         0.53171  
            936         0.53034  
            937         0.52897  
            938         0.55561  
            939         0.55430  
            940         0.55299  
            941         0.55167  
            942         0.55036  
            943         0.54904  
            944         0.54772  
            945         0.54641  
            946         0.54509  
            947         0.54377  
            948         0.54245  
            949         0.54113  
            950         0.58111  
            951         0.57987  
            952         0.57863  
            953         0.57738  
            954         0.57613  
            955         0.57489  
            956         0.57364  
            957         0.57239  
            958         0.57114  
            959         0.56989  
            960         0.56864  
            961         0.56738  
            962         0.56613  
            963         0.56488  
            964         0.56362  
            965         0.56237  
            966         0.56111  
            967         0.55985  
            968         0.55860  
            969         0.55734  
            970         0.55608  
            971         0.55482  
            972         0.55356  
            973         0.62187  
            974         0.62074  
            975         0.61960  
            976         0.61847  
            977         0.61733  
            978         0.61619  
            979         0.61505  
            980         0.61391  
            981         0.61277  
            982         0.61163  
            983         0.61049  
            984         0.60934  
            985         0.60820  
            986         0.60705  
            987         0.60591  
            988         0.60476  
            989         0.60361  
            990         0.60246  
            991         0.60131  
            992         0.60016  
            993         0.59901  
            994         0.59786  
            995         0.59670  
            996         0.59555  
            997         0.59439  
            998         0.59323  
            999         0.59208  
           1000         0.59092  
           1001         0.58976  
           1002         0.58860  
           1003         0.58744  
           1004         0.58628  
           1005         0.58511  
           1006         0.58395  
           1007         0.58279  
           1008         0.58162  
           1009         0.58045  
           1010         0.57929  
           1011         0.57812  
           1012         0.57695  
           1013         0.57578  
           1014         0.57462  
           1015         0.57344  
           1016         0.57227  
           1017         0.57110  
           1018         0.56993  
           1019         0.56876  
           1020         0.56758  
           1021         0.56641  
           1022         0.56523  
           1023         0.56406  
           1024         0.56288  
           1025         0.56171  
           1026         0.70615  
           1027         0.70527  
           1028         0.70438  
           1029         0.70350  
           1030         0.70262  
           1031         0.70173  
           1032         0.70085  
           1033         0.69996  
           1034         0.69907  
           1035         0.69818  
           1036         0.69729  
           1037         0.69640  
           1038         0.69550  
           1039         0.69461  
           1040         0.69371  
           1041         0.69281  
           1042         0.69192  
           1043         0.69102  
           1044         0.69012  
           1045         0.68922  
           1046         0.68831  
           1047         0.68741  
           1048         0.68651  
           1049         0.68560  
           1050         0.68469  
           1051         0.68379  
           1052         0.68288  
           1053         0.68197  
           1054         0.68106  
           1055         0.68014  
           1056         0.67923  
           1057         0.67832  
           1058         0.67740  
           1059         0.67648  
           1060         0.67557  
           1061         0.67465  
           1062         0.67373  
           1063         0.67281  
           1064         0.67189  
           1065         0.67096  
           1066         0.67004  
           1067         0.66912  
           1068         0.66819  
           1069         0.66726  
           1070         0.66634  
           1071         0.66541  
           1072         0.66448  
           1073         0.66355  
           1074         0.66262  
           1075         0.66168  
           1076         0.66075  
           1077         0.65981  
           1078         0.65888  
           1079         0.65794  
           1080         0.65701  
           1081         0.65607  
           1082         0.65513  
           1083         0.65419  
           1084         0.65325  
           1085         0.65230  
           1086         0.65136  
           1087         0.65042  
           1088         0.64947  
           1089         0.64853  
           1090         0.64758  
           1091         0.64663  
           1092         0.64568  
           1093         0.64473  
           1094         0.64378  
           1095         0.64283  
           1096         0.64188  
           1097         0.64093  
           1098         0.63997  
           1099         0.63902  
           1100         0.63806  
           1101         0.63711  
           1102         0.63615  
           1103         0.63519  
           1104         0.63423  
           1105         0.63327  
           1106         0.63231  
           1107         0.63135  
           1108         0.63039  
           1109         0.62942  
           1110         0.62846  
           1111         0.62749  
           1112         0.62653  
           1113         0.62556  
           1114         0.62460  
           1115         0.62363  
           1116         0.62266  
           1117         0.62169  
           1118         0.62072  
           1119         0.61975  
           1120         0.61878  
           1121         0.61780  
           1122         0.61683  
           1123         0.61585  
           1124         0.61488  
           1125         0.61390  
           1126         0.61293  
           1127         0.61195  
           1128         0.61097  
           1129         0.60999  
           1130         0.60901  
           1131         0.60803  
           1132         0.60705  
           1133         0.60607  
           1134         0.60509  
           1135         0.60411  
           1136         0.60312  
           1137         0.60214  
           1138         0.60116  
           1139         0.60017  
           1140         0.59919  
           1141         0.59820  
           1142         0.59721  
           1143         0.59622  
           1144         0.59523  
           1145         0.59424  
           1146         0.59325  
           1147         0.59226  
           1148         0.59127  
           1149         0.59028  
           1150         0.58929  
           1151         0.58830  
           1152         0.58730  
           1153         0.58631  
           1154         0.58531  
           1155         0.58432  
           1156         0.58332  
           1157         0.58233  
           1158         0.58133  
           1159         0.58033  
           1160         0.57933  
           1161         0.57834  
           1162         0.57734  
           1163         0.57634  
           1164         0.57534  
           1165         0.57434  
           1166         0.57334  
           1167         0.57233  
           1168         0.57133  
           1169         0.57033  
           1170         0.56933  
           1171         0.56832  
           1172         0.56732  
           1173         0.56631  
           1174         0.56531  
           1175         0.56430  
           1176         0.56330  
           1177         0.56229  
           1178         0.56128  
           1179         0.56028  
           1180         0.55927  
           1181         0.55826  
           1182         0.55725  
           1183         0.55624  
           1184         0.55523  
           1185         0.55422  
           1186         0.55321  
           1187         0.55220  
           1188         0.55119  
           1189         0.55018  
           1190         0.54917  
           1191         0.54816  
           1192         0.54715  
           1193         0.54613  
           1194         0.54512  
           1195         0.54411  
           1196         0.54309  
           1197         0.54208  
           1198         0.54107  
           1199         0.54005  
           1200         0.53904  
           1201         0.53802  
           1202         0.53701  
           1203         0.53599  
           1204         0.53497  
           1205         0.53396  
           1206         0.53294  
           1207         0.53192  
           1208         0.53091  
           1209         0.52989  
           1210         0.52887  
           1211         0.52785  
           1212         0.52683  
           1213         0.52582  
           1214         0.52480  
           1215         0.52378  
           1216         1.00000  
