              0         0.92063  
              1         0.92068  
              2         0.92073  
              3         0.92078  
              4         0.92083  
              5         0.92088  
              6         0.92093  
              7         0.92098  
              8         0.92103  
              9         0.92108  
             10         0.92113  
             11         0.92118  
             12         0.92123  
             13         0.92128  
             14         0.92133  
             15         0.92138  
             16         0.92143  
             17         0.92147  
             18         0.92152  
             19         0.92157  
             20         0.92162  
             21         0.92167  
             22         0.92172  
             23         0.92177  
             24         0.92182  
             25         0.92187  
             26         0.92192  
             27         0.92197  
             28         0.92202  
             29         0.92207  
             30         0.92212  
             31         0.92217  
             32         0.92222  
             33         0.92227  
             34         0.92232  
             35         0.92237  
             36         0.92241  
             37         0.92246  
             38         0.92251  
             39         0.92256  
             40         0.92261  
             41         0.92266  
             42         0.92271  
             43         0.92276  
             44         0.92281  
             45         0.92286  
             46         0.92291  
             47         0.92296  
             48         0.92301  
             49         0.92306  
             50         0.92311  
             51         0.92316  
             52         0.92321  
             53         0.92326  
             54         0.92331  
             55         0.92336  
             56         0.92340  
             57         0.92345  
             58         0.92350  
             59         0.92355  
             60         0.92360  
             61         0.92365  
             62         0.92370  
             63         0.92375  
             64         0.92380  
             65         0.92385  
             66         0.92390  
             67         0.92395  
             68         0.92400  
             69         0.92405  
             70         0.92410  
             71         0.92415  
             72         0.92420  
             73         0.92425  
             74         0.92430  
             75         0.92435  
             76         0.92439  
             77         0.92444  
             78         0.92449  
             79         0.92454  
             80         0.92459  
             81         0.92464  
             82         0.92469  
             83         0.92474  
             84         0.92479  
             85         0.92484  
             86         0.92489  
             87         0.92494  
             88         0.92499  
             89         0.92504  
             90         0.92509  
             91         0.92514  
             92         0.92519  
             93         0.92524  
             94         0.92529  
             95         0.92533  
             96         0.92538  
             97         0.92543  
             98         0.92548  
             99         0.92553  
            100         0.92558  
            101         0.92563  
            102         0.92568  
            103         0.92573  
            104         0.92578  
            105         0.92583  
            106         0.92588  
            107         0.92593  
            108         0.92598  
            109         0.92603  
            110         0.92608  
            111         0.92613  
            112         0.92618  
            113         0.92623  
            114         0.92628  
            115         0.92632  
            116         0.92637  
            117         0.92642  
            118         0.92647  
            119         0.92652  
            120         0.92657  
            121         0.92662  
            122         0.92667  
            123         0.92672  
            124         0.92677  
            125         0.92682  
            126         0.92687  
            127         0.92692  
            128         0.92697  
            129         0.92702  
            130         0.92707  
            131         0.92712  
            132         0.92717  
            133         0.92722  
            134         0.92727  
            135         0.92731  
            136         0.92736  
            137         0.92741  
            138         0.92746  
            139         0.92751  
            140         0.92756  
            141         0.92761  
            142         0.92766  
            143         0.92771  
            144         0.92776  
            145         0.92781  
            146         0.92786  
            147         0.92791  
            148         0.92796  
            149         0.92801  
            150         0.92806  
            151         0.92811  
            152         0.92816  
            153         0.92821  
            154         0.92826  
            155         0.92830  
            156         0.92835  
            157         0.92840  
            158         0.92845  
            159         0.92850  
            160         0.92855  
            161         0.92860  
            162         0.92865  
            163         0.92870  
            164         0.92875  
            165         0.92880  
            166         0.92885  
            167         0.92890  
            168         0.92895  
            169         0.92900  
            170         0.92905  
            171         0.92910  
            172         0.92915  
            173         0.92920  
            174         0.92924  
            175         0.92929  
            176         0.92934  
            177         0.92939  
            178         0.92944  
            179         0.92949  
            180         0.92954  
            181         0.92959  
            182         0.92964  
            183         0.92969  
            184         0.92974  
            185         0.92979  
            186         0.92984  
            187         0.92989  
            188         0.92994  
            189         0.92999  
            190         0.93004  
            191         0.93009  
            192         0.93014  
            193         0.93019  
            194         0.93023  
            195         0.93028  
            196         0.93033  
            197         0.93038  
            198         0.93043  
            199         0.93048  
            200         0.93053  
            201         0.93058  
            202         0.93063  
            203         0.93068  
            204         0.93073  
            205         0.93078  
            206         0.93083  
            207         0.93088  
            208         0.93093  
            209         0.93098  
            210         0.93103  
            211         0.93108  
            212         0.93113  
            213         0.93118  
            214         0.93122  
            215         0.93127  
            216         0.93132  
            217         0.93137  
            218         0.93142  
            219         0.93147  
            220         0.93152  
            221         0.93157  
            222         0.93162  
            223         0.93167  
            224         0.93172  
            225         0.93177  
            226         0.93182  
            227         0.93187  
            228         0.93192  
            229         0.93197  
            230         0.93202  
            231         0.93207  
            232         0.93212  
            233         0.93217  
            234         0.93221  
            235         0.93226  
            236         0.93231  
            237         0.93236  
            238         0.93241  
            239         0.93246  
            240         0.93251  
            241         0.93256  
            242         0.93261  
            243         0.93266  
            244         0.93271  
            245         0.93276  
            246         0.93281  
            247         0.93286  
            248         0.93291  
            249         0.93296  
            250         0.93301  
            251         0.93306  
            252         0.93311  
            253         0.93316  
            254         0.93320  
            255         0.93325  
            256         0.93330  
            257         0.93335  
            258         0.93340  
            259         0.93345  
            260         0.93350  
            261         0.93355  
            262         0.93360  
            263         0.93365  
            264         0.93370  
            265         0.93375  
            266         0.93380  
            267         0.93385  
            268         0.93390  
            269         0.93395  
            270         0.93400  
            271         0.93405  
            272         0.93410  
            273         0.93414  
            274         0.93419  
            275         0.93424  
            276         0.93429  
            277         0.93434  
            278         0.93439  
            279         0.93444  
            280         0.93449  
            281         0.93454  
            282         0.93459  
            283         0.93464  
            284         0.93469  
            285         0.93474  
            286         0.93479  
            287         0.93484  
            288         0.93489  
            289         0.93494  
            290         0.93499  
            291         0.93504  
            292         0.93509  
            293         0.93513  
            294         0.93518  
            295         0.93523  
            296         0.93528  
            297         0.93533  
            298         0.93538  
            299         0.93543  
            300         0.93548  
            301         0.93553  
            302         0.93558  
            303         0.93563  
            304         0.93568  
            305         0.93573  
            306         0.93578  
            307         0.93583  
            308         0.93588  
            309         0.93593  
            310         0.93598  
            311         0.93603  
            312         0.93608  
            313         0.93612  
            314         0.93617  
            315         0.93622  
            316         0.93627  
            317         0.93632  
            318         0.93637  
            319         0.93642  
            320         0.93647  
            321         0.93652  
            322         0.93657  
            323         0.93662  
            324         0.93667  
            325         0.93672  
            326         0.93677  
            327         0.93682  
            328         0.93687  
            329         0.93692  
            330         0.93697  
            331         0.93702  
            332         0.93707  
            333         0.93711  
            334         0.93716  
            335         0.93721  
            336         0.93726  
            337         0.93731  
            338         0.93736  
            339         0.93741  
            340         0.93746  
            341         0.93751  
            342         0.93756  
            343         0.93761  
            344         0.93766  
            345         0.93771  
            346         0.93776  
            347         0.93781  
            348         0.93786  
            349         0.93791  
            350         0.93796  
            351         0.93801  
            352         0.93805  
            353         0.93810  
            354         0.93815  
            355         0.93820  
            356         0.93825  
            357         0.93830  
            358         0.93835  
            359         0.93840  
            360         0.93845  
            361         0.93850  
            362         0.93855  
            363         0.93860  
            364         0.93865  
            365         0.93870  
            366         0.93875  
            367         0.93880  
            368         0.93885  
            369         0.93890  
            370         0.93895  
            371         0.93900  
            372         0.93904  
            373         0.93909  
            374         0.93914  
            375         0.93919  
            376         0.93924  
            377         0.93929  
            378         0.93934  
            379         0.93939  
            380         0.93944  
            381         0.93949  
            382         0.93954  
            383         0.93959  
            384         0.93964  
            385         0.93969  
            386         0.93974  
            387         0.93979  
            388         0.93984  
            389         0.93989  
            390         0.93994  
            391         0.93999  
            392         0.94003  
            393         0.94008  
            394         0.94013  
            395         0.94018  
            396         0.94023  
            397         0.94028  
            398         0.94033  
            399         0.94038  
            400         0.94043  
            401         0.94048  
            402         0.94053  
            403         0.94058  
            404         0.94063  
            405         0.94068  
            406         0.94073  
            407         0.94078  
            408         0.94083  
            409         0.94088  
            410         0.94093  
            411         0.94098  
            412         0.94102  
            413         0.94107  
            414         0.94112  
            415         0.94117  
            416         0.94122  
            417         0.94127  
            418         0.94132  
            419         0.94137  
            420         0.94142  
            421         0.94147  
            422         0.94152  
            423         0.94157  
            424         0.94162  
            425         0.94167  
            426         0.94172  
            427         0.94177  
            428         0.94182  
            429         0.94187  
            430         0.94192  
            431         0.94196  
            432         0.94201  
            433         0.94206  
            434         0.94211  
            435         0.94216  
            436         0.94221  
            437         0.94226  
            438         0.94231  
            439         0.94236  
            440         0.94241  
            441         0.94246  
            442         0.94251  
            443         0.94256  
            444         0.94261  
            445         0.94266  
            446         0.94271  
            447         0.94276  
            448         0.94281  
            449         0.94286  
            450         0.94291  
            451         0.94295  
            452         0.94300  
            453         0.94305  
            454         0.94310  
            455         0.94315  
            456         0.94320  
            457         0.94325  
            458         0.94330  
            459         0.94335  
            460         0.94340  
            461         0.94345  
            462         0.94350  
            463         0.94355  
            464         0.94360  
            465         0.94365  
            466         0.94370  
            467         0.94375  
            468         0.94380  
            469         0.94385  
            470         0.94390  
            471         0.94394  
            472         0.94399  
            473         0.94404  
            474         0.94409  
            475         0.94414  
            476         0.94419  
            477         0.94424  
            478         0.94429  
            479         0.94434  
            480         0.94439  
            481         0.94444  
            482         0.94449  
            483         0.94454  
            484         0.94459  
            485         0.94464  
            486         0.94469  
            487         0.94474  
            488         0.94479  
            489         0.94484  
            490         0.94489  
            491         0.94493  
            492         0.94498  
            493         0.94503  
            494         0.94508  
            495         0.94513  
            496         0.94518  
            497         0.94523  
            498         0.94528  
            499         0.94533  
            500         0.94538  
            501         0.94543  
            502         0.94548  
            503         0.94553  
            504         0.94558  
            505         0.94563  
            506         0.94568  
            507         0.94573  
            508         0.94578  
            509         0.94583  
            510         0.94587  
            511         0.94592  
            512         0.94597  
            513         0.94602  
            514         0.94607  
            515         0.94612  
            516         0.94617  
            517         0.94622  
            518         0.94627  
            519         0.94632  
            520         0.94637  
            521         0.94642  
            522         0.94647  
            523         0.94652  
            524         0.94657  
            525         0.94662  
            526         0.94667  
            527         0.94672  
            528         0.94677  
            529         0.94682  
            530         0.94686  
            531         0.94691  
            532         0.94696  
            533         0.94701  
            534         0.94706  
            535         0.94711  
            536         0.94716  
            537         0.94721  
            538         0.94726  
            539         0.94731  
            540         0.94736  
            541         0.94741  
            542         0.94746  
            543         0.94751  
            544         0.94756  
            545         0.94761  
            546         0.94766  
            547         0.94771  
            548         0.94776  
            549         0.94781  
            550         0.94785  
            551         0.94790  
            552         0.94795  
            553         0.94800  
            554         0.94805  
            555         0.94810  
            556         0.94815  
            557         0.94820  
            558         0.94825  
            559         0.94830  
            560         0.94835  
            561         0.94840  
            562         0.94845  
            563         0.94850  
            564         0.94855  
            565         0.94860  
            566         0.94865  
            567         0.94870  
            568         0.94875  
            569         0.94880  
            570         0.94884  
            571         0.94889  
            572         0.94894  
            573         0.94899  
            574         0.94904  
            575         0.94909  
            576         0.94914  
            577         0.94919  
            578         0.94924  
            579         0.94929  
            580         0.94934  
            581         0.94939  
            582         0.94944  
            583         0.94949  
            584         0.94954  
            585         0.94959  
            586         0.94964  
            587         0.94969  
            588         0.94974  
            589         0.94978  
            590         0.94983  
            591         0.94988  
            592         0.94993  
            593         0.94998  
            594         0.95003  
            595         0.95008  
            596         0.95013  
            597         0.95018  
            598         0.95023  
            599         0.95028  
            600         0.95033  
            601         0.95038  
            602         0.95043  
            603         0.95048  
            604         0.95053  
            605         0.95058  
            606         0.95063  
            607         0.95068  
            608         0.95073  
            609         0.95077  
            610         0.95082  
            611         0.95087  
            612         0.95092  
            613         0.95097  
            614         0.95102  
            615         0.95107  
            616         0.95112  
            617         0.95117  
            618         0.95122  
            619         0.95127  
            620         0.95132  
            621         0.95137  
            622         0.95142  
            623         0.95147  
            624         0.95152  
            625         0.95157  
            626         0.95162  
            627         0.95167  
            628         0.95172  
            629         0.95176  
            630         0.95181  
            631         0.95186  
            632         0.95191  
            633         0.95196  
            634         0.95201  
            635         0.95206  
            636         0.95211  
            637         0.95216  
            638         0.95221  
            639         0.95226  
            640         0.95231  
            641         0.95236  
            642         0.95241  
            643         0.95246  
            644         0.95251  
            645         0.95256  
            646         0.95261  
            647         0.95266  
            648         0.95271  
            649         0.95275  
            650         0.95280  
            651         0.95285  
            652         0.95290  
            653         0.95295  
            654         0.95300  
            655         0.95305  
            656         0.95310  
            657         0.95315  
            658         0.95320  
            659         0.95325  
            660         0.95330  
            661         0.95335  
            662         0.95340  
            663         0.95345  
            664         0.95350  
            665         0.95355  
            666         0.95360  
            667         0.95365  
            668         0.95369  
            669         0.95374  
            670         0.95379  
            671         0.95384  
            672         0.95389  
            673         0.95394  
            674         0.95399  
            675         0.95404  
            676         0.95409  
            677         0.95414  
            678         0.95419  
            679         0.95424  
            680         0.95429  
            681         0.95434  
            682         0.95439  
            683         0.95444  
            684         0.95449  
            685         0.95454  
            686         0.95459  
            687         0.95464  
            688         0.95468  
            689         0.95473  
            690         0.95478  
            691         0.95483  
            692         0.95488  
            693         0.95493  
            694         0.95498  
            695         0.95503  
            696         0.95508  
            697         0.95514  
            698         0.95519  
            699         0.95524  
            700         0.95530  
            701         0.95535  
            702         0.95540  
            703         0.95546  
            704         0.95552  
            705         0.95557  
            706         0.95563  
            707         0.95569  
            708         0.95575  
            709         0.95581  
            710         0.95587  
            711         0.95593  
            712         0.95599  
            713         0.95605  
            714         0.95611  
            715         0.95618  
            716         0.95624  
            717         0.95630  
            718         0.95637  
            719         0.95643  
            720         0.95650  
            721         0.95657  
            722         0.95664  
            723         0.95670  
            724         0.95677  
            725         0.95684  
            726         0.95692  
            727         0.95699  
            728         0.95706  
            729         0.95713  
            730         0.95721  
            731         0.95728  
            732         0.95736  
            733         0.95743  
            734         0.95751  
            735         0.95759  
            736         0.95766  
            737         0.95774  
            738         0.95782  
            739         0.95790  
            740         0.95799  
            741         0.95807  
            742         0.95815  
            743         0.95824  
            744         0.95832  
            745         0.95841  
            746         0.95849  
            747         0.95858  
            748         0.95867  
            749         0.95876  
            750         0.95885  
            751         0.95894  
            752         0.95903  
            753         0.95913  
            754         0.95922  
            755         0.95932  
            756         0.95941  
            757         0.95951  
            758         0.95961  
            759         0.95971  
            760         0.95981  
            761         0.95991  
            762         0.96001  
            763         0.96011  
            764         0.96021  
            765         0.96032  
            766         0.96043  
            767         0.96053  
            768         0.96064  
            769         0.96075  
            770         0.96086  
            771         0.96097  
            772         0.96108  
            773         0.96120  
            774         0.96131  
            775         0.96143  
            776         0.96154  
            777         0.96166  
            778         0.96178  
            779         0.96190  
            780         0.96202  
            781         0.96215  
            782         0.96227  
            783         0.96240  
            784         0.96252  
            785         0.96265  
            786         0.96278  
            787         0.96291  
            788         0.96304  
            789         0.96317  
            790         0.96331  
            791         0.96344  
            792         0.96358  
            793         0.96372  
            794         0.96386  
            795         0.96400  
            796         0.96414  
            797         0.96429  
            798         0.96443  
            799         0.96458  
            800         0.96473  
            801         0.96488  
            802         0.96503  
            803         0.96518  
            804         0.96534  
            805         0.96549  
            806         0.96565  
            807         0.96581  
            808         0.96597  
            809         0.96613  
            810         0.96629  
            811         0.96646  
            812         0.96663  
            813         0.96680  
            814         0.96697  
            815         0.96714  
            816         0.96731  
            817         0.96749  
            818         0.96767  
            819         0.96785  
            820         0.96803  
            821         0.96821  
            822         0.96839  
            823         0.96858  
            824         0.96877  
            825         0.96896  
            826         0.96915  
            827         0.96935  
            828         0.96954  
            829         0.96974  
            830         0.96994  
            831         0.97015  
            832         0.97035  
            833         0.97056  
            834         0.97077  
            835         0.97098  
            836         0.97119  
            837         0.97140  
            838         0.97162  
            839         0.97184  
            840         0.97206  
            841         0.97229  
            842         0.97252  
            843         0.97274  
            844         0.97298  
            845         0.97321  
            846         0.97345  
            847         0.97368  
            848         0.97393  
            849         0.97417  
            850         0.97442  
            851         0.97466  
            852         0.97492  
            853         0.97517  
            854         0.97543  
            855         0.97569  
            856         0.97595  
            857         0.97621  
            858         0.97648  
            859         0.97675  
            860         0.97703  
            861         0.97730  
            862         0.97758  
            863         0.97786  
            864         0.97815  
            865         0.97844  
            866         0.97873  
            867         0.97902  
            868         0.97932  
            869         0.97962  
            870         0.97993  
            871         0.98023  
            872         0.98054  
            873         0.98086  
            874         0.98117  
            875         0.98150  
            876         0.98182  
            877         0.98215  
            878         0.98248  
            879         0.98281  
            880         0.98315  
            881         0.98350  
            882         0.98384  
            883         0.98419  
            884         0.98455  
            885         0.98490  
            886         0.98526  
            887         0.98563  
            888         0.98600  
            889         0.98637  
            890         0.98675  
            891         0.98713  
            892         0.98752  
            893         0.98791  
            894         0.98831  
            895         0.98870  
            896         0.98911  
            897         0.98952  
            898         0.98993  
            899         0.99035  
            900         0.99077  
            901         0.99120  
            902         0.99163  
            903         0.99207  
            904         0.99251  
            905         0.99295  
            906         0.99341  
            907         0.99386  
            908         0.99432  
            909         0.99479  
            910         0.99527  
            911         0.99574  
            912         0.99610  
            913         0.99610  
            914         0.99612  
            915         0.99614  
            916         0.99617  
            917         0.99619  
            918         0.99619  
            919         0.99621  
            920         0.99625  
            921         0.99627  
            922         0.99629  
            923         0.99632  
            924         0.99635  
            925         0.99634  
            926         0.99632  
            927         0.99644  
            928         0.99642  
            929         0.99641  
            930         0.99639  
            931         0.99655  
            932         0.99654  
            933         0.99652  
            934         0.99651  
            935         0.99649  
            936         0.99648  
            937         0.99646  
            938         0.99670  
            939         0.99668  
            940         0.99667  
            941         0.99666  
            942         0.99664  
            943         0.99663  
            944         0.99662  
            945         0.99660  
            946         0.99659  
            947         0.99658  
            948         0.99656  
            949         0.99655  
            950         0.99690  
            951         0.99689  
            952         0.99688  
            953         0.99687  
            954         0.99685  
            955         0.99684  
            956         0.99683  
            957         0.99682  
            958         0.99680  
            959         0.99679  
            960         0.99678  
            961         0.99677  
            962         0.99675  
            963         0.99674  
            964         0.99673  
            965         0.99672  
            966         0.99670  
            967         0.99669  
            968         0.99668  
            969         0.99666  
            970         0.99665  
            971         0.99664  
            972         0.99663  
            973         0.99722  
            974         0.99721  
            975         0.99720  
            976         0.99719  
            977         0.99718  
            978         0.99717  
            979         0.99716  
            980         0.99715  
            981         0.99714  
            982         0.99713  
            983         0.99712  
            984         0.99710  
            985         0.99709  
            986         0.99708  
            987         0.99707  
            988         0.99706  
            989         0.99705  
            990         0.99704  
            991         0.99703  
            992         0.99702  
            993         0.99700  
            994         0.99699  
            995         0.99698  
            996         0.99697  
            997         0.99696  
            998         0.99695  
            999         0.99694  
           1000         0.99692  
           1001         0.99691  
           1002         0.99690  
           1003         0.99689  
           1004         0.99688  
           1005         0.99687  
           1006         0.99686  
           1007         0.99684  
           1008         0.99683  
           1009         0.99682  
           1010         0.99681  
           1011         0.99680  
           1012         0.99678  
           1013         0.99677  
           1014         0.99676  
           1015         0.99675  
           1016         0.99674  
           1017         0.99673  
           1018         0.99671  
           1019         0.99670  
           1020         0.99669  
           1021         0.99668  
           1022         0.99667  
           1023         0.99665  
           1024         0.99664  
           1025         0.99663  
           1026         0.99781  
           1027         0.99780  
           1028         0.99779  
           1029         0.99778  
           1030         0.99778  
           1031         0.99777  
           1032         0.99776  
           1033         0.99775  
           1034         0.99775  
           1035         0.99774  
           1036         0.99773  
           1037         0.99772  
           1038         0.99771  
           1039         0.99771  
           1040         0.99770  
           1041         0.99769  
           1042         0.99768  
           1043         0.99767  
           1044         0.99767  
           1045         0.99766  
           1046         0.99765  
           1047         0.99764  
           1048         0.99763  
           1049         0.99762  
           1050         0.99762  
           1051         0.99761  
           1052         0.99760  
           1053         0.99759  
           1054         0.99758  
           1055         0.99757  
           1056         0.99757  
           1057         0.99756  
           1058         0.99755  
           1059         0.99754  
           1060         0.99753  
           1061         0.99752  
           1062         0.99752  
           1063         0.99751  
           1064         0.99750  
           1065         0.99749  
           1066         0.99748  
           1067         0.99747  
           1068         0.99746  
           1069         0.99746  
           1070         0.99745  
           1071         0.99744  
           1072         0.99743  
           1073         0.99742  
           1074         0.99741  
           1075         0.99740  
           1076         0.99739  
           1077         0.99739  
           1078         0.99738  
           1079         0.99737  
           1080         0.99736  
           1081         0.99735  
           1082         0.99734  
           1083         0.99733  
           1084         0.99732  
           1085         0.99731  
           1086         0.99731  
           1087         0.99730  
           1088         0.99729  
           1089         0.99728  
           1090         0.99727  
           1091         0.99726  
           1092         0.99725  
           1093         0.99724  
           1094         0.99723  
           1095         0.99722  
           1096         0.99722  
           1097         0.99721  
           1098         0.99720  
           1099         0.99719  
           1100         0.99718  
           1101         0.99717  
           1102         0.99716  
           1103         0.99715  
           1104         0.99714  
           1105         0.99713  
           1106         0.99712  
           1107         0.99711  
           1108         0.99710  
           1109         0.99709  
           1110         0.99708  
           1111         0.99707  
           1112         0.99707  
           1113         0.99706  
           1114         0.99705  
           1115         0.99704  
           1116         0.99703  
           1117         0.99702  
           1118         0.99701  
           1119         0.99700  
           1120         0.99699  
           1121         0.99698  
           1122         0.99697  
           1123         0.99696  
           1124         0.99695  
           1125         0.99694  
           1126         0.99693  
           1127         0.99692  
           1128         0.99691  
           1129         0.99690  
           1130         0.99689  
           1131         0.99688  
           1132         0.99687  
           1133         0.99686  
           1134         0.99685  
           1135         0.99684  
           1136         0.99683  
           1137         0.99682  
           1138         0.99681  
           1139         0.99680  
           1140         0.99679  
           1141         0.99678  
           1142         0.99677  
           1143         0.99676  
           1144         0.99675  
           1145         0.99674  
           1146         0.99673  
           1147         0.99672  
           1148         0.99671  
           1149         0.99670  
           1150         0.99669  
           1151         0.99668  
           1152         0.99667  
           1153         0.99666  
           1154         0.99664  
           1155         0.99663  
           1156         0.99662  
           1157         0.99661  
           1158         0.99660  
           1159         0.99659  
           1160         0.99658  
           1161         0.99657  
           1162         0.99656  
           1163         0.99655  
           1164         0.99654  
           1165         0.99653  
           1166         0.99652  
           1167         0.99651  
           1168         0.99650  
           1169         0.99648  
           1170         0.99647  
           1171         0.99646  
           1172         0.99645  
           1173         0.99644  
           1174         0.99643  
           1175         0.99642  
           1176         0.99641  
           1177         0.99640  
           1178         0.99639  
           1179         0.99638  
           1180         0.99636  
           1181         0.99635  
           1182         0.99634  
           1183         0.99633  
           1184         0.99632  
           1185         0.99631  
           1186         0.99630  
           1187         0.99629  
           1188         0.99627  
           1189         0.99626  
           1190         0.99625  
           1191         0.99624  
           1192         0.99623  
           1193         0.99622  
           1194         0.99621  
           1195         0.99620  
           1196         0.99618  
           1197         0.99617  
           1198         0.99616  
           1199         0.99615  
           1200         0.99614  
           1201         0.99613  
           1202         0.99611  
           1203         0.99610  
           1204         0.99609  
           1205         0.99608  
           1206         0.99607  
           1207         0.99606  
           1208         0.99604  
           1209         0.99603  
           1210         0.99602  
           1211         0.99601  
           1212         0.99600  
           1213         0.99599  
           1214         0.99597  
           1215         0.99596  
           1216         1.00000  
