              0         0.06338  
              1         0.06324  
              2         0.06310  
              3         0.06296  
              4         0.06281  
              5         0.06267  
              6         0.06253  
              7         0.06239  
              8         0.06225  
              9         0.06210  
             10         0.06196  
             11         0.06182  
             12         0.06168  
             13         0.06153  
             14         0.06139  
             15         0.06125  
             16         0.06111  
             17         0.06097  
             18         0.06082  
             19         0.06068  
             20         0.06054  
             21         0.06040  
             22         0.06025  
             23         0.06011  
             24         0.05997  
             25         0.05983  
             26         0.05969  
             27         0.05954  
             28         0.05940  
             29         0.05926  
             30         0.05912  
             31         0.05897  
             32         0.05883  
             33         0.05869  
             34         0.05855  
             35         0.05841  
             36         0.05826  
             37         0.05812  
             38         0.05798  
             39         0.05784  
             40         0.05769  
             41         0.05755  
             42         0.05741  
             43         0.05727  
             44         0.05713  
             45         0.05698  
             46         0.05684  
             47         0.05670  
             48         0.05656  
             49         0.05642  
             50         0.05627  
             51         0.05613  
             52         0.05599  
             53         0.05585  
             54         0.05570  
             55         0.05556  
             56         0.05542  
             57         0.05528  
             58         0.05514  
             59         0.05499  
             60         0.05485  
             61         0.05471  
             62         0.05457  
             63         0.05442  
             64         0.05428  
             65         0.05414  
             66         0.05400  
             67         0.05386  
             68         0.05371  
             69         0.05357  
             70         0.05343  
             71         0.05329  
             72         0.05314  
             73         0.05300  
             74         0.05286  
             75         0.05272  
             76         0.05258  
             77         0.05243  
             78         0.05229  
             79         0.05215  
             80         0.05201  
             81         0.05186  
             82         0.05172  
             83         0.05158  
             84         0.05144  
             85         0.05130  
             86         0.05115  
             87         0.05101  
             88         0.05087  
             89         0.05073  
             90         0.05059  
             91         0.05044  
             92         0.05030  
             93         0.05016  
             94         0.05002  
             95         0.04987  
             96         0.04973  
             97         0.04959  
             98         0.04945  
             99         0.04931  
            100         0.04916  
            101         0.04902  
            102         0.04888  
            103         0.04874  
            104         0.04859  
            105         0.04845  
            106         0.04831  
            107         0.04817  
            108         0.04803  
            109         0.04788  
            110         0.04774  
            111         0.04760  
            112         0.04746  
            113         0.04731  
            114         0.04717  
            115         0.04703  
            116         0.04689  
            117         0.04675  
            118         0.04660  
            119         0.04646  
            120         0.04632  
            121         0.04618  
            122         0.04603  
            123         0.04589  
            124         0.04575  
            125         0.04561  
            126         0.04547  
            127         0.04532  
            128         0.04518  
            129         0.04504  
            130         0.04490  
            131         0.04476  
            132         0.04461  
            133         0.04447  
            134         0.04433  
            135         0.04419  
            136         0.04404  
            137         0.04390  
            138         0.04376  
            139         0.04362  
            140         0.04348  
            141         0.04333  
            142         0.04319  
            143         0.04305  
            144         0.04291  
            145         0.04276  
            146         0.04262  
            147         0.04248  
            148         0.04234  
            149         0.04220  
            150         0.04205  
            151         0.04191  
            152         0.04177  
            153         0.04163  
            154         0.04148  
            155         0.04134  
            156         0.04120  
            157         0.04106  
            158         0.04092  
            159         0.04077  
            160         0.04063  
            161         0.04049  
            162         0.04035  
            163         0.04020  
            164         0.04006  
            165         0.03992  
            166         0.03978  
            167         0.03964  
            168         0.03949  
            169         0.03935  
            170         0.03921  
            171         0.03907  
            172         0.03892  
            173         0.03878  
            174         0.03864  
            175         0.03850  
            176         0.03836  
            177         0.03821  
            178         0.03807  
            179         0.03793  
            180         0.03779  
            181         0.03765  
            182         0.03750  
            183         0.03736  
            184         0.03722  
            185         0.03708  
            186         0.03693  
            187         0.03679  
            188         0.03665  
            189         0.03651  
            190         0.03637  
            191         0.03622  
            192         0.03608  
            193         0.03594  
            194         0.03580  
            195         0.03565  
            196         0.03551  
            197         0.03537  
            198         0.03523  
            199         0.03509  
            200         0.03494  
            201         0.03480  
            202         0.03466  
            203         0.03452  
            204         0.03437  
            205         0.03423  
            206         0.03409  
            207         0.03395  
            208         0.03381  
            209         0.03366  
            210         0.03352  
            211         0.03338  
            212         0.03324  
            213         0.03309  
            214         0.03295  
            215         0.03281  
            216         0.03267  
            217         0.03253  
            218         0.03238  
            219         0.03224  
            220         0.03210  
            221         0.03196  
            222         0.03182  
            223         0.03167  
            224         0.03153  
            225         0.03139  
            226         0.03125  
            227         0.03110  
            228         0.03096  
            229         0.03082  
            230         0.03068  
            231         0.03054  
            232         0.03039  
            233         0.03025  
            234         0.03011  
            235         0.02997  
            236         0.02982  
            237         0.02968  
            238         0.02954  
            239         0.02940  
            240         0.02926  
            241         0.02911  
            242         0.02897  
            243         0.02883  
            244         0.02869  
            245         0.02854  
            246         0.02840  
            247         0.02826  
            248         0.02812  
            249         0.02798  
            250         0.02783  
            251         0.02769  
            252         0.02755  
            253         0.02741  
            254         0.02726  
            255         0.02712  
            256         0.02698  
            257         0.02684  
            258         0.02670  
            259         0.02655  
            260         0.02641  
            261         0.02627  
            262         0.02613  
            263         0.02599  
            264         0.02584  
            265         0.02570  
            266         0.02556  
            267         0.02542  
            268         0.02527  
            269         0.02513  
            270         0.02499  
            271         0.02485  
            272         0.02471  
            273         0.02456  
            274         0.02442  
            275         0.02428  
            276         0.02414  
            277         0.02399  
            278         0.02385  
            279         0.02371  
            280         0.02357  
            281         0.02343  
            282         0.02328  
            283         0.02314  
            284         0.02300  
            285         0.02286  
            286         0.02271  
            287         0.02257  
            288         0.02243  
            289         0.02229  
            290         0.02215  
            291         0.02200  
            292         0.02186  
            293         0.02172  
            294         0.02158  
            295         0.02143  
            296         0.02129  
            297         0.02115  
            298         0.02101  
            299         0.02087  
            300         0.02072  
            301         0.02058  
            302         0.02044  
            303         0.02030  
            304         0.02015  
            305         0.02001  
            306         0.01987  
            307         0.01973  
            308         0.01959  
            309         0.01944  
            310         0.01930  
            311         0.01916  
            312         0.01902  
            313         0.01888  
            314         0.01873  
            315         0.01859  
            316         0.01845  
            317         0.01831  
            318         0.01816  
            319         0.01802  
            320         0.01788  
            321         0.01774  
            322         0.01760  
            323         0.01745  
            324         0.01731  
            325         0.01717  
            326         0.01703  
            327         0.01688  
            328         0.01674  
            329         0.01660  
            330         0.01646  
            331         0.01632  
            332         0.01617  
            333         0.01603  
            334         0.01589  
            335         0.01575  
            336         0.01560  
            337         0.01546  
            338         0.01532  
            339         0.01518  
            340         0.01504  
            341         0.01489  
            342         0.01475  
            343         0.01461  
            344         0.01447  
            345         0.01432  
            346         0.01418  
            347         0.01404  
            348         0.01390  
            349         0.01376  
            350         0.01363  
            351         0.01349  
            352         0.01336  
            353         0.01322  
            354         0.01309  
            355         0.01296  
            356         0.01283  
            357         0.01271  
            358         0.01258  
            359         0.01246  
            360         0.01234  
            361         0.01222  
            362         0.01210  
            363         0.01198  
            364         0.01186  
            365         0.01174  
            366         0.01163  
            367         0.01151  
            368         0.01140  
            369         0.01129  
            370         0.01118  
            371         0.01107  
            372         0.01096  
            373         0.01086  
            374         0.01075  
            375         0.01065  
            376         0.01054  
            377         0.01044  
            378         0.01034  
            379         0.01024  
            380         0.01014  
            381         0.01004  
            382         0.00994  
            383         0.00985  
            384         0.00975  
            385         0.00966  
            386         0.00956  
            387         0.00947  
            388         0.00938  
            389         0.00929  
            390         0.00920  
            391         0.00911  
            392         0.00902  
            393         0.00894  
            394         0.00885  
            395         0.00877  
            396         0.00869  
            397         0.00861  
            398         0.00853  
            399         0.00845  
            400         0.00837  
            401         0.00830  
            402         0.00822  
            403         0.00815  
            404         0.00808  
            405         0.00800  
            406         0.00793  
            407         0.00786  
            408         0.00779  
            409         0.00772  
            410         0.00766  
            411         0.00759  
            412         0.00753  
            413         0.00746  
            414         0.00740  
            415         0.00733  
            416         0.00727  
            417         0.00721  
            418         0.00715  
            419         0.00709  
            420         0.00703  
            421         0.00697  
            422         0.00692  
            423         0.00686  
            424         0.00681  
            425         0.00675  
            426         0.00670  
            427         0.00665  
            428         0.00659  
            429         0.00654  
            430         0.00649  
            431         0.00644  
            432         0.00639  
            433         0.00634  
            434         0.00629  
            435         0.00625  
            436         0.00620  
            437         0.00615  
            438         0.00611  
            439         0.00606  
            440         0.00602  
            441         0.00597  
            442         0.00593  
            443         0.00589  
            444         0.00585  
            445         0.00581  
            446         0.00576  
            447         0.00573  
            448         0.00569  
            449         0.00565  
            450         0.00561  
            451         0.00557  
            452         0.00553  
            453         0.00550  
            454         0.00546  
            455         0.00542  
            456         0.00539  
            457         0.00535  
            458         0.00532  
            459         0.00529  
            460         0.00525  
            461         0.00522  
            462         0.00519  
            463         0.00516  
            464         0.00512  
            465         0.00509  
            466         0.00506  
            467         0.00503  
            468         0.00500  
            469         0.00497  
            470         0.00494  
            471         0.00492  
            472         0.00489  
            473         0.00486  
            474         0.00483  
            475         0.00481  
            476         0.00478  
            477         0.00475  
            478         0.00473  
            479         0.00470  
            480         0.00468  
            481         0.00466  
            482         0.00463  
            483         0.00461  
            484         0.00459  
            485         0.00456  
            486         0.00454  
            487         0.00452  
            488         0.00450  
            489         0.00447  
            490         0.00445  
            491         0.00443  
            492         0.00441  
            493         0.00439  
            494         0.00437  
            495         0.00435  
            496         0.00433  
            497         0.00432  
            498         0.00430  
            499         0.00428  
            500         0.00426  
            501         0.00424  
            502         0.00423  
            503         0.00421  
            504         0.00419  
            505         0.00418  
            506         0.00416  
            507         0.00415  
            508         0.00413  
            509         0.00412  
            510         0.00410  
            511         0.00409  
            512         0.00407  
            513         0.00406  
            514         0.00405  
            515         0.00403  
            516         0.00402  
            517         0.00401  
            518         0.00400  
            519         0.00398  
            520         0.00397  
            521         0.00396  
            522         0.00395  
            523         0.00394  
            524         0.00393  
            525         0.00392  
            526         0.00391  
            527         0.00390  
            528         0.00389  
            529         0.00388  
            530         0.00387  
            531         0.00386  
            532         0.00385  
            533         0.00384  
            534         0.00383  
            535         0.00382  
            536         0.00382  
            537         0.00381  
            538         0.00380  
            539         0.00379  
            540         0.00379  
            541         0.00378  
            542         0.00378  
            543         0.00377  
            544         0.00376  
            545         0.00376  
            546         0.00375  
            547         0.00375  
            548         0.00374  
            549         0.00374  
            550         0.00373  
            551         0.00373  
            552         0.00373  
            553         0.00372  
            554         0.00372  
            555         0.00372  
            556         0.00371  
            557         0.00371  
            558         0.00371  
            559         0.00371  
            560         0.00370  
            561         0.00370  
            562         0.00370  
            563         0.00370  
            564         0.00370  
            565         0.00370  
            566         0.00370  
            567         0.00370  
            568         0.00370  
            569         0.00370  
            570         0.00370  
            571         0.00370  
            572         0.00370  
            573         0.00370  
            574         0.00370  
            575         0.00370  
            576         0.00371  
            577         0.00371  
            578         0.00371  
            579         0.00371  
            580         0.00372  
            581         0.00372  
            582         0.00372  
            583         0.00373  
            584         0.00373  
            585         0.00374  
            586         0.00374  
            587         0.00374  
            588         0.00375  
            589         0.00375  
            590         0.00376  
            591         0.00377  
            592         0.00377  
            593         0.00378  
            594         0.00379  
            595         0.00379  
            596         0.00380  
            597         0.00381  
            598         0.00381  
            599         0.00382  
            600         0.00383  
            601         0.00384  
            602         0.00385  
            603         0.00386  
            604         0.00387  
            605         0.00388  
            606         0.00389  
            607         0.00390  
            608         0.00391  
            609         0.00392  
            610         0.00393  
            611         0.00394  
            612         0.00395  
            613         0.00396  
            614         0.00398  
            615         0.00399  
            616         0.00400  
            617         0.00402  
            618         0.00403  
            619         0.00404  
            620         0.00406  
            621         0.00407  
            622         0.00409  
            623         0.00410  
            624         0.00412  
            625         0.00413  
            626         0.00415  
            627         0.00417  
            628         0.00419  
            629         0.00420  
            630         0.00422  
            631         0.00424  
            632         0.00426  
            633         0.00428  
            634         0.00430  
            635         0.00432  
            636         0.00434  
            637         0.00436  
            638         0.00438  
            639         0.00440  
            640         0.00442  
            641         0.00445  
            642         0.00447  
            643         0.00449  
            644         0.00452  
            645         0.00454  
            646         0.00456  
            647         0.00459  
            648         0.00462  
            649         0.00464  
            650         0.00467  
            651         0.00470  
            652         0.00472  
            653         0.00475  
            654         0.00478  
            655         0.00481  
            656         0.00484  
            657         0.00487  
            658         0.00490  
            659         0.00493  
            660         0.00497  
            661         0.00500  
            662         0.00503  
            663         0.00507  
            664         0.00510  
            665         0.00514  
            666         0.00517  
            667         0.00521  
            668         0.00525  
            669         0.00528  
            670         0.00532  
            671         0.00536  
            672         0.00540  
            673         0.00544  
            674         0.00548  
            675         0.00553  
            676         0.00557  
            677         0.00561  
            678         0.00566  
            679         0.00570  
            680         0.00575  
            681         0.00580  
            682         0.00585  
            683         0.00589  
            684         0.00594  
            685         0.00599  
            686         0.00604  
            687         0.00610  
            688         0.00615  
            689         0.00621  
            690         0.00626  
            691         0.00632  
            692         0.00637  
            693         0.00643  
            694         0.00649  
            695         0.00655  
            696         0.00661  
            697         0.00668  
            698         0.00674  
            699         0.00681  
            700         0.00687  
            701         0.00694  
            702         0.00701  
            703         0.00708  
            704         0.00715  
            705         0.00722  
            706         0.00730  
            707         0.00737  
            708         0.00745  
            709         0.00753  
            710         0.00760  
            711         0.00769  
            712         0.00777  
            713         0.00785  
            714         0.00794  
            715         0.00802  
            716         0.00811  
            717         0.00820  
            718         0.00830  
            719         0.00839  
            720         0.00849  
            721         0.00858  
            722         0.00868  
            723         0.00878  
            724         0.00889  
            725         0.00899  
            726         0.00910  
            727         0.00921  
            728         0.00932  
            729         0.00944  
            730         0.00955  
            731         0.00967  
            732         0.00979  
            733         0.00991  
            734         0.01004  
            735         0.01017  
            736         0.01030  
            737         0.01043  
            738         0.01056  
            739         0.01070  
            740         0.01084  
            741         0.01099  
            742         0.01113  
            743         0.01128  
            744         0.01143  
            745         0.01159  
            746         0.01175  
            747         0.01191  
            748         0.01208  
            749         0.01224  
            750         0.01242  
            751         0.01259  
            752         0.01277  
            753         0.01295  
            754         0.01314  
            755         0.01333  
            756         0.01353  
            757         0.01373  
            758         0.01393  
            759         0.01414  
            760         0.01435  
            761         0.01456  
            762         0.01478  
            763         0.01501  
            764         0.01524  
            765         0.01548  
            766         0.01572  
            767         0.01596  
            768         0.01621  
            769         0.01647  
            770         0.01673  
            771         0.01700  
            772         0.01727  
            773         0.01755  
            774         0.01784  
            775         0.01813  
            776         0.01843  
            777         0.01873  
            778         0.01904  
            779         0.01936  
            780         0.01969  
            781         0.02002  
            782         0.02036  
            783         0.02071  
            784         0.02107  
            785         0.02143  
            786         0.02181  
            787         0.02219  
            788         0.02258  
            789         0.02298  
            790         0.02339  
            791         0.02381  
            792         0.02424  
            793         0.02468  
            794         0.02513  
            795         0.02559  
            796         0.02606  
            797         0.02654  
            798         0.02703  
            799         0.02754  
            800         0.02805  
            801         0.02858  
            802         0.02913  
            803         0.02968  
            804         0.03025  
            805         0.03084  
            806         0.03143  
            807         0.03205  
            808         0.03267  
            809         0.03332  
            810         0.03398  
            811         0.03465  
            812         0.03535  
            813         0.03606  
            814         0.03678  
            815         0.03753  
            816         0.03830  
            817         0.03908  
            818         0.03989  
            819         0.04071  
            820         0.04156  
            821         0.04243  
            822         0.04332  
            823         0.04424  
            824         0.04517  
            825         0.04614  
            826         0.04713  
            827         0.04814  
            828         0.04918  
            829         0.05025  
            830         0.05135  
            831         0.05248  
            832         0.05364  
            833         0.05483  
            834         0.05605  
            835         0.05730  
            836         0.05859  
            837         0.05991  
            838         0.06127  
            839         0.06267  
            840         0.06411  
            841         0.06558  
            842         0.06710  
            843         0.06866  
            844         0.07026  
            845         0.07191  
            846         0.07360  
            847         0.07534  
            848         0.07713  
            849         0.07897  
            850         0.08087  
            851         0.08281  
            852         0.08482  
            853         0.08688  
            854         0.08900  
            855         0.09118  
            856         0.09343  
            857         0.09574  
            858         0.09812  
            859         0.10057  
            860         0.10309  
            861         0.10568  
            862         0.10835  
            863         0.11111  
            864         0.11394  
            865         0.11686  
            866         0.11987  
            867         0.12297  
            868         0.12616  
            869         0.12945  
            870         0.13283  
            871         0.13633  
            872         0.13993  
            873         0.14364  
            874         0.14746  
            875         0.15140  
            876         0.15547  
            877         0.15966  
            878         0.16399  
            879         0.16845  
            880         0.17305  
            881         0.17779  
            882         0.18269  
            883         0.18774  
            884         0.19295  
            885         0.19833  
            886         0.20388  
            887         0.20961  
            888         0.21552  
            889         0.22163  
            890         0.22794  
            891         0.23445  
            892         0.24118  
            893         0.24812  
            894         0.25530  
            895         0.26271  
            896         0.27037  
            897         0.27828  
            898         0.28645  
            899         0.29490  
            900         0.30364  
            901         0.31267  
            902         0.32200  
            903         0.33165  
            904         0.34163  
            905         0.35195  
            906         0.36262  
            907         0.37366  
            908         0.38508  
            909         0.39690  
            910         0.40912  
            911         0.42177  
            912         0.43116  
            913         0.43077  
            914         0.43292  
            915         0.43585  
            916         0.43832  
            917         0.43942  
            918         0.44119  
            919         0.44389  
            920         0.44789  
            921         0.45313  
            922         0.45230  
            923         0.45080  
            924         0.45963  
            925         0.45814  
            926         0.45666  
            927         0.46905  
            928         0.46758  
            929         0.46611  
            930         0.46464  
            931         0.48246  
            932         0.48102  
            933         0.47957  
            934         0.47813  
            935         0.47668  
            936         0.47524  
            937         0.47379  
            938         0.50257  
            939         0.50117  
            940         0.49978  
            941         0.49838  
            942         0.49698  
            943         0.49558  
            944         0.49419  
            945         0.49279  
            946         0.49139  
            947         0.49000  
            948         0.48860  
            949         0.48720  
            950         0.53019  
            951         0.52886  
            952         0.52752  
            953         0.52619  
            954         0.52486  
            955         0.52352  
            956         0.52219  
            957         0.52086  
            958         0.51952  
            959         0.51819  
            960         0.51685  
            961         0.51551  
            962         0.51418  
            963         0.51284  
            964         0.51150  
            965         0.51017  
            966         0.50883  
            967         0.50749  
            968         0.50615  
            969         0.50481  
            970         0.50348  
            971         0.50214  
            972         0.50080  
            973         0.57432  
            974         0.57309  
            975         0.57186  
            976         0.57064  
            977         0.56941  
            978         0.56818  
            979         0.56695  
            980         0.56572  
            981         0.56449  
            982         0.56325  
            983         0.56202  
            984         0.56079  
            985         0.55955  
            986         0.55832  
            987         0.55708  
            988         0.55585  
            989         0.55461  
            990         0.55337  
            991         0.55213  
            992         0.55089  
            993         0.54966  
            994         0.54842  
            995         0.54717  
            996         0.54593  
            997         0.54469  
            998         0.54345  
            999         0.54221  
           1000         0.54096  
           1001         0.53972  
           1002         0.53847  
           1003         0.53723  
           1004         0.53598  
           1005         0.53474  
           1006         0.53349  
           1007         0.53224  
           1008         0.53100  
           1009         0.52975  
           1010         0.52850  
           1011         0.52725  
           1012         0.52600  
           1013         0.52475  
           1014         0.52351  
           1015         0.52225  
           1016         0.52100  
           1017         0.51975  
           1018         0.51850  
           1019         0.51725  
           1020         0.51600  
           1021         0.51475  
           1022         0.51349  
           1023         0.51224  
           1024         0.51099  
           1025         0.50974  
           1026         0.66715  
           1027         0.66617  
           1028         0.66520  
           1029         0.66423  
           1030         0.66326  
           1031         0.66228  
           1032         0.66131  
           1033         0.66033  
           1034         0.65935  
           1035         0.65837  
           1036         0.65739  
           1037         0.65641  
           1038         0.65543  
           1039         0.65445  
           1040         0.65346  
           1041         0.65248  
           1042         0.65149  
           1043         0.65050  
           1044         0.64951  
           1045         0.64852  
           1046         0.64753  
           1047         0.64654  
           1048         0.64555  
           1049         0.64456  
           1050         0.64356  
           1051         0.64257  
           1052         0.64157  
           1053         0.64057  
           1054         0.63957  
           1055         0.63857  
           1056         0.63757  
           1057         0.63657  
           1058         0.63557  
           1059         0.63457  
           1060         0.63356  
           1061         0.63256  
           1062         0.63155  
           1063         0.63055  
           1064         0.62954  
           1065         0.62853  
           1066         0.62752  
           1067         0.62651  
           1068         0.62550  
           1069         0.62449  
           1070         0.62347  
           1071         0.62246  
           1072         0.62144  
           1073         0.62043  
           1074         0.61941  
           1075         0.61839  
           1076         0.61737  
           1077         0.61635  
           1078         0.61533  
           1079         0.61431  
           1080         0.61329  
           1081         0.61227  
           1082         0.61125  
           1083         0.61022  
           1084         0.60920  
           1085         0.60817  
           1086         0.60715  
           1087         0.60612  
           1088         0.60509  
           1089         0.60406  
           1090         0.60303  
           1091         0.60200  
           1092         0.60097  
           1093         0.59994  
           1094         0.59891  
           1095         0.59787  
           1096         0.59684  
           1097         0.59580  
           1098         0.59477  
           1099         0.59373  
           1100         0.59270  
           1101         0.59166  
           1102         0.59062  
           1103         0.58958  
           1104         0.58854  
           1105         0.58750  
           1106         0.58646  
           1107         0.58542  
           1108         0.58438  
           1109         0.58333  
           1110         0.58229  
           1111         0.58125  
           1112         0.58020  
           1113         0.57916  
           1114         0.57811  
           1115         0.57706  
           1116         0.57602  
           1117         0.57497  
           1118         0.57392  
           1119         0.57287  
           1120         0.57182  
           1121         0.57077  
           1122         0.56972  
           1123         0.56867  
           1124         0.56762  
           1125         0.56657  
           1126         0.56551  
           1127         0.56446  
           1128         0.56341  
           1129         0.56235  
           1130         0.56130  
           1131         0.56024  
           1132         0.55919  
           1133         0.55813  
           1134         0.55707  
           1135         0.55602  
           1136         0.55496  
           1137         0.55390  
           1138         0.55284  
           1139         0.55178  
           1140         0.55072  
           1141         0.54967  
           1142         0.54861  
           1143         0.54754  
           1144         0.54648  
           1145         0.54542  
           1146         0.54436  
           1147         0.54330  
           1148         0.54224  
           1149         0.54117  
           1150         0.54011  
           1151         0.53904  
           1152         0.53798  
           1153         0.53692  
           1154         0.53585  
           1155         0.53479  
           1156         0.53372  
           1157         0.53266  
           1158         0.53159  
           1159         0.53052  
           1160         0.52946  
           1161         0.52839  
           1162         0.52732  
           1163         0.52626  
           1164         0.52519  
           1165         0.52412  
           1166         0.52305  
           1167         0.52198  
           1168         0.52091  
           1169         0.51985  
           1170         0.51878  
           1171         0.51771  
           1172         0.51664  
           1173         0.51557  
           1174         0.51450  
           1175         0.51343  
           1176         0.51236  
           1177         0.51129  
           1178         0.51022  
           1179         0.50915  
           1180         0.50807  
           1181         0.50700  
           1182         0.50593  
           1183         0.50486  
           1184         0.50379  
           1185         0.50272  
           1186         0.50165  
           1187         0.50057  
           1188         0.49950  
           1189         0.49843  
           1190         0.49736  
           1191         0.49629  
           1192         0.49521  
           1193         0.49414  
           1194         0.49307  
           1195         0.49200  
           1196         0.49093  
           1197         0.48985  
           1198         0.48878  
           1199         0.48771  
           1200         0.48664  
           1201         0.48556  
           1202         0.48449  
           1203         0.48342  
           1204         0.48235  
           1205         0.48127  
           1206         0.48020  
           1207         0.47913  
           1208         0.47806  
           1209         0.47698  
           1210         0.47591  
           1211         0.47484  
           1212         0.47377  
           1213         0.47270  
           1214         0.47163  
           1215         0.47055  
           1216         1.00000  
