              0         0.52380  
              1         0.52410  
              2         0.52439  
              3         0.52469  
              4         0.52499  
              5         0.52528  
              6         0.52558  
              7         0.52588  
              8         0.52617  
              9         0.52647  
             10         0.52677  
             11         0.52707  
             12         0.52736  
             13         0.52766  
             14         0.52796  
             15         0.52825  
             16         0.52855  
             17         0.52885  
             18         0.52914  
             19         0.52944  
             20         0.52974  
             21         0.53003  
             22         0.53033  
             23         0.53063  
             24         0.53093  
             25         0.53122  
             26         0.53152  
             27         0.53182  
             28         0.53211  
             29         0.53241  
             30         0.53271  
             31         0.53300  
             32         0.53330  
             33         0.53360  
             34         0.53390  
             35         0.53419  
             36         0.53449  
             37         0.53479  
             38         0.53508  
             39         0.53538  
             40         0.53568  
             41         0.53597  
             42         0.53627  
             43         0.53657  
             44         0.53687  
             45         0.53716  
             46         0.53746  
             47         0.53776  
             48         0.53805  
             49         0.53835  
             50         0.53865  
             51         0.53894  
             52         0.53924  
             53         0.53954  
             54         0.53983  
             55         0.54013  
             56         0.54043  
             57         0.54073  
             58         0.54102  
             59         0.54132  
             60         0.54162  
             61         0.54191  
             62         0.54221  
             63         0.54251  
             64         0.54280  
             65         0.54310  
             66         0.54340  
             67         0.54370  
             68         0.54399  
             69         0.54429  
             70         0.54459  
             71         0.54488  
             72         0.54518  
             73         0.54548  
             74         0.54577  
             75         0.54607  
             76         0.54637  
             77         0.54666  
             78         0.54696  
             79         0.54726  
             80         0.54756  
             81         0.54785  
             82         0.54815  
             83         0.54845  
             84         0.54874  
             85         0.54904  
             86         0.54934  
             87         0.54963  
             88         0.54993  
             89         0.55023  
             90         0.55053  
             91         0.55082  
             92         0.55112  
             93         0.55142  
             94         0.55171  
             95         0.55201  
             96         0.55231  
             97         0.55260  
             98         0.55290  
             99         0.55320  
            100         0.55349  
            101         0.55379  
            102         0.55409  
            103         0.55439  
            104         0.55468  
            105         0.55498  
            106         0.55528  
            107         0.55557  
            108         0.55587  
            109         0.55617  
            110         0.55646  
            111         0.55676  
            112         0.55706  
            113         0.55736  
            114         0.55765  
            115         0.55795  
            116         0.55825  
            117         0.55854  
            118         0.55884  
            119         0.55914  
            120         0.55943  
            121         0.55973  
            122         0.56003  
            123         0.56033  
            124         0.56062  
            125         0.56092  
            126         0.56122  
            127         0.56151  
            128         0.56181  
            129         0.56211  
            130         0.56240  
            131         0.56270  
            132         0.56300  
            133         0.56329  
            134         0.56359  
            135         0.56389  
            136         0.56419  
            137         0.56448  
            138         0.56478  
            139         0.56508  
            140         0.56537  
            141         0.56567  
            142         0.56597  
            143         0.56626  
            144         0.56656  
            145         0.56686  
            146         0.56716  
            147         0.56745  
            148         0.56775  
            149         0.56805  
            150         0.56834  
            151         0.56864  
            152         0.56894  
            153         0.56923  
            154         0.56953  
            155         0.56983  
            156         0.57012  
            157         0.57042  
            158         0.57072  
            159         0.57102  
            160         0.57131  
            161         0.57161  
            162         0.57191  
            163         0.57220  
            164         0.57250  
            165         0.57280  
            166         0.57309  
            167         0.57339  
            168         0.57369  
            169         0.57399  
            170         0.57428  
            171         0.57458  
            172         0.57488  
            173         0.57517  
            174         0.57547  
            175         0.57577  
            176         0.57606  
            177         0.57636  
            178         0.57666  
            179         0.57695  
            180         0.57725  
            181         0.57755  
            182         0.57785  
            183         0.57814  
            184         0.57844  
            185         0.57874  
            186         0.57903  
            187         0.57933  
            188         0.57963  
            189         0.57992  
            190         0.58022  
            191         0.58052  
            192         0.58082  
            193         0.58111  
            194         0.58141  
            195         0.58171  
            196         0.58200  
            197         0.58230  
            198         0.58260  
            199         0.58289  
            200         0.58319  
            201         0.58349  
            202         0.58379  
            203         0.58408  
            204         0.58438  
            205         0.58468  
            206         0.58497  
            207         0.58527  
            208         0.58557  
            209         0.58586  
            210         0.58616  
            211         0.58646  
            212         0.58675  
            213         0.58705  
            214         0.58735  
            215         0.58765  
            216         0.58794  
            217         0.58824  
            218         0.58854  
            219         0.58883  
            220         0.58913  
            221         0.58943  
            222         0.58972  
            223         0.59002  
            224         0.59032  
            225         0.59062  
            226         0.59091  
            227         0.59121  
            228         0.59151  
            229         0.59180  
            230         0.59210  
            231         0.59240  
            232         0.59269  
            233         0.59299  
            234         0.59329  
            235         0.59358  
            236         0.59388  
            237         0.59418  
            238         0.59448  
            239         0.59477  
            240         0.59507  
            241         0.59537  
            242         0.59566  
            243         0.59596  
            244         0.59626  
            245         0.59655  
            246         0.59685  
            247         0.59715  
            248         0.59745  
            249         0.59774  
            250         0.59804  
            251         0.59834  
            252         0.59863  
            253         0.59893  
            254         0.59923  
            255         0.59952  
            256         0.59982  
            257         0.60012  
            258         0.60041  
            259         0.60071  
            260         0.60101  
            261         0.60131  
            262         0.60160  
            263         0.60190  
            264         0.60220  
            265         0.60249  
            266         0.60279  
            267         0.60309  
            268         0.60338  
            269         0.60368  
            270         0.60398  
            271         0.60428  
            272         0.60457  
            273         0.60487  
            274         0.60517  
            275         0.60546  
            276         0.60576  
            277         0.60606  
            278         0.60635  
            279         0.60665  
            280         0.60695  
            281         0.60725  
            282         0.60754  
            283         0.60784  
            284         0.60814  
            285         0.60843  
            286         0.60873  
            287         0.60903  
            288         0.60932  
            289         0.60962  
            290         0.60992  
            291         0.61021  
            292         0.61051  
            293         0.61081  
            294         0.61111  
            295         0.61140  
            296         0.61170  
            297         0.61200  
            298         0.61229  
            299         0.61259  
            300         0.61289  
            301         0.61318  
            302         0.61348  
            303         0.61378  
            304         0.61408  
            305         0.61437  
            306         0.61467  
            307         0.61497  
            308         0.61526  
            309         0.61556  
            310         0.61586  
            311         0.61615  
            312         0.61645  
            313         0.61675  
            314         0.61704  
            315         0.61734  
            316         0.61764  
            317         0.61794  
            318         0.61823  
            319         0.61853  
            320         0.61883  
            321         0.61912  
            322         0.61942  
            323         0.61972  
            324         0.62001  
            325         0.62031  
            326         0.62061  
            327         0.62091  
            328         0.62120  
            329         0.62150  
            330         0.62180  
            331         0.62209  
            332         0.62239  
            333         0.62269  
            334         0.62298  
            335         0.62328  
            336         0.62358  
            337         0.62387  
            338         0.62417  
            339         0.62447  
            340         0.62477  
            341         0.62506  
            342         0.62536  
            343         0.62566  
            344         0.62595  
            345         0.62625  
            346         0.62655  
            347         0.62684  
            348         0.62714  
            349         0.62744  
            350         0.62774  
            351         0.62803  
            352         0.62833  
            353         0.62863  
            354         0.62892  
            355         0.62922  
            356         0.62952  
            357         0.62981  
            358         0.63011  
            359         0.63041  
            360         0.63071  
            361         0.63100  
            362         0.63130  
            363         0.63160  
            364         0.63189  
            365         0.63219  
            366         0.63249  
            367         0.63278  
            368         0.63308  
            369         0.63338  
            370         0.63367  
            371         0.63397  
            372         0.63427  
            373         0.63457  
            374         0.63486  
            375         0.63516  
            376         0.63546  
            377         0.63575  
            378         0.63605  
            379         0.63635  
            380         0.63664  
            381         0.63694  
            382         0.63724  
            383         0.63754  
            384         0.63783  
            385         0.63813  
            386         0.63843  
            387         0.63872  
            388         0.63902  
            389         0.63932  
            390         0.63961  
            391         0.63991  
            392         0.64021  
            393         0.64050  
            394         0.64080  
            395         0.64110  
            396         0.64140  
            397         0.64169  
            398         0.64199  
            399         0.64229  
            400         0.64258  
            401         0.64288  
            402         0.64318  
            403         0.64347  
            404         0.64377  
            405         0.64407  
            406         0.64437  
            407         0.64466  
            408         0.64496  
            409         0.64526  
            410         0.64555  
            411         0.64585  
            412         0.64615  
            413         0.64644  
            414         0.64674  
            415         0.64704  
            416         0.64733  
            417         0.64763  
            418         0.64793  
            419         0.64823  
            420         0.64852  
            421         0.64882  
            422         0.64912  
            423         0.64941  
            424         0.64971  
            425         0.65001  
            426         0.65030  
            427         0.65060  
            428         0.65090  
            429         0.65120  
            430         0.65149  
            431         0.65179  
            432         0.65209  
            433         0.65238  
            434         0.65268  
            435         0.65298  
            436         0.65327  
            437         0.65357  
            438         0.65387  
            439         0.65417  
            440         0.65446  
            441         0.65476  
            442         0.65506  
            443         0.65535  
            444         0.65565  
            445         0.65595  
            446         0.65624  
            447         0.65654  
            448         0.65684  
            449         0.65713  
            450         0.65743  
            451         0.65773  
            452         0.65803  
            453         0.65832  
            454         0.65862  
            455         0.65892  
            456         0.65921  
            457         0.65951  
            458         0.65981  
            459         0.66010  
            460         0.66040  
            461         0.66070  
            462         0.66100  
            463         0.66129  
            464         0.66159  
            465         0.66189  
            466         0.66218  
            467         0.66248  
            468         0.66278  
            469         0.66307  
            470         0.66337  
            471         0.66367  
            472         0.66396  
            473         0.66426  
            474         0.66456  
            475         0.66486  
            476         0.66515  
            477         0.66545  
            478         0.66575  
            479         0.66604  
            480         0.66634  
            481         0.66664  
            482         0.66693  
            483         0.66723  
            484         0.66753  
            485         0.66783  
            486         0.66812  
            487         0.66842  
            488         0.66872  
            489         0.66901  
            490         0.66931  
            491         0.66961  
            492         0.66990  
            493         0.67020  
            494         0.67050  
            495         0.67079  
            496         0.67109  
            497         0.67139  
            498         0.67169  
            499         0.67198  
            500         0.67228  
            501         0.67258  
            502         0.67287  
            503         0.67317  
            504         0.67347  
            505         0.67376  
            506         0.67406  
            507         0.67436  
            508         0.67466  
            509         0.67495  
            510         0.67525  
            511         0.67555  
            512         0.67584  
            513         0.67614  
            514         0.67644  
            515         0.67673  
            516         0.67703  
            517         0.67733  
            518         0.67763  
            519         0.67792  
            520         0.67822  
            521         0.67852  
            522         0.67881  
            523         0.67911  
            524         0.67941  
            525         0.67970  
            526         0.68000  
            527         0.68030  
            528         0.68059  
            529         0.68089  
            530         0.68119  
            531         0.68149  
            532         0.68178  
            533         0.68208  
            534         0.68238  
            535         0.68267  
            536         0.68297  
            537         0.68327  
            538         0.68356  
            539         0.68386  
            540         0.68416  
            541         0.68446  
            542         0.68475  
            543         0.68505  
            544         0.68535  
            545         0.68564  
            546         0.68594  
            547         0.68624  
            548         0.68653  
            549         0.68683  
            550         0.68713  
            551         0.68742  
            552         0.68772  
            553         0.68802  
            554         0.68832  
            555         0.68861  
            556         0.68891  
            557         0.68921  
            558         0.68950  
            559         0.68980  
            560         0.69010  
            561         0.69039  
            562         0.69069  
            563         0.69099  
            564         0.69129  
            565         0.69158  
            566         0.69188  
            567         0.69218  
            568         0.69247  
            569         0.69277  
            570         0.69307  
            571         0.69336  
            572         0.69366  
            573         0.69396  
            574         0.69425  
            575         0.69455  
            576         0.69485  
            577         0.69515  
            578         0.69544  
            579         0.69574  
            580         0.69604  
            581         0.69633  
            582         0.69663  
            583         0.69693  
            584         0.69722  
            585         0.69752  
            586         0.69782  
            587         0.69812  
            588         0.69841  
            589         0.69871  
            590         0.69901  
            591         0.69930  
            592         0.69960  
            593         0.69990  
            594         0.70019  
            595         0.70049  
            596         0.70079  
            597         0.70109  
            598         0.70138  
            599         0.70168  
            600         0.70198  
            601         0.70227  
            602         0.70257  
            603         0.70287  
            604         0.70316  
            605         0.70346  
            606         0.70376  
            607         0.70405  
            608         0.70435  
            609         0.70465  
            610         0.70495  
            611         0.70524  
            612         0.70554  
            613         0.70584  
            614         0.70613  
            615         0.70643  
            616         0.70673  
            617         0.70702  
            618         0.70732  
            619         0.70762  
            620         0.70792  
            621         0.70821  
            622         0.70851  
            623         0.70881  
            624         0.70910  
            625         0.70940  
            626         0.70970  
            627         0.70999  
            628         0.71029  
            629         0.71059  
            630         0.71088  
            631         0.71118  
            632         0.71148  
            633         0.71178  
            634         0.71207  
            635         0.71237  
            636         0.71267  
            637         0.71296  
            638         0.71326  
            639         0.71356  
            640         0.71385  
            641         0.71415  
            642         0.71445  
            643         0.71475  
            644         0.71504  
            645         0.71534  
            646         0.71564  
            647         0.71593  
            648         0.71623  
            649         0.71653  
            650         0.71682  
            651         0.71712  
            652         0.71742  
            653         0.71771  
            654         0.71801  
            655         0.71831  
            656         0.71861  
            657         0.71890  
            658         0.71920  
            659         0.71950  
            660         0.71979  
            661         0.72009  
            662         0.72039  
            663         0.72068  
            664         0.72098  
            665         0.72128  
            666         0.72158  
            667         0.72187  
            668         0.72217  
            669         0.72247  
            670         0.72276  
            671         0.72306  
            672         0.72336  
            673         0.72365  
            674         0.72395  
            675         0.72425  
            676         0.72455  
            677         0.72484  
            678         0.72514  
            679         0.72544  
            680         0.72573  
            681         0.72603  
            682         0.72633  
            683         0.72662  
            684         0.72692  
            685         0.72722  
            686         0.72751  
            687         0.72781  
            688         0.72811  
            689         0.72841  
            690         0.72870  
            691         0.72900  
            692         0.72930  
            693         0.72959  
            694         0.72990  
            695         0.73020  
            696         0.73051  
            697         0.73082  
            698         0.73113  
            699         0.73145  
            700         0.73177  
            701         0.73210  
            702         0.73243  
            703         0.73276  
            704         0.73310  
            705         0.73344  
            706         0.73378  
            707         0.73413  
            708         0.73448  
            709         0.73484  
            710         0.73520  
            711         0.73556  
            712         0.73593  
            713         0.73630  
            714         0.73667  
            715         0.73705  
            716         0.73743  
            717         0.73782  
            718         0.73821  
            719         0.73861  
            720         0.73901  
            721         0.73941  
            722         0.73982  
            723         0.74023  
            724         0.74064  
            725         0.74107  
            726         0.74149  
            727         0.74192  
            728         0.74235  
            729         0.74279  
            730         0.74323  
            731         0.74368  
            732         0.74413  
            733         0.74459  
            734         0.74505  
            735         0.74552  
            736         0.74599  
            737         0.74646  
            738         0.74694  
            739         0.74743  
            740         0.74792  
            741         0.74842  
            742         0.74892  
            743         0.74942  
            744         0.74993  
            745         0.75045  
            746         0.75097  
            747         0.75149  
            748         0.75202  
            749         0.75256  
            750         0.75310  
            751         0.75365  
            752         0.75420  
            753         0.75476  
            754         0.75533  
            755         0.75590  
            756         0.75647  
            757         0.75705  
            758         0.75764  
            759         0.75823  
            760         0.75883  
            761         0.75944  
            762         0.76005  
            763         0.76066  
            764         0.76129  
            765         0.76192  
            766         0.76255  
            767         0.76319  
            768         0.76384  
            769         0.76450  
            770         0.76516  
            771         0.76583  
            772         0.76650  
            773         0.76718  
            774         0.76787  
            775         0.76856  
            776         0.76927  
            777         0.76997  
            778         0.77069  
            779         0.77141  
            780         0.77214  
            781         0.77288  
            782         0.77362  
            783         0.77438  
            784         0.77513  
            785         0.77590  
            786         0.77668  
            787         0.77746  
            788         0.77825  
            789         0.77905  
            790         0.77985  
            791         0.78067  
            792         0.78149  
            793         0.78232  
            794         0.78316  
            795         0.78400  
            796         0.78486  
            797         0.78572  
            798         0.78659  
            799         0.78747  
            800         0.78836  
            801         0.78926  
            802         0.79017  
            803         0.79109  
            804         0.79201  
            805         0.79295  
            806         0.79389  
            807         0.79485  
            808         0.79581  
            809         0.79678  
            810         0.79777  
            811         0.79876  
            812         0.79976  
            813         0.80078  
            814         0.80180  
            815         0.80283  
            816         0.80388  
            817         0.80493  
            818         0.80600  
            819         0.80707  
            820         0.80816  
            821         0.80926  
            822         0.81037  
            823         0.81149  
            824         0.81262  
            825         0.81376  
            826         0.81492  
            827         0.81608  
            828         0.81726  
            829         0.81845  
            830         0.81966  
            831         0.82087  
            832         0.82210  
            833         0.82334  
            834         0.82459  
            835         0.82586  
            836         0.82714  
            837         0.82843  
            838         0.82973  
            839         0.83105  
            840         0.83238  
            841         0.83373  
            842         0.83509  
            843         0.83647  
            844         0.83785  
            845         0.83926  
            846         0.84067  
            847         0.84211  
            848         0.84355  
            849         0.84502  
            850         0.84649  
            851         0.84799  
            852         0.84949  
            853         0.85102  
            854         0.85256  
            855         0.85412  
            856         0.85569  
            857         0.85728  
            858         0.85889  
            859         0.86051  
            860         0.86215  
            861         0.86381  
            862         0.86548  
            863         0.86718  
            864         0.86889  
            865         0.87062  
            866         0.87237  
            867         0.87414  
            868         0.87592  
            869         0.87773  
            870         0.87955  
            871         0.88140  
            872         0.88326  
            873         0.88514  
            874         0.88705  
            875         0.88897  
            876         0.89092  
            877         0.89289  
            878         0.89488  
            879         0.89689  
            880         0.89892  
            881         0.90097  
            882         0.90305  
            883         0.90515  
            884         0.90727  
            885         0.90942  
            886         0.91159  
            887         0.91378  
            888         0.91600  
            889         0.91824  
            890         0.92051  
            891         0.92280  
            892         0.92512  
            893         0.92746  
            894         0.92983  
            895         0.93223  
            896         0.93465  
            897         0.93710  
            898         0.93958  
            899         0.94209  
            900         0.94462  
            901         0.94718  
            902         0.94977  
            903         0.95239  
            904         0.95504  
            905         0.95772  
            906         0.96044  
            907         0.96318  
            908         0.96595  
            909         0.96876  
            910         0.97159  
            911         0.97446  
            912         0.97661  
            913         0.97658  
            914         0.97670  
            915         0.97682  
            916         0.97699  
            917         0.97714  
            918         0.97714  
            919         0.97729  
            920         0.97751  
            921         0.97762  
            922         0.97774  
            923         0.97793  
            924         0.97813  
            925         0.97804  
            926         0.97795  
            927         0.97862  
            928         0.97853  
            929         0.97844  
            930         0.97835  
            931         0.97930  
            932         0.97921  
            933         0.97913  
            934         0.97904  
            935         0.97896  
            936         0.97887  
            937         0.97879  
            938         0.98018  
            939         0.98010  
            940         0.98002  
            941         0.97994  
            942         0.97986  
            943         0.97978  
            944         0.97970  
            945         0.97962  
            946         0.97953  
            947         0.97945  
            948         0.97937  
            949         0.97929  
            950         0.98142  
            951         0.98135  
            952         0.98127  
            953         0.98120  
            954         0.98112  
            955         0.98105  
            956         0.98098  
            957         0.98090  
            958         0.98083  
            959         0.98075  
            960         0.98067  
            961         0.98060  
            962         0.98052  
            963         0.98045  
            964         0.98037  
            965         0.98029  
            966         0.98022  
            967         0.98014  
            968         0.98006  
            969         0.97998  
            970         0.97991  
            971         0.97983  
            972         0.97975  
            973         0.98334  
            974         0.98328  
            975         0.98321  
            976         0.98315  
            977         0.98308  
            978         0.98302  
            979         0.98295  
            980         0.98289  
            981         0.98282  
            982         0.98276  
            983         0.98269  
            984         0.98263  
            985         0.98256  
            986         0.98249  
            987         0.98243  
            988         0.98236  
            989         0.98229  
            990         0.98223  
            991         0.98216  
            992         0.98209  
            993         0.98203  
            994         0.98196  
            995         0.98189  
            996         0.98182  
            997         0.98175  
            998         0.98169  
            999         0.98162  
           1000         0.98155  
           1001         0.98148  
           1002         0.98141  
           1003         0.98134  
           1004         0.98127  
           1005         0.98120  
           1006         0.98113  
           1007         0.98106  
           1008         0.98099  
           1009         0.98092  
           1010         0.98085  
           1011         0.98078  
           1012         0.98071  
           1013         0.98064  
           1014         0.98057  
           1015         0.98050  
           1016         0.98042  
           1017         0.98035  
           1018         0.98028  
           1019         0.98021  
           1020         0.98014  
           1021         0.98006  
           1022         0.97999  
           1023         0.97992  
           1024         0.97984  
           1025         0.97977  
           1026         0.98685  
           1027         0.98680  
           1028         0.98676  
           1029         0.98671  
           1030         0.98666  
           1031         0.98662  
           1032         0.98657  
           1033         0.98652  
           1034         0.98647  
           1035         0.98643  
           1036         0.98638  
           1037         0.98633  
           1038         0.98628  
           1039         0.98623  
           1040         0.98619  
           1041         0.98614  
           1042         0.98609  
           1043         0.98604  
           1044         0.98599  
           1045         0.98594  
           1046         0.98589  
           1047         0.98584  
           1048         0.98580  
           1049         0.98575  
           1050         0.98570  
           1051         0.98565  
           1052         0.98560  
           1053         0.98555  
           1054         0.98550  
           1055         0.98545  
           1056         0.98540  
           1057         0.98535  
           1058         0.98530  
           1059         0.98525  
           1060         0.98520  
           1061         0.98515  
           1062         0.98509  
           1063         0.98504  
           1064         0.98499  
           1065         0.98494  
           1066         0.98489  
           1067         0.98484  
           1068         0.98479  
           1069         0.98473  
           1070         0.98468  
           1071         0.98463  
           1072         0.98458  
           1073         0.98453  
           1074         0.98447  
           1075         0.98442  
           1076         0.98437  
           1077         0.98432  
           1078         0.98426  
           1079         0.98421  
           1080         0.98416  
           1081         0.98410  
           1082         0.98405  
           1083         0.98400  
           1084         0.98394  
           1085         0.98389  
           1086         0.98384  
           1087         0.98378  
           1088         0.98373  
           1089         0.98367  
           1090         0.98362  
           1091         0.98356  
           1092         0.98351  
           1093         0.98346  
           1094         0.98340  
           1095         0.98335  
           1096         0.98329  
           1097         0.98323  
           1098         0.98318  
           1099         0.98312  
           1100         0.98307  
           1101         0.98301  
           1102         0.98296  
           1103         0.98290  
           1104         0.98284  
           1105         0.98279  
           1106         0.98273  
           1107         0.98268  
           1108         0.98262  
           1109         0.98256  
           1110         0.98250  
           1111         0.98245  
           1112         0.98239  
           1113         0.98233  
           1114         0.98228  
           1115         0.98222  
           1116         0.98216  
           1117         0.98210  
           1118         0.98204  
           1119         0.98199  
           1120         0.98193  
           1121         0.98187  
           1122         0.98181  
           1123         0.98175  
           1124         0.98169  
           1125         0.98163  
           1126         0.98158  
           1127         0.98152  
           1128         0.98146  
           1129         0.98140  
           1130         0.98134  
           1131         0.98128  
           1132         0.98122  
           1133         0.98116  
           1134         0.98110  
           1135         0.98104  
           1136         0.98098  
           1137         0.98092  
           1138         0.98086  
           1139         0.98080  
           1140         0.98073  
           1141         0.98067  
           1142         0.98061  
           1143         0.98055  
           1144         0.98049  
           1145         0.98043  
           1146         0.98037  
           1147         0.98030  
           1148         0.98024  
           1149         0.98018  
           1150         0.98012  
           1151         0.98006  
           1152         0.97999  
           1153         0.97993  
           1154         0.97987  
           1155         0.97980  
           1156         0.97974  
           1157         0.97968  
           1158         0.97961  
           1159         0.97955  
           1160         0.97949  
           1161         0.97942  
           1162         0.97936  
           1163         0.97930  
           1164         0.97923  
           1165         0.97917  
           1166         0.97910  
           1167         0.97904  
           1168         0.97897  
           1169         0.97891  
           1170         0.97884  
           1171         0.97878  
           1172         0.97871  
           1173         0.97865  
           1174         0.97858  
           1175         0.97852  
           1176         0.97845  
           1177         0.97838  
           1178         0.97832  
           1179         0.97825  
           1180         0.97819  
           1181         0.97812  
           1182         0.97805  
           1183         0.97799  
           1184         0.97792  
           1185         0.97785  
           1186         0.97778  
           1187         0.97772  
           1188         0.97765  
           1189         0.97758  
           1190         0.97751  
           1191         0.97745  
           1192         0.97738  
           1193         0.97731  
           1194         0.97724  
           1195         0.97717  
           1196         0.97710  
           1197         0.97703  
           1198         0.97697  
           1199         0.97690  
           1200         0.97683  
           1201         0.97676  
           1202         0.97669  
           1203         0.97662  
           1204         0.97655  
           1205         0.97648  
           1206         0.97641  
           1207         0.97634  
           1208         0.97627  
           1209         0.97620  
           1210         0.97613  
           1211         0.97606  
           1212         0.97598  
           1213         0.97591  
           1214         0.97584  
           1215         0.97577  
           1216         1.00000  
