              0         0.13632  
              1         0.13632  
              2         0.13631  
              3         0.13630  
              4         0.13629  
              5         0.13629  
              6         0.13628  
              7         0.13627  
              8         0.13626  
              9         0.13626  
             10         0.13625  
             11         0.13624  
             12         0.13624  
             13         0.13623  
             14         0.13622  
             15         0.13621  
             16         0.13621  
             17         0.13620  
             18         0.13619  
             19         0.13619  
             20         0.13618  
             21         0.13617  
             22         0.13616  
             23         0.13616  
             24         0.13615  
             25         0.13614  
             26         0.13614  
             27         0.13613  
             28         0.13612  
             29         0.13611  
             30         0.13611  
             31         0.13610  
             32         0.13609  
             33         0.13609  
             34         0.13608  
             35         0.13607  
             36         0.13606  
             37         0.13606  
             38         0.13605  
             39         0.13604  
             40         0.13604  
             41         0.13603  
             42         0.13602  
             43         0.13601  
             44         0.13601  
             45         0.13600  
             46         0.13599  
             47         0.13599  
             48         0.13598  
             49         0.13597  
             50         0.13596  
             51         0.13596  
             52         0.13595  
             53         0.13594  
             54         0.13594  
             55         0.13593  
             56         0.13592  
             57         0.13591  
             58         0.13591  
             59         0.13590  
             60         0.13589  
             61         0.13588  
             62         0.13588  
             63         0.13587  
             64         0.13586  
             65         0.13586  
             66         0.13585  
             67         0.13584  
             68         0.13583  
             69         0.13583  
             70         0.13582  
             71         0.13581  
             72         0.13581  
             73         0.13580  
             74         0.13579  
             75         0.13578  
             76         0.13578  
             77         0.13577  
             78         0.13576  
             79         0.13576  
             80         0.13575  
             81         0.13574  
             82         0.13573  
             83         0.13573  
             84         0.13572  
             85         0.13571  
             86         0.13571  
             87         0.13570  
             88         0.13569  
             89         0.13568  
             90         0.13568  
             91         0.13567  
             92         0.13566  
             93         0.13566  
             94         0.13565  
             95         0.13564  
             96         0.13563  
             97         0.13563  
             98         0.13562  
             99         0.13561  
            100         0.13561  
            101         0.13560  
            102         0.13559  
            103         0.13558  
            104         0.13558  
            105         0.13557  
            106         0.13556  
            107         0.13556  
            108         0.13555  
            109         0.13554  
            110         0.13553  
            111         0.13553  
            112         0.13552  
            113         0.13551  
            114         0.13550  
            115         0.13550  
            116         0.13549  
            117         0.13548  
            118         0.13548  
            119         0.13547  
            120         0.13546  
            121         0.13545  
            122         0.13545  
            123         0.13544  
            124         0.13543  
            125         0.13543  
            126         0.13542  
            127         0.13541  
            128         0.13540  
            129         0.13540  
            130         0.13539  
            131         0.13538  
            132         0.13538  
            133         0.13537  
            134         0.13536  
            135         0.13535  
            136         0.13535  
            137         0.13534  
            138         0.13533  
            139         0.13533  
            140         0.13532  
            141         0.13531  
            142         0.13530  
            143         0.13530  
            144         0.13529  
            145         0.13528  
            146         0.13528  
            147         0.13527  
            148         0.13526  
            149         0.13525  
            150         0.13525  
            151         0.13524  
            152         0.13523  
            153         0.13523  
            154         0.13522  
            155         0.13521  
            156         0.13520  
            157         0.13520  
            158         0.13519  
            159         0.13518  
            160         0.13518  
            161         0.13517  
            162         0.13516  
            163         0.13515  
            164         0.13515  
            165         0.13514  
            166         0.13513  
            167         0.13512  
            168         0.13512  
            169         0.13511  
            170         0.13510  
            171         0.13510  
            172         0.13509  
            173         0.13508  
            174         0.13507  
            175         0.13507  
            176         0.13506  
            177         0.13505  
            178         0.13505  
            179         0.13504  
            180         0.13503  
            181         0.13502  
            182         0.13502  
            183         0.13501  
            184         0.13500  
            185         0.13500  
            186         0.13499  
            187         0.13498  
            188         0.13497  
            189         0.13497  
            190         0.13496  
            191         0.13495  
            192         0.13495  
            193         0.13494  
            194         0.13493  
            195         0.13492  
            196         0.13492  
            197         0.13491  
            198         0.13490  
            199         0.13490  
            200         0.13489  
            201         0.13488  
            202         0.13487  
            203         0.13487  
            204         0.13486  
            205         0.13485  
            206         0.13485  
            207         0.13484  
            208         0.13483  
            209         0.13482  
            210         0.13482  
            211         0.13481  
            212         0.13480  
            213         0.13480  
            214         0.13479  
            215         0.13478  
            216         0.13477  
            217         0.13477  
            218         0.13476  
            219         0.13475  
            220         0.13474  
            221         0.13474  
            222         0.13473  
            223         0.13472  
            224         0.13472  
            225         0.13471  
            226         0.13470  
            227         0.13469  
            228         0.13469  
            229         0.13468  
            230         0.13467  
            231         0.13467  
            232         0.13466  
            233         0.13465  
            234         0.13464  
            235         0.13464  
            236         0.13463  
            237         0.13462  
            238         0.13462  
            239         0.13461  
            240         0.13460  
            241         0.13459  
            242         0.13459  
            243         0.13458  
            244         0.13457  
            245         0.13457  
            246         0.13456  
            247         0.13455  
            248         0.13454  
            249         0.13454  
            250         0.13453  
            251         0.13452  
            252         0.13452  
            253         0.13451  
            254         0.13450  
            255         0.13449  
            256         0.13449  
            257         0.13448  
            258         0.13447  
            259         0.13447  
            260         0.13446  
            261         0.13445  
            262         0.13444  
            263         0.13444  
            264         0.13443  
            265         0.13442  
            266         0.13442  
            267         0.13441  
            268         0.13440  
            269         0.13439  
            270         0.13439  
            271         0.13438  
            272         0.13437  
            273         0.13436  
            274         0.13436  
            275         0.13435  
            276         0.13434  
            277         0.13434  
            278         0.13433  
            279         0.13432  
            280         0.13431  
            281         0.13431  
            282         0.13430  
            283         0.13429  
            284         0.13429  
            285         0.13428  
            286         0.13427  
            287         0.13426  
            288         0.13426  
            289         0.13425  
            290         0.13424  
            291         0.13424  
            292         0.13423  
            293         0.13422  
            294         0.13421  
            295         0.13421  
            296         0.13420  
            297         0.13419  
            298         0.13419  
            299         0.13418  
            300         0.13417  
            301         0.13416  
            302         0.13416  
            303         0.13415  
            304         0.13414  
            305         0.13414  
            306         0.13413  
            307         0.13412  
            308         0.13411  
            309         0.13411  
            310         0.13410  
            311         0.13409  
            312         0.13409  
            313         0.13408  
            314         0.13407  
            315         0.13406  
            316         0.13406  
            317         0.13405  
            318         0.13404  
            319         0.13404  
            320         0.13403  
            321         0.13402  
            322         0.13401  
            323         0.13401  
            324         0.13400  
            325         0.13399  
            326         0.13398  
            327         0.13398  
            328         0.13397  
            329         0.13396  
            330         0.13396  
            331         0.13395  
            332         0.13394  
            333         0.13393  
            334         0.13393  
            335         0.13392  
            336         0.13391  
            337         0.13391  
            338         0.13390  
            339         0.13389  
            340         0.13388  
            341         0.13388  
            342         0.13387  
            343         0.13386  
            344         0.13386  
            345         0.13385  
            346         0.13384  
            347         0.13383  
            348         0.13383  
            349         0.13382  
            350         0.13381  
            351         0.13381  
            352         0.13380  
            353         0.13379  
            354         0.13378  
            355         0.13378  
            356         0.13377  
            357         0.13376  
            358         0.13376  
            359         0.13375  
            360         0.13374  
            361         0.13373  
            362         0.13373  
            363         0.13372  
            364         0.13371  
            365         0.13371  
            366         0.13370  
            367         0.13369  
            368         0.13368  
            369         0.13368  
            370         0.13367  
            371         0.13366  
            372         0.13366  
            373         0.13365  
            374         0.13364  
            375         0.13363  
            376         0.13363  
            377         0.13362  
            378         0.13361  
            379         0.13360  
            380         0.13360  
            381         0.13359  
            382         0.13358  
            383         0.13358  
            384         0.13357  
            385         0.13356  
            386         0.13355  
            387         0.13355  
            388         0.13354  
            389         0.13353  
            390         0.13353  
            391         0.13352  
            392         0.13351  
            393         0.13350  
            394         0.13350  
            395         0.13349  
            396         0.13348  
            397         0.13348  
            398         0.13347  
            399         0.13346  
            400         0.13345  
            401         0.13345  
            402         0.13344  
            403         0.13343  
            404         0.13343  
            405         0.13342  
            406         0.13341  
            407         0.13340  
            408         0.13340  
            409         0.13339  
            410         0.13338  
            411         0.13338  
            412         0.13337  
            413         0.13336  
            414         0.13335  
            415         0.13335  
            416         0.13334  
            417         0.13333  
            418         0.13333  
            419         0.13332  
            420         0.13331  
            421         0.13330  
            422         0.13330  
            423         0.13329  
            424         0.13328  
            425         0.13328  
            426         0.13327  
            427         0.13326  
            428         0.13325  
            429         0.13325  
            430         0.13324  
            431         0.13323  
            432         0.13322  
            433         0.13322  
            434         0.13321  
            435         0.13320  
            436         0.13320  
            437         0.13319  
            438         0.13318  
            439         0.13317  
            440         0.13317  
            441         0.13316  
            442         0.13315  
            443         0.13315  
            444         0.13314  
            445         0.13313  
            446         0.13312  
            447         0.13312  
            448         0.13311  
            449         0.13310  
            450         0.13310  
            451         0.13309  
            452         0.13308  
            453         0.13307  
            454         0.13307  
            455         0.13306  
            456         0.13305  
            457         0.13305  
            458         0.13304  
            459         0.13303  
            460         0.13302  
            461         0.13302  
            462         0.13301  
            463         0.13300  
            464         0.13300  
            465         0.13299  
            466         0.13298  
            467         0.13297  
            468         0.13297  
            469         0.13296  
            470         0.13295  
            471         0.13295  
            472         0.13294  
            473         0.13293  
            474         0.13292  
            475         0.13292  
            476         0.13291  
            477         0.13290  
            478         0.13290  
            479         0.13289  
            480         0.13288  
            481         0.13287  
            482         0.13287  
            483         0.13286  
            484         0.13285  
            485         0.13284  
            486         0.13284  
            487         0.13283  
            488         0.13282  
            489         0.13282  
            490         0.13281  
            491         0.13280  
            492         0.13279  
            493         0.13279  
            494         0.13278  
            495         0.13277  
            496         0.13277  
            497         0.13276  
            498         0.13275  
            499         0.13275  
            500         0.13274  
            501         0.13274  
            502         0.13274  
            503         0.13273  
            504         0.13273  
            505         0.13273  
            506         0.13273  
            507         0.13272  
            508         0.13272  
            509         0.13272  
            510         0.13272  
            511         0.13272  
            512         0.13272  
            513         0.13273  
            514         0.13273  
            515         0.13273  
            516         0.13273  
            517         0.13274  
            518         0.13274  
            519         0.13274  
            520         0.13275  
            521         0.13275  
            522         0.13276  
            523         0.13277  
            524         0.13277  
            525         0.13278  
            526         0.13279  
            527         0.13280  
            528         0.13280  
            529         0.13281  
            530         0.13282  
            531         0.13283  
            532         0.13284  
            533         0.13285  
            534         0.13286  
            535         0.13288  
            536         0.13289  
            537         0.13290  
            538         0.13291  
            539         0.13293  
            540         0.13294  
            541         0.13295  
            542         0.13297  
            543         0.13298  
            544         0.13300  
            545         0.13302  
            546         0.13303  
            547         0.13305  
            548         0.13307  
            549         0.13309  
            550         0.13310  
            551         0.13312  
            552         0.13314  
            553         0.13316  
            554         0.13318  
            555         0.13320  
            556         0.13322  
            557         0.13324  
            558         0.13327  
            559         0.13329  
            560         0.13331  
            561         0.13334  
            562         0.13336  
            563         0.13338  
            564         0.13341  
            565         0.13343  
            566         0.13346  
            567         0.13348  
            568         0.13351  
            569         0.13354  
            570         0.13357  
            571         0.13359  
            572         0.13362  
            573         0.13365  
            574         0.13368  
            575         0.13371  
            576         0.13374  
            577         0.13377  
            578         0.13380  
            579         0.13384  
            580         0.13388  
            581         0.13392  
            582         0.13397  
            583         0.13402  
            584         0.13407  
            585         0.13413  
            586         0.13419  
            587         0.13426  
            588         0.13432  
            589         0.13440  
            590         0.13447  
            591         0.13455  
            592         0.13463  
            593         0.13472  
            594         0.13481  
            595         0.13490  
            596         0.13500  
            597         0.13510  
            598         0.13520  
            599         0.13531  
            600         0.13542  
            601         0.13554  
            602         0.13566  
            603         0.13578  
            604         0.13591  
            605         0.13604  
            606         0.13617  
            607         0.13631  
            608         0.13645  
            609         0.13660  
            610         0.13675  
            611         0.13690  
            612         0.13706  
            613         0.13722  
            614         0.13738  
            615         0.13755  
            616         0.13773  
            617         0.13790  
            618         0.13809  
            619         0.13827  
            620         0.13846  
            621         0.13866  
            622         0.13885  
            623         0.13906  
            624         0.13926  
            625         0.13948  
            626         0.13969  
            627         0.13991  
            628         0.14013  
            629         0.14036  
            630         0.14059  
            631         0.14083  
            632         0.14107  
            633         0.14132  
            634         0.14157  
            635         0.14182  
            636         0.14208  
            637         0.14235  
            638         0.14262  
            639         0.14289  
            640         0.14317  
            641         0.14345  
            642         0.14374  
            643         0.14403  
            644         0.14433  
            645         0.14463  
            646         0.14494  
            647         0.14525  
            648         0.14556  
            649         0.14588  
            650         0.14621  
            651         0.14654  
            652         0.14688  
            653         0.14722  
            654         0.14757  
            655         0.14792  
            656         0.14828  
            657         0.14864  
            658         0.14901  
            659         0.14939  
            660         0.14976  
            661         0.15015  
            662         0.15054  
            663         0.15094  
            664         0.15134  
            665         0.15174  
            666         0.15216  
            667         0.15258  
            668         0.15300  
            669         0.15343  
            670         0.15387  
            671         0.15431  
            672         0.15476  
            673         0.15521  
            674         0.15567  
            675         0.15614  
            676         0.15661  
            677         0.15709  
            678         0.15758  
            679         0.15807  
            680         0.15857  
            681         0.15907  
            682         0.15959  
            683         0.16011  
            684         0.16063  
            685         0.16116  
            686         0.16170  
            687         0.16225  
            688         0.16280  
            689         0.16336  
            690         0.16393  
            691         0.16450  
            692         0.16508  
            693         0.16567  
            694         0.16627  
            695         0.16687  
            696         0.16748  
            697         0.16810  
            698         0.16873  
            699         0.16936  
            700         0.17001  
            701         0.17066  
            702         0.17132  
            703         0.17198  
            704         0.17266  
            705         0.17334  
            706         0.17403  
            707         0.17473  
            708         0.17544  
            709         0.17616  
            710         0.17688  
            711         0.17762  
            712         0.17836  
            713         0.17912  
            714         0.17988  
            715         0.18065  
            716         0.18143  
            717         0.18222  
            718         0.18302  
            719         0.18383  
            720         0.18465  
            721         0.18548  
            722         0.18632  
            723         0.18717  
            724         0.18803  
            725         0.18890  
            726         0.18977  
            727         0.19067  
            728         0.19157  
            729         0.19248  
            730         0.19340  
            731         0.19434  
            732         0.19528  
            733         0.19624  
            734         0.19721  
            735         0.19819  
            736         0.19918  
            737         0.20018  
            738         0.20120  
            739         0.20222  
            740         0.20326  
            741         0.20432  
            742         0.20538  
            743         0.20646  
            744         0.20755  
            745         0.20865  
            746         0.20977  
            747         0.21090  
            748         0.21204  
            749         0.21320  
            750         0.21437  
            751         0.21556  
            752         0.21676  
            753         0.21797  
            754         0.21920  
            755         0.22044  
            756         0.22170  
            757         0.22297  
            758         0.22426  
            759         0.22557  
            760         0.22689  
            761         0.22822  
            762         0.22958  
            763         0.23094  
            764         0.23233  
            765         0.23373  
            766         0.23515  
            767         0.23659  
            768         0.23804  
            769         0.23951  
            770         0.24100  
            771         0.24251  
            772         0.24403  
            773         0.24558  
            774         0.24714  
            775         0.24872  
            776         0.25032  
            777         0.25194  
            778         0.25358  
            779         0.25524  
            780         0.25693  
            781         0.25863  
            782         0.26035  
            783         0.26210  
            784         0.26386  
            785         0.26565  
            786         0.26746  
            787         0.26929  
            788         0.27115  
            789         0.27302  
            790         0.27493  
            791         0.27685  
            792         0.27880  
            793         0.28077  
            794         0.28277  
            795         0.28480  
            796         0.28685  
            797         0.28892  
            798         0.29102  
            799         0.29315  
            800         0.29530  
            801         0.29748  
            802         0.29969  
            803         0.30193  
            804         0.30420  
            805         0.30649  
            806         0.30882  
            807         0.31117  
            808         0.31355  
            809         0.31597  
            810         0.31841  
            811         0.32089  
            812         0.32340  
            813         0.32594  
            814         0.32852  
            815         0.33112  
            816         0.33377  
            817         0.33644  
            818         0.33915  
            819         0.34190  
            820         0.34468  
            821         0.34750  
            822         0.35036  
            823         0.35325  
            824         0.35618  
            825         0.35915  
            826         0.36216  
            827         0.36521  
            828         0.36830  
            829         0.37143  
            830         0.37461  
            831         0.37782  
            832         0.38108  
            833         0.38438  
            834         0.38773  
            835         0.39112  
            836         0.39456  
            837         0.39804  
            838         0.40157  
            839         0.40515  
            840         0.40878  
            841         0.41246  
            842         0.41619  
            843         0.41997  
            844         0.42380  
            845         0.42768  
            846         0.43162  
            847         0.43561  
            848         0.43966  
            849         0.44376  
            850         0.44792  
            851         0.45214  
            852         0.45641  
            853         0.46075  
            854         0.46515  
            855         0.46961  
            856         0.47413  
            857         0.47872  
            858         0.48337  
            859         0.48809  
            860         0.49287  
            861         0.49772  
            862         0.50264  
            863         0.50764  
            864         0.51270  
            865         0.51784  
            866         0.52305  
            867         0.52833  
            868         0.53369  
            869         0.53914  
            870         0.54465  
            871         0.55025  
            872         0.55594  
            873         0.56170  
            874         0.56755  
            875         0.57348  
            876         0.57951  
            877         0.58562  
            878         0.59182  
            879         0.59812  
            880         0.60451  
            881         0.61099  
            882         0.61757  
            883         0.62425  
            884         0.63103  
            885         0.63791  
            886         0.64490  
            887         0.65199  
            888         0.65918  
            889         0.66649  
            890         0.67391  
            891         0.68145  
            892         0.68909  
            893         0.69686  
            894         0.70475  
            895         0.71275  
            896         0.72088  
            897         0.72914  
            898         0.73753  
            899         0.74604  
            900         0.75469  
            901         0.76348  
            902         0.77240  
            903         0.78146  
            904         0.79067  
            905         0.80002  
            906         0.80951  
            907         0.81916  
            908         0.82897  
            909         0.83893  
            910         0.84905  
            911         0.85933  
            912         0.86702  
            913         0.86687  
            914         0.86753  
            915         0.86842  
            916         0.86921  
            917         0.86953  
            918         0.87006  
            919         0.87089  
            920         0.87212  
            921         0.87360  
            922         0.87345  
            923         0.87295  
            924         0.87566  
            925         0.87517  
            926         0.87468  
            927         0.87844  
            928         0.87796  
            929         0.87748  
            930         0.87700  
            931         0.88232  
            932         0.88186  
            933         0.88140  
            934         0.88093  
            935         0.88047  
            936         0.88000  
            937         0.87954  
            938         0.88745  
            939         0.88701  
            940         0.88657  
            941         0.88613  
            942         0.88569  
            943         0.88525  
            944         0.88481  
            945         0.88436  
            946         0.88392  
            947         0.88347  
            948         0.88303  
            949         0.88258  
            950         0.89467  
            951         0.89426  
            952         0.89386  
            953         0.89345  
            954         0.89305  
            955         0.89264  
            956         0.89223  
            957         0.89182  
            958         0.89141  
            959         0.89100  
            960         0.89058  
            961         0.89017  
            962         0.88975  
            963         0.88934  
            964         0.88892  
            965         0.88850  
            966         0.88808  
            967         0.88766  
            968         0.88724  
            969         0.88682  
            970         0.88640  
            971         0.88597  
            972         0.88555  
            973         0.90600  
            974         0.90565  
            975         0.90530  
            976         0.90495  
            977         0.90459  
            978         0.90424  
            979         0.90388  
            980         0.90353  
            981         0.90317  
            982         0.90282  
            983         0.90246  
            984         0.90210  
            985         0.90174  
            986         0.90138  
            987         0.90101  
            988         0.90065  
            989         0.90029  
            990         0.89992  
            991         0.89956  
            992         0.89919  
            993         0.89882  
            994         0.89845  
            995         0.89809  
            996         0.89772  
            997         0.89734  
            998         0.89697  
            999         0.89660  
           1000         0.89623  
           1001         0.89585  
           1002         0.89548  
           1003         0.89510  
           1004         0.89472  
           1005         0.89435  
           1006         0.89397  
           1007         0.89359  
           1008         0.89321  
           1009         0.89282  
           1010         0.89244  
           1011         0.89206  
           1012         0.89167  
           1013         0.89129  
           1014         0.89090  
           1015         0.89052  
           1016         0.89013  
           1017         0.88974  
           1018         0.88935  
           1019         0.88896  
           1020         0.88857  
           1021         0.88817  
           1022         0.88778  
           1023         0.88739  
           1024         0.88699  
           1025         0.88660  
           1026         0.92727  
           1027         0.92701  
           1028         0.92676  
           1029         0.92651  
           1030         0.92625  
           1031         0.92600  
           1032         0.92575  
           1033         0.92549  
           1034         0.92523  
           1035         0.92498  
           1036         0.92472  
           1037         0.92446  
           1038         0.92420  
           1039         0.92394  
           1040         0.92368  
           1041         0.92342  
           1042         0.92316  
           1043         0.92290  
           1044         0.92264  
           1045         0.92237  
           1046         0.92211  
           1047         0.92185  
           1048         0.92158  
           1049         0.92132  
           1050         0.92105  
           1051         0.92078  
           1052         0.92052  
           1053         0.92025  
           1054         0.91998  
           1055         0.91971  
           1056         0.91944  
           1057         0.91917  
           1058         0.91890  
           1059         0.91863  
           1060         0.91836  
           1061         0.91809  
           1062         0.91781  
           1063         0.91754  
           1064         0.91727  
           1065         0.91699  
           1066         0.91672  
           1067         0.91644  
           1068         0.91616  
           1069         0.91589  
           1070         0.91561  
           1071         0.91533  
           1072         0.91505  
           1073         0.91477  
           1074         0.91449  
           1075         0.91421  
           1076         0.91393  
           1077         0.91364  
           1078         0.91336  
           1079         0.91308  
           1080         0.91279  
           1081         0.91251  
           1082         0.91222  
           1083         0.91194  
           1084         0.91165  
           1085         0.91136  
           1086         0.91108  
           1087         0.91079  
           1088         0.91050  
           1089         0.91021  
           1090         0.90992  
           1091         0.90963  
           1092         0.90934  
           1093         0.90904  
           1094         0.90875  
           1095         0.90846  
           1096         0.90816  
           1097         0.90787  
           1098         0.90757  
           1099         0.90728  
           1100         0.90698  
           1101         0.90668  
           1102         0.90639  
           1103         0.90609  
           1104         0.90579  
           1105         0.90549  
           1106         0.90519  
           1107         0.90489  
           1108         0.90459  
           1109         0.90428  
           1110         0.90398  
           1111         0.90368  
           1112         0.90337  
           1113         0.90307  
           1114         0.90276  
           1115         0.90246  
           1116         0.90215  
           1117         0.90184  
           1118         0.90154  
           1119         0.90123  
           1120         0.90092  
           1121         0.90061  
           1122         0.90030  
           1123         0.89999  
           1124         0.89968  
           1125         0.89936  
           1126         0.89905  
           1127         0.89874  
           1128         0.89842  
           1129         0.89811  
           1130         0.89779  
           1131         0.89748  
           1132         0.89716  
           1133         0.89684  
           1134         0.89653  
           1135         0.89621  
           1136         0.89589  
           1137         0.89557  
           1138         0.89525  
           1139         0.89493  
           1140         0.89460  
           1141         0.89428  
           1142         0.89396  
           1143         0.89363  
           1144         0.89331  
           1145         0.89299  
           1146         0.89266  
           1147         0.89233  
           1148         0.89201  
           1149         0.89168  
           1150         0.89135  
           1151         0.89102  
           1152         0.89069  
           1153         0.89036  
           1154         0.89003  
           1155         0.88970  
           1156         0.88937  
           1157         0.88903  
           1158         0.88870  
           1159         0.88837  
           1160         0.88803  
           1161         0.88770  
           1162         0.88736  
           1163         0.88702  
           1164         0.88669  
           1165         0.88635  
           1166         0.88601  
           1167         0.88567  
           1168         0.88533  
           1169         0.88499  
           1170         0.88465  
           1171         0.88431  
           1172         0.88397  
           1173         0.88362  
           1174         0.88328  
           1175         0.88294  
           1176         0.88259  
           1177         0.88225  
           1178         0.88190  
           1179         0.88155  
           1180         0.88120  
           1181         0.88086  
           1182         0.88051  
           1183         0.88016  
           1184         0.87981  
           1185         0.87946  
           1186         0.87911  
           1187         0.87875  
           1188         0.87840  
           1189         0.87805  
           1190         0.87769  
           1191         0.87734  
           1192         0.87698  
           1193         0.87663  
           1194         0.87627  
           1195         0.87591  
           1196         0.87555  
           1197         0.87520  
           1198         0.87484  
           1199         0.87448  
           1200         0.87412  
           1201         0.87375  
           1202         0.87339  
           1203         0.87303  
           1204         0.87267  
           1205         0.87230  
           1206         0.87194  
           1207         0.87157  
           1208         0.87121  
           1209         0.87084  
           1210         0.87047  
           1211         0.87011  
           1212         0.86974  
           1213         0.86937  
           1214         0.86900  
           1215         0.86863  
           1216         1.00000  
