              0         0.01727  
              1         0.01722  
              2         0.01717  
              3         0.01711  
              4         0.01706  
              5         0.01701  
              6         0.01695  
              7         0.01690  
              8         0.01684  
              9         0.01679  
             10         0.01674  
             11         0.01668  
             12         0.01663  
             13         0.01658  
             14         0.01652  
             15         0.01647  
             16         0.01641  
             17         0.01636  
             18         0.01631  
             19         0.01625  
             20         0.01620  
             21         0.01615  
             22         0.01609  
             23         0.01604  
             24         0.01599  
             25         0.01593  
             26         0.01588  
             27         0.01582  
             28         0.01577  
             29         0.01572  
             30         0.01566  
             31         0.01561  
             32         0.01556  
             33         0.01550  
             34         0.01545  
             35         0.01539  
             36         0.01534  
             37         0.01529  
             38         0.01523  
             39         0.01518  
             40         0.01513  
             41         0.01507  
             42         0.01502  
             43         0.01496  
             44         0.01491  
             45         0.01486  
             46         0.01480  
             47         0.01475  
             48         0.01470  
             49         0.01464  
             50         0.01459  
             51         0.01454  
             52         0.01448  
             53         0.01443  
             54         0.01437  
             55         0.01432  
             56         0.01427  
             57         0.01421  
             58         0.01416  
             59         0.01411  
             60         0.01405  
             61         0.01400  
             62         0.01394  
             63         0.01389  
             64         0.01384  
             65         0.01378  
             66         0.01373  
             67         0.01368  
             68         0.01362  
             69         0.01357  
             70         0.01351  
             71         0.01346  
             72         0.01341  
             73         0.01335  
             74         0.01330  
             75         0.01325  
             76         0.01319  
             77         0.01314  
             78         0.01309  
             79         0.01303  
             80         0.01298  
             81         0.01292  
             82         0.01287  
             83         0.01282  
             84         0.01276  
             85         0.01271  
             86         0.01266  
             87         0.01260  
             88         0.01255  
             89         0.01249  
             90         0.01244  
             91         0.01239  
             92         0.01233  
             93         0.01228  
             94         0.01223  
             95         0.01217  
             96         0.01212  
             97         0.01206  
             98         0.01201  
             99         0.01196  
            100         0.01190  
            101         0.01185  
            102         0.01180  
            103         0.01174  
            104         0.01169  
            105         0.01164  
            106         0.01158  
            107         0.01153  
            108         0.01147  
            109         0.01142  
            110         0.01137  
            111         0.01131  
            112         0.01126  
            113         0.01121  
            114         0.01115  
            115         0.01110  
            116         0.01104  
            117         0.01099  
            118         0.01094  
            119         0.01088  
            120         0.01083  
            121         0.01078  
            122         0.01072  
            123         0.01067  
            124         0.01061  
            125         0.01056  
            126         0.01051  
            127         0.01045  
            128         0.01040  
            129         0.01035  
            130         0.01029  
            131         0.01024  
            132         0.01019  
            133         0.01013  
            134         0.01008  
            135         0.01002  
            136         0.00997  
            137         0.00992  
            138         0.00986  
            139         0.00981  
            140         0.00976  
            141         0.00970  
            142         0.00965  
            143         0.00959  
            144         0.00954  
            145         0.00949  
            146         0.00943  
            147         0.00938  
            148         0.00933  
            149         0.00927  
            150         0.00922  
            151         0.00916  
            152         0.00911  
            153         0.00906  
            154         0.00900  
            155         0.00895  
            156         0.00890  
            157         0.00884  
            158         0.00879  
            159         0.00874  
            160         0.00868  
            161         0.00863  
            162         0.00857  
            163         0.00852  
            164         0.00847  
            165         0.00841  
            166         0.00836  
            167         0.00831  
            168         0.00825  
            169         0.00820  
            170         0.00814  
            171         0.00809  
            172         0.00804  
            173         0.00798  
            174         0.00793  
            175         0.00788  
            176         0.00782  
            177         0.00777  
            178         0.00771  
            179         0.00766  
            180         0.00761  
            181         0.00755  
            182         0.00750  
            183         0.00745  
            184         0.00739  
            185         0.00734  
            186         0.00729  
            187         0.00723  
            188         0.00718  
            189         0.00712  
            190         0.00707  
            191         0.00702  
            192         0.00696  
            193         0.00691  
            194         0.00686  
            195         0.00680  
            196         0.00675  
            197         0.00669  
            198         0.00664  
            199         0.00659  
            200         0.00653  
            201         0.00648  
            202         0.00643  
            203         0.00637  
            204         0.00632  
            205         0.00626  
            206         0.00621  
            207         0.00616  
            208         0.00610  
            209         0.00605  
            210         0.00600  
            211         0.00594  
            212         0.00589  
            213         0.00584  
            214         0.00578  
            215         0.00573  
            216         0.00567  
            217         0.00562  
            218         0.00557  
            219         0.00551  
            220         0.00546  
            221         0.00541  
            222         0.00535  
            223         0.00530  
            224         0.00524  
            225         0.00519  
            226         0.00514  
            227         0.00508  
            228         0.00503  
            229         0.00498  
            230         0.00492  
            231         0.00487  
            232         0.00481  
            233         0.00476  
            234         0.00471  
            235         0.00465  
            236         0.00460  
            237         0.00455  
            238         0.00449  
            239         0.00444  
            240         0.00439  
            241         0.00433  
            242         0.00428  
            243         0.00422  
            244         0.00417  
            245         0.00412  
            246         0.00406  
            247         0.00401  
            248         0.00396  
            249         0.00390  
            250         0.00385  
            251         0.00379  
            252         0.00374  
            253         0.00369  
            254         0.00363  
            255         0.00358  
            256         0.00353  
            257         0.00347  
            258         0.00342  
            259         0.00336  
            260         0.00331  
            261         0.00326  
            262         0.00320  
            263         0.00315  
            264         0.00310  
            265         0.00304  
            266         0.00299  
            267         0.00293  
            268         0.00288  
            269         0.00283  
            270         0.00277  
            271         0.00272  
            272         0.00267  
            273         0.00262  
            274         0.00257  
            275         0.00252  
            276         0.00247  
            277         0.00242  
            278         0.00238  
            279         0.00233  
            280         0.00228  
            281         0.00224  
            282         0.00219  
            283         0.00215  
            284         0.00210  
            285         0.00206  
            286         0.00202  
            287         0.00197  
            288         0.00193  
            289         0.00189  
            290         0.00185  
            291         0.00181  
            292         0.00176  
            293         0.00173  
            294         0.00169  
            295         0.00165  
            296         0.00161  
            297         0.00158  
            298         0.00154  
            299         0.00151  
            300         0.00148  
            301         0.00144  
            302         0.00141  
            303         0.00138  
            304         0.00135  
            305         0.00132  
            306         0.00129  
            307         0.00126  
            308         0.00124  
            309         0.00121  
            310         0.00118  
            311         0.00116  
            312         0.00114  
            313         0.00111  
            314         0.00109  
            315         0.00106  
            316         0.00104  
            317         0.00102  
            318         0.00100  
            319         0.00098  
            320         0.00096  
            321         0.00094  
            322         0.00092  
            323         0.00090  
            324         0.00088  
            325         0.00086  
            326         0.00084  
            327         0.00083  
            328         0.00081  
            329         0.00079  
            330         0.00078  
            331         0.00076  
            332         0.00075  
            333         0.00073  
            334         0.00072  
            335         0.00070  
            336         0.00069  
            337         0.00067  
            338         0.00066  
            339         0.00065  
            340         0.00063  
            341         0.00062  
            342         0.00061  
            343         0.00060  
            344         0.00059  
            345         0.00057  
            346         0.00056  
            347         0.00055  
            348         0.00054  
            349         0.00053  
            350         0.00052  
            351         0.00051  
            352         0.00050  
            353         0.00049  
            354         0.00048  
            355         0.00047  
            356         0.00046  
            357         0.00046  
            358         0.00045  
            359         0.00044  
            360         0.00043  
            361         0.00042  
            362         0.00041  
            363         0.00041  
            364         0.00040  
            365         0.00039  
            366         0.00039  
            367         0.00038  
            368         0.00037  
            369         0.00037  
            370         0.00036  
            371         0.00035  
            372         0.00035  
            373         0.00034  
            374         0.00033  
            375         0.00033  
            376         0.00032  
            377         0.00032  
            378         0.00031  
            379         0.00031  
            380         0.00030  
            381         0.00030  
            382         0.00029  
            383         0.00029  
            384         0.00028  
            385         0.00028  
            386         0.00027  
            387         0.00027  
            388         0.00026  
            389         0.00026  
            390         0.00025  
            391         0.00025  
            392         0.00025  
            393         0.00024  
            394         0.00024  
            395         0.00023  
            396         0.00023  
            397         0.00023  
            398         0.00022  
            399         0.00022  
            400         0.00022  
            401         0.00021  
            402         0.00021  
            403         0.00021  
            404         0.00020  
            405         0.00020  
            406         0.00020  
            407         0.00019  
            408         0.00019  
            409         0.00019  
            410         0.00018  
            411         0.00018  
            412         0.00018  
            413         0.00018  
            414         0.00017  
            415         0.00017  
            416         0.00017  
            417         0.00017  
            418         0.00016  
            419         0.00016  
            420         0.00016  
            421         0.00016  
            422         0.00016  
            423         0.00015  
            424         0.00015  
            425         0.00015  
            426         0.00015  
            427         0.00014  
            428         0.00014  
            429         0.00014  
            430         0.00014  
            431         0.00014  
            432         0.00013  
            433         0.00013  
            434         0.00013  
            435         0.00013  
            436         0.00013  
            437         0.00013  
            438         0.00012  
            439         0.00012  
            440         0.00012  
            441         0.00012  
            442         0.00012  
            443         0.00012  
            444         0.00012  
            445         0.00011  
            446         0.00011  
            447         0.00011  
            448         0.00011  
            449         0.00011  
            450         0.00011  
            451         0.00011  
            452         0.00011  
            453         0.00010  
            454         0.00010  
            455         0.00010  
            456         0.00010  
            457         0.00010  
            458         0.00010  
            459         0.00010  
            460         0.00010  
            461         0.00010  
            462         0.00009  
            463         0.00009  
            464         0.00009  
            465         0.00009  
            466         0.00009  
            467         0.00009  
            468         0.00009  
            469         0.00009  
            470         0.00009  
            471         0.00009  
            472         0.00008  
            473         0.00008  
            474         0.00008  
            475         0.00008  
            476         0.00008  
            477         0.00008  
            478         0.00008  
            479         0.00008  
            480         0.00008  
            481         0.00008  
            482         0.00008  
            483         0.00008  
            484         0.00008  
            485         0.00008  
            486         0.00007  
            487         0.00007  
            488         0.00007  
            489         0.00007  
            490         0.00007  
            491         0.00007  
            492         0.00007  
            493         0.00007  
            494         0.00007  
            495         0.00007  
            496         0.00007  
            497         0.00007  
            498         0.00007  
            499         0.00007  
            500         0.00007  
            501         0.00007  
            502         0.00007  
            503         0.00007  
            504         0.00006  
            505         0.00006  
            506         0.00006  
            507         0.00006  
            508         0.00006  
            509         0.00006  
            510         0.00006  
            511         0.00006  
            512         0.00006  
            513         0.00006  
            514         0.00006  
            515         0.00006  
            516         0.00006  
            517         0.00006  
            518         0.00006  
            519         0.00006  
            520         0.00006  
            521         0.00006  
            522         0.00006  
            523         0.00006  
            524         0.00006  
            525         0.00006  
            526         0.00006  
            527         0.00006  
            528         0.00006  
            529         0.00006  
            530         0.00006  
            531         0.00006  
            532         0.00006  
            533         0.00006  
            534         0.00006  
            535         0.00006  
            536         0.00005  
            537         0.00005  
            538         0.00005  
            539         0.00005  
            540         0.00005  
            541         0.00005  
            542         0.00005  
            543         0.00005  
            544         0.00005  
            545         0.00005  
            546         0.00005  
            547         0.00005  
            548         0.00005  
            549         0.00005  
            550         0.00005  
            551         0.00005  
            552         0.00005  
            553         0.00005  
            554         0.00005  
            555         0.00005  
            556         0.00005  
            557         0.00005  
            558         0.00005  
            559         0.00005  
            560         0.00005  
            561         0.00005  
            562         0.00005  
            563         0.00005  
            564         0.00005  
            565         0.00005  
            566         0.00005  
            567         0.00005  
            568         0.00005  
            569         0.00005  
            570         0.00005  
            571         0.00005  
            572         0.00005  
            573         0.00005  
            574         0.00005  
            575         0.00005  
            576         0.00005  
            577         0.00005  
            578         0.00005  
            579         0.00005  
            580         0.00005  
            581         0.00005  
            582         0.00005  
            583         0.00005  
            584         0.00005  
            585         0.00005  
            586         0.00005  
            587         0.00005  
            588         0.00005  
            589         0.00005  
            590         0.00005  
            591         0.00005  
            592         0.00005  
            593         0.00005  
            594         0.00005  
            595         0.00005  
            596         0.00005  
            597         0.00005  
            598         0.00005  
            599         0.00005  
            600         0.00005  
            601         0.00005  
            602         0.00005  
            603         0.00005  
            604         0.00005  
            605         0.00005  
            606         0.00006  
            607         0.00006  
            608         0.00006  
            609         0.00006  
            610         0.00006  
            611         0.00006  
            612         0.00006  
            613         0.00006  
            614         0.00006  
            615         0.00006  
            616         0.00006  
            617         0.00006  
            618         0.00006  
            619         0.00006  
            620         0.00006  
            621         0.00006  
            622         0.00006  
            623         0.00006  
            624         0.00006  
            625         0.00006  
            626         0.00006  
            627         0.00006  
            628         0.00006  
            629         0.00006  
            630         0.00006  
            631         0.00006  
            632         0.00006  
            633         0.00006  
            634         0.00007  
            635         0.00007  
            636         0.00007  
            637         0.00007  
            638         0.00007  
            639         0.00007  
            640         0.00007  
            641         0.00007  
            642         0.00007  
            643         0.00007  
            644         0.00007  
            645         0.00007  
            646         0.00007  
            647         0.00007  
            648         0.00007  
            649         0.00007  
            650         0.00007  
            651         0.00008  
            652         0.00008  
            653         0.00008  
            654         0.00008  
            655         0.00008  
            656         0.00008  
            657         0.00008  
            658         0.00008  
            659         0.00008  
            660         0.00008  
            661         0.00008  
            662         0.00008  
            663         0.00008  
            664         0.00009  
            665         0.00009  
            666         0.00009  
            667         0.00009  
            668         0.00009  
            669         0.00009  
            670         0.00009  
            671         0.00009  
            672         0.00009  
            673         0.00010  
            674         0.00010  
            675         0.00010  
            676         0.00010  
            677         0.00010  
            678         0.00010  
            679         0.00010  
            680         0.00010  
            681         0.00011  
            682         0.00011  
            683         0.00011  
            684         0.00011  
            685         0.00011  
            686         0.00011  
            687         0.00011  
            688         0.00012  
            689         0.00012  
            690         0.00012  
            691         0.00012  
            692         0.00012  
            693         0.00013  
            694         0.00013  
            695         0.00013  
            696         0.00013  
            697         0.00013  
            698         0.00013  
            699         0.00014  
            700         0.00014  
            701         0.00014  
            702         0.00014  
            703         0.00015  
            704         0.00015  
            705         0.00015  
            706         0.00015  
            707         0.00016  
            708         0.00016  
            709         0.00016  
            710         0.00016  
            711         0.00017  
            712         0.00017  
            713         0.00017  
            714         0.00018  
            715         0.00018  
            716         0.00018  
            717         0.00019  
            718         0.00019  
            719         0.00019  
            720         0.00020  
            721         0.00020  
            722         0.00020  
            723         0.00021  
            724         0.00021  
            725         0.00022  
            726         0.00022  
            727         0.00022  
            728         0.00023  
            729         0.00023  
            730         0.00024  
            731         0.00024  
            732         0.00025  
            733         0.00025  
            734         0.00026  
            735         0.00026  
            736         0.00027  
            737         0.00027  
            738         0.00028  
            739         0.00029  
            740         0.00029  
            741         0.00030  
            742         0.00030  
            743         0.00031  
            744         0.00032  
            745         0.00032  
            746         0.00033  
            747         0.00034  
            748         0.00035  
            749         0.00035  
            750         0.00036  
            751         0.00037  
            752         0.00038  
            753         0.00039  
            754         0.00040  
            755         0.00041  
            756         0.00042  
            757         0.00043  
            758         0.00044  
            759         0.00045  
            760         0.00046  
            761         0.00047  
            762         0.00048  
            763         0.00049  
            764         0.00050  
            765         0.00052  
            766         0.00053  
            767         0.00054  
            768         0.00056  
            769         0.00057  
            770         0.00059  
            771         0.00060  
            772         0.00062  
            773         0.00063  
            774         0.00065  
            775         0.00067  
            776         0.00068  
            777         0.00070  
            778         0.00072  
            779         0.00074  
            780         0.00076  
            781         0.00078  
            782         0.00080  
            783         0.00082  
            784         0.00085  
            785         0.00087  
            786         0.00089  
            787         0.00092  
            788         0.00095  
            789         0.00097  
            790         0.00100  
            791         0.00103  
            792         0.00106  
            793         0.00109  
            794         0.00112  
            795         0.00115  
            796         0.00119  
            797         0.00122  
            798         0.00126  
            799         0.00130  
            800         0.00134  
            801         0.00138  
            802         0.00142  
            803         0.00146  
            804         0.00150  
            805         0.00155  
            806         0.00160  
            807         0.00165  
            808         0.00170  
            809         0.00175  
            810         0.00181  
            811         0.00186  
            812         0.00192  
            813         0.00198  
            814         0.00205  
            815         0.00211  
            816         0.00218  
            817         0.00225  
            818         0.00232  
            819         0.00240  
            820         0.00248  
            821         0.00256  
            822         0.00265  
            823         0.00273  
            824         0.00282  
            825         0.00292  
            826         0.00302  
            827         0.00312  
            828         0.00323  
            829         0.00334  
            830         0.00345  
            831         0.00357  
            832         0.00369  
            833         0.00382  
            834         0.00396  
            835         0.00410  
            836         0.00424  
            837         0.00439  
            838         0.00455  
            839         0.00471  
            840         0.00488  
            841         0.00505  
            842         0.00524  
            843         0.00543  
            844         0.00563  
            845         0.00583  
            846         0.00605  
            847         0.00627  
            848         0.00651  
            849         0.00675  
            850         0.00700  
            851         0.00727  
            852         0.00754  
            853         0.00783  
            854         0.00813  
            855         0.00844  
            856         0.00877  
            857         0.00910  
            858         0.00945  
            859         0.00982  
            860         0.01020  
            861         0.01060  
            862         0.01102  
            863         0.01145  
            864         0.01191  
            865         0.01238  
            866         0.01287  
            867         0.01339  
            868         0.01393  
            869         0.01449  
            870         0.01508  
            871         0.01569  
            872         0.01633  
            873         0.01700  
            874         0.01770  
            875         0.01844  
            876         0.01920  
            877         0.02000  
            878         0.02084  
            879         0.02172  
            880         0.02263  
            881         0.02359  
            882         0.02459  
            883         0.02564  
            884         0.02674  
            885         0.02789  
            886         0.02910  
            887         0.03036  
            888         0.03168  
            889         0.03307  
            890         0.03452  
            891         0.03603  
            892         0.03763  
            893         0.03930  
            894         0.04105  
            895         0.04288  
            896         0.04480  
            897         0.04682  
            898         0.04894  
            899         0.05116  
            900         0.05349  
            901         0.05593  
            902         0.05850  
            903         0.06119  
            904         0.06402  
            905         0.06698  
            906         0.07010  
            907         0.07338  
            908         0.07682  
            909         0.08043  
            910         0.08423  
            911         0.08823  
            912         0.09109  
            913         0.09084  
            914         0.09221  
            915         0.09424  
            916         0.09580  
            917         0.09654  
            918         0.09774  
            919         0.09960  
            920         0.10242  
            921         0.10536  
            922         0.10558  
            923         0.10448  
            924         0.11102  
            925         0.10989  
            926         0.10877  
            927         0.11830  
            928         0.11713  
            929         0.11597  
            930         0.11482  
            931         0.12927  
            932         0.12806  
            933         0.12685  
            934         0.12565  
            935         0.12446  
            936         0.12341  
            937         0.12220  
            938         0.14706  
            939         0.14575  
            940         0.14445  
            941         0.14316  
            942         0.14188  
            943         0.14060  
            944         0.13933  
            945         0.13807  
            946         0.13682  
            947         0.13557  
            948         0.13433  
            949         0.13310  
            950         0.17400  
            951         0.17262  
            952         0.17125  
            953         0.16988  
            954         0.16852  
            955         0.16716  
            956         0.16582  
            957         0.16447  
            958         0.16314  
            959         0.16181  
            960         0.16049  
            961         0.15917  
            962         0.15787  
            963         0.15656  
            964         0.15527  
            965         0.15398  
            966         0.15270  
            967         0.15142  
            968         0.15015  
            969         0.14889  
            970         0.14763  
            971         0.14639  
            972         0.14514  
            973         0.22051  
            974         0.21905  
            975         0.21759  
            976         0.21614  
            977         0.21469  
            978         0.21325  
            979         0.21181  
            980         0.21038  
            981         0.20895  
            982         0.20753  
            983         0.20611  
            984         0.20470  
            985         0.20329  
            986         0.20189  
            987         0.20049  
            988         0.19910  
            989         0.19772  
            990         0.19634  
            991         0.19496  
            992         0.19360  
            993         0.19223  
            994         0.19088  
            995         0.18952  
            996         0.18818  
            997         0.18684  
            998         0.18550  
            999         0.18417  
           1000         0.18284  
           1001         0.18153  
           1002         0.18021  
           1003         0.17890  
           1004         0.17760  
           1005         0.17630  
           1006         0.17501  
           1007         0.17373  
           1008         0.17245  
           1009         0.17117  
           1010         0.16991  
           1011         0.16864  
           1012         0.16739  
           1013         0.16613  
           1014         0.16512  
           1015         0.16382  
           1016         0.16253  
           1017         0.16124  
           1018         0.15996  
           1019         0.15869  
           1020         0.15742  
           1021         0.15615  
           1022         0.15490  
           1023         0.15364  
           1024         0.15240  
           1025         0.15116  
           1026         0.34487  
           1027         0.34329  
           1028         0.34171  
           1029         0.34013  
           1030         0.33855  
           1031         0.33698  
           1032         0.33541  
           1033         0.33384  
           1034         0.33227  
           1035         0.33070  
           1036         0.32914  
           1037         0.32758  
           1038         0.32602  
           1039         0.32447  
           1040         0.32291  
           1041         0.32136  
           1042         0.31981  
           1043         0.31827  
           1044         0.31672  
           1045         0.31518  
           1046         0.31364  
           1047         0.31211  
           1048         0.31058  
           1049         0.30905  
           1050         0.30752  
           1051         0.30599  
           1052         0.30447  
           1053         0.30295  
           1054         0.30144  
           1055         0.29992  
           1056         0.29841  
           1057         0.29690  
           1058         0.29540  
           1059         0.29390  
           1060         0.29240  
           1061         0.29090  
           1062         0.28941  
           1063         0.28792  
           1064         0.28643  
           1065         0.28495  
           1066         0.28346  
           1067         0.28199  
           1068         0.28051  
           1069         0.27904  
           1070         0.27757  
           1071         0.27611  
           1072         0.27464  
           1073         0.27319  
           1074         0.27173  
           1075         0.27028  
           1076         0.26883  
           1077         0.26738  
           1078         0.26594  
           1079         0.26450  
           1080         0.26307  
           1081         0.26163  
           1082         0.26021  
           1083         0.25878  
           1084         0.25736  
           1085         0.25594  
           1086         0.25453  
           1087         0.25312  
           1088         0.25171  
           1089         0.25030  
           1090         0.24890  
           1091         0.24751  
           1092         0.24611  
           1093         0.24472  
           1094         0.24334  
           1095         0.24196  
           1096         0.24058  
           1097         0.23920  
           1098         0.23783  
           1099         0.23647  
           1100         0.23510  
           1101         0.23374  
           1102         0.23239  
           1103         0.23104  
           1104         0.22969  
           1105         0.22834  
           1106         0.22700  
           1107         0.22567  
           1108         0.22433  
           1109         0.22301  
           1110         0.22168  
           1111         0.22036  
           1112         0.21904  
           1113         0.21773  
           1114         0.21642  
           1115         0.21512  
           1116         0.21382  
           1117         0.21252  
           1118         0.21123  
           1119         0.20994  
           1120         0.20866  
           1121         0.20738  
           1122         0.20610  
           1123         0.20483  
           1124         0.20356  
           1125         0.20230  
           1126         0.20104  
           1127         0.19979  
           1128         0.19854  
           1129         0.19729  
           1130         0.19605  
           1131         0.19481  
           1132         0.19358  
           1133         0.19235  
           1134         0.19112  
           1135         0.18990  
           1136         0.18868  
           1137         0.18747  
           1138         0.18626  
           1139         0.18506  
           1140         0.18386  
           1141         0.18267  
           1142         0.18148  
           1143         0.18029  
           1144         0.17911  
           1145         0.17793  
           1146         0.17676  
           1147         0.17559  
           1148         0.17443  
           1149         0.17327  
           1150         0.17211  
           1151         0.17096  
           1152         0.16982  
           1153         0.16868  
           1154         0.16754  
           1155         0.16641  
           1156         0.16528  
           1157         0.16415  
           1158         0.16304  
           1159         0.16192  
           1160         0.16081  
           1161         0.15971  
           1162         0.15860  
           1163         0.15751  
           1164         0.15642  
           1165         0.15533  
           1166         0.15425  
           1167         0.15317  
           1168         0.15210  
           1169         0.15103  
           1170         0.14996  
           1171         0.14890  
           1172         0.14785  
           1173         0.14680  
           1174         0.14575  
           1175         0.14471  
           1176         0.14367  
           1177         0.14264  
           1178         0.14161  
           1179         0.14059  
           1180         0.13957  
           1181         0.13856  
           1182         0.13755  
           1183         0.13654  
           1184         0.13554  
           1185         0.13455  
           1186         0.13356  
           1187         0.13257  
           1188         0.13159  
           1189         0.13062  
           1190         0.12964  
           1191         0.12868  
           1192         0.12771  
           1193         0.12676  
           1194         0.12580  
           1195         0.12485  
           1196         0.12391  
           1197         0.12297  
           1198         0.12204  
           1199         0.12111  
           1200         0.12018  
           1201         0.11926  
           1202         0.11834  
           1203         0.11743  
           1204         0.11652  
           1205         0.11562  
           1206         0.11472  
           1207         0.11383  
           1208         0.11294  
           1209         0.11206  
           1210         0.11118  
           1211         0.11030  
           1212         0.10943  
           1213         0.10857  
           1214         0.10771  
           1215         0.10685  
           1216         1.00000  
