              0         0.00575  
              1         0.00572  
              2         0.00570  
              3         0.00568  
              4         0.00566  
              5         0.00563  
              6         0.00561  
              7         0.00559  
              8         0.00557  
              9         0.00554  
             10         0.00552  
             11         0.00550  
             12         0.00548  
             13         0.00545  
             14         0.00543  
             15         0.00541  
             16         0.00539  
             17         0.00536  
             18         0.00534  
             19         0.00532  
             20         0.00530  
             21         0.00527  
             22         0.00525  
             23         0.00523  
             24         0.00521  
             25         0.00518  
             26         0.00516  
             27         0.00514  
             28         0.00512  
             29         0.00509  
             30         0.00507  
             31         0.00505  
             32         0.00503  
             33         0.00500  
             34         0.00498  
             35         0.00496  
             36         0.00494  
             37         0.00491  
             38         0.00489  
             39         0.00487  
             40         0.00485  
             41         0.00482  
             42         0.00480  
             43         0.00478  
             44         0.00476  
             45         0.00473  
             46         0.00471  
             47         0.00469  
             48         0.00467  
             49         0.00464  
             50         0.00462  
             51         0.00460  
             52         0.00458  
             53         0.00455  
             54         0.00453  
             55         0.00451  
             56         0.00449  
             57         0.00446  
             58         0.00444  
             59         0.00442  
             60         0.00440  
             61         0.00437  
             62         0.00435  
             63         0.00433  
             64         0.00431  
             65         0.00428  
             66         0.00426  
             67         0.00424  
             68         0.00422  
             69         0.00419  
             70         0.00417  
             71         0.00415  
             72         0.00413  
             73         0.00410  
             74         0.00408  
             75         0.00406  
             76         0.00404  
             77         0.00401  
             78         0.00399  
             79         0.00397  
             80         0.00395  
             81         0.00392  
             82         0.00390  
             83         0.00388  
             84         0.00386  
             85         0.00383  
             86         0.00381  
             87         0.00379  
             88         0.00377  
             89         0.00374  
             90         0.00372  
             91         0.00370  
             92         0.00368  
             93         0.00365  
             94         0.00363  
             95         0.00361  
             96         0.00359  
             97         0.00356  
             98         0.00354  
             99         0.00352  
            100         0.00350  
            101         0.00347  
            102         0.00345  
            103         0.00343  
            104         0.00341  
            105         0.00338  
            106         0.00336  
            107         0.00334  
            108         0.00332  
            109         0.00329  
            110         0.00327  
            111         0.00325  
            112         0.00323  
            113         0.00320  
            114         0.00318  
            115         0.00316  
            116         0.00314  
            117         0.00311  
            118         0.00309  
            119         0.00307  
            120         0.00305  
            121         0.00302  
            122         0.00300  
            123         0.00298  
            124         0.00296  
            125         0.00293  
            126         0.00291  
            127         0.00289  
            128         0.00287  
            129         0.00284  
            130         0.00282  
            131         0.00280  
            132         0.00278  
            133         0.00275  
            134         0.00273  
            135         0.00271  
            136         0.00269  
            137         0.00266  
            138         0.00264  
            139         0.00262  
            140         0.00260  
            141         0.00257  
            142         0.00255  
            143         0.00253  
            144         0.00251  
            145         0.00248  
            146         0.00246  
            147         0.00244  
            148         0.00242  
            149         0.00239  
            150         0.00237  
            151         0.00235  
            152         0.00233  
            153         0.00230  
            154         0.00228  
            155         0.00226  
            156         0.00224  
            157         0.00221  
            158         0.00219  
            159         0.00217  
            160         0.00215  
            161         0.00212  
            162         0.00210  
            163         0.00208  
            164         0.00206  
            165         0.00203  
            166         0.00201  
            167         0.00199  
            168         0.00197  
            169         0.00194  
            170         0.00192  
            171         0.00190  
            172         0.00188  
            173         0.00185  
            174         0.00183  
            175         0.00181  
            176         0.00179  
            177         0.00176  
            178         0.00174  
            179         0.00172  
            180         0.00170  
            181         0.00167  
            182         0.00165  
            183         0.00163  
            184         0.00161  
            185         0.00158  
            186         0.00156  
            187         0.00154  
            188         0.00152  
            189         0.00149  
            190         0.00147  
            191         0.00145  
            192         0.00143  
            193         0.00140  
            194         0.00138  
            195         0.00136  
            196         0.00134  
            197         0.00131  
            198         0.00129  
            199         0.00127  
            200         0.00125  
            201         0.00122  
            202         0.00120  
            203         0.00118  
            204         0.00116  
            205         0.00113  
            206         0.00111  
            207         0.00109  
            208         0.00107  
            209         0.00104  
            210         0.00102  
            211         0.00100  
            212         0.00098  
            213         0.00095  
            214         0.00093  
            215         0.00091  
            216         0.00089  
            217         0.00086  
            218         0.00084  
            219         0.00082  
            220         0.00080  
            221         0.00077  
            222         0.00075  
            223         0.00073  
            224         0.00071  
            225         0.00068  
            226         0.00066  
            227         0.00064  
            228         0.00062  
            229         0.00059  
            230         0.00057  
            231         0.00055  
            232         0.00053  
            233         0.00051  
            234         0.00049  
            235         0.00047  
            236         0.00045  
            237         0.00044  
            238         0.00042  
            239         0.00040  
            240         0.00039  
            241         0.00037  
            242         0.00036  
            243         0.00035  
            244         0.00033  
            245         0.00032  
            246         0.00031  
            247         0.00030  
            248         0.00029  
            249         0.00028  
            250         0.00027  
            251         0.00026  
            252         0.00025  
            253         0.00024  
            254         0.00023  
            255         0.00022  
            256         0.00021  
            257         0.00020  
            258         0.00020  
            259         0.00019  
            260         0.00018  
            261         0.00018  
            262         0.00017  
            263         0.00016  
            264         0.00016  
            265         0.00015  
            266         0.00015  
            267         0.00014  
            268         0.00014  
            269         0.00013  
            270         0.00013  
            271         0.00012  
            272         0.00012  
            273         0.00011  
            274         0.00011  
            275         0.00010  
            276         0.00010  
            277         0.00010  
            278         0.00009  
            279         0.00009  
            280         0.00009  
            281         0.00008  
            282         0.00008  
            283         0.00008  
            284         0.00008  
            285         0.00007  
            286         0.00007  
            287         0.00007  
            288         0.00007  
            289         0.00006  
            290         0.00006  
            291         0.00006  
            292         0.00006  
            293         0.00005  
            294         0.00005  
            295         0.00005  
            296         0.00005  
            297         0.00005  
            298         0.00005  
            299         0.00004  
            300         0.00004  
            301         0.00004  
            302         0.00004  
            303         0.00004  
            304         0.00004  
            305         0.00004  
            306         0.00003  
            307         0.00003  
            308         0.00003  
            309         0.00003  
            310         0.00003  
            311         0.00003  
            312         0.00003  
            313         0.00003  
            314         0.00003  
            315         0.00003  
            316         0.00002  
            317         0.00002  
            318         0.00002  
            319         0.00002  
            320         0.00002  
            321         0.00002  
            322         0.00002  
            323         0.00002  
            324         0.00002  
            325         0.00002  
            326         0.00002  
            327         0.00002  
            328         0.00002  
            329         0.00002  
            330         0.00002  
            331         0.00001  
            332         0.00001  
            333         0.00001  
            334         0.00001  
            335         0.00001  
            336         0.00001  
            337         0.00001  
            338         0.00001  
            339         0.00001  
            340         0.00001  
            341         0.00001  
            342         0.00001  
            343         0.00001  
            344         0.00001  
            345         0.00001  
            346         0.00001  
            347         0.00001  
            348         0.00001  
            349         0.00001  
            350         0.00001  
            351         0.00001  
            352         0.00001  
            353         0.00001  
            354         0.00001  
            355         0.00001  
            356         0.00001  
            357         0.00001  
            358         0.00001  
            359         0.00001  
            360         0.00001  
            361         0.00001  
            362         0.00001  
            363         0.00001  
            364         0.00001  
            365         0.00000  
            366         0.00000  
            367         0.00000  
            368         0.00000  
            369         0.00000  
            370         0.00000  
            371         0.00000  
            372         0.00000  
            373         0.00000  
            374         0.00000  
            375         0.00000  
            376         0.00000  
            377         0.00000  
            378         0.00000  
            379         0.00000  
            380         0.00000  
            381         0.00000  
            382         0.00000  
            383         0.00000  
            384         0.00000  
            385         0.00000  
            386         0.00000  
            387         0.00000  
            388         0.00000  
            389         0.00000  
            390         0.00000  
            391         0.00000  
            392         0.00000  
            393         0.00000  
            394         0.00000  
            395         0.00000  
            396         0.00000  
            397         0.00000  
            398         0.00000  
            399         0.00000  
            400         0.00000  
            401         0.00000  
            402         0.00000  
            403         0.00000  
            404         0.00000  
            405         0.00000  
            406         0.00000  
            407         0.00000  
            408         0.00000  
            409         0.00000  
            410         0.00000  
            411         0.00000  
            412         0.00000  
            413         0.00000  
            414         0.00000  
            415         0.00000  
            416         0.00000  
            417         0.00000  
            418         0.00000  
            419         0.00000  
            420         0.00000  
            421         0.00000  
            422         0.00000  
            423         0.00000  
            424         0.00000  
            425         0.00000  
            426         0.00000  
            427         0.00000  
            428         0.00000  
            429         0.00000  
            430         0.00000  
            431         0.00000  
            432         0.00000  
            433         0.00000  
            434         0.00000  
            435         0.00000  
            436         0.00000  
            437         0.00000  
            438         0.00000  
            439         0.00000  
            440         0.00000  
            441         0.00000  
            442         0.00000  
            443         0.00000  
            444         0.00000  
            445         0.00000  
            446         0.00000  
            447         0.00000  
            448         0.00000  
            449         0.00000  
            450         0.00000  
            451         0.00000  
            452         0.00000  
            453         0.00000  
            454         0.00000  
            455         0.00000  
            456         0.00000  
            457         0.00000  
            458         0.00000  
            459         0.00000  
            460         0.00000  
            461         0.00000  
            462         0.00000  
            463         0.00000  
            464         0.00000  
            465         0.00000  
            466         0.00000  
            467         0.00000  
            468         0.00000  
            469         0.00000  
            470         0.00000  
            471         0.00000  
            472         0.00000  
            473         0.00000  
            474         0.00000  
            475         0.00000  
            476         0.00000  
            477         0.00000  
            478         0.00000  
            479         0.00000  
            480         0.00000  
            481         0.00000  
            482         0.00000  
            483         0.00000  
            484         0.00000  
            485         0.00000  
            486         0.00000  
            487         0.00000  
            488         0.00000  
            489         0.00000  
            490         0.00000  
            491         0.00000  
            492         0.00000  
            493         0.00000  
            494         0.00000  
            495         0.00000  
            496         0.00000  
            497         0.00000  
            498         0.00000  
            499         0.00000  
            500         0.00000  
            501         0.00000  
            502         0.00000  
            503         0.00000  
            504         0.00000  
            505         0.00000  
            506         0.00000  
            507         0.00000  
            508         0.00000  
            509         0.00000  
            510         0.00000  
            511         0.00000  
            512         0.00000  
            513         0.00000  
            514         0.00000  
            515         0.00000  
            516         0.00000  
            517         0.00000  
            518         0.00000  
            519         0.00000  
            520         0.00000  
            521         0.00000  
            522         0.00000  
            523         0.00000  
            524         0.00000  
            525         0.00000  
            526         0.00000  
            527         0.00000  
            528         0.00000  
            529         0.00000  
            530         0.00000  
            531         0.00000  
            532         0.00000  
            533         0.00000  
            534         0.00000  
            535         0.00000  
            536         0.00000  
            537         0.00000  
            538         0.00000  
            539         0.00000  
            540         0.00000  
            541         0.00000  
            542         0.00000  
            543         0.00000  
            544         0.00000  
            545         0.00000  
            546         0.00000  
            547         0.00000  
            548         0.00000  
            549         0.00000  
            550         0.00000  
            551         0.00000  
            552         0.00000  
            553         0.00000  
            554         0.00000  
            555         0.00000  
            556         0.00000  
            557         0.00000  
            558         0.00000  
            559         0.00000  
            560         0.00000  
            561         0.00000  
            562         0.00000  
            563         0.00000  
            564         0.00000  
            565         0.00000  
            566         0.00000  
            567         0.00000  
            568         0.00000  
            569         0.00000  
            570         0.00000  
            571         0.00000  
            572         0.00000  
            573         0.00000  
            574         0.00000  
            575         0.00000  
            576         0.00000  
            577         0.00000  
            578         0.00000  
            579         0.00000  
            580         0.00000  
            581         0.00000  
            582         0.00000  
            583         0.00000  
            584         0.00000  
            585         0.00000  
            586         0.00000  
            587         0.00000  
            588         0.00000  
            589         0.00000  
            590         0.00000  
            591         0.00000  
            592         0.00000  
            593         0.00000  
            594         0.00000  
            595         0.00000  
            596         0.00000  
            597         0.00000  
            598         0.00000  
            599         0.00000  
            600         0.00000  
            601         0.00000  
            602         0.00000  
            603         0.00000  
            604         0.00000  
            605         0.00000  
            606         0.00000  
            607         0.00000  
            608         0.00000  
            609         0.00000  
            610         0.00000  
            611         0.00000  
            612         0.00000  
            613         0.00000  
            614         0.00000  
            615         0.00000  
            616         0.00000  
            617         0.00000  
            618         0.00000  
            619         0.00000  
            620         0.00000  
            621         0.00000  
            622         0.00000  
            623         0.00000  
            624         0.00000  
            625         0.00000  
            626         0.00000  
            627         0.00000  
            628         0.00000  
            629         0.00000  
            630         0.00000  
            631         0.00000  
            632         0.00000  
            633         0.00000  
            634         0.00000  
            635         0.00000  
            636         0.00000  
            637         0.00000  
            638         0.00000  
            639         0.00000  
            640         0.00000  
            641         0.00000  
            642         0.00000  
            643         0.00000  
            644         0.00000  
            645         0.00000  
            646         0.00000  
            647         0.00000  
            648         0.00000  
            649         0.00000  
            650         0.00000  
            651         0.00000  
            652         0.00000  
            653         0.00000  
            654         0.00000  
            655         0.00000  
            656         0.00000  
            657         0.00000  
            658         0.00000  
            659         0.00000  
            660         0.00000  
            661         0.00000  
            662         0.00000  
            663         0.00000  
            664         0.00000  
            665         0.00000  
            666         0.00000  
            667         0.00000  
            668         0.00000  
            669         0.00000  
            670         0.00000  
            671         0.00000  
            672         0.00000  
            673         0.00000  
            674         0.00000  
            675         0.00000  
            676         0.00000  
            677         0.00000  
            678         0.00000  
            679         0.00000  
            680         0.00000  
            681         0.00000  
            682         0.00000  
            683         0.00000  
            684         0.00000  
            685         0.00000  
            686         0.00000  
            687         0.00000  
            688         0.00000  
            689         0.00000  
            690         0.00000  
            691         0.00000  
            692         0.00000  
            693         0.00000  
            694         0.00000  
            695         0.00000  
            696         0.00000  
            697         0.00000  
            698         0.00000  
            699         0.00000  
            700         0.00000  
            701         0.00000  
            702         0.00000  
            703         0.00000  
            704         0.00000  
            705         0.00000  
            706         0.00000  
            707         0.00000  
            708         0.00000  
            709         0.00000  
            710         0.00000  
            711         0.00000  
            712         0.00000  
            713         0.00000  
            714         0.00000  
            715         0.00000  
            716         0.00000  
            717         0.00000  
            718         0.00000  
            719         0.00000  
            720         0.00000  
            721         0.00000  
            722         0.00000  
            723         0.00000  
            724         0.00000  
            725         0.00000  
            726         0.00000  
            727         0.00000  
            728         0.00000  
            729         0.00000  
            730         0.00000  
            731         0.00000  
            732         0.00000  
            733         0.00000  
            734         0.00000  
            735         0.00000  
            736         0.00000  
            737         0.00000  
            738         0.00000  
            739         0.00000  
            740         0.00000  
            741         0.00000  
            742         0.00000  
            743         0.00000  
            744         0.00000  
            745         0.00000  
            746         0.00000  
            747         0.00000  
            748         0.00000  
            749         0.00000  
            750         0.00000  
            751         0.00000  
            752         0.00000  
            753         0.00000  
            754         0.00000  
            755         0.00000  
            756         0.00000  
            757         0.00000  
            758         0.00000  
            759         0.00000  
            760         0.00000  
            761         0.00000  
            762         0.00000  
            763         0.00000  
            764         0.00000  
            765         0.00000  
            766         0.00000  
            767         0.00000  
            768         0.00000  
            769         0.00000  
            770         0.00000  
            771         0.00001  
            772         0.00001  
            773         0.00001  
            774         0.00001  
            775         0.00001  
            776         0.00001  
            777         0.00001  
            778         0.00001  
            779         0.00001  
            780         0.00001  
            781         0.00001  
            782         0.00001  
            783         0.00001  
            784         0.00001  
            785         0.00001  
            786         0.00001  
            787         0.00001  
            788         0.00001  
            789         0.00001  
            790         0.00001  
            791         0.00001  
            792         0.00001  
            793         0.00001  
            794         0.00001  
            795         0.00001  
            796         0.00001  
            797         0.00001  
            798         0.00001  
            799         0.00002  
            800         0.00002  
            801         0.00002  
            802         0.00002  
            803         0.00002  
            804         0.00002  
            805         0.00002  
            806         0.00002  
            807         0.00002  
            808         0.00002  
            809         0.00002  
            810         0.00002  
            811         0.00002  
            812         0.00003  
            813         0.00003  
            814         0.00003  
            815         0.00003  
            816         0.00003  
            817         0.00003  
            818         0.00003  
            819         0.00003  
            820         0.00004  
            821         0.00004  
            822         0.00004  
            823         0.00004  
            824         0.00004  
            825         0.00005  
            826         0.00005  
            827         0.00005  
            828         0.00005  
            829         0.00005  
            830         0.00006  
            831         0.00006  
            832         0.00006  
            833         0.00006  
            834         0.00007  
            835         0.00007  
            836         0.00007  
            837         0.00008  
            838         0.00008  
            839         0.00009  
            840         0.00009  
            841         0.00009  
            842         0.00010  
            843         0.00010  
            844         0.00011  
            845         0.00011  
            846         0.00012  
            847         0.00012  
            848         0.00013  
            849         0.00014  
            850         0.00014  
            851         0.00015  
            852         0.00016  
            853         0.00016  
            854         0.00017  
            855         0.00018  
            856         0.00019  
            857         0.00020  
            858         0.00021  
            859         0.00022  
            860         0.00023  
            861         0.00024  
            862         0.00026  
            863         0.00027  
            864         0.00028  
            865         0.00030  
            866         0.00031  
            867         0.00033  
            868         0.00035  
            869         0.00036  
            870         0.00038  
            871         0.00040  
            872         0.00043  
            873         0.00045  
            874         0.00047  
            875         0.00050  
            876         0.00052  
            877         0.00055  
            878         0.00058  
            879         0.00061  
            880         0.00065  
            881         0.00068  
            882         0.00072  
            883         0.00076  
            884         0.00080  
            885         0.00084  
            886         0.00089  
            887         0.00094  
            888         0.00099  
            889         0.00105  
            890         0.00111  
            891         0.00117  
            892         0.00124  
            893         0.00131  
            894         0.00138  
            895         0.00146  
            896         0.00154  
            897         0.00163  
            898         0.00172  
            899         0.00182  
            900         0.00193  
            901         0.00204  
            902         0.00216  
            903         0.00228  
            904         0.00242  
            905         0.00256  
            906         0.00271  
            907         0.00287  
            908         0.00304  
            909         0.00322  
            910         0.00341  
            911         0.00361  
            912         0.00375  
            913         0.00372  
            914         0.00385  
            915         0.00405  
            916         0.00422  
            917         0.00429  
            918         0.00441  
            919         0.00461  
            920         0.00493  
            921         0.00512  
            922         0.00530  
            923         0.00515  
            924         0.00597  
            925         0.00581  
            926         0.00565  
            927         0.00693  
            928         0.00675  
            929         0.00657  
            930         0.00640  
            931         0.00854  
            932         0.00832  
            933         0.00811  
            934         0.00790  
            935         0.00770  
            936         0.00750  
            937         0.00731  
            938         0.01323  
            939         0.01295  
            940         0.01268  
            941         0.01240  
            942         0.01214  
            943         0.01188  
            944         0.01162  
            945         0.01137  
            946         0.01112  
            947         0.01088  
            948         0.01064  
            949         0.01041  
            950         0.01998  
            951         0.01961  
            952         0.01924  
            953         0.01887  
            954         0.01851  
            955         0.01816  
            956         0.01781  
            957         0.01747  
            958         0.01713  
            959         0.01680  
            960         0.01648  
            961         0.01616  
            962         0.01584  
            963         0.01553  
            964         0.01522  
            965         0.01492  
            966         0.01462  
            967         0.01433  
            968         0.01405  
            969         0.01376  
            970         0.01349  
            971         0.01321  
            972         0.01295  
            973         0.03457  
            974         0.03403  
            975         0.03349  
            976         0.03296  
            977         0.03244  
            978         0.03192  
            979         0.03141  
            980         0.03090  
            981         0.03041  
            982         0.02991  
            983         0.02943  
            984         0.02895  
            985         0.02847  
            986         0.02801  
            987         0.02755  
            988         0.02709  
            989         0.02664  
            990         0.02620  
            991         0.02576  
            992         0.02533  
            993         0.02490  
            994         0.02448  
            995         0.02406  
            996         0.02365  
            997         0.02325  
            998         0.02285  
            999         0.02246  
           1000         0.02207  
           1001         0.02169  
           1002         0.02131  
           1003         0.02094  
           1004         0.02057  
           1005         0.02021  
           1006         0.01985  
           1007         0.01950  
           1008         0.01916  
           1009         0.01881  
           1010         0.01848  
           1011         0.01815  
           1012         0.01782  
           1013         0.01750  
           1014         0.01718  
           1015         0.01687  
           1016         0.01656  
           1017         0.01626  
           1018         0.01596  
           1019         0.01566  
           1020         0.01537  
           1021         0.01509  
           1022         0.01480  
           1023         0.01453  
           1024         0.01425  
           1025         0.01399  
           1026         0.09608  
           1027         0.09509  
           1028         0.09411  
           1029         0.09314  
           1030         0.09218  
           1031         0.09122  
           1032         0.09027  
           1033         0.08933  
           1034         0.08839  
           1035         0.08746  
           1036         0.08654  
           1037         0.08563  
           1038         0.08471  
           1039         0.08381  
           1040         0.08291  
           1041         0.08202  
           1042         0.08114  
           1043         0.08027  
           1044         0.07939  
           1045         0.07853  
           1046         0.07767  
           1047         0.07682  
           1048         0.07598  
           1049         0.07514  
           1050         0.07431  
           1051         0.07349  
           1052         0.07267  
           1053         0.07186  
           1054         0.07105  
           1055         0.07025  
           1056         0.06946  
           1057         0.06867  
           1058         0.06789  
           1059         0.06712  
           1060         0.06635  
           1061         0.06559  
           1062         0.06484  
           1063         0.06409  
           1064         0.06335  
           1065         0.06261  
           1066         0.06188  
           1067         0.06116  
           1068         0.06044  
           1069         0.05973  
           1070         0.05902  
           1071         0.05832  
           1072         0.05763  
           1073         0.05694  
           1074         0.05626  
           1075         0.05558  
           1076         0.05491  
           1077         0.05425  
           1078         0.05359  
           1079         0.05294  
           1080         0.05230  
           1081         0.05166  
           1082         0.05102  
           1083         0.05039  
           1084         0.04977  
           1085         0.04915  
           1086         0.04854  
           1087         0.04794  
           1088         0.04734  
           1089         0.04674  
           1090         0.04615  
           1091         0.04557  
           1092         0.04499  
           1093         0.04442  
           1094         0.04385  
           1095         0.04329  
           1096         0.04274  
           1097         0.04219  
           1098         0.04164  
           1099         0.04110  
           1100         0.04057  
           1101         0.04004  
           1102         0.03951  
           1103         0.03899  
           1104         0.03848  
           1105         0.03797  
           1106         0.03747  
           1107         0.03697  
           1108         0.03648  
           1109         0.03599  
           1110         0.03551  
           1111         0.03503  
           1112         0.03455  
           1113         0.03409  
           1114         0.03362  
           1115         0.03317  
           1116         0.03271  
           1117         0.03226  
           1118         0.03182  
           1119         0.03138  
           1120         0.03095  
           1121         0.03052  
           1122         0.03009  
           1123         0.02967  
           1124         0.02925  
           1125         0.02884  
           1126         0.02844  
           1127         0.02803  
           1128         0.02764  
           1129         0.02724  
           1130         0.02685  
           1131         0.02647  
           1132         0.02609  
           1133         0.02571  
           1134         0.02534  
           1135         0.02497  
           1136         0.02461  
           1137         0.02425  
           1138         0.02390  
           1139         0.02355  
           1140         0.02320  
           1141         0.02286  
           1142         0.02252  
           1143         0.02218  
           1144         0.02185  
           1145         0.02153  
           1146         0.02120  
           1147         0.02088  
           1148         0.02057  
           1149         0.02026  
           1150         0.01995  
           1151         0.01965  
           1152         0.01935  
           1153         0.01905  
           1154         0.01876  
           1155         0.01847  
           1156         0.01818  
           1157         0.01790  
           1158         0.01762  
           1159         0.01735  
           1160         0.01708  
           1161         0.01681  
           1162         0.01654  
           1163         0.01628  
           1164         0.01602  
           1165         0.01577  
           1166         0.01552  
           1167         0.01527  
           1168         0.01503  
           1169         0.01479  
           1170         0.01455  
           1171         0.01431  
           1172         0.01408  
           1173         0.01385  
           1174         0.01363  
           1175         0.01340  
           1176         0.01318  
           1177         0.01297  
           1178         0.01275  
           1179         0.01254  
           1180         0.01233  
           1181         0.01213  
           1182         0.01193  
           1183         0.01173  
           1184         0.01153  
           1185         0.01133  
           1186         0.01114  
           1187         0.01095  
           1188         0.01077  
           1189         0.01058  
           1190         0.01040  
           1191         0.01022  
           1192         0.01005  
           1193         0.00988  
           1194         0.00970  
           1195         0.00954  
           1196         0.00937  
           1197         0.00921  
           1198         0.00905  
           1199         0.00889  
           1200         0.00873  
           1201         0.00858  
           1202         0.00843  
           1203         0.00828  
           1204         0.00813  
           1205         0.00798  
           1206         0.00784  
           1207         0.00770  
           1208         0.00756  
           1209         0.00742  
           1210         0.00729  
           1211         0.00716  
           1212         0.00703  
           1213         0.00690  
           1214         0.00677  
           1215         0.00665  
           1216         1.00000  
