              0         0.44443  
              1         0.44478  
              2         0.44512  
              3         0.44547  
              4         0.44582  
              5         0.44616  
              6         0.44651  
              7         0.44686  
              8         0.44720  
              9         0.44755  
             10         0.44790  
             11         0.44824  
             12         0.44859  
             13         0.44894  
             14         0.44928  
             15         0.44963  
             16         0.44998  
             17         0.45032  
             18         0.45067  
             19         0.45101  
             20         0.45136  
             21         0.45171  
             22         0.45205  
             23         0.45240  
             24         0.45275  
             25         0.45309  
             26         0.45344  
             27         0.45379  
             28         0.45413  
             29         0.45448  
             30         0.45483  
             31         0.45517  
             32         0.45552  
             33         0.45586  
             34         0.45621  
             35         0.45656  
             36         0.45690  
             37         0.45725  
             38         0.45760  
             39         0.45794  
             40         0.45829  
             41         0.45864  
             42         0.45898  
             43         0.45933  
             44         0.45968  
             45         0.46002  
             46         0.46037  
             47         0.46072  
             48         0.46106  
             49         0.46141  
             50         0.46175  
             51         0.46210  
             52         0.46245  
             53         0.46279  
             54         0.46314  
             55         0.46349  
             56         0.46383  
             57         0.46418  
             58         0.46453  
             59         0.46487  
             60         0.46522  
             61         0.46557  
             62         0.46591  
             63         0.46626  
             64         0.46661  
             65         0.46695  
             66         0.46730  
             67         0.46764  
             68         0.46799  
             69         0.46834  
             70         0.46868  
             71         0.46903  
             72         0.46938  
             73         0.46972  
             74         0.47007  
             75         0.47042  
             76         0.47076  
             77         0.47111  
             78         0.47146  
             79         0.47180  
             80         0.47215  
             81         0.47249  
             82         0.47284  
             83         0.47319  
             84         0.47353  
             85         0.47388  
             86         0.47423  
             87         0.47457  
             88         0.47492  
             89         0.47527  
             90         0.47561  
             91         0.47596  
             92         0.47631  
             93         0.47665  
             94         0.47700  
             95         0.47735  
             96         0.47769  
             97         0.47804  
             98         0.47838  
             99         0.47873  
            100         0.47908  
            101         0.47942  
            102         0.47977  
            103         0.48012  
            104         0.48046  
            105         0.48081  
            106         0.48116  
            107         0.48150  
            108         0.48185  
            109         0.48220  
            110         0.48254  
            111         0.48289  
            112         0.48323  
            113         0.48358  
            114         0.48393  
            115         0.48427  
            116         0.48462  
            117         0.48497  
            118         0.48531  
            119         0.48566  
            120         0.48601  
            121         0.48635  
            122         0.48670  
            123         0.48705  
            124         0.48739  
            125         0.48774  
            126         0.48809  
            127         0.48843  
            128         0.48878  
            129         0.48912  
            130         0.48947  
            131         0.48982  
            132         0.49016  
            133         0.49051  
            134         0.49086  
            135         0.49120  
            136         0.49155  
            137         0.49190  
            138         0.49224  
            139         0.49259  
            140         0.49294  
            141         0.49328  
            142         0.49363  
            143         0.49397  
            144         0.49432  
            145         0.49467  
            146         0.49501  
            147         0.49536  
            148         0.49571  
            149         0.49605  
            150         0.49640  
            151         0.49675  
            152         0.49709  
            153         0.49744  
            154         0.49779  
            155         0.49813  
            156         0.49848  
            157         0.49883  
            158         0.49917  
            159         0.49952  
            160         0.49986  
            161         0.50021  
            162         0.50056  
            163         0.50090  
            164         0.50125  
            165         0.50160  
            166         0.50194  
            167         0.50229  
            168         0.50264  
            169         0.50298  
            170         0.50333  
            171         0.50368  
            172         0.50402  
            173         0.50437  
            174         0.50472  
            175         0.50506  
            176         0.50541  
            177         0.50575  
            178         0.50610  
            179         0.50645  
            180         0.50679  
            181         0.50714  
            182         0.50749  
            183         0.50783  
            184         0.50818  
            185         0.50853  
            186         0.50887  
            187         0.50922  
            188         0.50957  
            189         0.50991  
            190         0.51026  
            191         0.51060  
            192         0.51095  
            193         0.51130  
            194         0.51164  
            195         0.51199  
            196         0.51234  
            197         0.51268  
            198         0.51303  
            199         0.51338  
            200         0.51372  
            201         0.51407  
            202         0.51442  
            203         0.51476  
            204         0.51511  
            205         0.51546  
            206         0.51580  
            207         0.51615  
            208         0.51649  
            209         0.51684  
            210         0.51719  
            211         0.51753  
            212         0.51788  
            213         0.51823  
            214         0.51857  
            215         0.51892  
            216         0.51927  
            217         0.51961  
            218         0.51996  
            219         0.52031  
            220         0.52065  
            221         0.52100  
            222         0.52135  
            223         0.52169  
            224         0.52204  
            225         0.52238  
            226         0.52273  
            227         0.52308  
            228         0.52342  
            229         0.52377  
            230         0.52412  
            231         0.52446  
            232         0.52481  
            233         0.52516  
            234         0.52550  
            235         0.52585  
            236         0.52620  
            237         0.52654  
            238         0.52689  
            239         0.52723  
            240         0.52758  
            241         0.52793  
            242         0.52827  
            243         0.52862  
            244         0.52897  
            245         0.52931  
            246         0.52966  
            247         0.53001  
            248         0.53035  
            249         0.53070  
            250         0.53105  
            251         0.53139  
            252         0.53174  
            253         0.53209  
            254         0.53243  
            255         0.53278  
            256         0.53312  
            257         0.53347  
            258         0.53382  
            259         0.53416  
            260         0.53451  
            261         0.53486  
            262         0.53520  
            263         0.53555  
            264         0.53590  
            265         0.53624  
            266         0.53659  
            267         0.53694  
            268         0.53728  
            269         0.53763  
            270         0.53797  
            271         0.53832  
            272         0.53867  
            273         0.53901  
            274         0.53936  
            275         0.53971  
            276         0.54005  
            277         0.54040  
            278         0.54075  
            279         0.54109  
            280         0.54144  
            281         0.54179  
            282         0.54213  
            283         0.54248  
            284         0.54283  
            285         0.54317  
            286         0.54352  
            287         0.54386  
            288         0.54421  
            289         0.54456  
            290         0.54490  
            291         0.54525  
            292         0.54560  
            293         0.54594  
            294         0.54629  
            295         0.54664  
            296         0.54698  
            297         0.54733  
            298         0.54768  
            299         0.54802  
            300         0.54837  
            301         0.54871  
            302         0.54906  
            303         0.54941  
            304         0.54975  
            305         0.55010  
            306         0.55045  
            307         0.55079  
            308         0.55114  
            309         0.55149  
            310         0.55183  
            311         0.55218  
            312         0.55253  
            313         0.55287  
            314         0.55322  
            315         0.55357  
            316         0.55391  
            317         0.55426  
            318         0.55460  
            319         0.55495  
            320         0.55530  
            321         0.55564  
            322         0.55599  
            323         0.55634  
            324         0.55668  
            325         0.55703  
            326         0.55738  
            327         0.55772  
            328         0.55807  
            329         0.55842  
            330         0.55876  
            331         0.55911  
            332         0.55946  
            333         0.55980  
            334         0.56015  
            335         0.56049  
            336         0.56084  
            337         0.56119  
            338         0.56153  
            339         0.56188  
            340         0.56223  
            341         0.56257  
            342         0.56292  
            343         0.56327  
            344         0.56361  
            345         0.56396  
            346         0.56431  
            347         0.56465  
            348         0.56500  
            349         0.56534  
            350         0.56569  
            351         0.56604  
            352         0.56638  
            353         0.56673  
            354         0.56708  
            355         0.56742  
            356         0.56777  
            357         0.56812  
            358         0.56846  
            359         0.56881  
            360         0.56916  
            361         0.56950  
            362         0.56985  
            363         0.57020  
            364         0.57054  
            365         0.57089  
            366         0.57123  
            367         0.57158  
            368         0.57193  
            369         0.57227  
            370         0.57262  
            371         0.57297  
            372         0.57331  
            373         0.57366  
            374         0.57401  
            375         0.57435  
            376         0.57470  
            377         0.57505  
            378         0.57539  
            379         0.57574  
            380         0.57608  
            381         0.57643  
            382         0.57678  
            383         0.57712  
            384         0.57747  
            385         0.57782  
            386         0.57816  
            387         0.57851  
            388         0.57886  
            389         0.57920  
            390         0.57955  
            391         0.57990  
            392         0.58024  
            393         0.58059  
            394         0.58094  
            395         0.58128  
            396         0.58163  
            397         0.58197  
            398         0.58232  
            399         0.58267  
            400         0.58301  
            401         0.58336  
            402         0.58371  
            403         0.58405  
            404         0.58440  
            405         0.58475  
            406         0.58509  
            407         0.58544  
            408         0.58579  
            409         0.58613  
            410         0.58648  
            411         0.58683  
            412         0.58717  
            413         0.58752  
            414         0.58786  
            415         0.58821  
            416         0.58856  
            417         0.58890  
            418         0.58925  
            419         0.58960  
            420         0.58994  
            421         0.59029  
            422         0.59064  
            423         0.59098  
            424         0.59133  
            425         0.59168  
            426         0.59202  
            427         0.59237  
            428         0.59271  
            429         0.59306  
            430         0.59341  
            431         0.59375  
            432         0.59410  
            433         0.59445  
            434         0.59479  
            435         0.59514  
            436         0.59549  
            437         0.59583  
            438         0.59618  
            439         0.59653  
            440         0.59687  
            441         0.59722  
            442         0.59757  
            443         0.59791  
            444         0.59826  
            445         0.59860  
            446         0.59895  
            447         0.59930  
            448         0.59964  
            449         0.59999  
            450         0.60034  
            451         0.60068  
            452         0.60103  
            453         0.60138  
            454         0.60172  
            455         0.60207  
            456         0.60242  
            457         0.60276  
            458         0.60311  
            459         0.60346  
            460         0.60380  
            461         0.60415  
            462         0.60449  
            463         0.60484  
            464         0.60519  
            465         0.60553  
            466         0.60588  
            467         0.60623  
            468         0.60657  
            469         0.60692  
            470         0.60727  
            471         0.60761  
            472         0.60796  
            473         0.60831  
            474         0.60865  
            475         0.60900  
            476         0.60934  
            477         0.60969  
            478         0.61004  
            479         0.61038  
            480         0.61073  
            481         0.61108  
            482         0.61142  
            483         0.61177  
            484         0.61212  
            485         0.61246  
            486         0.61281  
            487         0.61316  
            488         0.61350  
            489         0.61385  
            490         0.61420  
            491         0.61454  
            492         0.61489  
            493         0.61523  
            494         0.61558  
            495         0.61593  
            496         0.61627  
            497         0.61662  
            498         0.61697  
            499         0.61731  
            500         0.61766  
            501         0.61801  
            502         0.61835  
            503         0.61870  
            504         0.61905  
            505         0.61939  
            506         0.61974  
            507         0.62008  
            508         0.62043  
            509         0.62078  
            510         0.62112  
            511         0.62147  
            512         0.62182  
            513         0.62216  
            514         0.62251  
            515         0.62286  
            516         0.62320  
            517         0.62355  
            518         0.62390  
            519         0.62424  
            520         0.62459  
            521         0.62494  
            522         0.62528  
            523         0.62563  
            524         0.62597  
            525         0.62632  
            526         0.62667  
            527         0.62701  
            528         0.62736  
            529         0.62771  
            530         0.62805  
            531         0.62840  
            532         0.62875  
            533         0.62909  
            534         0.62944  
            535         0.62979  
            536         0.63013  
            537         0.63048  
            538         0.63082  
            539         0.63117  
            540         0.63152  
            541         0.63186  
            542         0.63221  
            543         0.63256  
            544         0.63290  
            545         0.63325  
            546         0.63360  
            547         0.63394  
            548         0.63429  
            549         0.63464  
            550         0.63498  
            551         0.63533  
            552         0.63568  
            553         0.63602  
            554         0.63637  
            555         0.63671  
            556         0.63706  
            557         0.63741  
            558         0.63775  
            559         0.63810  
            560         0.63845  
            561         0.63879  
            562         0.63914  
            563         0.63949  
            564         0.63983  
            565         0.64018  
            566         0.64053  
            567         0.64087  
            568         0.64122  
            569         0.64157  
            570         0.64191  
            571         0.64226  
            572         0.64260  
            573         0.64295  
            574         0.64330  
            575         0.64364  
            576         0.64399  
            577         0.64434  
            578         0.64468  
            579         0.64503  
            580         0.64538  
            581         0.64572  
            582         0.64607  
            583         0.64642  
            584         0.64676  
            585         0.64711  
            586         0.64745  
            587         0.64780  
            588         0.64815  
            589         0.64849  
            590         0.64884  
            591         0.64919  
            592         0.64953  
            593         0.64988  
            594         0.65023  
            595         0.65057  
            596         0.65092  
            597         0.65127  
            598         0.65161  
            599         0.65196  
            600         0.65231  
            601         0.65265  
            602         0.65300  
            603         0.65334  
            604         0.65369  
            605         0.65404  
            606         0.65438  
            607         0.65473  
            608         0.65508  
            609         0.65542  
            610         0.65577  
            611         0.65612  
            612         0.65646  
            613         0.65681  
            614         0.65716  
            615         0.65750  
            616         0.65785  
            617         0.65820  
            618         0.65854  
            619         0.65889  
            620         0.65923  
            621         0.65958  
            622         0.65993  
            623         0.66027  
            624         0.66062  
            625         0.66097  
            626         0.66131  
            627         0.66166  
            628         0.66201  
            629         0.66235  
            630         0.66270  
            631         0.66305  
            632         0.66339  
            633         0.66374  
            634         0.66408  
            635         0.66443  
            636         0.66478  
            637         0.66512  
            638         0.66547  
            639         0.66582  
            640         0.66616  
            641         0.66651  
            642         0.66686  
            643         0.66720  
            644         0.66755  
            645         0.66790  
            646         0.66824  
            647         0.66859  
            648         0.66894  
            649         0.66928  
            650         0.66963  
            651         0.66997  
            652         0.67032  
            653         0.67067  
            654         0.67101  
            655         0.67136  
            656         0.67171  
            657         0.67205  
            658         0.67240  
            659         0.67275  
            660         0.67309  
            661         0.67344  
            662         0.67379  
            663         0.67413  
            664         0.67448  
            665         0.67482  
            666         0.67517  
            667         0.67552  
            668         0.67586  
            669         0.67621  
            670         0.67656  
            671         0.67690  
            672         0.67725  
            673         0.67760  
            674         0.67794  
            675         0.67829  
            676         0.67864  
            677         0.67898  
            678         0.67933  
            679         0.67968  
            680         0.68002  
            681         0.68037  
            682         0.68071  
            683         0.68106  
            684         0.68141  
            685         0.68175  
            686         0.68210  
            687         0.68245  
            688         0.68279  
            689         0.68314  
            690         0.68349  
            691         0.68383  
            692         0.68418  
            693         0.68453  
            694         0.68488  
            695         0.68523  
            696         0.68559  
            697         0.68596  
            698         0.68632  
            699         0.68669  
            700         0.68707  
            701         0.68745  
            702         0.68783  
            703         0.68822  
            704         0.68862  
            705         0.68901  
            706         0.68941  
            707         0.68982  
            708         0.69023  
            709         0.69064  
            710         0.69106  
            711         0.69149  
            712         0.69191  
            713         0.69235  
            714         0.69278  
            715         0.69323  
            716         0.69367  
            717         0.69412  
            718         0.69458  
            719         0.69504  
            720         0.69551  
            721         0.69598  
            722         0.69645  
            723         0.69693  
            724         0.69742  
            725         0.69791  
            726         0.69841  
            727         0.69891  
            728         0.69941  
            729         0.69992  
            730         0.70044  
            731         0.70096  
            732         0.70149  
            733         0.70202  
            734         0.70256  
            735         0.70310  
            736         0.70365  
            737         0.70421  
            738         0.70477  
            739         0.70533  
            740         0.70591  
            741         0.70648  
            742         0.70707  
            743         0.70766  
            744         0.70825  
            745         0.70885  
            746         0.70946  
            747         0.71008  
            748         0.71070  
            749         0.71132  
            750         0.71195  
            751         0.71259  
            752         0.71324  
            753         0.71389  
            754         0.71455  
            755         0.71521  
            756         0.71588  
            757         0.71656  
            758         0.71725  
            759         0.71794  
            760         0.71864  
            761         0.71934  
            762         0.72006  
            763         0.72077  
            764         0.72150  
            765         0.72224  
            766         0.72298  
            767         0.72373  
            768         0.72448  
            769         0.72525  
            770         0.72602  
            771         0.72680  
            772         0.72758  
            773         0.72838  
            774         0.72918  
            775         0.72999  
            776         0.73081  
            777         0.73164  
            778         0.73247  
            779         0.73331  
            780         0.73417  
            781         0.73503  
            782         0.73589  
            783         0.73677  
            784         0.73766  
            785         0.73855  
            786         0.73946  
            787         0.74037  
            788         0.74129  
            789         0.74222  
            790         0.74316  
            791         0.74411  
            792         0.74507  
            793         0.74604  
            794         0.74702  
            795         0.74800  
            796         0.74900  
            797         0.75001  
            798         0.75103  
            799         0.75205  
            800         0.75309  
            801         0.75414  
            802         0.75520  
            803         0.75627  
            804         0.75735  
            805         0.75844  
            806         0.75954  
            807         0.76066  
            808         0.76178  
            809         0.76292  
            810         0.76406  
            811         0.76522  
            812         0.76639  
            813         0.76757  
            814         0.76877  
            815         0.76997  
            816         0.77119  
            817         0.77242  
            818         0.77366  
            819         0.77492  
            820         0.77619  
            821         0.77747  
            822         0.77876  
            823         0.78007  
            824         0.78139  
            825         0.78272  
            826         0.78407  
            827         0.78543  
            828         0.78681  
            829         0.78820  
            830         0.78960  
            831         0.79102  
            832         0.79245  
            833         0.79390  
            834         0.79536  
            835         0.79683  
            836         0.79833  
            837         0.79983  
            838         0.80136  
            839         0.80289  
            840         0.80445  
            841         0.80602  
            842         0.80761  
            843         0.80921  
            844         0.81083  
            845         0.81247  
            846         0.81412  
            847         0.81579  
            848         0.81748  
            849         0.81919  
            850         0.82091  
            851         0.82265  
            852         0.82441  
            853         0.82619  
            854         0.82799  
            855         0.82980  
            856         0.83164  
            857         0.83349  
            858         0.83537  
            859         0.83726  
            860         0.83918  
            861         0.84111  
            862         0.84307  
            863         0.84504  
            864         0.84704  
            865         0.84906  
            866         0.85110  
            867         0.85316  
            868         0.85524  
            869         0.85735  
            870         0.85948  
            871         0.86163  
            872         0.86380  
            873         0.86600  
            874         0.86822  
            875         0.87047  
            876         0.87274  
            877         0.87504  
            878         0.87736  
            879         0.87970  
            880         0.88207  
            881         0.88447  
            882         0.88689  
            883         0.88934  
            884         0.89182  
            885         0.89432  
            886         0.89685  
            887         0.89941  
            888         0.90200  
            889         0.90462  
            890         0.90726  
            891         0.90994  
            892         0.91264  
            893         0.91537  
            894         0.91814  
            895         0.92093  
            896         0.92376  
            897         0.92662  
            898         0.92951  
            899         0.93243  
            900         0.93539  
            901         0.93838  
            902         0.94140  
            903         0.94446  
            904         0.94755  
            905         0.95068  
            906         0.95384  
            907         0.95704  
            908         0.96027  
            909         0.96355  
            910         0.96686  
            911         0.97020  
            912         0.97271  
            913         0.97268  
            914         0.97281  
            915         0.97296  
            916         0.97316  
            917         0.97333  
            918         0.97333  
            919         0.97350  
            920         0.97376  
            921         0.97389  
            922         0.97403  
            923         0.97425  
            924         0.97448  
            925         0.97438  
            926         0.97427  
            927         0.97505  
            928         0.97495  
            929         0.97485  
            930         0.97475  
            931         0.97585  
            932         0.97575  
            933         0.97565  
            934         0.97555  
            935         0.97545  
            936         0.97535  
            937         0.97525  
            938         0.97688  
            939         0.97678  
            940         0.97669  
            941         0.97660  
            942         0.97650  
            943         0.97641  
            944         0.97631  
            945         0.97622  
            946         0.97612  
            947         0.97603  
            948         0.97593  
            949         0.97584  
            950         0.97832  
            951         0.97824  
            952         0.97815  
            953         0.97807  
            954         0.97798  
            955         0.97789  
            956         0.97780  
            957         0.97772  
            958         0.97763  
            959         0.97754  
            960         0.97745  
            961         0.97736  
            962         0.97728  
            963         0.97719  
            964         0.97710  
            965         0.97701  
            966         0.97692  
            967         0.97683  
            968         0.97674  
            969         0.97665  
            970         0.97656  
            971         0.97647  
            972         0.97637  
            973         0.98056  
            974         0.98049  
            975         0.98041  
            976         0.98034  
            977         0.98026  
            978         0.98019  
            979         0.98011  
            980         0.98004  
            981         0.97996  
            982         0.97988  
            983         0.97981  
            984         0.97973  
            985         0.97965  
            986         0.97958  
            987         0.97950  
            988         0.97942  
            989         0.97934  
            990         0.97927  
            991         0.97919  
            992         0.97911  
            993         0.97903  
            994         0.97895  
            995         0.97887  
            996         0.97879  
            997         0.97871  
            998         0.97863  
            999         0.97855  
           1000         0.97847  
           1001         0.97839  
           1002         0.97831  
           1003         0.97823  
           1004         0.97815  
           1005         0.97807  
           1006         0.97799  
           1007         0.97791  
           1008         0.97782  
           1009         0.97774  
           1010         0.97766  
           1011         0.97758  
           1012         0.97749  
           1013         0.97741  
           1014         0.97733  
           1015         0.97724  
           1016         0.97716  
           1017         0.97708  
           1018         0.97699  
           1019         0.97691  
           1020         0.97682  
           1021         0.97674  
           1022         0.97666  
           1023         0.97657  
           1024         0.97648  
           1025         0.97640  
           1026         0.98466  
           1027         0.98460  
           1028         0.98455  
           1029         0.98449  
           1030         0.98444  
           1031         0.98439  
           1032         0.98433  
           1033         0.98427  
           1034         0.98422  
           1035         0.98416  
           1036         0.98411  
           1037         0.98405  
           1038         0.98400  
           1039         0.98394  
           1040         0.98388  
           1041         0.98383  
           1042         0.98377  
           1043         0.98371  
           1044         0.98366  
           1045         0.98360  
           1046         0.98354  
           1047         0.98349  
           1048         0.98343  
           1049         0.98337  
           1050         0.98331  
           1051         0.98326  
           1052         0.98320  
           1053         0.98314  
           1054         0.98308  
           1055         0.98302  
           1056         0.98296  
           1057         0.98291  
           1058         0.98285  
           1059         0.98279  
           1060         0.98273  
           1061         0.98267  
           1062         0.98261  
           1063         0.98255  
           1064         0.98249  
           1065         0.98243  
           1066         0.98237  
           1067         0.98231  
           1068         0.98225  
           1069         0.98219  
           1070         0.98213  
           1071         0.98207  
           1072         0.98201  
           1073         0.98195  
           1074         0.98189  
           1075         0.98183  
           1076         0.98176  
           1077         0.98170  
           1078         0.98164  
           1079         0.98158  
           1080         0.98152  
           1081         0.98145  
           1082         0.98139  
           1083         0.98133  
           1084         0.98127  
           1085         0.98120  
           1086         0.98114  
           1087         0.98108  
           1088         0.98102  
           1089         0.98095  
           1090         0.98089  
           1091         0.98083  
           1092         0.98076  
           1093         0.98070  
           1094         0.98063  
           1095         0.98057  
           1096         0.98051  
           1097         0.98044  
           1098         0.98038  
           1099         0.98031  
           1100         0.98025  
           1101         0.98018  
           1102         0.98012  
           1103         0.98005  
           1104         0.97999  
           1105         0.97992  
           1106         0.97985  
           1107         0.97979  
           1108         0.97972  
           1109         0.97965  
           1110         0.97959  
           1111         0.97952  
           1112         0.97945  
           1113         0.97939  
           1114         0.97932  
           1115         0.97925  
           1116         0.97919  
           1117         0.97912  
           1118         0.97905  
           1119         0.97898  
           1120         0.97892  
           1121         0.97885  
           1122         0.97878  
           1123         0.97871  
           1124         0.97864  
           1125         0.97857  
           1126         0.97850  
           1127         0.97844  
           1128         0.97837  
           1129         0.97830  
           1130         0.97823  
           1131         0.97816  
           1132         0.97809  
           1133         0.97802  
           1134         0.97795  
           1135         0.97788  
           1136         0.97781  
           1137         0.97774  
           1138         0.97767  
           1139         0.97759  
           1140         0.97752  
           1141         0.97745  
           1142         0.97738  
           1143         0.97731  
           1144         0.97724  
           1145         0.97717  
           1146         0.97709  
           1147         0.97702  
           1148         0.97695  
           1149         0.97688  
           1150         0.97680  
           1151         0.97673  
           1152         0.97666  
           1153         0.97659  
           1154         0.97651  
           1155         0.97644  
           1156         0.97636  
           1157         0.97629  
           1158         0.97622  
           1159         0.97614  
           1160         0.97607  
           1161         0.97599  
           1162         0.97592  
           1163         0.97584  
           1164         0.97577  
           1165         0.97570  
           1166         0.97562  
           1167         0.97554  
           1168         0.97547  
           1169         0.97539  
           1170         0.97532  
           1171         0.97524  
           1172         0.97516  
           1173         0.97509  
           1174         0.97501  
           1175         0.97494  
           1176         0.97486  
           1177         0.97478  
           1178         0.97470  
           1179         0.97463  
           1180         0.97455  
           1181         0.97447  
           1182         0.97439  
           1183         0.97432  
           1184         0.97424  
           1185         0.97416  
           1186         0.97408  
           1187         0.97400  
           1188         0.97392  
           1189         0.97384  
           1190         0.97377  
           1191         0.97369  
           1192         0.97361  
           1193         0.97353  
           1194         0.97345  
           1195         0.97337  
           1196         0.97329  
           1197         0.97321  
           1198         0.97313  
           1199         0.97305  
           1200         0.97296  
           1201         0.97288  
           1202         0.97280  
           1203         0.97272  
           1204         0.97264  
           1205         0.97256  
           1206         0.97248  
           1207         0.97239  
           1208         0.97231  
           1209         0.97223  
           1210         0.97215  
           1211         0.97206  
           1212         0.97198  
           1213         0.97190  
           1214         0.97182  
           1215         0.97173  
           1216         1.00000  
