# z HSC subaru, provided by Tanaka
8400  0.000
8410  0.000
8420  0.000
8430  0.000
8440  0.000
8450  0.000
8460  0.000
8470  0.000
8480  0.000
8490  0.268
8500  0.534
8510  0.532
8520  0.530
8530  0.527
8540  0.525
8550  0.525
8560  0.526
8570  0.529
8580  0.532
8590  0.535
8600  0.538
8610  0.540
8620  0.541
8630  0.541
8640  0.539
8650  0.536
8660  0.534
8670  0.532
8680  0.531
8690  0.533
8700  0.536
8710  0.539
8720  0.544
8730  0.549
8740  0.553
8750  0.556
8760  0.558
8770  0.559
8780  0.559
8790  0.557
8800  0.555
8810  0.550
8820  0.546
8830  0.543
8840  0.541
8850  0.540
8860  0.541
8870  0.543
8880  0.546
8890  0.551
8900  0.555
8910  0.561
8920  0.565
8930  0.569
8940  0.571
8950  0.571
8960  0.567
8970  0.561
8980  0.550
8990  0.535
9000  0.521
9010  0.519
9020  0.515
9030  0.523
9040  0.539
9050  0.537
9060  0.534
9070  0.513
9080  0.514
9090  0.517
9100  0.517
9110  0.518
9120  0.518
9130  0.513
9140  0.508
9150  0.519
9160  0.503
9170  0.520
9180  0.508
9190  0.521
9200  0.523
9210  0.526
9220  0.520
9230  0.523
9240  0.519
9250  0.516
9260  0.518
9270  0.518
9280  0.502
9290  0.047
9300  0.030
9310  0.014
9320  0.000
9330  0.000
9340  0.000
9350  0.000
9360  0.000
9370  0.000
9380  0.000
9390  0.000
