# 1 z 
   7300.00     0.00000
   7310.188     9.690483E-7
   7385.268     1.170580E-6
   7461.123     1.363252E-6
   7537.748     2.942623E-6
   7615.169     6.040465E-6
   7693.381     1.558002E-5
   7772.392     4.802859E-5
   7852.218     1.679818E-4
   7932.869     6.460269E-4
   8014.339     0.003300292
   8096.655      0.01316654
   8179.812      0.04191341
   8263.823      0.09520081
   8348.697        0.162373
   8434.442       0.2102288
   8521.068       0.2418575
   8608.585       0.2535085
   8697.004         0.24874
   8786.322       0.2407604
   8876.567       0.2293465
   8967.734         0.21632
   9059.838       0.2019945
   9152.887       0.1878943
   9246.892       0.1736538
   9341.868       0.1599933
   9437.809       0.1429893
    9534.74       0.1231051
   9632.672        0.106333
     9731.6      0.08927711
   9831.548      0.07456443
   9932.528      0.06293962
   10034.54      0.05230919
    10137.6      0.04335876
   10241.73      0.03477899
   10346.91      0.02771046
   10453.17      0.02136358
   10560.54      0.01578667
   10668.99      0.01118156
   10778.57     0.007048907
   10889.27     9.681517E-4
   11000.0      0.0000
