microns	reflection
0.5	0.087552483
0.501	0.054608981
0.502	0.07079628
0.503	0.128168765
0.504	0.212533807
0.505	0.313889358
0.506	0.427380955
0.507	0.543196303
0.508	0.646196295
0.509	0.726611777
0.51	0.783778819
0.511	0.821747707
0.512	0.844952382
0.513	0.856343582
0.514	0.856732015
0.515	0.843868008
0.516	0.809529787
0.517	0.73155958
0.518	0.57970692
0.519	0.515826539
0.52	0.599629467
0.521	0.566713924
0.522	0.533688141
0.523	0.66193736
0.524	0.799442436
0.525	0.876186043
0.526	0.915779505
0.527	0.937089314
0.528	0.948979438
0.529	0.955460362
0.53	0.958324227
0.531	0.958184522
0.532	0.954734863
0.533	0.946342681
0.534	0.928110936
0.535	0.883420101
0.536	0.738571591
0.537	0.423676431
0.538	0.663401045
0.539	0.682564746
0.54	0.522353736
0.541	0.50020147
0.542	0.689362848
0.543	0.809611943
0.544	0.865325033
0.545	0.890244794
0.546	0.898415013
0.547	0.893464786
0.548	0.87128536
0.549	0.812260772
0.55	0.653506295
0.551	0.457961234
0.552	0.592147938
0.553	0.672798534
0.554	0.644091756
0.555	0.563735063
0.556	0.499349542
0.557	0.512828268
0.558	0.58172264
0.559	0.652238988
0.56	0.702928849
0.561	0.733336966
0.562	0.747384046
0.563	0.748278658
0.564	0.738130725
0.565	0.718726555
0.566	0.692328434
0.567	0.661834929
0.568	0.630381813
0.569	0.601167679
0.57	0.576903867
0.571	0.55801604
0.572	0.542020675
0.573	0.527067404
0.574	0.517418497
0.575	0.521133415
0.576	0.538429672
0.577	0.563938794
0.578	0.596951348
0.579	0.637437151
0.58	0.6802129
0.581	0.718391079
0.582	0.749469401
0.583	0.777537417
0.584	0.811684816
0.585	0.85743041
0.586	0.905837741
0.587	0.943249026
0.588	0.966583029
0.589	0.97986021
0.59	0.987310607
0.591	0.991586814
0.592	0.994131293
0.593	0.995705348
0.594	0.996715832
0.595	0.997386421
0.596	0.997844222
0.597	0.998163887
0.598	0.998390593
0.599	0.998552371
0.6	0.998666886
0.601	0.998745841
0.602	0.998794699
0.603	0.998816777
0.604	0.998811973
0.605	0.998775675
0.606	0.998694907
0.607	0.998535796
0.608	0.998195897
0.609	0.997301398
0.61	0.995678232
0.611	0.996711781
0.612	0.996950449
0.613	0.996119459
0.614	0.994001448
0.615	0.989634188
0.616	0.985877236
0.617	0.989991874
0.618	0.994411876
0.619	0.996563076
0.62	0.997589388
0.621	0.998123685
0.622	0.998424299
0.623	0.998602538
0.624	0.998710964
0.625	0.998776573
0.626	0.998814234
0.627	0.99883261
0.628	0.998836978
0.629	0.998830647
0.63	0.998815724
0.631	0.998793523
0.632	0.998764797
0.633	0.998729853
0.634	0.998688589
0.635	0.998640463
0.636	0.998584386
0.637	0.998518509
0.638	0.998439821
0.639	0.998343421
0.64	0.998221237
0.641	0.998059981
0.642	0.997839567
0.643	0.997541918
0.644	0.997203899
0.645	0.99698052
0.646	0.996928269
0.647	0.996864858
0.648	0.996662888
0.649	0.996289574
0.65	0.995728006
0.651	0.994939321
0.652	0.994001325
0.653	0.993161726
0.654	0.992854981
0.655	0.993320919
0.656	0.994281871
0.657	0.99529225
0.658	0.996120845
0.659	0.996733878
0.66	0.997170825
0.661	0.997479513
0.662	0.997697877
0.663	0.997852679
0.664	0.997962127
0.665	0.998038542
0.666	0.998090316
0.667	0.998123226
0.668	0.998141292
0.669	0.998147335
0.67	0.998143342
0.671	0.998130712
0.672	0.998110428
0.673	0.998083166
0.674	0.998049366
0.675	0.99800926
0.676	0.997962863
0.677	0.99790991
0.678	0.997849737
0.679	0.997781085
0.68	0.997701855
0.681	0.997608943
0.682	0.997498722
0.683	0.997369518
0.684	0.997227692
0.685	0.997093563
0.686	0.996992656
0.687	0.9969328
0.688	0.996902471
0.689	0.996892208
0.69	0.996903968
0.691	0.996943636
0.692	0.997011518
0.693	0.997099368
0.694	0.997193676
0.695	0.99728076
0.696	0.997350449
0.697	0.997397972
0.698	0.997424882
0.699	0.997439504
0.7	0.997456492
0.701	0.997494604
0.702	0.997578462
0.703	0.997719732
0.704	0.997916935
0.705	0.998153477
0.706	0.998402225
0.707	0.998635797
0.708	0.99883608
0.709	0.998996966
0.71	0.99912103
0.711	0.999214714
0.712	0.999284963
0.713	0.999337713
0.714	0.999377527
0.715	0.999407734
0.716	0.999430701
0.717	0.999448098
0.718	0.999461099
0.719	0.999470528
0.72	0.999476967
0.721	0.999480822
0.722	0.999482375
0.723	0.99948181
0.724	0.999479242
0.725	0.999474724
0.726	0.999468261
0.727	0.999459813
0.728	0.999449294
0.729	0.999436575
0.73	0.999421477
0.731	0.999403765
0.732	0.99938314
0.733	0.99935922
0.734	0.999331529
0.735	0.999299472
0.736	0.999262305
0.737	0.999219112
0.738	0.999168763
0.739	0.999109885
0.74	0.999040831
0.741	0.998959656
0.742	0.998864134
0.743	0.998751847
0.744	0.998620515
0.745	0.998468821
0.746	0.998298132
0.747	0.998115194
0.748	0.997934738
0.749	0.997779013
0.75	0.997671225
0.751	0.997591874
0.752	0.997567304
0.753	0.997582862
0.754	0.99762061
0.755	0.997665909
0.756	0.997709679
0.757	0.997747908
0.758	0.997780411
0.759	0.997809657
0.76	0.997839426
0.761	0.997872877
0.762	0.997910491
0.763	0.997949319
0.764	0.997984198
0.765	0.998009764
0.766	0.998021726
0.767	0.99801701
0.768	0.997993291
0.769	0.997948432
0.77	0.997880028
0.771	0.9977851
0.772	0.997659896
0.773	0.997499769
0.774	0.997299161
0.775	0.997051735
0.776	0.996750741
0.777	0.996389713
0.778	0.995963513
0.779	0.995469511
0.78	0.994908261
0.781	0.994282475
0.782	0.993592811
0.783	0.99282969
0.784	0.991963347
0.785	0.990944152
0.786	0.989743356
0.787	0.988398918
0.788	0.986851848
0.789	0.984793819
0.79	0.981854949
0.791	0.977838539
0.792	0.973294753
0.793	0.970552137
0.794	0.972479684
0.795	0.977975985
0.796	0.983457558
0.797	0.987350008
0.798	0.989789727
0.799	0.991274709
0.8	0.992213406
0.801	0.992891669
0.802	0.993463485
0.803	0.993991285
0.804	0.994485947
0.805	0.994936217
0.806	0.99532924
0.807	0.995658807
0.808	0.995925547
0.809	0.996134337
0.81	0.996291823
0.811	0.996404866
0.812	0.996479797
0.813	0.996522198
0.814	0.996536918
0.815	0.996528177
0.816	0.996499631
0.817	0.996454357
0.818	0.996394767
0.819	0.996322531
0.82	0.99623873
0.821	0.996144499
0.822	0.996042589
0.823	0.995940083
0.824	0.995851611
0.825	0.995799591
0.826	0.995805442
0.827	0.995872147
0.828	0.995975153
0.829	0.996075675
0.83	0.996141401
0.831	0.996154211
0.832	0.996106142
0.833	0.995994047
0.834	0.995818369
0.835	0.995586703
0.836	0.995320403
0.837	0.995059393
0.838	0.994857352
0.839	0.994763634
0.84	0.994802094
0.841	0.994963607
0.842	0.995215355
0.843	0.995515614
0.844	0.995825179
0.845	0.996114158
0.846	0.996364799
0.847	0.99657088
0.848	0.996734808
0.849	0.996863743
0.85	0.996965644
0.851	0.997045977
0.852	0.997106097
0.853	0.997143827
0.854	0.997155528
0.855	0.997138188
0.856	0.997090457
0.857	0.997012198
0.858	0.996902618
0.859	0.99675759
0.86	0.996567396
0.861	0.996315862
0.862	0.995980765
0.863	0.995534907
0.864	0.994948284
0.865	0.994193993
0.866	0.993263205
0.867	0.992196112
0.868	0.991127992
0.869	0.990314971
0.87	0.990054503
0.871	0.990478899
0.872	0.991427329
0.873	0.992580535
0.874	0.99367895
0.875	0.994600759
0.876	0.995323594
0.877	0.995868694
0.878	0.99626615
0.879	0.99653916
0.88	0.996698677
0.881	0.996742544
0.882	0.996654689
0.883	0.996400288
0.884	0.995913037
0.885	0.995072623
0.886	0.99369527
0.887	0.991718435
0.888	0.990049126
0.889	0.990604532
0.89	0.992850259
0.891	0.994885747
0.892	0.996240013
0.893	0.997098942
0.894	0.99766081
0.895	0.998046407
0.896	0.998322153
0.897	0.998524504
0.898	0.998674692
0.899	0.998786237
0.9	0.998868371
0.901	0.998925497
0.902	0.998964913
0.903	0.998989807
0.904	0.999002505
0.905	0.999004739
0.906	0.99899773
0.907	0.998982074
0.908	0.998957536
0.909	0.99892294
0.91	0.998876211
0.911	0.998814423
0.912	0.998733686
0.913	0.998628768
0.914	0.998492445
0.915	0.998314492
0.916	0.998080173
0.917	0.997767982
0.918	0.9973462
0.919	0.99676755
0.92	0.995960657
0.921	0.994816758
0.922	0.993173629
0.923	0.990818838
0.924	0.987602931
0.925	0.983865321
0.926	0.981057114
0.927	0.980972238
0.928	0.983380251
0.929	0.986488285
0.93	0.989142436
0.931	0.991105951
0.932	0.992502574
0.933	0.9935077
0.934	0.994258159
0.935	0.994835709
0.936	0.995275075
0.937	0.995584693
0.938	0.995765882
0.939	0.995820698
0.94	0.99575103
0.941	0.995553192
0.942	0.995205382
0.943	0.994642318
0.944	0.993722055
0.945	0.992214704
0.946	0.98992255
0.947	0.987268107
0.948	0.986061871
0.949	0.98748962
0.95	0.989963828
0.951	0.992018094
0.952	0.99334673
0.953	0.994129286
0.954	0.994547831
0.955	0.994720655
0.956	0.994716007
0.957	0.994568637
0.958	0.994291175
0.959	0.993882629
0.96	0.993334807
0.961	0.992637348
0.962	0.99178313
0.963	0.990776227
0.964	0.989643517
0.965	0.988448185
0.966	0.987297841
0.967	0.986334525
0.968	0.985697558
0.969	0.985470554
0.97	0.985645564
0.971	0.986129583
0.972	0.986784742
0.973	0.987473739
0.974	0.988089186
0.975	0.988561251
0.976	0.988850518
0.977	0.988937185
0.978	0.98881417
0.979	0.988487095
0.98	0.987981557
0.981	0.987355528
0.982	0.986708869
0.983	0.986174729
0.984	0.985880876
0.985	0.985894836
0.986	0.986193543
0.987	0.986683017
0.988	0.987247139
0.989	0.987787346
0.99	0.988237877
0.991	0.98856311
0.992	0.988747681
0.993	0.988786721
0.994	0.988679619
0.995	0.988428691
0.996	0.988043661
0.997	0.987546974
0.998	0.986962218
0.999	0.98629149
1	0.98553432
1.001	0.984719121
1.002	0.983939918
1.003	0.983258671
1.004	0.982675228
1.005	0.982139559
1.006	0.981584749
1.007	0.980953858
1.008	0.980236259
1.009	0.979529111
1.01	0.979070049
1.011	0.979061718
1.012	0.979387236
1.013	0.979740417
1.014	0.979967092
1.015	0.980111664
1.016	0.980303101
1.017	0.980658409
1.018	0.981236735
1.019	0.982029715
1.02	0.982981524
1.021	0.984014907
1.022	0.985048175
1.023	0.986011235
1.024	0.986859558
1.025	0.987574618
1.026	0.988154717
1.027	0.98860601
1.028	0.988936989
1.029	0.989155865
1.03	0.989270075
1.031	0.989286455
1.032	0.989209809
1.033	0.989040202
1.034	0.98877305
1.035	0.988402054
1.036	0.987921058
1.037	0.987324431
1.038	0.986607644
1.039	0.985768846
1.04	0.984811581
1.041	0.983748634
1.042	0.98260666
1.043	0.981430484
1.044	0.980284833
1.045	0.979250222
1.046	0.978410205
1.047	0.977830522
1.048	0.977536358
1.049	0.977497769
1.05	0.977630594
1.051	0.977808505
1.052	0.977901567
1.053	0.977775852
1.054	0.977295201
1.055	0.976318335
1.056	0.974709452
1.057	0.972450767
1.058	0.970005791
1.059	0.968331308
1.06	0.967827546
1.061	0.968422723
1.062	0.970081162
1.063	0.972569063
1.064	0.975435999
1.065	0.978237636
1.066	0.980678236
1.067	0.982621767
1.068	0.984103997
1.069	0.985436434
1.07	0.986980615
1.071	0.988556468
1.072	0.989857031
1.073	0.99084974
1.074	0.991607488
1.075	0.992196548
1.076	0.992661723
1.077	0.993032284
1.078	0.993327813
1.079	0.993561833
1.08	0.993743929
1.081	0.993880994
1.082	0.99397799
1.083	0.994038435
1.084	0.994064707
1.085	0.994058251
1.086	0.994019704
1.087	0.993948974
1.088	0.993845278
1.089	0.993707147
1.09	0.993532404
1.091	0.993318122
1.092	0.993060558
1.093	0.992755068
1.094	0.99239601
1.095	0.991976642
1.096	0.991489034
1.097	0.990924018
1.098	0.990271232
1.099	0.989519332
1.1	0.988656502
1.101	0.987654665
1.102	0.986518428
1.103	0.985242989
1.104	0.983832056
1.105	0.982302305
1.106	0.980688068
1.107	0.979048846
1.108	0.977494436
1.109	0.976205155
1.11	0.975302733
1.111	0.974773539
1.112	0.974575044
1.113	0.974640632
1.114	0.974863564
1.115	0.975113391
1.116	0.975259382
1.117	0.975186227
1.118	0.974800405
1.119	0.974032865
1.12	0.972856681
1.121	0.971390734
1.122	0.97018774
1.123	0.970045889
1.124	0.970813686
1.125	0.971973606
1.126	0.973444657
1.127	0.975218389
1.128	0.977191462
1.129	0.979217914
1.13	0.981171683
1.131	0.982971742
1.132	0.984579934
1.133	0.985988455
1.134	0.987207136
1.135	0.988254126
1.136	0.989150129
1.137	0.989915238
1.138	0.99056737
1.139	0.991121488
1.14	0.99158899
1.141	0.991976628
1.142	0.992284808
1.143	0.992514229
1.144	0.992725292
1.145	0.993004963
1.146	0.993258342
1.147	0.993443103
1.148	0.993576679
1.149	0.993672435
1.15	0.993737036
1.151	0.993773861
1.152	0.993784659
1.153	0.993770231
1.154	0.993730714
1.155	0.993665697
1.156	0.993574251
1.157	0.993454914
1.158	0.993305625
1.159	0.993123612
1.16	0.992905197
1.161	0.992645479
1.162	0.992337764
1.163	0.99197249
1.164	0.991535038
1.165	0.991000922
1.166	0.990324497
1.167	0.989412954
1.168	0.988089953
1.169	0.98628618
1.17	0.985015885
1.171	0.98486446
1.172	0.984597579
1.173	0.983890464
1.174	0.982875086
1.175	0.981671637
1.176	0.98037319
1.177	0.979072544
1.178	0.977874042
1.179	0.976887754
1.18	0.976207525
1.181	0.975884682
1.182	0.975913719
1.183	0.976234307
1.184	0.976746089
1.185	0.977331222
1.186	0.977876656
1.187	0.978289513
1.188	0.97850445
1.189	0.97848637
1.19	0.978232909
1.191	0.977779624
1.192	0.977207486
1.193	0.976647305
1.194	0.976270407
1.195	0.976255004
1.196	0.976730923
1.197	0.977728474
1.198	0.979166121
1.199	0.980887109
1.2	0.982718858
1.201	0.984516024
1.202	0.986190747
1.203	0.987696616
1.204	0.989020165
1.205	0.990167657
1.206	0.991155164
1.207	0.992002303
1.208	0.992728763
1.209	0.993352634
1.21	0.993889769
1.211	0.994353696
1.212	0.994755784
1.213	0.995105507
1.214	0.995410731
1.215	0.995677978
1.216	0.995912657
1.217	0.996119262
1.218	0.996301537
1.219	0.996462604
1.22	0.996605081
1.221	0.996731166
1.222	0.996842709
1.223	0.996941274
1.224	0.997028185
1.225	0.997104559
1.226	0.997171344
1.227	0.997229341
1.228	0.997279221
1.229	0.997321549
1.23	0.997356791
1.231	0.997385329
1.232	0.997407465
1.233	0.997423436
1.234	0.997433411
1.235	0.997437499
1.236	0.997435751
1.237	0.997428161
1.238	0.997414666
1.239	0.997395146
1.24	0.99736942
1.241	0.997337245
1.242	0.997298309
1.243	0.997252226
1.244	0.997198528
1.245	0.997136657
1.246	0.997065952
1.247	0.996985634
1.248	0.996894793
1.249	0.996792363
1.25	0.996677103
1.251	0.996547562
1.252	0.996402049
1.253	0.996238591
1.254	0.996054883
1.255	0.995848236
1.256	0.995615505
1.257	0.995353024
1.258	0.99505652
1.259	0.994721028
1.26	0.994340818
1.261	0.993909325
1.262	0.993419137
1.263	0.992862058
1.264	0.992229337
1.265	0.991512149
1.266	0.990702494
1.267	0.989794727
1.268	0.988787933
1.269	0.987689337
1.27	0.986518669
1.271	0.985312802
1.272	0.984128992
1.273	0.983043941
1.274	0.982145585
1.275	0.981516508
1.276	0.98121252
1.277	0.981244871
1.278	0.981574997
1.279	0.982124546
1.28	0.982795032
1.281	0.983487581
1.282	0.984115868
1.283	0.984610672
1.284	0.984918326
1.285	0.984996516
1.286	0.984810515
1.287	0.984332519
1.288	0.983547016
1.289	0.982465813
1.29	0.98115553
1.291	0.979773093
1.292	0.978585246
1.293	0.977925675
1.294	0.978063438
1.295	0.979052434
1.296	0.980699494
1.297	0.982684973
1.298	0.984716585
1.299	0.98660666
1.3	0.988269814
1.301	0.989682856
1.302	0.990869451
1.303	0.991859443
1.304	0.992684754
1.305	0.993374518
1.306	0.993953503
1.307	0.994442039
1.308	0.994856522
1.309	0.995210079
1.31	0.995513196
1.311	0.995774264
1.312	0.996000017
1.313	0.996195887
1.314	0.996366276
1.315	0.99651477
1.316	0.996644305
1.317	0.996757297
1.318	0.996855743
1.319	0.996941298
1.32	0.997015339
1.321	0.997079015
1.322	0.997133281
1.323	0.997178935
1.324	0.99721664
1.325	0.997246942
1.326	0.997270289
1.327	0.997287041
1.328	0.997297483
1.329	0.997301831
1.33	0.997300238
1.331	0.997292798
1.332	0.997279554
1.333	0.997260496
1.334	0.997235562
1.335	0.997204643
1.336	0.997167579
1.337	0.997124159
1.338	0.997074117
1.339	0.997017133
1.34	0.996952829
1.341	0.996880762
1.342	0.99680042
1.343	0.99671122
1.344	0.996612494
1.345	0.99650349
1.346	0.996383359
1.347	0.996251148
1.348	0.996105789
1.349	0.995946094
1.35	0.995770746
1.351	0.995578288
1.352	0.995367127
1.353	0.995135526
1.354	0.994881619
1.355	0.994603425
1.356	0.994298881
1.357	0.993965898
1.358	0.993602443
1.359	0.99320666
1.36	0.992777039
1.361	0.992312641
1.362	0.9918134
1.363	0.991280479
1.364	0.99071671
1.365	0.99012704
1.366	0.989518978
1.367	0.988902896
1.368	0.988292099
1.369	0.987702482
1.37	0.987151662
1.371	0.986657528
1.372	0.986236304
1.373	0.985900394
1.374	0.985656423
1.375	0.98550393
1.376	0.985435027
1.377	0.985435112
1.378	0.985484434
1.379	0.985560129
1.38	0.985638323
1.381	0.985696006
1.382	0.985712572
1.383	0.985671106
1.384	0.985559632
1.385	0.985372567
1.386	0.985112573
1.387	0.984792753
1.388	0.98443874
1.389	0.984089636
1.39	0.983796218
1.391	0.983614967
1.392	0.983597798
1.393	0.983779922
1.394	0.984170504
1.395	0.984750508
1.396	0.98547876
1.397	0.986303112
1.398	0.987171761
1.399	0.988041117
1.4	0.9888792
1.401	0.989654202
1.402	0.990367905
1.403	0.991016156
1.404	0.991599394
1.405	0.992120809
1.406	0.992585032
1.407	0.992997271
1.408	0.993362786
1.409	0.993686578
1.41	0.993973241
1.411	0.994226902
1.412	0.994451212
1.413	0.994649369
1.414	0.994824156
1.415	0.994977983
1.416	0.99511293
1.417	0.995230789
1.418	0.995333099
1.419	0.995421181
1.42	0.995496162
1.421	0.995559004
1.422	0.995610523
1.423	0.995651407
1.424	0.995682232
1.425	0.995703472
1.426	0.995715513
1.427	0.995718662
1.428	0.995713152
1.429	0.99569915
1.43	0.995676763
1.431	0.995646041
1.432	0.995606985
1.433	0.995559544
1.434	0.995503622
1.435	0.995439084
1.436	0.995365752
1.437	0.995283414
1.438	0.995191825
1.439	0.995090712
1.44	0.994979777
1.441	0.994858703
1.442	0.994727158
1.443	0.994584803
1.444	0.994431307
1.445	0.994266353
1.446	0.994089663
1.447	0.993901011
1.448	0.993700251
1.449	0.993487342
1.45	0.993262379
1.451	0.993025623
1.452	0.992777546
1.453	0.992518864
1.454	0.992250574
1.455	0.991973995
1.456	0.991690792
1.457	0.991402989
1.458	0.991112974
1.459	0.990823465
1.46	0.990537463
1.461	0.990258159
1.462	0.989988818
1.463	0.989732624
1.464	0.989492512
1.465	0.989270983
1.466	0.989069931
1.467	0.988890497
1.468	0.988732971
1.469	0.98859676
1.47	0.988480424
1.471	0.988381798
1.472	0.988298184
1.473	0.988226608
1.474	0.98816412
1.475	0.988108131
1.476	0.988056747
1.477	0.988009096
1.478	0.987965606
1.479	0.987928204
1.48	0.987900393
1.481	0.98788717
1.482	0.987894734
1.483	0.987929977
1.484	0.987999772
1.485	0.988110138
1.486	0.988265405
1.487	0.988467536
1.488	0.988715748
1.489	0.989006524
1.49	0.989333997
1.491	0.989690615
1.492	0.990067936
1.493	0.990457414
1.494	0.990851038
1.495	0.991241784
1.496	0.991623857
1.497	0.991992756
1.498	0.992345212
1.499	0.992679045
1.5	0.992992985
1.501	0.993247321
1.502	0.993483127
1.503	0.993700559
1.504	0.99390004
1.505	0.994082177
1.506	0.994247678
1.507	0.994397306
1.508	0.994531831
1.509	0.994652007
1.51	0.994758548
1.511	0.994852116
1.512	0.994933313
1.513	0.995002674
1.514	0.995060667
1.515	0.995107688
1.516	0.995144064
1.517	0.99517005
1.518	0.995185833
1.519	0.995191529
1.52	0.995187184
1.521	0.995172771
1.522	0.995148193
1.523	0.995113278
1.524	0.995067776
1.525	0.995011357
1.526	0.994943604
1.527	0.994864012
1.528	0.99477198
1.529	0.994666804
1.53	0.994547677
1.531	0.99441368
1.532	0.994263773
1.533	0.994096791
1.534	0.993911407
1.535	0.993706109
1.536	0.993479151
1.537	0.993228539
1.538	0.992952011
1.539	0.992647039
1.54	0.99231082
1.541	0.991940266
1.542	0.991531995
1.543	0.99108232
1.544	0.990587268
1.545	0.99004261
1.546	0.989443933
1.547	0.988786753
1.548	0.988066706
1.549	0.987279813
1.55	0.986422876
1.551	0.985494
1.552	0.984493292
1.553	0.983423726
1.554	0.982292167
1.555	0.981110485
1.556	0.979896617
1.557	0.978675349
1.558	0.977478516
1.559	0.976344231
1.56	0.975314877
1.561	0.97443372
1.562	0.973740437
1.563	0.973266227
1.564	0.973029524
1.565	0.973033351
1.566	0.973265003
1.567	0.973698099
1.568	0.974296401
1.569	0.975018432
1.57	0.975821871
1.571	0.976667029
1.572	0.977519085
1.573	0.978349116
1.574	0.979134183
1.575	0.979856788
1.576	0.980503988
1.577	0.981066426
1.578	0.981537385
1.579	0.981912002
1.58	0.982186659
1.581	0.9823586
1.582	0.982425802
1.583	0.982387124
1.584	0.982242784
1.585	0.981995179
1.586	0.981650083
1.587	0.981218221
1.588	0.980717185
1.589	0.980173406
1.59	0.979623471
1.591	0.979113638
1.592	0.978696378
1.593	0.978423489
1.594	0.978336797
1.595	0.978459126
1.596	0.978788983
1.597	0.979301216
1.598	0.979953332
1.599	0.980694774
1.6	0.981475785
1.601	0.98219745
1.602	0.982886178
1.603	0.983518652
1.604	0.984079914
1.605	0.984561436
1.606	0.984959166
1.607	0.985271865
1.608	0.985499808
1.609	0.985643849
1.61	0.98570476
1.611	0.98568279
1.612	0.985577363
1.613	0.985386873
1.614	0.985108548
1.615	0.984738354
1.616	0.98427094
1.617	0.983699632
1.618	0.983016501
1.619	0.982212553
1.62	0.981278109
1.621	0.980203499
1.622	0.978980221
1.623	0.977602783
1.624	0.976071479
1.625	0.974396318
1.626	0.9726022
1.627	0.970734985
1.628	0.968867343
1.629	0.967102063
1.63	0.965569367
1.631	0.964414635
1.632	0.963775253
1.633	0.963750608
1.634	0.964375223
1.635	0.965606963
1.636	0.967336593
1.637	0.969414622
1.638	0.97168374
1.639	0.974005153
1.64	0.976272967
1.641	0.978416982
1.642	0.980397689
1.643	0.982197853
1.644	0.983814303
1.645	0.98525211
1.646	0.986521333
1.647	0.987635201
1.648	0.98860868
1.649	0.98945716
1.65	0.990195423
1.651	0.990837005
1.652	0.991393901
1.653	0.991876519
1.654	0.992293759
1.655	0.992653148
1.656	0.992960998
1.657	0.99322255
1.658	0.993442107
1.659	0.993623149
1.66	0.993768415
1.661	0.993879977
1.662	0.993959294
1.663	0.994007234
1.664	0.994024095
1.665	0.994009597
1.666	0.993962856
1.667	0.993882336
1.668	0.993765779
1.669	0.993610102
1.67	0.993411267
1.671	0.993164098
1.672	0.99286206
1.673	0.992496976
1.674	0.992058675
1.675	0.991534572
1.676	0.99090919
1.677	0.990163652
1.678	0.989275232
1.679	0.988217181
1.68	0.986959206
1.681	0.985469367
1.682	0.983718682
1.683	0.981690449
1.684	0.979396758
1.685	0.976903632
1.686	0.974361235
1.687	0.972023907
1.688	0.970230506
1.689	0.96931842
1.69	0.969489463
1.691	0.9707102
1.692	0.972727842
1.693	0.975188522
1.694	0.977766191
1.695	0.980231907
1.696	0.98246011
1.697	0.984402993
1.698	0.986060054
1.699	0.987454816
1.7	0.988620472
1.701	0.989420949
1.702	0.990085209
1.703	0.990637266
1.704	0.991097253
1.705	0.991480472
1.706	0.991797783
1.707	0.992057106
1.708	0.992264968
1.709	0.992427402
1.71	0.992550231
1.711	0.992639093
1.712	0.992699412
1.713	0.992736402
1.714	0.992755089
1.715	0.992760324
1.716	0.992756782
1.717	0.99274891
1.718	0.992740838
1.719	0.992736253
1.72	0.992738249
1.721	0.99274917
1.722	0.992770478
1.723	0.992802667
1.724	0.992845234
1.725	0.992896723
1.726	0.992954834
1.727	0.993016573
1.728	0.993078438
1.729	0.99313659
1.73	0.993187016
1.731	0.993225647
1.732	0.993248432
1.733	0.993251366
1.734	0.993230482
1.735	0.993181804
1.736	0.993101286
1.737	0.992984739
1.738	0.992827769
1.739	0.992625742
1.74	0.992373809
1.741	0.992067034
1.742	0.991700681
1.743	0.991270771
1.744	0.990775009
1.745	0.99021424
1.746	0.989594562
1.747	0.9889301
1.748	0.988246144
1.749	0.987581784
1.75	0.98699039
1.751	0.986535756
1.752	0.98628231
1.753	0.986280356
1.754	0.986551186
1.755	0.987079113
1.756	0.987815098
1.757	0.988690321
1.758	0.989632973
1.759	0.990581403
1.76	0.991490545
1.761	0.992332429
1.762	0.993093324
1.763	0.993769875
1.764	0.994365632
1.765	0.994888383
1.766	0.995348052
1.767	0.995754688
1.768	0.996116595
1.769	0.996439412
1.77	0.996726706
1.771	0.996981275
1.772	0.997206026
1.773	0.997404122
1.774	0.997578781
1.775	0.997733047
1.776	0.997869652
1.777	0.997990978
1.778	0.998099062
1.779	0.998195636
1.78	0.998282169
1.781	0.998359905
1.782	0.998429902
1.783	0.998493062
1.784	0.998550155
1.785	0.998601844
1.786	0.998648699
1.787	0.998691212
1.788	0.998729811
1.789	0.998764867
1.79	0.998796704
1.791	0.998825604
1.792	0.998851815
1.793	0.998875553
1.794	0.998897009
1.795	0.99891635
1.796	0.998933722
1.797	0.998949254
1.798	0.998963058
1.799	0.998975233
1.8	0.998985864
1.801	0.998995023
1.802	0.99900278
1.803	0.999009188
1.804	0.99901429
1.805	0.999018123
1.806	0.999020713
1.807	0.999022078
1.808	0.99902223
1.809	0.999021171
1.81	0.999018894
1.811	0.999015385
1.812	0.999010618
1.813	0.999004556
1.814	0.998997151
1.815	0.998988337
1.816	0.998978034
1.817	0.998966135
1.818	0.998952511
1.819	0.998936995
1.82	0.998919378
1.821	0.998899395
1.822	0.998876706
1.823	0.998850878
1.824	0.998821355
1.825	0.998787426
1.826	0.998748193
1.827	0.998702562
1.828	0.998649275
1.829	0.998587096
1.83	0.998515245
1.831	0.998434268
1.832	0.998347253
1.833	0.998260718
1.834	0.998183651
1.835	0.998123835
1.836	0.998083542
1.837	0.998058507
1.838	0.998040991
1.839	0.998023623
1.84	0.998001323
1.841	0.997971313
1.842	0.997932384
1.843	0.997884159
1.844	0.997826616
1.845	0.997759818
1.846	0.997683785
1.847	0.997598438
1.848	0.997503588
1.849	0.99739893
1.85	0.997284058
1.851	0.997158468
1.852	0.997021578
1.853	0.996872735
1.854	0.996711231
1.855	0.996536323
1.856	0.996347256
1.857	0.996143289
1.858	0.995923735
1.859	0.995688008
1.86	0.995435675
1.861	0.995166537
1.862	0.994880706
1.863	0.994578702
1.864	0.994261567
1.865	0.993930966
1.866	0.993589303
1.867	0.9932398
1.868	0.992886552
1.869	0.992534521
1.87	0.992189449
1.871	0.991857689
1.872	0.991545918
1.873	0.991260775
1.874	0.991008425
1.875	0.990794099
1.876	0.990621679
1.877	0.990493367
1.878	0.990409502
1.879	0.990368536
1.88	0.990367171
1.881	0.990400627
1.882	0.990462988
1.883	0.990547565
1.884	0.990647233
1.885	0.990754699
1.886	0.99086266
1.887	0.990963861
1.888	0.991051021
1.889	0.991116631
1.89	0.991152619
1.891	0.991149855
1.892	0.991097483
1.893	0.99098211
1.894	0.990787018
1.895	0.990492077
1.896	0.99007614
1.897	0.989525246
1.898	0.988848847
1.899	0.988101619
1.9	0.987410033
1.901	0.986981691
1.902	0.98700326
1.903	0.987484437
1.904	0.988231442
1.905	0.989010934
1.906	0.989680663
1.907	0.990195349
1.908	0.990562607
1.909	0.990808259
1.91	0.990959964
1.911	0.991041789
1.912	0.991073369
1.913	0.991070514
1.914	0.991046035
1.915	0.991010421
1.916	0.990972272
1.917	0.990938549
1.918	0.990914693
1.919	0.990904683
1.92	0.990911082
1.921	0.990935112
1.922	0.990976783
1.923	0.99103506
1.924	0.99110808
1.925	0.991193385
1.926	0.991288147
1.927	0.99138938
1.928	0.991494111
1.929	0.991599511
1.93	0.991702984
1.931	0.991802214
1.932	0.991895186
1.933	0.991980177
1.934	0.99205573
1.935	0.99212062
1.936	0.992173809
1.937	0.992214398
1.938	0.992241577
1.939	0.992254569
1.94	0.992252577
1.941	0.992234709
1.942	0.992199902
1.943	0.992146811
1.944	0.992073656
1.945	0.991978
1.946	0.991856391
1.947	0.991703768
1.948	0.991512403
1.949	0.991269864
1.95	0.990954842
1.951	0.99052875
1.952	0.989928317
1.953	0.989148024
1.954	0.988420287
1.955	0.987525524
1.956	0.985949395
1.957	0.983250624
1.958	0.978721594
1.959	0.971911313
1.96	0.966015478
1.961	0.96819408
1.962	0.975462617
1.963	0.981270164
1.964	0.984785305
1.965	0.986857255
1.966	0.988129865
1.967	0.988957255
1.968	0.989528108
1.969	0.989945867
1.97	0.990269531
1.971	0.990533977
1.972	0.990760384
1.973	0.990961801
1.974	0.991146267
1.975	0.991318636
1.976	0.991481688
1.977	0.991636844
1.978	0.991784624
1.979	0.991924965
1.98	0.992057432
1.981	0.992181366
1.982	0.992295987
1.983	0.992400457
1.984	0.992493928
1.985	0.992575561
1.986	0.992644544
1.987	0.992700092
1.988	0.992741443
1.989	0.992767852
1.99	0.99277858
1.991	0.992772885
1.992	0.992750008
1.993	0.992709165
1.994	0.992649535
1.995	0.992570257
1.996	0.992470427
1.997	0.992349098
1.998	0.992205287
1.999	0.992037996
2	0.991846231
2.001	0.991606654
2.002	0.991340161
2.003	0.991045906
2.004	0.99072331
2.005	0.990372192
2.006	0.989992931
2.007	0.989586663
2.008	0.989155513
2.009	0.98870285
2.01	0.988233546
2.011	0.987754218
2.012	0.987273408
2.013	0.986801633
2.014	0.986351263
2.015	0.985936143
2.016	0.985570937
2.017	0.985270193
2.018	0.985047198
2.019	0.984912752
2.02	0.984874063
2.021	0.984933956
2.022	0.985090545
2.023	0.985337457
2.024	0.985664543
2.025	0.986058942
2.026	0.9865063
2.027	0.986991949
2.028	0.987501896
2.029	0.988023535
2.03	0.988546081
2.031	0.989060737
2.032	0.989560665
2.033	0.99004083
2.034	0.990497765
2.035	0.9909293
2.036	0.991334312
2.037	0.991712479
2.038	0.992064077
2.039	0.992389807
2.04	0.992690661
2.041	0.992967811
2.042	0.993222527
2.043	0.993456118
2.044	0.993669891
2.045	0.993865111
2.046	0.994042992
2.047	0.994204676
2.048	0.994351227
2.049	0.99448363
2.05	0.994602788
2.051	0.994709525
2.052	0.994804587
2.053	0.994888645
2.054	0.9949623
2.055	0.995026089
2.056	0.995080482
2.057	0.995125891
2.058	0.995162673
2.059	0.995191211
2.06	0.995211639
2.061	0.99522415
2.062	0.995228904
2.063	0.995226014
2.064	0.99521555
2.065	0.995197536
2.066	0.995171956
2.067	0.995138747
2.068	0.995097803
2.069	0.995048973
2.07	0.994992058
2.071	0.994926811
2.072	0.994852934
2.073	0.994770072
2.074	0.994677812
2.075	0.99457568
2.076	0.994463132
2.077	0.99433955
2.078	0.994204235
2.079	0.9940564
2.08	0.993895162
2.081	0.99371953
2.082	0.993528394
2.083	0.993320519
2.084	0.993094524
2.085	0.992848876
2.086	0.99258187
2.087	0.992291619
2.088	0.991976033
2.089	0.991632815
2.09	0.991259439
2.091	0.990853151
2.092	0.990410967
2.093	0.989929678
2.094	0.989405878
2.095	0.98883601
2.096	0.988216438
2.097	0.987543562
2.098	0.986813988
2.099	0.98602476
2.1	0.98517368
2.101	0.984262341
2.102	0.983289235
2.103	0.982257379
2.104	0.981172843
2.105	0.980045512
2.106	0.978889817
2.107	0.977725277
2.108	0.97657668
2.109	0.975473679
2.11	0.974449627
2.111	0.973539548
2.112	0.972777333
2.113	0.972192458
2.114	0.97180677
2.115	0.971631942
2.116	0.971668175
2.117	0.971904394
2.118	0.972319904
2.119	0.972887063
2.12	0.973574414
2.121	0.974349685
2.122	0.975182254
2.123	0.976044849
2.124	0.976914489
2.125	0.977772778
2.126	0.978605732
2.127	0.979403318
2.128	0.980158846
2.129	0.98086834
2.13	0.981529938
2.131	0.98214337
2.132	0.982709516
2.133	0.983230056
2.134	0.983707195
2.135	0.984143452
2.136	0.984541506
2.137	0.984904089
2.138	0.985233901
2.139	0.985533565
2.14	0.985805588
2.141	0.986052343
2.142	0.986276058
2.143	0.986478812
2.144	0.986662538
2.145	0.986829027
2.146	0.986979929
2.147	0.987116767
2.148	0.987240941
2.149	0.987353734
2.15	0.987456323
2.151	0.987549782
2.152	0.987635093
2.153	0.987713146
2.154	0.98778475
2.155	0.987850636
2.156	0.987911461
2.157	0.987967813
2.158	0.988020212
2.159	0.98806912
2.16	0.988114938
2.161	0.988158011
2.162	0.988198632
2.163	0.988237044
2.164	0.988273441
2.165	0.988307973
2.166	0.988340745
2.167	0.988371822
2.168	0.98840123
2.169	0.988428957
2.17	0.988454955
2.171	0.988479142
2.172	0.988501404
2.173	0.988521593
2.174	0.988539531
2.175	0.988555012
2.176	0.988567796
2.177	0.988577616
2.178	0.988584175
2.179	0.988587143
2.18	0.988586161
2.181	0.988580833
2.182	0.98857073
2.183	0.988555384
2.184	0.988534286
2.185	0.988506878
2.186	0.988472555
2.187	0.988430651
2.188	0.988380439
2.189	0.988321116
2.19	0.988251797
2.191	0.988171501
2.192	0.988079138
2.193	0.98797349
2.194	0.987853193
2.195	0.987716713
2.196	0.987562317
2.197	0.98738804
2.198	0.987191646
2.199	0.98697058
2.2	0.986721912
2.201	0.986443259
2.202	0.986129933
2.203	0.985777457
2.204	0.985380626
2.205	0.984933373
2.206	0.984428608
2.207	0.983858026
2.208	0.983211896
2.209	0.982478803
2.21	0.981645383
2.211	0.980696038
2.212	0.979612686
2.213	0.978374588
2.214	0.976958393
2.215	0.975338563
2.216	0.973488532
2.217	0.971383068
2.218	0.969002559
2.219	0.966340112
2.22	0.963412336
2.221	0.960273963
2.222	0.957034582
2.223	0.953871962
2.224	0.951031738
2.225	0.948801021
2.226	0.947450471
2.227	0.947158266
2.228	0.947949934
2.229	0.949688331
2.23	0.952120146
2.231	0.954951476
2.232	0.957914956
2.233	0.960806964
2.234	0.963495171
2.235	0.96590802
2.236	0.968017873
2.237	0.96982504
2.238	0.971345493
2.239	0.972602543
2.24	0.973621724
2.241	0.974427908
2.242	0.975043883
2.243	0.975489797
2.244	0.975783096
2.245	0.975938739
2.246	0.975969531
2.247	0.975886527
2.248	0.975699437
2.249	0.975417041
2.25	0.975047582
2.251	0.974599149
2.252	0.974080033
2.253	0.973499055
2.254	0.972865842
2.255	0.972191048
2.256	0.971486482
2.257	0.970765136
2.258	0.970041061
2.259	0.969329109
2.26	0.968644511
2.261	0.96800231
2.262	0.967416695
2.263	0.966900284
2.264	0.966463436
2.265	0.966113658
2.266	0.965855203
2.267	0.965688883
2.268	0.965612132
2.269	0.965619303
2.27	0.965702143
2.271	0.965850394
2.272	0.96605245
2.273	0.966295984
2.274	0.966568517
2.275	0.966857882
2.276	0.967152564
2.277	0.96744193
2.278	0.967716345
2.279	0.967967204
2.28	0.968186893
2.281	0.968368698
2.282	0.968506685
2.283	0.968595562
2.284	0.96863053
2.285	0.96860713
2.286	0.968521103
2.287	0.968368238
2.288	0.968144245
2.289	0.967844614
2.29	0.967464487
2.291	0.966998525
2.292	0.966440778
2.293	0.965784536
2.294	0.965022184
2.295	0.96414503
2.296	0.96314312
2.297	0.962005028
2.298	0.960717611
2.299	0.959265729
2.3	0.957631919
2.301	0.955801143
2.302	0.953746101
2.303	0.951440028
2.304	0.948851937
2.305	0.945945934
2.306	0.942680433
2.307	0.93900727
2.308	0.934870735
2.309	0.930206537
2.31	0.924940779
2.311	0.918989034
2.312	0.912255733
2.313	0.904634137
2.314	0.89600734
2.315	0.886250924
2.316	0.875238029
2.317	0.862847731
2.318	0.848977435
2.319	0.833559368
2.32	0.816579902
2.321	0.79809823
2.322	0.778258343
2.323	0.757286655
2.324	0.735469083
2.325	0.713107493
2.326	0.690464986
2.327	0.667717811
2.328	0.644932449
2.329	0.62207778
2.33	0.59906853
2.331	0.57582538
2.332	0.552333782
2.333	0.528687056
2.334	0.505105619
2.335	0.48193015
2.336	0.459590993
2.337	0.438559606
2.338	0.419290581
2.339	0.402164482
2.34	0.387441565
2.341	0.375233926
2.342	0.365499299
2.343	0.358054865
2.344	0.352605644
2.345	0.34878022
2.346	0.346166963
2.347	0.344345663
2.348	0.342911868
2.349	0.341493297
2.35	0.339759156
2.351	0.337423952
2.352	0.334247575
2.353	0.330033296
2.354	0.324624971
2.355	0.317904417
2.356	0.309789572
2.357	0.300233773
2.358	0.289226255
2.359	0.276793719
2.36	0.263002665
2.361	0.247961941
2.362	0.23182479
2.363	0.214789523
2.364	0.197097896
2.365	0.179030318
2.366	0.160897323
2.367	0.143027188
2.368	0.125750236
2.369	0.109381065
2.37	0.094200537
2.371	0.080439657
2.372	0.068267383
2.373	0.057783841
2.374	0.049019575
2.375	0.041940524
2.376	0.036457564
2.377	0.03243897
2.378	0.029724014
2.379	0.028136097
2.38	0.027494256
2.381	0.027622348
2.382	0.028355682
2.383	0.029545241
2.384	0.031059816
2.385	0.032786514
2.386	0.03463011
2.387	0.036511652
2.388	0.038366664
2.389	0.04014322
2.39	0.041800059
2.391	0.043304866
2.392	0.044632777
2.393	0.045765132
2.394	0.046688479
2.395	0.047393794
2.396	0.047875904
2.397	0.048133063
2.398	0.048166649
2.399	0.047980955
2.4	0.047583022
2.401	0.046982055
2.402	0.046191434
2.403	0.04522558
2.404	0.044101072
2.405	0.042836435
2.406	0.04145188
2.407	0.039969006
2.408	0.038410449
2.409	0.036799497
2.41	0.035159674
2.411	0.033514307
2.412	0.03188608
2.413	0.030296606
2.414	0.028766013
2.415	0.027312573
2.416	0.02595238
2.417	0.024699083
2.418	0.023563695
2.419	0.022554475
2.42	0.021676882
2.421	0.02093361
2.422	0.020324687
2.423	0.019847644
2.424	0.019497728
2.425	0.019268166
2.426	0.019150459
2.427	0.019134683
2.428	0.019209814
2.429	0.01936404
2.43	0.019585058
2.431	0.019860359
2.432	0.020177481
2.433	0.020524235
2.434	0.020888902
2.435	0.02126039
2.436	0.021628367
2.437	0.021983357
2.438	0.022316811
2.439	0.022621154
2.44	0.022889802
2.441	0.02311717
2.442	0.023298654
2.443	0.023430606
2.444	0.023510296
2.445	0.023535863
2.446	0.02350627
2.447	0.023421239
2.448	0.0232812
2.449	0.023087225
2.45	0.022840969
2.451	0.022544609
2.452	0.022200784
2.453	0.021812535
2.454	0.021383244
2.455	0.020916586
2.456	0.020416463
2.457	0.019886959
2.458	0.019332286
2.459	0.018756733
2.46	0.018164622
2.461	0.017560261
2.462	0.016947903
2.463	0.016331704
2.464	0.015715692
2.465	0.015103727
2.466	0.014499475
2.467	0.013906384
2.468	0.013327656
2.469	0.012766235
2.47	0.01222479
2.471	0.011705703
2.472	0.011211068
2.473	0.010742688
2.474	0.010302075
2.475	0.009890458
2.476	0.009508793
2.477	0.009157774
2.478	0.00883785
2.479	0.008549241
2.48	0.008291958
2.481	0.008065827
2.482	0.007870506
2.483	0.00770551
2.484	0.007570236
2.485	0.007463981
2.486	0.00738597
2.487	0.007335369
2.488	0.007311313
2.489	0.007312917
2.49	0.007339298
2.491	0.007389587
2.492	0.00746294
2.493	0.007558552
2.494	0.007675663
2.495	0.007813565
2.496	0.007971604
2.497	0.008149188
2.498	0.008345778
2.499	0.008560895
2.5	0.008794112
2.501	0.009045001
2.502	0.009313217
2.503	0.009598461
2.504	0.009900461
2.505	0.010218963
2.506	0.010553721
2.507	0.010904491
2.508	0.011271016
2.509	0.011653021
2.51	0.012050201
2.511	0.012462215
2.512	0.012888676
2.513	0.013329142
2.514	0.013783114
2.515	0.014250029
2.516	0.014729254
2.517	0.015220084
2.518	0.015721743
2.519	0.016233378
2.52	0.016754064
2.521	0.017282807
2.522	0.017818541
2.523	0.01836014
2.524	0.018906417
2.525	0.019456133
2.526	0.020008005
2.527	0.020560714
2.528	0.021112909
2.529	0.021663222
2.53	0.022210274
2.531	0.022752683
2.532	0.023289079
2.533	0.023818106
2.534	0.024338438
2.535	0.024848784
2.536	0.0253479
2.537	0.025834591
2.538	0.026307726
2.539	0.02676624
2.54	0.027209142
2.541	0.02763552
2.542	0.028044547
2.543	0.028435481
2.544	0.028807674
2.545	0.029160569
2.546	0.029493705
2.547	0.029806714
2.548	0.030099325
2.549	0.03037136
2.55	0.030622732
2.551	0.030853447
2.552	0.031063595
2.553	0.031253349
2.554	0.031422962
2.555	0.03157276
2.556	0.031703138
2.557	0.031814552
2.558	0.031907517
2.559	0.031982595
2.56	0.032040394
2.561	0.032081557
2.562	0.032106755
2.563	0.032116681
2.564	0.032112044
2.565	0.032093558
2.566	0.032061939
2.567	0.032017895
2.568	0.031962119
2.569	0.031895285
2.57	0.031818042
2.571	0.031731003
2.572	0.031634747
2.573	0.031529809
2.574	0.031416677
2.575	0.031295791
2.576	0.031167535
2.577	0.031032239
2.578	0.030890176
2.579	0.030741561
2.58	0.03058655
2.581	0.03042524
2.582	0.030257674
2.583	0.030083839
2.584	0.029903667
2.585	0.029717045
2.586	0.029523812
2.587	0.029323764
2.588	0.029116665
2.589	0.028902243
2.59	0.028680202
2.591	0.028450227
2.592	0.028211988
2.593	0.027965147
2.594	0.027709367
2.595	0.027444316
2.596	0.027169673
2.597	0.026885138
2.598	0.026590434
2.599	0.026285319
2.6	0.025969587
2.601	0.025639344
2.602	0.025298323
2.603	0.024946472
2.604	0.024583799
2.605	0.024210377
2.606	0.023826348
2.607	0.023431927
2.608	0.023027404
2.609	0.022613148
2.61	0.022189609
2.611	0.021757322
2.612	0.021316903
2.613	0.020869054
2.614	0.020414564
2.615	0.019954302
2.616	0.019489225
2.617	0.019020367
2.618	0.018548844
2.619	0.018075847
2.62	0.017602637
2.621	0.017130545
2.622	0.016660961
2.623	0.016195334
2.624	0.01573516
2.625	0.015281977
2.626	0.014837358
2.627	0.014402899
2.628	0.013980213
2.629	0.013570916
2.63	0.013176622
2.631	0.012798926
2.632	0.012439397
2.633	0.012099565
2.634	0.011780908
2.635	0.011484842
2.636	0.011212707
2.637	0.010965757
2.638	0.010745148
2.639	0.010551927
2.64	0.01038702
2.641	0.010251225
2.642	0.010145199
2.643	0.010069455
2.644	0.01002435
2.645	0.010010081
2.646	0.010026683
2.647	0.010074019
2.648	0.010151786
2.649	0.010259508
2.65	0.01039654
2.651	0.010562071
2.652	0.010755125
2.653	0.01097457
2.654	0.01121912
2.655	0.011487347
2.656	0.01177769
2.657	0.012088463
2.658	0.012417866
2.659	0.012764001
2.66	0.013124884
2.661	0.013498453
2.662	0.013882591
2.663	0.014275133
2.664	0.014673885
2.665	0.015076637
2.666	0.015481179
2.667	0.015885311
2.668	0.016286863
2.669	0.016683705
2.67	0.017073759
2.671	0.017455014
2.672	0.017825537
2.673	0.018183481
2.674	0.018527099
2.675	0.018854749
2.676	0.019164903
2.677	0.019456158
2.678	0.019727236
2.679	0.019976992
2.68	0.020204419
2.681	0.02040865
2.682	0.020588961
2.683	0.02074477
2.684	0.020875641
2.685	0.020981281
2.686	0.021061542
2.687	0.021116417
2.688	0.021146035
2.689	0.021150665
2.69	0.021130704
2.691	0.021086682
2.692	0.021019248
2.693	0.02092917
2.694	0.020817329
2.695	0.020684714
2.696	0.02053241
2.697	0.020361599
2.698	0.020173548
2.699	0.019969601
2.7	0.019751176
