microns throughput
0.39854998779296874 1.5914402924662358e-07
0.39954998779296874 2.7344515461121453e-07
0.40054998779296874 1.4391718385316685e-07
0.40154998779296874 2.016785315935484e-08
0.40254998779296874 9.395636677123065e-08
0.40354998779296875 5.598113207068896e-08
0.40454998779296875 3.111511546194379e-07
0.40554998779296875 8.774689803943878e-08
0.40654998779296875 2.8641554997636354e-07
0.40754998779296875 6.478473854561647e-07
0.40854998779296875 7.65521622573336e-06
0.40954998779296875 0.00012288619599227482
0.41054998779296875 0.00023609320788333814
0.41154998779296875 0.0003295897172453502
0.41254998779296875 0.00047755897355576356
0.41354998779296875 0.0005692844279110432
0.41454998779296875 0.0006286028337975343
0.41554998779296876 0.0006666506920009851
0.41654998779296876 0.0005895585287362337
0.41754998779296876 0.0004087035482128461
0.41854998779296876 0.0002604131866246462
0.41954998779296876 0.000135421611679097
0.42054998779296876 7.939902599900962e-05
0.42154998779296876 8.269889551835755e-05
0.42254998779296876 8.298882807139307e-05
0.42354998779296876 7.761928864056244e-05
0.42454998779296876 5.754241082589336e-05
0.42554998779296876 3.48682828227916e-05
0.42654998779296877 1.785791198099851e-05
0.42754998779296877 6.490347927175696e-06
0.42854998779296877 2.315906066348757e-06
0.42954998779296877 1.5734242239847282e-06
0.43054998779296877 1.102263999420335e-06
0.43154998779296877 6.63981387662993e-07
0.43254998779296877 5.962704976392175e-07
0.43354998779296877 3.5193180268973853e-07
0.4345499877929688 2.5025384853716303e-07
0.4355499877929688 2.2614574700874358e-07
0.4365499877929688 2.578745508078721e-07
0.4375499877929688 1.1641710071508272e-07
0.4385499877929688 1.7209664861184136e-07
0.4395499877929688 1.955040033566983e-09
0.4405499877929687 8.345248964462352e-08
0.4415499877929687 2.9096430100850058e-08
0.4425499877929687 4.379135118378248e-08
0.4435499877929687 1.0785835084625717e-07
0.4445499877929687 2.982047655919473e-08
0.4455499877929687 5.1092677521384175e-08
0.44654998779296873 5.8324034415413456e-08
0.44754998779296873 9.839999925986831e-11
0.44854998779296873 4.9475903372749506e-08
0.44954998779296873 4.47291743643774e-08
0.45054998779296873 4.54535715673406e-08
0.45154998779296873 9.839999925986831e-11
0.45254998779296873 1.3274658837936213e-07
0.45354998779296873 2.7975050594560477e-08
0.45454998779296873 1.0733710165578004e-07
0.45554998779296874 1.0280904737462274e-07
0.45654998779296874 1.1607263957102987e-07
0.45754998779296874 3.306221505165278e-08
0.45854998779296874 1.1086467042472254e-07
0.45954998779296874 9.342592471502561e-09
0.46054998779296874 6.308300698550558e-08
0.46154998779296874 1.951598020847693e-07
0.46254998779296874 4.024797504461238e-08
0.46354998779296874 1.4084366531127065e-07
0.46454998779296874 8.924460086046082e-08
0.46554998779296874 1.2041111914218307e-07
0.46654998779296875 9.136094208569052e-08
0.46754998779296875 9.805585064359689e-08
0.46854998779296875 6.883830851419266e-08
0.46954998779296875 2.111799638745045e-07
0.47054998779296875 6.281269028611073e-08
0.47154998779296875 1.359022190398444e-07
0.47254998779296875 5.312105125554467e-08
0.47354998779296875 2.87061611743411e-07
0.47454998779296875 1.2412870148637012e-07
0.47554998779296875 1.6529281731051761e-07
0.47654998779296875 3.5225210316032947e-07
0.47754998779296876 1.2941449843613856e-07
0.47854998779296876 1.677375853015306e-07
0.47954998779296876 5.977691071912262e-08
0.48054998779296876 1.0706154784341967e-07
0.48154998779296876 1.946925294760149e-07
0.48254998779296876 1.5676201749285448e-07
0.48354998779296876 1.4476014374616617e-07
0.48454998779296876 1.504090509607536e-07
0.48554998779296876 1.5740799316284653e-07
0.48654998779296876 2.4420789941359543e-07
0.48754998779296876 1.718769423556902e-07
0.48854998779296877 1.2784769682324302e-07
0.48954998779296877 8.775128897002086e-08
0.49054998779296877 1.582402866858364e-07
0.49154998779296877 1.325953792615427e-07
0.49254998779296877 1.7956498219007244e-07
0.49354998779296877 2.5320930379842584e-07
0.49454998779296877 7.098553368963441e-08
0.49554998779296877 7.200154852634218e-08
0.49654998779296877 2.9204272929443205e-07
0.4975499877929688 4.63735652618998e-08
0.4985499877929688 4.9026592168210925e-08
0.4995499877929688 5.0521100967889274e-08
0.5005499877929688 7.211218965223291e-08
0.5015499877929688 1.3488847664759146e-07
0.5025499877929688 9.669000574863418e-08
0.5035499877929688 7.106456696585421e-08
0.5045499877929688 1.5360646878163444e-07
0.5055499877929688 1.3465614898677813e-07
0.5065499877929688 1.62236594454986e-07
0.5075499877929688 1.2056445298558315e-07
0.5085499877929688 8.923103299955197e-08
0.5095499877929688 2.8570210777919174e-07
0.5105499877929688 5.283978150583124e-08
0.5115499877929688 1.004725648649322e-07
0.5125499877929688 1.3219275860472853e-07
0.5135499877929688 9.68489375319237e-08
0.5145499877929688 1.449511493204862e-07
0.5155499877929688 2.050606608709297e-07
0.5165499877929688 1.081930124143445e-07
0.5175499877929688 1.0709000937729011e-07
0.5185499877929688 1.5761070740527572e-07
0.5195499877929688 7.949495366865734e-08
0.5205499877929688 6.561458087972483e-08
0.5215499877929688 1.95128891391505e-07
0.5225499877929688 7.608208578998207e-08
0.5235499877929688 2.3659565310178247e-07
0.5245499877929688 1.2038235250866335e-07
0.5255499877929688 1.93351557779368e-07
0.5265499877929688 2.639456490157362e-07
0.5275499877929688 1.2577379039443077e-07
0.5285499877929688 6.770794777436843e-08
0.5295499877929688 1.2979121989165065e-07
0.5305499877929688 3.5681625831784913e-07
0.5315499877929688 1.577067151211272e-07
0.5325499877929688 1.5767615994940104e-07
0.5335499877929688 2.3311043150897604e-07
0.5345499877929687 3.642924565561146e-08
0.5355499877929687 2.1459379998608104e-07
0.5365499877929687 6.410668602629954e-08
0.5375499877929687 1.630486771849367e-07
0.5385499877929687 7.047025695576063e-08
0.5395499877929687 2.5692353895194017e-07
0.5405499877929687 4.253245094195297e-08
0.5415499877929687 2.1219526236867143e-07
0.5425499877929687 9.668373374053611e-08
0.5435499877929687 1.37071743169237e-07
0.5445499877929687 1.9690844965225552e-07
0.5455499877929687 5.650853720062799e-08
0.5465499877929687 2.011390374301314e-07
0.5475499877929687 2.1369270674161573e-07
0.5485499877929687 2.1525070265315804e-07
0.5495499877929687 1.7058739920787029e-07
0.5505499877929687 1.7422353304633968e-07
0.5515499877929687 1.2296403087160476e-07
0.5525499877929687 2.6123903201854167e-07
0.5535499877929687 3.090816107942373e-07
0.5545499877929687 1.0421787092873558e-07
0.5555499877929687 2.6267869695099454e-07
0.5565499877929687 2.729319764209019e-07
0.5575499877929687 3.8632038922514767e-07
0.5585499877929687 2.3063798573345435e-07
0.5595499877929687 1.434771256336731e-07
0.5605499877929687 7.556061642599588e-08
0.5615499877929687 3.0057436450755167e-07
0.5625499877929687 2.9705650073689563e-07
0.5635499877929687 2.3668221804958496e-07
0.5645499877929687 1.978716022676963e-07
0.5655499877929687 9.845779165592225e-08
0.5665499877929687 1.2881785027415068e-07
0.5675499877929687 1.3841100461024306e-07
0.5685499877929687 1.458008118371268e-07
0.5695499877929687 1.298611190462632e-07
0.5705499877929687 4.852235634474529e-08
0.5715499877929687 9.077067040822821e-08
0.5725499877929687 1.220795343896223e-07
0.5735499877929687 2.3508155553593939e-07
0.5745499877929687 1.4459398547235952e-07
0.5755499877929687 9.479781931146884e-08
0.5765499877929687 1.3905950144129283e-07
0.5775499877929687 5.226211111430956e-08
0.5785499877929687 8.400886582826672e-08
0.5795499877929687 1.1489071697864025e-07
0.5805499877929687 2.2397584533558518e-07
0.5815499877929687 8.928576228287947e-08
0.5825499877929687 2.58673482786224e-07
0.5835499877929687 1.909830663141913e-07
0.5845499877929687 1.362121480704322e-07
0.5855499877929687 9.752081427135314e-08
0.5865499877929687 2.2187840026314613e-07
0.5875499877929687 1.6567658580009712e-07
0.5885499877929687 1.3981799163490885e-07
0.5895499877929687 3.725687207041991e-08
0.5905499877929687 3.798019849140151e-08
0.5915499877929687 1.8002813483223672e-07
0.5925499877929687 1.2282891516779416e-07
0.5935499877929687 9.433455495570324e-08
0.5945499877929687 1.1655629747142627e-07
0.5955499877929687 2.227638746754579e-07
0.5965499877929688 1.2699199453051572e-07
0.5975499877929688 3.070757722767325e-08
0.5985499877929688 8.737271676088435e-08
0.5995499877929688 1.195228401910479e-07
0.6005499877929688 2.265651179792864e-07
0.6015499877929688 1.4459814420497705e-07
0.6025499877929688 1.8290210660243389e-07
0.6035499877929688 1.6513131495976551e-07
0.6045499877929688 1.125466307483336e-07
0.6055499877929688 1.229592504821871e-07
0.6065499877929688 3.718246680920837e-08
0.6075499877929688 1.611341111014871e-07
0.6085499877929688 1.8887773305387155e-07
0.6095499877929688 2.4837023299066156e-07
0.6105499877929688 1.5240328524808906e-07
0.6115499877929688 2.6401856495864943e-07
0.6125499877929688 1.5188727354213208e-07
0.6135499877929688 2.794969789950604e-07
0.6145499877929688 1.7341263931787882e-07
0.6155499877929688 1.2375366355084814e-07
0.6165499877929688 1.1115344419554419e-07
0.6175499877929688 1.2957890610879966e-07
0.6185499877929688 1.0125582968682305e-07
0.6195499877929688 2.7367816680149796e-07
0.6205499877929688 1.790082131813975e-07
0.6215499877929688 2.456508157896072e-07
0.6225499877929688 1.3597125565626794e-07
0.6235499877929688 1.2372399924428144e-07
0.6245499877929688 2.3615836822532543e-07
0.6255499877929688 2.7105571176466725e-07
0.6265499877929688 1.5436251570299931e-07
0.6275499877929688 1.0588522365721313e-07
0.6285499877929688 2.0473166841838972e-07
0.6295499877929688 3.9080668102542403e-07
0.6305499877929688 3.59668674718705e-07
0.6315499877929688 2.633257027998918e-07
0.6325499877929688 4.36748514403007e-07
0.6335499877929688 4.128546424908564e-07
0.6345499877929688 2.101765297387222e-07
0.6355499877929688 4.075312547987172e-07
0.6365499877929688 3.6438297380906684e-07
0.6375499877929688 5.167661402083468e-07
0.6385499877929688 1.7772716587760584e-07
0.6395499877929688 2.9603873220670113e-07
0.6405499877929688 4.6291450113737183e-07
0.6415499877929688 2.8938929517607905e-07
0.6425499877929688 3.278909828926165e-07
0.6435499877929688 2.60119924733182e-07
0.6445499877929688 2.425355637569737e-07
0.6455499877929688 3.697062493301928e-07
0.6465499877929688 3.8273693765707623e-07
0.6475499877929688 4.187899139651563e-07
0.6485499877929688 3.9202073670215517e-07
0.6495499877929688 5.346779683653343e-07
0.6505499877929688 3.673976516438415e-07
0.6515499877929688 4.596288332929059e-07
0.6525499877929688 4.291091954655713e-07
0.6535499877929688 3.4483413704341126e-07
0.6545499877929688 5.057459202362225e-07
0.6555499877929688 4.744503075926332e-07
0.6565499877929688 5.695236419948439e-07
0.6575499877929688 5.089953507801207e-07
0.6585499877929688 4.799030587795035e-07
0.6595499877929687 4.5991266839943515e-07
0.6605499877929687 5.142170266481116e-07
0.6615499877929687 4.760520884398526e-07
0.6625499877929687 5.574103518786918e-07
0.6635499877929687 6.162195980626468e-07
0.6645499877929687 6.422296549620418e-07
0.6655499877929687 6.924452767028318e-07
0.6665499877929687 6.225942100475852e-07
0.6675499877929687 7.256136874881728e-07
0.6685499877929687 6.731401784539533e-07
0.6695499877929687 6.67719741613837e-07
0.6705499877929687 8.318551833023472e-07
0.6715499877929687 8.362191753500762e-07
0.6725499877929687 6.637300066358875e-07
0.6735499877929687 8.964282581776691e-07
0.6745499877929687 9.186548656240726e-07
0.6755499877929687 8.213790230608234e-07
0.6765499877929687 7.574912888230756e-07
0.6775499877929687 6.699435471091419e-07
0.6785499877929687 9.208986254331347e-07
0.6795499877929687 8.288969790252547e-07
0.6805499877929687 7.128697446508644e-07
0.6815499877929687 8.365878905654729e-07
0.6825499877929687 9.045879232871812e-07
0.6835499877929687 9.757132041462077e-07
0.6845499877929687 9.338456584373488e-07
0.6855499877929687 1.0146764422340008e-06
0.6865499877929687 1.000596494122874e-06
0.6875499877929687 1.087659790452259e-06
0.6885499877929687 1.0374416524427944e-06
0.6895499877929687 1.0114086884035108e-06
0.6905499877929687 1.051140861818567e-06
0.6915499877929687 1.0474845233450954e-06
0.6925499877929687 1.0743581151473336e-06
0.6935499877929687 1.0559589645708912e-06
0.6945499877929687 1.1929053895679924e-06
0.6955499877929687 1.142223821564888e-06
0.6965499877929687 1.1505477232276463e-06
0.6975499877929687 1.2589010414861454e-06
0.6985499877929687 1.2449088535504416e-06
0.6995499877929687 1.1542429031881813e-06
0.7005499877929687 1.1406678337759028e-06
0.7015499877929687 1.1105576049885713e-06
0.7025499877929687 1.2456583984506627e-06
0.7035499877929687 1.1646108396234923e-06
0.7045499877929687 1.22039428485247e-06
0.7055499877929687 1.065727362098793e-06
0.7065499877929687 1.2759030869347044e-06
0.7075499877929687 1.2126292737472493e-06
0.7085499877929687 1.309376081432371e-06
0.7095499877929687 1.4157131469498078e-06
0.7105499877929687 1.4244273188523947e-06
0.7115499877929687 1.3638204958018224e-06
0.7125499877929687 1.3305228882624458e-06
0.7135499877929687 1.4541248068174657e-06
0.7145499877929687 1.5521338355029001e-06
0.7155499877929687 1.4920259976255085e-06
0.7165499877929687 1.5073002092928313e-06
0.7175499877929687 1.7504720017313958e-06
0.7185499877929687 1.544966338163552e-06
0.7195499877929687 1.6545669738358506e-06
0.7205499877929687 1.5534416767574535e-06
0.7215499877929688 1.5873513257247396e-06
0.7225499877929688 1.7118085088441147e-06
0.7235499877929688 1.5941645203080648e-06
0.7245499877929688 1.6188818456915518e-06
0.7255499877929688 1.7867981659946964e-06
0.7265499877929688 1.5361481807000624e-06
0.7275499877929688 1.5487576941571508e-06
0.7285499877929688 1.5099836673471146e-06
0.7295499877929688 1.413270341193614e-06
0.7305499877929688 1.288382857940936e-06
0.7315499877929688 1.2995716557876828e-06
0.7325499877929688 1.5496033423308593e-06
0.7335499877929688 1.2969588351552373e-06
0.7345499877929688 1.144368058400384e-06
0.7355499877929688 1.2514953414211051e-06
0.7365499877929688 1.2195343272954536e-06
0.7375499877929688 1.2862107541877778e-06
0.7385499877929688 1.219940325730325e-06
0.7395499877929688 1.483825011140046e-06
0.7405499877929688 1.4550464766216465e-06
0.7415499877929688 1.3970958389109002e-06
0.7425499877929688 1.3245125349688652e-06
0.7435499877929688 1.5645056798045212e-06
0.7445499877929688 1.4673673528401803e-06
0.7455499877929688 1.4285366584469252e-06
0.7465499877929688 1.4747870348704356e-06
0.7475499877929688 1.4609616725162293e-06
0.7485499877929688 1.6487471657455898e-06
0.7495499877929688 1.5313054730844063e-06
0.7505499877929688 1.6225921475173285e-06
0.7515499877929688 1.7272549788079533e-06
0.7525499877929688 1.6346053113617626e-06
0.7535499877929688 1.7489021653697515e-06
0.7545499877929688 1.7037404904840514e-06
0.7555499877929688 1.6735248209442943e-06
0.7565499877929688 1.5504901724246641e-06
0.7575499877929688 1.6889551625354214e-06
0.7585499877929688 1.8678926668750742e-06
0.7595499877929688 1.893466154191022e-06
0.7605499877929688 1.9544983175971237e-06
0.7615499877929688 1.9106941666298855e-06
0.7625499877929688 2.1217371977400032e-06
0.7635499877929688 2.121186310735842e-06
0.7645499877929688 2.1806279740606746e-06
0.7655499877929688 2.268575990456156e-06
0.7665499877929688 2.2888111319237697e-06
0.7675499877929688 2.4911095048688973e-06
0.7685499877929688 2.6755419821711253e-06
0.7695499877929688 3.5270266380393876e-06
0.7705499877929688 4.08324978100912e-06
0.7715499877929688 5.57814981827202e-06
0.7725499877929688 7.447299018773871e-06
0.7735499877929688 1.1069362008129245e-05
0.7745499877929688 1.679535324607665e-05
0.7755499877929688 2.4844740498034908e-05
0.7765499877929688 3.608053681091405e-05
0.7775499877929688 5.11165188315014e-05
0.7785499877929688 7.180898993586501e-05
0.7795499877929688 9.732528424744184e-05
0.7805499877929688 0.0001362951609189622
0.7815499877929688 0.0001938159123528749
0.7825499877929688 0.0002911245244710396
0.7835499877929688 0.00048131250698740287
0.7845499877929687 0.0008303368324413896
0.7855499877929687 0.0016096690079818168
0.7865499877929687 0.0034835117806990942
0.7875499877929687 0.007873910889029502
0.7885499877929687 0.018484239975611372
0.7895499877929687 0.04327535927295685
0.7905499877929687 0.09069206913312278
0.7915499877929687 0.1690245548884074
0.7925499877929687 0.2762944682439168
0.7935499877929687 0.40598022143046064
0.7945499877929687 0.5324034818013509
0.7955499877929687 0.644342498779297
0.7965499877929687 0.7378890673319498
0.7975499877929687 0.8063158543904622
0.7985499877929687 0.854898173014323
0.7995499877929687 0.8861956024169921
0.8005499877929687 0.9085084660847982
0.8015499877929687 0.9201200485229493
0.8025499877929687 0.9250829188028971
0.8035499877929687 0.9290085347493489
0.8045499877929687 0.9322176742553712
0.8055499877929687 0.9294366327921549
0.8065499877929687 0.918805783589681
0.8075499877929687 0.9012034606933593
0.8085499877929687 0.8818583552042643
0.8095499877929687 0.8680064010620117
0.8105499877929687 0.8640143076578777
0.8115499877929687 0.86881103515625
0.8125499877929687 0.8783109029134115
0.8135499877929687 0.8842630767822266
0.8145499877929687 0.8910107040405273
0.8155499877929687 0.887877540588379
0.8165499877929687 0.8862788518269857
0.8175499877929687 0.8911772918701172
0.8185499877929687 0.9043956502278645
0.8195499877929687 0.9180620193481446
0.8205499877929687 0.937069574991862
0.8215499877929687 0.9508373133341471
0.8225499877929687 0.9562483596801757
0.8235499877929687 0.9570997492472331
0.8245499877929687 0.9536007181803385
0.8255499877929687 0.9420667775472005
0.8265499877929687 0.9308971405029296
0.8275499877929687 0.9241240692138671
0.8285499877929687 0.922577527364095
0.8295499877929687 0.9250008392333984
0.8305499877929687 0.9262560017903646
0.8315499877929687 0.9269183858235677
0.8325499877929687 0.9239610926310221
0.8335499877929687 0.9176640701293945
0.8345499877929687 0.909946772257487
0.8355499877929687 0.909665896097819
0.8365499877929687 0.9120792134602864
0.8375499877929687 0.9179770151774089
0.8385499877929687 0.9249627431233723
0.8395499877929687 0.9301456578572591
0.8405499877929687 0.9353013992309571
0.8415499877929687 0.9394675064086915
0.8425499877929687 0.9426640955607095
0.8435499877929687 0.9451644643147785
0.8445499877929687 0.94788756052653
0.8455499877929687 0.9462346394856771
0.8465499877929688 0.945243771870931
0.8475499877929688 0.9398209508260091
0.8485499877929688 0.9375229263305664
0.8495499877929688 0.9396061197916667
0.8505499877929688 0.9415474828084309
0.8515499877929688 0.9469815953572591
0.8525499877929688 0.9444002151489257
0.8535499877929688 0.940865592956543
0.8545499877929688 0.9380392583211263
0.8555499877929688 0.9314347330729167
0.8565499877929688 0.9299325434366862
0.8575499877929688 0.9284879557291666
0.8585499877929688 0.9302378209431967
0.8595499877929688 0.9275807698567708
0.8605499877929688 0.9307152811686199
0.8615499877929688 0.9301235198974609
0.8625499877929688 0.9242423248291016
0.8635499877929688 0.9217341486612955
0.8645499877929688 0.9263604482014974
0.8655499877929688 0.9282848485310873
0.8665499877929688 0.94023499806722
0.8675499877929688 0.9433951314290364
0.8685499877929688 0.9438707097371419
0.8695499877929688 0.9484068806966146
0.8705499877929688 0.9548783111572265
0.8715499877929688 0.9493851725260416
0.8725499877929688 0.9557549158732097
0.8735499877929688 0.955274543762207
0.8745499877929688 0.9548252360026042
0.8755499877929688 0.9439102554321288
0.8765499877929688 0.9408184178670248
0.8775499877929688 0.946146494547526
0.8785499877929688 0.940856081644694
0.8795499877929688 0.9298768615722657
0.8805499877929688 0.9375934346516928
0.8815499877929688 0.9306566874186197
0.8825499877929688 0.931815668741862
0.8835499877929688 0.9280771509806316
0.8845499877929688 0.9288677724202474
0.8855499877929688 0.9095031611124674
0.8865499877929688 0.8975772603352865
0.8875499877929688 0.9114011255900065
0.8885499877929688 0.9292353947957357
0.8895499877929688 0.9210362116495768
0.8905499877929688 0.9219414647420248
0.8915499877929688 0.9408658091227213
0.8925499877929688 0.9472324879964193
0.8935499877929688 0.9490788904825846
0.8945499877929688 0.9516719818115235
0.8955499877929688 0.9528138478597005
0.8965499877929688 0.9487072118123372
0.8975499877929688 0.9466134643554688
0.8985499877929688 0.9422162628173828
0.8995499877929688 0.9365691630045573
0.9005499877929688 0.9312555567423504
0.9015499877929688 0.923802604675293
0.9025499877929688 0.9192790985107422
0.9035499877929688 0.9105618286132813
0.9045499877929688 0.9047376251220703
0.9055499877929688 0.9056007512410482
0.9065499877929688 0.900305290222168
0.9075499877929688 0.8959472147623698
0.9085499877929688 0.8998599497477213
0.9095499877929687 0.9020193735758464
0.9105499877929687 0.9086432520548503
0.9115499877929687 0.9137696711222332
0.9125499877929687 0.9207412083943685
0.9135499877929687 0.9313027699788411
0.9145499877929687 0.9375812403361002
0.9155499877929687 0.9458361943562825
0.9165499877929687 0.9586196645100911
0.9175499877929687 0.9617914835611978
0.9185499877929687 0.9691958363850912
0.9195499877929687 0.9705228932698569
0.9205499877929687 0.9695832188924153
0.9215499877929687 0.9717785135904948
0.9225499877929687 0.969294548034668
0.9235499877929687 0.9669019953409831
0.9245499877929687 0.9589336903889973
0.9255499877929687 0.956832758585612
0.9265499877929687 0.9523973083496093
0.9275499877929687 0.9464994939168294
0.9285499877929687 0.9413866424560546
0.9295499877929687 0.9399645233154297
0.9305499877929687 0.9372180684407553
0.9315499877929687 0.9366183090209961
0.9325499877929687 0.9357998530069986
0.9335499877929687 0.9340236790974935
0.9345499877929687 0.9337446085611979
0.9355499877929687 0.9324111938476562
0.9365499877929687 0.932008934020996
0.9375499877929687 0.9334651565551757
0.9385499877929687 0.9330683008829753
0.9395499877929687 0.9367393112182617
0.9405499877929687 0.9433650334676107
0.9415499877929687 0.9470965321858724
0.9425499877929687 0.953013661702474
0.9435499877929687 0.9558388900756836
0.9445499877929687 0.9607356897989909
0.9455499877929687 0.9625146611531576
0.9465499877929687 0.9649653371175131
0.9475499877929687 0.9622551600138347
0.9485499877929687 0.9602611414591471
0.9495499877929687 0.9589431635538737
0.9505499877929687 0.9549741617838541
0.9515499877929687 0.9558834584554037
0.9525499877929687 0.9481384150187174
0.9535499877929687 0.9472567876180013
0.9545499877929687 0.9432818984985352
0.9555499877929687 0.9425861104329427
0.9565499877929687 0.9408435312906901
0.9575499877929687 0.9385345586140951
0.9585499877929687 0.9403859074910481
0.9595499877929687 0.9401225662231445
0.9605499877929687 0.9408083089192709
0.9615499877929687 0.9433239364624023
0.9625499877929687 0.9485822550455729
0.9635499877929687 0.9542960484822591
0.9645499877929687 0.9609768168131511
0.9655499877929687 0.9653153483072916
0.9665499877929687 0.9690935007731121
0.9675499877929687 0.9728208287556966
0.9685499877929687 0.9753667958577474
0.9695499877929687 0.9787637074788411
0.9705499877929687 0.9757591756184896
0.9715499877929688 0.9750909678141275
0.9725499877929688 0.9736311721801758
0.9735499877929688 0.9717196782430013
0.9745499877929688 0.964981575012207
0.9755499877929688 0.9672434997558594
0.9765499877929688 0.9603163019816081
0.9775499877929688 0.9568280283610027
0.9785499877929688 0.952554931640625
0.9795499877929688 0.948345603942871
0.9805499877929688 0.9424019877115886
0.9815499877929688 0.9456958643595377
0.9825499877929688 0.947290802001953
0.9835499877929688 0.9515199406941732
0.9845499877929688 0.9572291564941406
0.9855499877929688 0.9664868927001953
0.9865499877929688 0.9702802912394206
0.9875499877929688 0.9765869013468425
0.9885499877929688 0.9795933659871419
0.9895499877929688 0.9817102813720704
0.9905499877929688 0.9814816538492839
0.9915499877929688 0.9786186599731446
0.9925499877929688 0.9776914850870768
0.9935499877929688 0.9725968678792318
0.9945499877929688 0.9683930079142252
0.9955499877929688 0.9698035939534506
0.9965499877929688 0.9661696370442707
0.9975499877929688 0.96288880666097
0.9985499877929688 0.9532233428955078
0.9995499877929688 0.9374044291178385
1.0005499877929687 0.9034837214152018
1.0015499877929688 0.8475527191162109
1.0025499877929687 0.7618517430623373
1.0035499877929688 0.6511450258890787
1.0045499877929687 0.5408245786031087
1.0055499877929688 0.4382394218444824
1.0065499877929687 0.3610711352030436
1.0075499877929688 0.2911571216583252
1.0085499877929687 0.24157266616821288
1.0095499877929688 0.19664856910705567
1.0105499877929687 0.1675529130299886
1.0115499877929688 0.14027756690979004
1.0125499877929687 0.12208260218302408
1.0135499877929688 0.10358018239339192
1.0145499877929687 0.09135851224263508
1.0155499877929688 0.07798092206319174
1.0165499877929687 0.06880557537078857
1.0175499877929688 0.05829349517822266
1.0185499877929687 0.04894440015157063
1.0195499877929688 0.03932320952415466
1.0205499877929687 0.030405528148015344
1.0215499877929688 0.02269308646519979
1.0225499877929687 0.016348440051078796
1.0235499877929688 0.012118056615193686
1.024550048828125 0.008507409493128459
1.025550048828125 0.006039393146832784
1.026550048828125 0.004229254821936289
1.027550048828125 0.0030376081665356956
1.028550048828125 0.002204860498507818
1.029550048828125 0.0015725058565537135
1.030550048828125 0.0012079268445571263
1.031550048828125 0.0008916621779402098
1.032550048828125 0.0006745890714228153
1.033550048828125 0.0005102655105292796
1.034550048828125 0.00039545946444074316
1.035550048828125 0.0003028792546441158
1.036550048828125 0.00024025656903783478
1.037550048828125 0.00019273530070980388
1.038550048828125 0.0001505164165670673
1.039550048828125 0.000123970084823668
1.040550048828125 0.00010032041774441798
1.041550048828125 8.19117467229565e-05
1.042550048828125 6.720320088788867e-05
1.043550048828125 5.5908958117167155e-05
1.044550048828125 4.7958503322054944e-05
1.045550048828125 3.970055026002228e-05
1.046550048828125 3.445596317760646e-05
1.047550048828125 3.0740368335197365e-05
1.048550048828125 2.537870779633522e-05
1.049550048828125 2.4058806399504344e-05
1.050550048828125 2.113787360334148e-05
1.051550048828125 1.8847541456731655e-05
1.052550048828125 1.6867256684539217e-05
1.053550048828125 1.5396786814865966e-05
1.054550048828125 1.1896153591806068e-05
1.055550048828125 1.3845733289296428e-05
1.056550048828125 1.4128196441257996e-05
1.057550048828125 1.1861510574817658e-05
1.058550048828125 1.2061838642694056e-05
1.059550048828125 1.0756368477207919e-05
1.060550048828125 1.0122229723492638e-05
1.061550048828125 1.0091851775844892e-05
1.062550048828125 9.895405625381197e-06
1.063550048828125 7.885127202329478e-06
1.064550048828125 8.880515185107167e-06
1.065550048828125 7.690681086387485e-06
1.066550048828125 1.0549372721773882e-05
1.067550048828125 7.976691316192347e-06
1.068550048828125 9.580193436704574e-06
1.069550048828125 8.182947640307246e-06
1.070550048828125 8.67715774802491e-06
1.071550048828125 7.222956701298245e-06
1.072550048828125 8.275057480204852e-06
1.073550048828125 8.428156337079902e-06
1.074550048828125 8.654308088201408e-06
1.075550048828125 5.620535071515498e-06
1.076550048828125 1.0023233480751514e-05
1.077550048828125 6.469092983631223e-06
1.078550048828125 7.4520123598631465e-06
1.079550048828125 7.871716322066883e-06
1.080550048828125 9.28103894693777e-06
1.081550048828125 7.2597783218952824e-06
1.082550048828125 6.3539999246131636e-06
1.083550048828125 6.079658613805291e-06
1.084550048828125 7.368571792043532e-06
1.085550048828125 6.0958284958549195e-06
1.086550048828125 6.768733158727021e-06
1.087550048828125 7.581871808118497e-06
1.088550048828125 5.690354912185983e-06
1.089550048828125 8.794386327887575e-06
1.090550048828125 6.71016552587389e-06
1.091550048828125 5.68458369536599e-06
1.092550048828125 5.568054771587505e-06
1.093550048828125 7.720474386587738e-06
1.094550048828125 7.14839775658523e-06
1.095550048828125 5.6681375815855385e-06
1.096550048828125 5.9602136802405775e-06
1.097550048828125 8.380024519283325e-06
1.098550048828125 6.183025354512909e-06
1.099550048828125 5.375832181126287e-06
1.100550048828125 5.992246927538265e-06
1.101550048828125 7.392255356535316e-06
1.102550048828125 7.0312965059808144e-06
1.103550048828125 4.500300867330923e-06
1.104550048828125 6.298602117264333e-06
1.105550048828125 5.808828245790209e-06
1.106550048828125 5.181639600887836e-06
1.107550048828125 5.629531515296549e-06
1.108550048828125 6.3164011468567585e-06
1.109550048828125 5.7205063603760215e-06
1.110550048828125 8.023125604571153e-06
1.111550048828125 4.9156493084012706e-06
1.112550048828125 8.022204613856351e-06
1.113550048828125 6.190456347212603e-06
1.114550048828125 6.355986600586524e-06
1.115550048828125 6.302480032900348e-06
1.116550048828125 7.160842069424688e-06
1.117550048828125 7.83492820725466e-06
1.118550048828125 6.5895964993008725e-06
1.119550048828125 6.956138434664657e-06
1.120550048828125 6.829867415945046e-06
1.121550048828125 8.091104731041318e-06
1.122550048828125 7.567063342624656e-06
1.123550048828125 5.0687506193221785e-06
1.124550048828125 6.16987895530959e-06
1.125550048828125 6.0235158768288484e-06
1.126550048828125 6.173782070012142e-06
1.127550048828125 6.5480460762046284e-06
1.128550048828125 6.048908306900043e-06
1.129550048828125 9.516459831502289e-06
1.130550048828125 6.965738818204652e-06
1.131550048828125 6.0681072985365365e-06
1.132550048828125 6.03123449764098e-06
1.133550048828125 6.003984381095506e-06
1.134550048828125 6.698553491636025e-06
1.135550048828125 7.99360156330901e-06
1.136550048828125 5.754658268415369e-06
1.137550048828125 6.733118668004559e-06
1.138550048828125 7.636227189019943e-06
1.139550048828125 6.010301731294021e-06
1.140550048828125 7.669043940647194e-06
1.141550048828125 5.592862544290256e-06
1.142550048828125 7.849430888503169e-06
1.143550048828125 6.899910804349929e-06
1.144550048828125 6.5351259642435856e-06
1.145550048828125 5.900195974390954e-06
1.146550048828125 6.20744603414399e-06
1.147550048828125 5.730956181650981e-06
1.148550048828125 7.033153039325649e-06
1.149550048828125 6.340981732743482e-06
1.150550048828125 6.583905875838051e-06
1.151550048828125 6.106564008708422e-06
1.152550048828125 7.321212469832972e-06
1.153550048828125 6.777397405433779e-06
1.154550048828125 6.3071469098341385e-06
1.155550048828125 7.440060289809481e-06
1.156550048828125 5.067559573035396e-06
1.157550048828125 7.593207750081395e-06
1.158550048828125 6.3977935496950525e-06
1.159550048828125 6.983130927740907e-06
1.160550048828125 6.201888366679971e-06
1.161550048828125 6.197279417392564e-06
1.162550048828125 5.987518234178424e-06
1.163550048828125 6.66516280034557e-06
1.164550048828125 6.437858828576281e-06
1.165550048828125 6.509704009355724e-06
1.166550048828125 7.045045543539648e-06
1.167550048828125 6.250228955953693e-06
1.168550048828125 6.319260185894866e-06
1.169550048828125 5.484997600433417e-06
1.170550048828125 6.998376387249057e-06
1.171550048828125 4.9286895376665645e-06
1.172550048828125 7.956786527453611e-06
1.173550048828125 8.18032247480005e-06
1.174550048828125 5.565345180718791e-06
1.175550048828125 6.059528604964726e-06
1.176550048828125 6.582779974864117e-06
1.177550048828125 6.615600505028851e-06
1.178550048828125 5.627961048351912e-06
1.179550048828125 6.18282889869685e-06
1.180550048828125 5.479784340423066e-06
1.181550048828125 5.496007688634563e-06
1.182550048828125 6.2225314710910125e-06
1.183550048828125 6.768865423509851e-06
1.184550048828125 5.252892685045177e-06
1.185550048828125 5.825714518626531e-06
1.186550048828125 5.669850628085745e-06
1.187550048828125 6.410693167708814e-06
1.188550048828125 6.8564193497877575e-06
1.189550048828125 6.118162624867789e-06
1.190550048828125 7.178418842765193e-06
1.191550048828125 6.150828266981989e-06
1.192550048828125 7.684703305130825e-06
1.193550048828125 5.674295146794369e-06
1.194550048828125 5.491324506389598e-06
1.195550048828125 6.563317098577196e-06
1.196550048828125 5.47559669939801e-06
1.197550048828125 6.825569362263195e-06
1.198550048828125 5.3270096445467986e-06
1.199550048828125 6.627421583592271e-06
1.200550048828125 5.9559037617873396e-06
1.201550048828125 6.28580780661044e-06
1.202550048828125 6.601244676858188e-06
1.203550048828125 6.058981671230867e-06
1.204550048828125 5.63288038392784e-06
1.205550048828125 5.080002197659362e-06
1.206550048828125 5.275020278835048e-06
1.207550048828125 6.840441104335089e-06
1.208550048828125 5.434399887841816e-06
1.209550048828125 6.526778791643059e-06
1.210550048828125 5.723191352444701e-06
1.211550048828125 6.363654101733118e-06
1.212550048828125 5.747135437559337e-06
1.213550048828125 6.414561212295666e-06
1.214550048828125 5.495583075874795e-06
1.215550048828125 5.608742964492801e-06
1.216550048828125 7.219881517812609e-06
1.217550048828125 5.565936347314467e-06
1.218550048828125 5.0758281869282364e-06
1.219550048828125 5.633747762961624e-06
1.220550048828125 8.011944397973518e-06
1.221550048828125 5.999453375504041e-06
1.222550048828125 6.519395731932793e-06
1.223550048828125 6.234227961006884e-06
1.224550048828125 5.679152770123134e-06
1.225550048828125 5.788304030526584e-06
1.226550048828125 5.670611935784109e-06
1.227550048828125 5.486320792855714e-06
1.228550048828125 6.078000296838581e-06
1.229550048828125 5.500737490109487e-06
1.230550048828125 6.6152033590090774e-06
1.231550048828125 4.481125391369763e-06
1.232550048828125 6.575744676714141e-06
1.233550048828125 5.242043601659437e-06
1.234550048828125 6.499109343470384e-06
1.235550048828125 6.45993248326704e-06
1.236550048828125 5.554696525712129e-06
1.237550048828125 4.773076196931865e-06
1.238550048828125 5.311713527286581e-06
1.239550048828125 7.2331436482879025e-06
1.240550048828125 7.0071958665115135e-06
1.241550048828125 7.177292233488212e-06
1.242550048828125 7.743442353482047e-06
1.243550048828125 5.0259924126179925e-06
1.244550048828125 6.106851312021414e-06
1.245550048828125 7.505039538955316e-06
1.246550048828125 6.1958917164398975e-06
1.247550048828125 5.117650136636047e-06
1.248550048828125 7.802093750797213e-06
1.249550048828125 6.9370717877366886e-06
1.250550048828125 7.2296885870552306e-06
1.251550048828125 5.726128498887798e-06
1.252550048828125 6.734665512340143e-06
1.253550048828125 4.781179065200074e-06
1.254550048828125 5.6032577220207124e-06
1.255550048828125 5.9267558390274635e-06
1.256550048828125 5.995043660126006e-06
1.257550048828125 7.017758665218329e-06
1.258550048828125 6.218504616602634e-06
1.259550048828125 5.786258746714642e-06
1.260550048828125 6.298454876135414e-06
1.261550048828125 7.013872576256594e-06
1.262550048828125 6.11023569945246e-06
1.263550048828125 5.149105909367791e-06
1.264550048828125 4.390096966441585e-06
1.265550048828125 7.43444892577827e-06
1.266550048828125 6.9468209888630855e-06
1.267550048828125 6.634530873270705e-06
1.268550048828125 5.574890795590666e-06
1.269550048828125 6.604077595208461e-06
1.270550048828125 6.151870450897453e-06
1.271550048828125 7.327029985996584e-06
1.272550048828125 7.147603901103139e-06
1.273550048828125 5.839858276885934e-06
1.274550048828125 6.284909419870625e-06
1.275550048828125 6.6050362719731005e-06
1.276550048828125 5.927851695256928e-06
1.277550048828125 7.292015264586857e-06
1.278550048828125 6.483444497765352e-06
1.279550048828125 6.409056538056272e-06
1.280550048828125 7.750699393606433e-06
1.281550048828125 8.81830375874415e-06
1.282550048828125 6.5715186550126726e-06
1.283550048828125 6.32257678565414e-06
1.284550048828125 6.804993245168589e-06
1.285550048828125 8.246132638305426e-06
1.286550048828125 7.018053487020855e-06
1.287550048828125 7.473065343219787e-06
1.288550048828125 8.60139771248214e-06
1.289550048828125 9.016275774532308e-06
1.290550048828125 8.449997500671696e-06
1.291550048828125 8.575691899750383e-06
1.292550048828125 8.110796722273032e-06
1.293550048828125 8.166833055535486e-06
1.294550048828125 6.9409786010510285e-06
1.295550048828125 7.951181857303405e-06
1.296550048828125 8.964782221786057e-06
1.297550048828125 8.252690968220122e-06
1.298550048828125 7.98811165926357e-06
1.299550048828125 9.918170302019766e-06
1.300550048828125 9.652832134937247e-06
1.301550048828125 7.834508335993936e-06
1.302550048828125 8.888390245071301e-06
1.303550048828125 8.715378838436057e-06
1.304550048828125 8.571579140455773e-06
1.305550048828125 8.040011744014919e-06
1.306550048828125 7.834356025947879e-06
1.307550048828125 8.871538011590018e-06
1.308550048828125 9.290534120130663e-06
1.309550048828125 8.300518772254387e-06
1.310550048828125 8.428485113351295e-06
1.311550048828125 7.919107738416643e-06
1.312550048828125 8.583492235629819e-06
1.313550048828125 8.14735884584176e-06
1.314550048828125 8.900633062391232e-06
1.315550048828125 7.268052140716463e-06
1.316550048828125 7.836621516617015e-06
1.317550048828125 8.191430897568352e-06
1.318550048828125 8.14488230389543e-06
1.319550048828125 8.807364016926537e-06
1.320550048828125 8.995914637732009e-06
1.321550048828125 8.846907924938326e-06
1.322550048828125 9.087250121713927e-06
1.323550048828125 6.75366473539422e-06
1.324550048828125 7.94540222462577e-06
1.325550048828125 9.278512249390283e-06
1.326550048828125 7.716723436412091e-06
1.327550048828125 7.740448151404658e-06
1.328550048828125 7.5035826497090366e-06
1.329550048828125 8.870541447928796e-06
1.330550048828125 7.031822169665247e-06
1.331550048828125 7.315168913919479e-06
1.332550048828125 6.93568137648981e-06
1.333550048828125 9.087965299841018e-06
1.334550048828125 8.09037097496912e-06
1.335550048828125 7.032470421108884e-06
1.336550048828125 8.013995732956877e-06
1.337550048828125 9.028645193514724e-06
1.338550048828125 9.113485866691917e-06
1.339550048828125 8.654870083167528e-06
1.340550048828125 7.081995524155597e-06
1.341550048828125 8.17170148366131e-06
1.342550048828125 7.738680772793789e-06
1.343550048828125 8.811686711851507e-06
1.344550048828125 9.04538848165733e-06
1.345550048828125 6.626275596014845e-06
1.346550048828125 8.771001109077285e-06
1.347550048828125 8.979817018068085e-06
1.348550048828125 7.779487398996328e-06
1.349550048828125 6.9574885613595445e-06
1.350550048828125 9.1748190849709e-06
1.351550048828125 8.627150382380933e-06
1.352550048828125 8.89025143502901e-06
1.353550048828125 9.78360272711143e-06
1.354550048828125 6.01481908426719e-06
1.355550048828125 9.253309302342433e-06
1.356550048828125 8.443922609634077e-06
1.357550048828125 9.655821583388993e-06
1.358550048828125 8.196061729298284e-06
1.359550048828125 8.478499560927351e-06
1.360550048828125 6.684918092408528e-06
1.361550048828125 8.753335326521967e-06
1.362550048828125 8.740969302986438e-06
1.363550048828125 7.550980711433416e-06
1.364550048828125 9.259778016712516e-06
1.365550048828125 7.083633414974126e-06
1.366550048828125 8.614348431971544e-06
1.367550048828125 8.238962812659642e-06
1.368550048828125 7.960916991578416e-06
1.369550048828125 7.91461951545595e-06
1.370550048828125 8.81443049972101e-06
1.371550048828125 7.950150126513716e-06
1.372550048828125 8.122782601276413e-06
1.373550048828125 8.332405486726203e-06
1.374550048828125 7.3899159178836275e-06
1.375550048828125 8.91218485776335e-06
1.376550048828125 9.5479857797424e-06
1.377550048828125 9.887650279173006e-06
1.378550048828125 8.676842844579368e-06
1.379550048828125 7.740614906981414e-06
1.380550048828125 8.906530662594985e-06
1.381550048828125 9.865400788839906e-06
1.382550048828125 8.085731145304937e-06
1.383550048828125 9.047181035081545e-06
1.384550048828125 9.357986079218486e-06
1.385550048828125 7.753482331088376e-06
1.386550048828125 9.732125860561306e-06
1.387550048828125 8.667824731674045e-06
1.388550048828125 6.93662286611237e-06
1.389550048828125 8.818543768332651e-06
1.390550048828125 8.725517933877805e-06
1.391550048828125 8.881896452900644e-06
1.392550048828125 8.895667900408928e-06
1.393550048828125 9.184869850287213e-06
1.394550048828125 9.040453781684241e-06
1.395550048828125 9.805633841703336e-06
1.396550048828125 8.766657556407154e-06
1.397550048828125 8.066595405993305e-06
1.398550048828125 9.49610985117033e-06
1.399550048828125 9.184147444708893e-06
1.400550048828125 9.080535382963715e-06
1.401550048828125 9.24065699412798e-06
1.402550048828125 7.5088955297057195e-06
1.403550048828125 7.119301983148733e-06
1.404550048828125 7.311436735714476e-06
1.405550048828125 8.688556263223291e-06
1.406550048828125 1.0317704873159526e-05
1.407550048828125 7.1760412830560816e-06
1.408550048828125 7.674944912044642e-06
1.409550048828125 7.659939631897335e-06
1.410550048828125 7.87507228475685e-06
1.411550048828125 9.690279645534853e-06
1.412550048828125 5.9595554304185215e-06
1.413550048828125 8.308896018813054e-06
1.414550048828125 9.765216479233155e-06
1.415550048828125 9.069860874054332e-06
1.416550048828125 7.120404382779573e-06
1.417550048828125 8.56124145987754e-06
1.418550048828125 8.583032661893715e-06
1.419550048828125 9.149390777262549e-06
1.420550048828125 7.942310136665279e-06
1.421550048828125 7.177362446479188e-06
1.422550048828125 8.895299591434497e-06
1.423550048828125 8.45219663460739e-06
1.424550048828125 9.593329547593991e-06
1.425550048828125 6.387947651091963e-06
1.426550048828125 1.01095520464393e-05
1.427550048828125 6.968526601364526e-06
1.428550048828125 8.692433087465664e-06
1.429550048828125 8.265401217310378e-06
1.430550048828125 8.782316969397166e-06
1.431550048828125 7.229300856234448e-06
1.432550048828125 8.674989755187805e-06
1.433550048828125 8.209842101981243e-06
1.434550048828125 6.514154932422873e-06
1.435550048828125 9.729111043270678e-06
1.436550048828125 7.522138112108223e-06
1.437550048828125 9.03448856358106e-06
1.438550048828125 6.477495565680632e-06
1.439550048828125 8.048820891417563e-06
1.440550048828125 8.157288539223373e-06
1.441550048828125 9.566925436956808e-06
1.442550048828125 7.458500428280483e-06
1.443550048828125 7.96360089831675e-06
1.444550048828125 9.184804415175071e-06
1.445550048828125 6.412438797269715e-06
1.446550048828125 9.292410298561057e-06
1.447550048828125 7.529967721590462e-06
1.448550048828125 8.286627902028462e-06
1.449550048828125 7.253858765386607e-06
1.450550048828125 6.209145619019788e-06
1.451550048828125 8.182134964348127e-06
1.452550048828125 8.398808956068629e-06
1.453550048828125 8.718277919494237e-06
1.454550048828125 6.660213439317886e-06
1.455550048828125 9.182123564338933e-06
1.456550048828125 9.918938934182127e-06
1.457550048828125 8.341558277606964e-06
1.458550048828125 8.212904310009132e-06
1.459550048828125 8.513383315100025e-06
1.460550048828125 8.654557605041192e-06
1.461550048828125 9.410820590953033e-06
1.462550048828125 8.118474991836895e-06
1.463550048828125 7.470297108132703e-06
1.464550048828125 1.0913097260830302e-05
1.465550048828125 8.717669018854697e-06
1.466550048828125 7.4128600438901535e-06
1.467550048828125 9.71171345251302e-06
1.468550048828125 9.067192198320603e-06
1.469550048828125 7.916991792929669e-06
1.470550048828125 8.341171633219346e-06
1.471550048828125 9.515767548388491e-06
1.472550048828125 9.543115884298458e-06
1.473550048828125 8.65511130541563e-06
1.474550048828125 9.175614977721124e-06
1.475550048828125 9.940752061083913e-06
1.476550048828125 7.780232893613477e-06
1.477550048828125 9.726585364357258e-06
1.478550048828125 1.0435759807781627e-05
1.479550048828125 8.020715758902952e-06
1.480550048828125 1.179657643660903e-05
1.481550048828125 1.0732035734690726e-05
1.482550048828125 9.00239848609393e-06
1.483550048828125 1.0738849038413415e-05
1.484550048828125 1.0989662453842659e-05
1.485550048828125 7.871870014544887e-06
1.486550048828125 9.99585982450905e-06
1.487550048828125 1.2309850038339695e-05
1.488550048828125 1.07586188823916e-05
1.489550048828125 1.2221160480597368e-05
1.490550048828125 1.1698639233751844e-05
1.491550048828125 1.1176492844242602e-05
1.492550048828125 1.1359731821964184e-05
1.493550048828125 9.828446879206846e-06
1.494550048828125 1.296250004088506e-05
1.495550048828125 9.645960672060028e-06
1.496550048828125 1.1176247401939084e-05
1.497550048828125 8.5682418042173e-06
1.498550048828125 1.0152333901108553e-05
1.499550048828125 9.154412691714241e-06
1.500550048828125 1.0360721692753334e-05
1.501550048828125 8.63815000532971e-06
1.502550048828125 9.732916611634815e-06
1.503550048828125 1.0083492088597269e-05
1.504550048828125 9.971764423729231e-06
1.505550048828125 9.538279894816999e-06
1.506550048828125 8.809861271098878e-06
1.507550048828125 1.0241214185953142e-05
1.508550048828125 1.0736864642240107e-05
1.509550048828125 1.054251294893523e-05
1.510550048828125 8.483969383329774e-06
1.511550048828125 1.0137512387397388e-05
1.512550048828125 8.68163396565554e-06
1.513550048828125 9.525332425255328e-06
1.514550048828125 8.785864871848995e-06
1.515550048828125 1.0786035563796758e-05
1.516550048828125 9.566873147074753e-06
1.517550048828125 9.566708952964595e-06
1.518550048828125 1.0075461856710414e-05
1.519550048828125 9.945357645240923e-06
1.520550048828125 8.793067681835964e-06
1.521550048828125 9.612707023431236e-06
1.522550048828125 1.0639764562559625e-05
1.523550048828125 9.079869002259026e-06
1.524550048828125 9.13239952448445e-06
1.525550048828125 1.0153595455146085e-05
1.526550048828125 9.776078853368138e-06
1.527550048828125 8.711827249499037e-06
1.528550048828125 1.2157511664554478e-05
1.529550048828125 9.810858270308623e-06
1.530550048828125 9.878356747018793e-06
1.531550048828125 8.965097901333744e-06
1.532550048828125 1.0932564813022812e-05
1.533550048828125 9.743792567557345e-06
1.534550048828125 9.249227829665567e-06
1.535550048828125 9.26963960713086e-06
1.536550048828125 1.1037960745549451e-05
1.537550048828125 1.0756088110307851e-05
1.538550048828125 9.240063979329231e-06
1.539550048828125 9.43068463432913e-06
1.540550048828125 9.37313016038388e-06
1.541550048828125 1.1891243242037794e-05
1.542550048828125 8.28298327784675e-06
1.543550048828125 9.676542055482667e-06
1.544550048828125 1.0329101205570624e-05
1.545550048828125 9.268605984592189e-06
1.546550048828125 1.0983158911888798e-05
1.547550048828125 1.0482254341089477e-05
1.548550048828125 1.3049200060777365e-05
1.549550048828125 9.368830845536043e-06
1.550550048828125 7.63385769349719e-06
1.551550048828125 1.096829529463624e-05
1.552550048828125 8.995156046391154e-06
1.553550048828125 8.846589407767169e-06
1.554550048828125 9.092116063887564e-06
1.555550048828125 1.0728378935406605e-05
1.556550048828125 9.395223508666579e-06
1.557550048828125 1.2580522355468323e-05
1.558550048828125 1.0692562209442258e-05
1.559550048828125 9.755068361603966e-06
1.560550048828125 1.1983430983188252e-05
1.561550048828125 1.0696989144586646e-05
1.562550048828125 1.2044134491588919e-05
1.563550048828125 1.2144988674360016e-05
1.564550048828125 1.1490227576966088e-05
1.565550048828125 1.2108895656031866e-05
1.566550048828125 9.911163069773465e-06
1.567550048828125 1.1282691945477078e-05
1.568550048828125 1.0252411217758588e-05
1.569550048828125 1.0568966778616111e-05
1.570550048828125 1.0760374570963903e-05
1.571550048828125 9.053092241326037e-06
1.572550048828125 1.3083466910757124e-05
1.573550048828125 9.876149900568027e-06
1.574550048828125 1.1644445088071128e-05
1.575550048828125 1.0670921134684856e-05
1.576550048828125 1.339803517718489e-05
1.577550048828125 1.0079460334964096e-05
1.578550048828125 1.1773275424881528e-05
1.579550048828125 1.33483096336325e-05
1.580550048828125 1.1272532089302936e-05
1.581550048828125 1.077610106828312e-05
1.582550048828125 1.2777963614401717e-05
1.583550048828125 1.1913245931888621e-05
1.584550048828125 1.1343241543121014e-05
1.585550048828125 1.3037461806864787e-05
1.586550048828125 1.2076258329519381e-05
1.587550048828125 1.223680708790198e-05
1.588550048828125 9.79693131133293e-06
1.589550048828125 1.2841895125651111e-05
1.590550048828125 1.3172409574811656e-05
1.591550048828125 9.69737346167676e-06
1.592550048828125 1.0751788310396175e-05
1.593550048828125 8.412996564099255e-06
1.594550048828125 1.0697407512149464e-05
1.595550048828125 1.1615152761805802e-05
1.596550048828125 1.1415730987209828e-05
1.597550048828125 1.1575499859948955e-05
1.598550048828125 1.211152290731358e-05
1.599550048828125 1.2073282268829644e-05
1.600550048828125 1.2095633040492734e-05
1.601550048828125 9.583137530584373e-06
1.602550048828125 1.2114442749104152e-05
1.603550048828125 8.842450285252804e-06
1.604550048828125 1.3240691332612185e-05
1.605550048828125 9.741653047967703e-06
1.606550048828125 1.335818941394488e-05
1.607550048828125 1.0798880636381608e-05
1.608550048828125 1.1153159939567558e-05
1.609550048828125 9.622134627231086e-06
1.610550048828125 1.4135335416843495e-05
1.611550048828125 1.5140563482418658e-05
1.612550048828125 1.0201444529229774e-05
1.613550048828125 1.0161433359220003e-05
1.614550048828125 1.3169935167146226e-05
1.615550048828125 1.412616615804533e-05
1.616550048828125 1.0759797854310212e-05
1.617550048828125 9.53601501543814e-06
1.618550048828125 1.303522187906007e-05
1.619550048828125 1.4301523139389854e-05
1.620550048828125 1.1382453085388988e-05
1.621550048828125 1.0781901122148458e-05
1.622550048828125 1.2375192115238558e-05
1.623550048828125 1.1393820022931322e-05
1.624550048828125 1.1709475171907493e-05
1.625550048828125 1.2613071497374525e-05
1.626550048828125 1.2574304807155083e-05
1.627550048828125 1.2999876344110816e-05
1.628550048828125 1.0219040559604764e-05
1.629550048828125 1.2192379775418278e-05
1.630550048828125 1.1880265180176745e-05
1.631550048828125 1.2689099530689419e-05
1.632550048828125 1.3315087805191676e-05
1.633550048828125 1.1500139953568577e-05
1.634550048828125 1.4037120272405446e-05
1.635550048828125 1.1650690964112678e-05
1.636550048828125 1.4784633143184085e-05
1.637550048828125 1.2086973971842477e-05
1.638550048828125 1.1609120798918108e-05
1.639550048828125 9.968647039689435e-06
1.640550048828125 1.1889259136902789e-05
1.641550048828125 1.1856029644453277e-05
1.642550048828125 1.1767312195540095e-05
1.643550048828125 1.50155231434231e-05
1.644550048828125 1.1429827039440472e-05
1.645550048828125 1.4060592414656035e-05
1.646550048828125 1.4022581744939089e-05
1.647550048828125 1.3369816394212345e-05
1.648550048828125 1.3998942255663374e-05
1.649550048828125 1.2220009763647493e-05
1.650550048828125 1.5954348491504788e-05
1.651550048828125 1.4598474275165548e-05
1.652550048828125 1.4746996845739582e-05
1.653550048828125 1.1833126482088119e-05
1.654550048828125 1.7701339869139094e-05
1.655550048828125 1.4500071411021053e-05
1.656550048828125 1.1197923061748346e-05
1.657550048828125 1.1637985250369336e-05
1.658550048828125 1.276367741714542e-05
1.659550048828125 1.2933744389253359e-05
1.660550048828125 1.4539905435716111e-05
1.661550048828125 1.2895676384990414e-05
1.662550048828125 1.2414850886367882e-05
1.663550048828125 1.125860532435278e-05
1.664550048828125 1.531328229854504e-05
1.665550048828125 1.0583957919152454e-05
1.666550048828125 1.2200048464971286e-05
1.667550048828125 1.147465081885457e-05
1.668550048828125 1.1670894164126366e-05
1.669550048828125 1.0367066533945035e-05
1.670550048828125 1.1189786528120749e-05
1.671550048828125 1.3207603624323383e-05
1.672550048828125 1.57694926019758e-05
1.673550048828125 1.2133916534367016e-05
1.674550048828125 1.258656833670102e-05
1.675550048828125 1.0819707070671333e-05
1.676550048828125 1.4552481588907539e-05
1.677550048828125 1.3554844578417639e-05
1.678550048828125 1.4662172664732982e-05
1.679550048828125 1.6840171883814038e-05
1.680550048828125 9.009291621953075e-06
1.681550048828125 1.2036248178143675e-05
1.682550048828125 1.420268599758856e-05
1.683550048828125 1.379974108810226e-05
1.684550048828125 1.3923984467207143e-05
1.685550048828125 1.1022671436270079e-05
1.686550048828125 1.4810059995700916e-05
1.687550048828125 1.0997780979475163e-05
1.688550048828125 1.0741599282592478e-05
1.689550048828125 1.5521061723120514e-05
1.690550048828125 1.414364950809007e-05
1.691550048828125 9.905151332945118e-06
1.692550048828125 1.5290803276002407e-05
1.693550048828125 1.0582804889054388e-05
1.694550048828125 1.526717096567154e-05
1.695550048828125 1.3811496076717353e-05
1.696550048828125 1.5047925990074873e-05
1.697550048828125 1.2694117273592078e-05
1.698550048828125 1.0585864685818496e-05
1.699550048828125 1.5392453885093953e-05
1.700550048828125 1.2419466014155962e-05
1.701550048828125 1.2533037709848334e-05
1.702550048828125 1.1478676727468457e-05
1.703550048828125 1.3509825245516065e-05
1.704550048828125 1.134905231689724e-05
1.705550048828125 1.3700187070450435e-05
1.706550048828125 1.3653067677902678e-05
1.707550048828125 1.2730237018937866e-05
1.708550048828125 1.1046525420776258e-05
1.709550048828125 1.6606480639893564e-05
1.710550048828125 1.3675492955371737e-05
1.711550048828125 1.1439467615480166e-05
1.712550048828125 1.3713082201623667e-05
1.713550048828125 1.281801339549323e-05
1.714550048828125 1.427090649182598e-05
1.715550048828125 1.5066263731569052e-05
1.716550048828125 1.0613851724580551e-05
1.717550048828125 1.2878685568769773e-05
1.718550048828125 1.0112247473443858e-05
1.719550048828125 1.1641867167782039e-05
1.720550048828125 1.4889998807727047e-05
1.721550048828125 1.372867574294408e-05
1.722550048828125 1.3964069560946278e-05
1.723550048828125 1.4747336487441012e-05
1.724550048828125 1.2761999387294055e-05
1.725550048828125 1.539447829903414e-05
1.726550048828125 1.592169942644735e-05
1.727550048828125 1.2324359825773475e-05
1.728550048828125 1.8676634839115042e-05
1.729550048828125 1.6321505245286972e-05
1.730550048828125 1.3101823521234714e-05
1.731550048828125 1.494343130616471e-05
1.732550048828125 1.585634861839935e-05
1.733550048828125 1.371214680451279e-05
1.734550048828125 1.636749201376612e-05
1.735550048828125 1.742324854906959e-05
1.736550048828125 1.5945591342945894e-05
1.737550048828125 1.820382681520035e-05
1.738550048828125 1.7402060911990702e-05
1.739550048828125 1.4574714878108353e-05
1.740550048828125 2.0476705394685268e-05
1.741550048828125 1.6258806184244652e-05
1.742550048828125 1.6453835705760866e-05
1.743550048828125 1.4171029373149697e-05
1.744550048828125 1.662197173573077e-05
1.745550048828125 1.7290791438426824e-05
1.746550048828125 1.6177697883298e-05
1.747550048828125 1.6740884942313038e-05
1.748550048828125 2.0738941384479406e-05
1.749550048828125 1.655547103534142e-05
1.750550048828125 1.5484086470678446e-05
1.751550048828125 1.4962862672594685e-05
1.752550048828125 1.376386278824378e-05
1.753550048828125 1.8662201473489407e-05
1.754550048828125 1.4299937562706568e-05
1.755550048828125 1.9347569905221464e-05
1.756550048828125 1.4221925598989491e-05
1.757550048828125 1.8839808374953768e-05
1.758550048828125 1.4917289566559095e-05
1.759550048828125 1.9569031428545715e-05
1.760550048828125 1.3668060491909274e-05
1.761550048828125 1.4467270229943097e-05
1.762550048828125 1.2809161737205403e-05
1.763550048828125 1.6973862560310712e-05
1.764550048828125 1.5230829788682361e-05
1.765550048828125 1.6303026932291686e-05
1.766550048828125 1.661200192756951e-05
1.767550048828125 1.6058020507140705e-05
1.768550048828125 1.454094538833791e-05
1.769550048828125 1.3564422794540102e-05
1.770550048828125 1.8263075035065412e-05
1.771550048828125 1.5097060434830686e-05
1.772550048828125 1.6443521308247e-05
1.773550048828125 1.6577168328997992e-05
1.774550048828125 1.3878044682121469e-05
1.775550048828125 1.909012518202265e-05
1.776550048828125 1.644284755457193e-05
1.777550048828125 1.6730727123407028e-05
1.778550048828125 2.041008498053998e-05
1.779550048828125 1.7155320820165797e-05
1.780550048828125 1.678545231698081e-05
1.781550048828125 1.571413032555332e-05
1.782550048828125 1.987726854470869e-05
1.783550048828125 1.7730436714676518e-05
1.784550048828125 1.5131886563419052e-05
1.785550048828125 1.7832709030093e-05
1.786550048828125 1.8643353056783476e-05
1.787550048828125 1.7576291478083778e-05
1.788550048828125 1.5145998525743684e-05
1.789550048828125 1.4522615383611992e-05
1.790550048828125 1.5302833417081275e-05
1.791550048828125 1.8456559628248216e-05
1.792550048828125 1.4991452141354482e-05
1.793550048828125 1.724463712889701e-05
1.794550048828125 1.3906719977967441e-05
1.795550048828125 1.7010240311113495e-05
1.796550048828125 1.845194996955494e-05
1.797550048828125 1.5066851774463429e-05
1.798550048828125 1.812521950341761e-05
1.799550048828125 2.0467255671974273e-05
1.800550048828125 1.363675912822752e-05
1.801550048828125 1.7375571769662204e-05
1.802550048828125 1.722903437136362e-05
1.803550048828125 1.931838671832035e-05
1.804550048828125 1.5655174056519172e-05
1.805550048828125 1.8893806360817203e-05
1.806550048828125 1.7250561989688624e-05
1.807550048828125 1.9108822549848506e-05
1.808550048828125 1.9833043528099854e-05
1.809550048828125 1.8927379278466107e-05
1.810550048828125 2.321773189275215e-05
1.811550048828125 1.8443297813064417e-05
1.812550048828125 2.135438029654324e-05
1.813550048828125 1.962601556442678e-05
1.814550048828125 2.343333151657134e-05
1.815550048828125 2.295194872810195e-05
1.816550048828125 1.8700697595098366e-05
1.817550048828125 1.916030974825844e-05
1.818550048828125 2.0616234105546025e-05
1.819550048828125 2.342864347156137e-05
1.820550048828125 1.7702592037191303e-05
1.821550048828125 2.0136694996229683e-05
1.822550048828125 2.0352810776482028e-05
1.823550048828125 2.8005873318761587e-05
1.824550048828125 1.799167187224763e-05
1.825550048828125 2.2869688109494746e-05
1.826550048828125 1.6650785187679596e-05
1.827550048828125 2.303977070065836e-05
1.828550048828125 2.2468458531269183e-05
1.829550048828125 1.810280849674643e-05
1.830550048828125 2.4758894772579274e-05
1.831550048828125 2.4565893691033123e-05
1.832550048828125 2.875424882707497e-05
1.833550048828125 2.0766289283831912e-05
1.834550048828125 1.9577459388528952e-05
1.835550048828125 2.704339800402522e-05
1.836550048828125 2.426274043197433e-05
1.837550048828125 2.1941140197062244e-05
1.838550048828125 2.045210926250244e-05
1.839550048828125 2.5992493610829116e-05
1.840550048828125 2.7250671798052885e-05
1.841550048828125 1.8797968397958147e-05
1.842550048828125 1.933447208295617e-05
1.843550048828125 2.4103723505201438e-05
1.844550048828125 2.4584403339152534e-05
1.845550048828125 2.6549615043525894e-05
1.846550048828125 2.7683818674025434e-05
1.847550048828125 2.5591534989265104e-05
1.848550048828125 2.1040424374708285e-05
1.849550048828125 2.976684287811319e-05
1.850550048828125 1.8700171427057375e-05
1.851550048828125 2.5291578980007518e-05
1.852550048828125 2.5686303464074925e-05
1.853550048828125 2.5593618435474733e-05
1.854550048828125 2.197820790267239e-05
1.855550048828125 2.2481338237412275e-05
1.856550048828125 2.7064281748607752e-05
1.857550048828125 2.1231728896964342e-05
1.858550048828125 2.4203466503725696e-05
1.859550048828125 2.7559631271287798e-05
1.860550048828125 2.3022202561454227e-05
1.861550048828125 1.9044873872299622e-05
1.862550048828125 2.8482598912281296e-05
1.863550048828125 2.6971291905889908e-05
1.864550048828125 2.2669691728272788e-05
1.865550048828125 1.962908963722606e-05
1.866550048828125 2.4357803631573916e-05
1.867550048828125 2.4655048619024456e-05
1.868550048828125 2.4597478137972454e-05
1.869550048828125 2.354324892318497e-05
1.870550048828125 2.100817480823025e-05
1.871550048828125 2.566864830441773e-05
1.872550048828125 2.66398093663156e-05
1.873550048828125 2.2578222124138845e-05
1.874550048828125 2.4994773363384107e-05
1.875550048828125 2.9617279457549256e-05
1.876550048828125 2.9712281151053803e-05
1.877550048828125 2.1618387933510045e-05
1.878550048828125 2.886089321691543e-05
1.879550048828125 2.4264838915163032e-05
1.880550048828125 2.380019513414785e-05
1.881550048828125 2.174022355272124e-05
1.882550048828125 2.163234448138004e-05
1.883550048828125 2.201359699635456e-05
1.884550048828125 2.3288848460651934e-05
1.885550048828125 2.5455995734470584e-05
1.886550048828125 2.4771435225072006e-05
1.887550048828125 2.4442568343753615e-05
1.888550048828125 2.396755192118386e-05
1.889550048828125 2.5490901510541638e-05
1.890550048828125 2.841054481298973e-05
1.891550048828125 2.4526724397825696e-05
1.892550048828125 2.4937795533332977e-05
1.893550048828125 2.6824362964058914e-05
1.894550048828125 2.421744652868559e-05
1.895550048828125 2.458835652608589e-05
1.896550048828125 2.3319718311540784e-05
1.897550048828125 2.3494263975104937e-05
1.898550048828125 2.6077472672720132e-05
1.899550048828125 2.9939373101418215e-05
1.900550048828125 2.3906124600519736e-05
1.901550048828125 2.0916766176621118e-05
1.902550048828125 2.3550135277522104e-05
1.903550048828125 2.488434819194178e-05
1.904550048828125 2.4196284260445586e-05
1.905550048828125 2.322053171045576e-05
1.906550048828125 2.7169415358609212e-05
1.907550048828125 2.4975458024224888e-05
1.908550048828125 2.549699740484357e-05
1.909550048828125 2.6611186719189087e-05
1.910550048828125 3.146255699296792e-05
1.911550048828125 2.4809362560821076e-05
1.912550048828125 2.9487933303850393e-05
1.913550048828125 2.686562327047189e-05
1.914550048828125 2.837422963542243e-05
1.915550048828125 2.8244467879024643e-05
1.916550048828125 2.5216756233324606e-05
1.917550048828125 2.8691415985425312e-05
1.918550048828125 2.5692323688417674e-05
1.919550048828125 2.492978240490699e-05
1.920550048828125 3.3819476569381854e-05
1.921550048828125 2.651838449916492e-05
1.922550048828125 3.0897856534769136e-05
1.923550048828125 2.5903381562481324e-05
1.924550048828125 2.5571508061451216e-05
1.925550048828125 2.7186471464422844e-05
1.926550048828125 3.101130481809377e-05
1.927550048828125 2.7687767675767343e-05
1.928550048828125 2.530596480937675e-05
1.929550048828125 3.293970638575653e-05
1.930550048828125 3.376790147740393e-05
1.931550048828125 3.1168176792562005e-05
1.932550048828125 2.112637432109062e-05
1.933550048828125 2.8912098690246544e-05
1.934550048828125 2.9434236348606647e-05
1.935550048828125 2.5620425100593516e-05
1.936550048828125 2.4975178627452504e-05
1.937550048828125 2.5937652098946272e-05
1.938550048828125 2.241698345945527e-05
1.939550048828125 3.196992523347338e-05
1.940550048828125 2.681238625276213e-05
1.941550048828125 2.74918800763165e-05
1.942550048828125 2.3266132920980453e-05
1.943550048828125 2.6712085236795247e-05
1.944550048828125 2.9761872137896717e-05
1.945550048828125 2.264591515995562e-05
1.946550048828125 2.216172715028127e-05
1.947550048828125 2.880884489665429e-05
1.948550048828125 2.4982624483637452e-05
1.949550048828125 2.7916458008500438e-05
1.950550048828125 2.6804528509577115e-05
1.951550048828125 2.4548708267199497e-05
1.952550048828125 2.6838716391163567e-05
1.953550048828125 2.3855846957303588e-05
1.954550048828125 2.961953985504806e-05
1.955550048828125 2.8579778736457228e-05
1.956550048828125 3.373355177852015e-05
1.957550048828125 2.6655524658660092e-05
1.958550048828125 2.8358178096823396e-05
1.959550048828125 2.6355839994115132e-05
1.960550048828125 2.848777163308114e-05
1.961550048828125 2.5074716152933733e-05
1.962550048828125 2.506903353302429e-05
1.963550048828125 2.3665209688867132e-05
1.964550048828125 2.7482609778720263e-05
1.965550048828125 2.2638114363265534e-05
1.966550048828125 2.8600360189254088e-05
1.967550048828125 2.6664192167421184e-05
1.968550048828125 2.2944924009304183e-05
1.969550048828125 3.364640850728998e-05
1.970550048828125 2.440962300170213e-05
1.971550048828125 2.9204774958391983e-05
1.972550048828125 2.6888874902700384e-05
1.973550048828125 2.9049385144996146e-05
1.974550048828125 2.157866300353047e-05
1.975550048828125 2.6653138532613715e-05
1.976550048828125 2.5291924054423967e-05
1.977550048828125 2.8872033193086582e-05
1.978550048828125 2.0989594583321982e-05
1.979550048828125 2.9707710103442273e-05
1.980550048828125 3.3056480654825765e-05
1.981550048828125 2.0479409829545028e-05
1.982550048828125 2.6403372952093685e-05
1.983550048828125 2.364948259017859e-05
1.984550048828125 3.0097541942571603e-05
1.985550048828125 1.975643512582022e-05
1.986550048828125 2.5801107403822245e-05
1.987550048828125 2.6365233158382276e-05
1.988550048828125 2.9628738605727755e-05
1.989550048828125 1.8041965362719144e-05
1.990550048828125 2.465884977330764e-05
1.991550048828125 2.5492109222492825e-05
1.992550048828125 3.364051886213323e-05
1.993550048828125 2.465920118276769e-05
1.994550048828125 2.4442774641405167e-05
1.995550048828125 2.8415695414878424e-05
1.996550048828125 2.2820233551817576e-05
1.997550048828125 2.9592906551746033e-05
1.998550048828125 2.5380981630102423e-05
1.999550048828125 2.8741926847336193e-05
2.000550048828125 2.842801108878727e-05
2.001550048828125 2.4891167801494402e-05
2.002550048828125 2.5032542083257185e-05
2.003550048828125 2.7961832432386773e-05
2.004550048828125 3.265402881273379e-05
2.005550048828125 2.9204628760150323e-05
2.006550048828125 2.512191014830023e-05
2.007550048828125 2.385309589347647e-05
2.008550048828125 2.747364400420338e-05
2.009550048828125 3.091572143603116e-05
2.010550048828125 3.1098703814980884e-05
2.011550048828125 2.6131016784347594e-05
2.012550048828125 2.5565971106213208e-05
2.013550048828125 3.0144415019700926e-05
2.014550048828125 2.3375741196408244e-05
2.015550048828125 2.8975000799012684e-05
2.016550048828125 2.995747840031981e-05
2.017550048828125 2.4638438170575168e-05
2.018550048828125 3.421353098625938e-05
2.019550048828125 2.405082059946532e-05
2.020550048828125 4.002218833193183e-05
2.021550048828125 1.776137689045054e-05
2.022550048828125 3.2965294085443023e-05
2.023550048828125 2.1387265300510568e-05
2.024550048828125 2.814069603725026e-05
2.025550048828125 2.6827136559101442e-05
2.026550048828125 3.036573277010272e-05
2.027550048828125 3.32477727594475e-05
2.028550048828125 2.9350108816288413e-05
2.029550048828125 3.082532377447933e-05
2.030550048828125 2.406306401098846e-05
2.031550048828125 2.9992494606134732e-05
2.032550048828125 2.715960678566868e-05
2.033550048828125 3.1216938805300745e-05
2.034550048828125 2.27669657810603e-05
2.035550048828125 2.8875677283698076e-05
2.036550048828125 2.3789436925267063e-05
2.037550048828125 2.6878644324218236e-05
2.038550048828125 3.362304841478666e-05
2.039550048828125 3.3334226657946904e-05
2.040550048828125 2.797663813301673e-05
2.041550048828125 2.8629622858826012e-05
2.042550048828125 2.769009006442502e-05
2.043550048828125 3.083609374395261e-05
2.044550048828125 2.621108921216919e-05
2.045550048828125 2.77402230616038e-05
2.046550048828125 3.1992473523132504e-05
2.047550048828125 3.208452195394784e-05
2.048550048828125 3.5372749165010944e-05
2.049550048828125 2.8802404218974214e-05
2.050550048828125 3.294497805957993e-05
2.051550048828125 3.0350047745741906e-05
2.052550048828125 2.894585583514223e-05
2.053550048828125 3.480955686730643e-05
2.054550048828125 4.0302819882829984e-05
2.055550048828125 2.8158191125839944e-05
2.056550048828125 2.4238097151586164e-05
2.057550048828125 2.8803217282984403e-05
2.058550048828125 2.8862728698489566e-05
2.059550048828125 2.5378262895780307e-05
2.060550048828125 2.669570073824919e-05
2.061550048828125 2.973301656311378e-05
2.062550048828125 2.9891613162775774e-05
2.063550048828125 3.8363547258389496e-05
2.064550048828125 3.098038646082083e-05
2.065550048828125 2.5640090102982958e-05
2.066550048828125 3.4815478914727765e-05
2.067550048828125 3.679652805052077e-05
2.068550048828125 2.8662438882857504e-05
2.069550048828125 3.451939633426567e-05
2.070550048828125 3.1588262451502185e-05
2.071550048828125 3.273934358730912e-05
2.072550048828125 2.6990198171419345e-05
2.073550048828125 2.784166174630324e-05
2.074550048828125 3.179271530825645e-05
2.075550048828125 2.3357617377988878e-05
2.076550048828125 3.180181888941055e-05
2.077550048828125 2.7137126259428136e-05
2.078550048828125 4.235843002485733e-05
2.079550048828125 2.4690897388415977e-05
2.080550048828125 3.773966639225061e-05
2.081550048828125 4.1166064717496436e-05
2.082550048828125 2.780998209125289e-05
2.083550048828125 2.6800654624931455e-05
2.084550048828125 3.128638311560887e-05
2.085550048828125 3.348239852736394e-05
2.086550048828125 2.7246156629795827e-05
2.087550048828125 2.4360392417293044e-05
2.088550048828125 3.747485422839721e-05
2.089550048828125 2.4922666576787656e-05
2.090550048828125 2.8461857417630596e-05
2.091550048828125 3.4041478065773846e-05
2.092550048828125 3.635419668474545e-05
2.093550048828125 3.3125536671529216e-05
2.094550048828125 3.865508052210013e-05
2.095550048828125 3.117331755757569e-05
2.096550048828125 4.534287494607269e-05
2.097550048828125 2.9037691419944167e-05
2.098550048828125 2.9851878449941673e-05
2.099550048828125 4.0929601915801565e-05
2.100550048828125 3.225765161914751e-05
2.101550048828125 3.4905762780302516e-05
2.102550048828125 3.600615348356465e-05
2.103550048828125 4.061864650187393e-05
2.104550048828125 2.9061569158936132e-05
2.105550048828125 3.648137443826342e-05
2.106550048828125 4.6106780452343325e-05
2.107550048828125 3.298745684636136e-05
2.108550048828125 3.539679339155555e-05
2.109550048828125 3.6970964312896075e-05
2.110550048828125 4.1248336589584745e-05
2.111550048828125 3.0262276928127994e-05
2.112550048828125 3.8196778429361685e-05
2.113550048828125 3.0346319574274064e-05
2.114550048828125 3.57635358038048e-05
2.115550048828125 4.044972340731571e-05
2.116550048828125 4.256345370473961e-05
2.117550048828125 3.234673745475517e-05
2.118550048828125 3.4381870481217844e-05
2.119550048828125 3.483547790286441e-05
2.120550048828125 3.3177964990803354e-05
2.121550048828125 3.375300306178127e-05
2.122550048828125 4.701009679896136e-05
2.123550048828125 4.367616629072775e-05
2.124550048828125 4.256898343252639e-05
2.125550048828125 3.9551735972054304e-05
2.126550048828125 3.659289553373431e-05
2.127550048828125 3.469302027951926e-05
2.128550048828125 3.0463823932223023e-05
2.129550048828125 4.127193533349782e-05
2.130550048828125 2.9868457185136716e-05
2.131550048828125 3.175567275816693e-05
2.132550048828125 3.778830325851838e-05
2.133550048828125 3.587197104934603e-05
2.134550048828125 3.741711882563929e-05
2.135550048828125 4.522747825831175e-05
2.136550048828125 4.420292486126224e-05
2.137550048828125 4.5788594676802555e-05
2.138550048828125 4.377397204128405e-05
2.139550048828125 2.8661594512936858e-05
2.140550048828125 4.3884999176952984e-05
2.141550048828125 3.5695050052405955e-05
2.142550048828125 4.553008708171546e-05
2.143550048828125 3.6218105815351006e-05
2.144550048828125 3.423849877435714e-05
2.145550048828125 3.7997409914775445e-05
2.146550048828125 4.7632577673842505e-05
2.147550048828125 3.141374552797061e-05
2.148550048828125 3.698242401393751e-05
2.149550048828125 4.310341842938215e-05
2.150550048828125 3.44252088981382e-05
2.151550048828125 3.891515778377652e-05
2.152550048828125 4.8126139833281435e-05
2.153550048828125 3.5425169965795555e-05
2.154550048828125 4.944725660607219e-05
2.155550048828125 4.346268018707633e-05
2.156550048828125 3.926261425173531e-05
2.157550048828125 3.985368161617468e-05
2.158550048828125 4.185691999737173e-05
2.159550048828125 3.834626462776214e-05
2.160550048828125 3.719431768221278e-05
2.161550048828125 4.4954658175508185e-05
2.162550048828125 3.634229719561215e-05
2.163550048828125 4.189507376092176e-05
2.164550048828125 3.25360616746669e-05
2.165550048828125 4.963141788418094e-05
2.166550048828125 4.384523645664255e-05
2.167550048828125 3.939198970329016e-05
2.168550048828125 4.282252533206095e-05
2.169550048828125 3.7539815898939286e-05
2.170550048828125 4.083457638636971e-05
2.171550048828125 5.65157252519081e-05
2.172550048828125 2.904981717206656e-05
2.173550048828125 4.667584823134044e-05
2.174550048828125 4.407675665182372e-05
2.175550048828125 3.695895471427087e-05
2.176550048828125 3.144456704720818e-05
2.177550048828125 4.244268192754438e-05
2.178550048828125 4.112540181570996e-05
2.179550048828125 4.4360078366783754e-05
2.180550048828125 3.858330659568309e-05
2.181550048828125 4.0636459210266663e-05
2.182550048828125 3.597359234128887e-05
2.183550048828125 3.9569781317065164e-05
2.184550048828125 4.619389112728338e-05
2.185550048828125 4.801618478571376e-05
2.186550048828125 2.8415165201514843e-05
2.187550048828125 3.3982985963424045e-05
2.188550048828125 4.3653477526580294e-05
2.189550048828125 4.5556691475212574e-05
2.190550048828125 3.5057010827586054e-05
2.191550048828125 4.001544458636393e-05
2.192550048828125 4.485000332351774e-05
2.193550048828125 4.665111618426939e-05
2.194550048828125 3.850797036041816e-05
2.195550048828125 3.405198450998329e-05
2.196550048828125 3.926451434381306e-05
2.197550048828125 3.733625641347456e-05
2.198550048828125 4.277174729698648e-05
2.199550048828125 3.8327534130075944e-05
2.200550048828125 5.9941122308373445e-05
2.201550048828125 4.5337378037815234e-05
2.202550048828125 6.528191346054276e-05
2.203550048828125 3.499143862702928e-05
2.204550048828125 5.0036507454933604e-05
2.205550048828125 5.641359952278435e-05
2.206550048828125 4.962732695275918e-05
2.207550048828125 5.142148545322319e-05
2.208550048828125 5.635665846057236e-05
2.209550048828125 3.8240738368502394e-05
2.210550048828125 5.1239008898846803e-05
2.211550048828125 6.510242043683926e-05
2.212550048828125 5.7625150075182314e-05
2.213550048828125 5.4462389477218185e-05
2.214550048828125 5.7117051910609006e-05
2.215550048828125 5.1672257638225955e-05
2.216550048828125 5.4916981442863686e-05
2.217550048828125 4.2339701157095474e-05
2.218550048828125 6.300966643417875e-05
2.219550048828125 5.659800255671144e-05
2.220550048828125 4.464043035113718e-05
2.221550048828125 5.371287959860638e-05
2.222550048828125 5.41838665958494e-05
2.223550048828125 6.754798737044136e-05
2.224550048828125 4.878493972765518e-05
2.225550048828125 6.097589037381113e-05
2.226550048828125 5.120949631501226e-05
2.227550048828125 5.557649749486397e-05
2.228550048828125 4.964395273914679e-05
2.229550048828125 4.824175117171296e-05
2.230550048828125 7.168648182414471e-05
2.231550048828125 5.9263289440423253e-05
2.232550048828125 5.319578246185675e-05
2.233550048828125 6.478703503186504e-05
2.234550048828125 4.5865373139501274e-05
2.235550048828125 6.51897043765833e-05
2.236550048828125 7.53736263141036e-05
2.237550048828125 5.6145633988114637e-05
2.238550048828125 5.829462454626455e-05
2.239550048828125 7.967114681378006e-05
2.240550048828125 6.0012333172683914e-05
2.241550048828125 6.49053502517442e-05
2.242550048828125 7.716092669094603e-05
2.243550048828125 6.628445488372936e-05
2.244550048828125 7.64486386034339e-05
2.245550048828125 8.22866599385937e-05
2.246550048828125 6.865219872755308e-05
2.247550048828125 6.210035765737606e-05
2.248550048828125 7.627355749718845e-05
2.249550048828125 6.137116701596964e-05
2.250550048828125 7.918621801460783e-05
2.251550048828125 6.277739613627393e-05
2.252550048828125 6.781720633928975e-05
2.253550048828125 8.139474938313165e-05
2.254550048828125 6.202943138002107e-05
2.255550048828125 8.03937561189135e-05
2.256550048828125 9.2041139335682e-05
2.257550048828125 9.447885211557149e-05
2.258550048828125 5.884463150902075e-05
2.259550048828125 6.9208562519744e-05
2.260550048828125 8.299555823517342e-05
2.261550048828125 8.524057222530245e-05
2.262550048828125 5.965697045515602e-05
2.263550048828125 7.644688788180549e-05
2.264550048828125 8.307156136542056e-05
2.265550048828125 7.217968639452011e-05
2.266550048828125 7.498912668476501e-05
2.267550048828125 8.16042150836438e-05
2.268550048828125 7.204702667271098e-05
2.269550048828125 6.364167027641087e-05
2.270550048828125 5.744287572462851e-05
2.271550048828125 8.016293325151006e-05
2.272550048828125 8.322754874825477e-05
2.273550048828125 6.0122276055070145e-05
2.274550048828125 6.838269027260443e-05
2.275550048828125 6.057683329951638e-05
2.276550048828125 5.4253735555297075e-05
2.277550048828125 7.95928311223785e-05
2.278550048828125 4.9205769028048965e-05
2.279550048828125 5.9544707570845886e-05
2.280550048828125 5.58341281237403e-05
2.281550048828125 5.611795175354928e-05
2.282550048828125 4.9676967610139396e-05
2.283550048828125 5.374460248276591e-05
2.284550048828125 4.279264554497786e-05
2.285550048828125 4.7335049409108864e-05
2.286550048828125 3.849807816247145e-05
2.287550048828125 5.3144982666708534e-05
2.288550048828125 5.0601029070094224e-05
2.289550048828125 4.2806115040245155e-05
2.290550048828125 4.235816576207677e-05
2.291550048828125 3.834924796936997e-05
2.292550048828125 4.3280829753105836e-05
2.293550048828125 4.449221771210432e-05
2.294550048828125 3.9483188108230626e-05
2.295550048828125 3.843008880115424e-05
2.296550048828125 4.112295049708337e-05
2.297550048828125 3.502122301142663e-05
2.298550048828125 3.708831015198181e-05
2.299550048828125 3.343105296759556e-05
2.300550048828125 3.8948078290559345e-05
2.301550048828125 3.133920545224101e-05
2.302550048828125 3.409159360065436e-05
2.303550048828125 3.3417185380433994e-05
2.304550048828125 3.283935899768645e-05
2.305550048828125 2.6144223312174476e-05
2.306550048828125 3.409112997663518e-05
2.307550048828125 3.146383484515051e-05
2.308550048828125 3.1735385224844015e-05
2.309550048828125 2.9217675134229164e-05
2.310550048828125 3.2497114540698626e-05
2.311550048828125 2.9330297838896516e-05
2.312550048828125 2.0951803955650364e-05
2.313550048828125 2.876364645392944e-05
2.314550048828125 3.0323246804376443e-05
2.315550048828125 2.3468416281199703e-05
2.316550048828125 2.4858997130650098e-05
2.317550048828125 2.960904171535124e-05
2.318550048828125 2.4860724321721744e-05
2.319550048828125 2.5563824359172334e-05
2.320550048828125 2.6279764667075746e-05
2.321550048828125 3.307657199911773e-05
2.322550048828125 2.2574703286932046e-05
2.323550048828125 2.6433653159377478e-05
2.324550048828125 2.7349674686168633e-05
2.325550048828125 2.7545584404530622e-05
2.326550048828125 2.5994094515529774e-05
2.327550048828125 2.400773169938475e-05
2.328550048828125 2.5733761625209202e-05
2.329550048828125 2.583223977126181e-05
2.330550048828125 3.0176297101813055e-05
2.331550048828125 2.5335235016730927e-05
2.332550048828125 2.7122818088779847e-05
2.333550048828125 2.6007377988814067e-05
2.334550048828125 2.593020520483454e-05
2.335550048828125 2.4036124474757038e-05
2.336550048828125 2.9899108728083472e-05
2.337550048828125 2.9182137028935056e-05
2.338550048828125 2.823740457339833e-05
2.339550048828125 2.3452757916057424e-05
2.340550048828125 2.605585342583557e-05
2.341550048828125 3.0305032269097864e-05
2.342550048828125 2.7967877103947105e-05
2.343550048828125 2.4267713888548316e-05
2.344550048828125 3.1135752409075697e-05
2.345550048828125 3.097129694651812e-05
2.346550048828125 3.0359030157948535e-05
2.347550048828125 2.9922583295653263e-05
2.348550048828125 3.5573606146499516e-05
2.349550048828125 2.850148807434986e-05
2.350550048828125 2.4571616425722216e-05
2.351550048828125 3.580045498286684e-05
2.352550048828125 3.345612979804476e-05
2.353550048828125 3.781812129697452e-05
2.354550048828125 2.659554646622079e-05
2.355550048828125 3.365665189145754e-05
2.356550048828125 3.224298057223981e-05
2.357550048828125 3.238785604480654e-05
2.358550048828125 3.87016866200914e-05
2.359550048828125 3.801960536899666e-05
2.360550048828125 3.641264493732402e-05
2.361550048828125 3.922061393192659e-05
2.362550048828125 3.838633613971373e-05
2.363550048828125 4.130121630926927e-05
2.364550048828125 4.332595349599918e-05
2.365550048828125 4.087083837172637e-05
2.366550048828125 4.354907354960839e-05
2.367550048828125 4.69723204150796e-05
2.368550048828125 5.124329472891986e-05
2.369550048828125 5.3140295979877315e-05
2.370550048828125 5.404722217159966e-05
2.371550048828125 5.5364052144189676e-05
2.372550048828125 5.957714204366008e-05
2.373550048828125 5.936749163083732e-05
2.374550048828125 5.477486335924671e-05
2.375550048828125 7.403549505397678e-05
2.376550048828125 7.302994180160264e-05
2.377550048828125 7.375433497751752e-05
2.378550048828125 7.615467572274308e-05
2.379550048828125 7.930114244421322e-05
2.380550048828125 8.855493118365605e-05
2.381550048828125 8.772699744440614e-05
2.382550048828125 9.565037364761035e-05
2.383550048828125 9.897188826774557e-05
2.384550048828125 0.00010668824814880887
2.385550048828125 0.00011328709311783315
2.386550048828125 0.00011806486717735728
2.387550048828125 0.00012946762066955367
2.388550048828125 0.00013548105179021755
2.389550048828125 0.00014050027200331289
2.390550048828125 0.0001496653980575502
2.391550048828125 0.00015693014410013954
2.392550048828125 0.0001709742642318209
2.393550048828125 0.00017851112720867
2.394550048828125 0.00019114860023061435
2.395550048828125 0.00018984233494848013
2.396550048828125 0.00020338066543142
2.397550048828125 0.0002257629530504346
2.398550048828125 0.0002356928695614139
2.399550048828125 0.0002385229555269082
2.400550048828125 0.00026149481534957884
2.401550048828125 0.000266175651922822
2.402550048828125 0.0002876724333812793
2.403550048828125 0.000291252334912618
2.404550048828125 0.00030330971193810307
2.405550048828125 0.00032361327049632867
2.406550048828125 0.0003461996341745058
2.407550048828125 0.0003383100032806397
2.408550048828125 0.0003673477346698443
2.409550048828125 0.0003827426830927531
2.410550048828125 0.0003876621369272471
2.411550048828125 0.0004096664364139239
2.412550048828125 0.0004237693486114343
2.413550048828125 0.0004251585155725479
2.414550048828125 0.0004438444475332896
2.415550048828125 0.0004581834437946478
2.416550048828125 0.0004709891726573308
2.417550048828125 0.00048576502129435537
2.418550048828125 0.0005087007209658623
2.419550048828125 0.0005206332604090372
2.420550048828125 0.000530037134885788
2.421550048828125 0.000547902782758077
2.422550048828125 0.0005577930870155494
2.423550048828125 0.0005683272021512191
2.424550048828125 0.0005778246745467186
2.425550048828125 0.0005902517400681972
2.426550048828125 0.0006081847908596198
2.427550048828125 0.0006231704726815223
2.428550048828125 0.0006344502605497837
2.429550048828125 0.0006233931829531988
2.430550048828125 0.0006661403800050417
2.431550048828125 0.0006574686616659164
2.432550048828125 0.0006664363419016203
2.433550048828125 0.0006869715948899587
2.434550048828125 0.0006917244382202625
2.435550048828125 0.0007039220382769902
2.436550048828125 0.0007049497775733471
2.437550048828125 0.0007285452509919802
2.438550048828125 0.0007355905200044314
2.439550048828125 0.0007414122050007184
2.440550048828125 0.0007600975409150124
2.441550048828125 0.0007622032736738524
2.442550048828125 0.0007881163557370503
2.443550048828125 0.0007806630060076714
2.444550048828125 0.0008104402323563894
2.445550048828125 0.0008099744841456413
2.446550048828125 0.0008334806188941002
2.447550048828125 0.0008522058029969533
2.448550048828125 0.0008544176692763963
2.449550048828125 0.0008718678851922352
2.450550048828125 0.0008996420974532763
2.451550048828125 0.0009367702404658
2.452550048828125 0.0009485789885123571
2.453550048828125 0.0009560969968636831
2.454550048828125 0.0009806092580159505
2.455550048828125 0.0010243712365627289
2.456550048828125 0.0010250835120677948
2.457550048828125 0.0010697645073135691
2.458550048828125 0.0011113865052660306
2.459550048828125 0.0011282941699028016
2.460550048828125 0.001178310513496399
2.461550048828125 0.0012084533274173736
2.462550048828125 0.0012537433331211408
2.463550048828125 0.001289321482181549
2.464550048828125 0.0013385418554147084
2.465550048828125 0.0014106768121321996
2.466550048828125 0.0014533024777968724
2.467550048828125 0.001519560838739077
2.468550048828125 0.0016006641586621604
2.469550048828125 0.0016500663260618845
2.470550048828125 0.00172788900633653
2.471550048828125 0.0018470801909764608
2.472550048828125 0.0019177193194627761
2.473550048828125 0.0020156124979257583
2.474550048828125 0.002134053185582161
2.475550048828125 0.002218364452322324
2.476550048828125 0.002371957103411357
2.477550048828125 0.002484096189339956
2.478550048828125 0.002628728970885277
2.479550048828125 0.002822022661566734
2.480550048828125 0.0029700943330923718
2.481550048828125 0.0031851182878017423
2.482550048828125 0.003397219330072403
2.483550048828125 0.0035920801262060804
2.484550048828125 0.0038168531656265258
2.485550048828125 0.004120614876349767
2.486550048828125 0.0043848850329717
2.487550048828125 0.004718076785405477
2.488550048828125 0.00504978155096372
2.489550048828125 0.005416757514079412
2.490550048828125 0.005806117455164591
2.491550048828125 0.00622711181640625
2.492550048828125 0.006744985282421113
2.493550048828125 0.007248650888601939
2.494550048828125 0.007699829538663229
2.495550048828125 0.008352436621983846
2.496550048828125 0.008938241600990295
2.497550048828125 0.009593623280525206
2.498550048828125 0.010306444466114045
2.499550048828125 0.01106323500474294
2.500550048828125 0.011928236683209737
2.501550048828125 0.012647878328959148
2.502550048828125 0.013617674907048544
2.503550048828125 0.014556713501612344
2.504550048828125 0.015573443373044333
2.505550048828125 0.01661535680294037
2.506550048828125 0.01760830005009969
2.507550048828125 0.018816306591033935
2.508550048828125 0.019973796606063843
2.509550048828125 0.021148355007171632
2.510550048828125 0.022352507909138997
2.511550048828125 0.02361328800519307
2.512550048828125 0.024969269434611002
2.513550048828125 0.026134491761525474
2.514550048828125 0.027418030500411986
2.515550048828125 0.02870036005973816
2.516550048828125 0.029984155098597212
2.517550048828125 0.031356480121612545
2.518550048828125 0.03264364163080851
2.519550048828125 0.033869270086288455
2.520550048828125 0.03519916812578837
2.521550048828125 0.03654145002365112
2.522550048828125 0.03790797551472982
2.523550048828125 0.03900286157925924
2.524550048828125 0.040242059628168736
2.525550048828125 0.041523872216542565
2.526550048828125 0.04274042129516602
2.527550048828125 0.043940221468607585
2.528550048828125 0.0451361612478892
2.529550048828125 0.046370046933492025
2.530550048828125 0.04754483858744303
2.531550048828125 0.049165945847829184
2.532550048828125 0.05045246203740438
2.533550048828125 0.051853572527567546
2.534550048828125 0.053488926092783606
2.535550048828125 0.05518907944361369
2.536550048828125 0.0571579376856486
2.537550048828125 0.05929786841074625
2.538550048828125 0.0616548244158427
2.539550048828125 0.06436763207117716
2.540550048828125 0.06675366322199502
2.541550048828125 0.06958879629770914
2.542550048828125 0.07182291905085246
2.543550048828125 0.07499839703241984
2.544550048828125 0.07808465321858724
2.545550048828125 0.08177431265513102
2.546550048828125 0.08584794759750367
2.547550048828125 0.09073813199996947
2.548550048828125 0.09605965852737428
2.549550048828125 0.10088103930155437
2.550550048828125 0.10716465791066489
2.551550048828125 0.11442299048105875
2.552550048828125 0.12184005101521811
2.553550048828125 0.13038826942443849
2.554550048828125 0.1395779005686442
2.555550048828125 0.14880027135213217
2.556550048828125 0.15957975069681804
2.557550048828125 0.17113683382670086
2.558550048828125 0.18499156475067138
2.559550048828125 0.19977721850077312
2.560550048828125 0.2163904158274333
2.561550048828125 0.2303928502400716
2.562550048828125 0.2480431620279948
2.563550048828125 0.26321032842000325
2.564550048828125 0.28234655062357583
2.565550048828125 0.29928044954935706
2.566550048828125 0.31807579676310216
2.567550048828125 0.33537476857503257
2.568550048828125 0.3510587946573893
2.569550048828125 0.3691219011942546
2.570550048828125 0.3818020947774251
2.571550048828125 0.39825462341308593
2.572550048828125 0.4120248158772786
2.573550048828125 0.4229191017150879
2.574550048828125 0.4337997627258301
2.575550048828125 0.44115542093912763
2.576550048828125 0.44723068237304686
2.577550048828125 0.45167776743570964
2.578550048828125 0.45369876225789385
2.579550048828125 0.4518058204650879
2.580550048828125 0.45405260086059573
2.581550048828125 0.44901374816894535
2.582550048828125 0.4438078816731771
2.583550048828125 0.43775899887084957
2.584550048828125 0.4321420669555664
2.585550048828125 0.42228179931640625
2.586550048828125 0.41242515563964843
2.587550048828125 0.40291374842325844
2.588550048828125 0.3914474169413249
2.589550048828125 0.3810957717895508
2.590550048828125 0.3682876173655192
2.591550048828125 0.35399592717488604
2.592550048828125 0.34314988454182943
2.593550048828125 0.33048498471577964
2.594550048828125 0.3171693833669027
2.595550048828125 0.3063543542226156
2.596550048828125 0.29555115063985193
2.597550048828125 0.2858791287740071
2.598550048828125 0.27832125027974447
