microns throughput
0.39779000854492186 9.308151579142294e-08
0.39879000854492186 8.177984932207967e-09
0.39979000854492186 3.540848370361024e-08
0.40079000854492186 6.371256987621384e-08
0.40179000854492186 6.729821181069203e-08
0.40279000854492186 8.293520803004384e-08
0.40379000854492186 7.943169177515586e-08
0.40479000854492186 3.291622908611439e-08
0.40579000854492187 5.084749108726546e-08
0.40679000854492187 8.08446810518504e-08
0.40779000854492187 8.603175292017558e-08
0.40879000854492187 1.6386675421623902e-07
0.40979000854492187 5.7213733623366165e-08
0.41079000854492187 1.1770903594943151e-07
0.41179000854492187 1.0646867260858764e-07
0.41279000854492187 7.601892810941515e-08
0.4137900085449219 1.5165986852879364e-07
0.4147900085449219 2.1748396784223212e-08
0.4157900085449219 3.835093227137302e-08
0.4167900085449219 1.6668891233232825e-08
0.4177900085449219 1.4608083470276273e-08
0.4187900085449219 2.546017996281809e-08
0.4197900085449219 2.145942085007846e-07
0.4207900085449219 4.448864951100973e-08
0.4217900085449219 1.9317568707618212e-08
0.4227900085449219 9.999999939225291e-11
0.4237900085449219 8.927660003858288e-09
0.4247900085449219 5.327431830792761e-08
0.4257900085449219 1.8818035053029073e-07
0.4267900085449219 1.274919020222143e-07
0.4277900085449219 1.0411772371969145e-07
0.4287900085449219 2.7679588280686096e-07
0.4297900085449219 2.7217035759955857e-07
0.4307900085449219 2.9411010945630994e-07
0.4317900085449219 2.0146532296501835e-07
0.4327900085449219 1.057066378695737e-07
0.4337900085449219 8.094726634322314e-08
0.4347900085449219 1.0722145111478435e-07
0.4357900085449219 2.812091335790967e-08
0.4367900085449219 3.136682565981393e-08
0.4377900085449219 6.419904891548829e-08
0.4387900085449219 5.703618641235882e-08
0.4397900085449219 1.164296008671073e-07
0.4407900085449219 8.140641885627057e-08
0.4417900085449219 2.3436014695713917e-07
0.4427900085449219 1.6234689797241705e-07
0.4437900085449219 1.8279087119784286e-07
0.4447900085449219 1.8421726298919103e-07
0.4457900085449219 1.5969191053955e-07
0.4467900085449219 5.6517548398341925e-08
0.4477900085449219 1.4988173006713625e-07
0.44879000854492185 2.3646893472080894e-07
0.44979000854492185 8.96623356139159e-08
0.45079000854492185 3.3047215081497914e-08
0.45179000854492185 9.637717423238713e-08
0.45279000854492185 5.3904761845302577e-08
0.45379000854492185 2.5948431935004145e-08
0.45479000854492185 9.999999939225291e-11
0.45579000854492185 3.966813187409694e-08
0.45679000854492186 1.1639441822808294e-07
0.45779000854492186 9.867689845825348e-08
0.45879000854492186 5.174095030646697e-08
0.45979000854492186 2.53458960663977e-08
0.46079000854492186 2.1845949930524948e-08
0.46179000854492186 4.3208926245874576e-08
0.46279000854492186 9.315356896670106e-08
0.46379000854492186 9.128413805292723e-08
0.46479000854492186 4.996775143872867e-08
0.46579000854492186 9.999999939225291e-11
0.46679000854492186 8.548461332876419e-09
0.46779000854492186 5.022248119897673e-08
0.46879000854492187 4.005501291981517e-08
0.46979000854492187 5.99422245498952e-08
0.47079000854492187 6.822316564865834e-08
0.47179000854492187 9.999999939225291e-11
0.47279000854492187 1.0411997984830871e-07
0.47379000854492187 8.800599875365596e-08
0.47479000854492187 1.5787325100398893e-07
0.47579000854492187 1.9544593919581154e-08
0.4767900085449219 2.3124498458315657e-08
0.4777900085449219 1.6714189740400324e-08
0.4787900085449219 7.409774257579235e-08
0.4797900085449219 1.8774516594710632e-08
0.4807900085449219 4.054998930561974e-08
0.4817900085449219 3.7945700843700076e-08
0.4827900085449219 9.999999939225291e-11
0.4837900085449219 9.927178226861364e-08
0.4847900085449219 3.330030850919504e-08
0.4857900085449219 6.768120685081887e-08
0.4867900085449219 3.556908338827232e-08
0.4877900085449219 1.25456153125351e-07
0.4887900085449219 7.43431177774312e-08
0.4897900085449219 6.011050019368487e-08
0.4907900085449219 7.019705470826902e-08
0.4917900085449219 7.429759077304254e-08
0.4927900085449219 8.175378282497072e-09
0.4937900085449219 8.39580316588003e-08
0.4947900085449219 6.819753323246876e-08
0.4957900085449219 1.0493599079749081e-07
0.4967900085449219 1.4347496766949536e-08
0.4977900085449219 8.90154309226195e-09
0.4987900085449219 1.3323022987066224e-08
0.4997900085449219 6.964430781408736e-08
0.5007900085449218 1.2857069933887762e-07
0.5017900085449218 9.8872915964184e-08
0.5027900085449218 7.886919903684249e-08
0.5037900085449218 5.851045782101494e-08
0.5047900085449218 1.4771921943435017e-08
0.5057900085449218 3.2106465946609336e-08
0.5067900085449218 3.630847681179716e-08
0.5077900085449218 1.9152821285987422e-08
0.5087900085449218 1.3287681538779831e-08
0.5097900085449218 3.9440915540941055e-09
0.5107900085449218 2.1582466283772327e-08
0.5117900085449218 7.132894908353411e-08
0.5127899780273437 2.5643949241131263e-08
0.5137899780273437 5.0271426603742954e-08
0.5147899780273437 9.952668768834865e-08
0.5157899780273437 3.5566613392212785e-08
0.5167899780273437 5.244709008126828e-08
0.5177899780273437 2.8425960506931838e-08
0.5187899780273437 5.185043295904042e-08
0.5197899780273437 9.999999939225291e-11
0.5207899780273437 5.227237101982733e-08
0.5217899780273437 4.843280119626314e-08
0.5227899780273437 1.469401488500092e-07
0.5237899780273437 8.990449656298694e-08
0.5247899780273437 7.065127985761421e-08
0.5257899780273437 8.962640529445546e-08
0.5267899780273437 1.5346485666700714e-07
0.5277899780273437 1.1118651797037415e-07
0.5287899780273437 6.254544907916919e-08
0.5297899780273437 2.231001616041321e-09
0.5307899780273437 7.29110484654072e-08
0.5317899780273437 6.320482058471318e-08
0.5327899780273437 6.120060083751137e-08
0.5337899780273437 1.6624336846386237e-07
0.5347899780273437 8.482803476095313e-08
0.5357899780273437 1.3994319109163674e-07
0.5367899780273437 1.2796917417290388e-07
0.5377899780273437 8.19671674623379e-08
0.5387899780273437 8.023947237904375e-08
0.5397899780273437 2.3909766620514955e-07
0.5407899780273437 5.982088300123441e-08
0.5417899780273437 2.383041734758488e-08
0.5427899780273437 5.220156988894331e-08
0.5437899780273437 8.074781433127972e-08
0.5447899780273437 1.359855847719397e-07
0.5457899780273437 5.548169363193504e-08
0.5467899780273437 8.776188410960136e-08
0.5477899780273437 4.608371677150558e-08
0.5487899780273438 9.999999939225291e-11
0.5497899780273438 2.8394063769828408e-08
0.5507899780273438 1.8240191156445224e-07
0.5517899780273438 2.2978955409295548e-07
0.5527899780273438 2.8186367946325676e-08
0.5537899780273438 1.0692382561868405e-07
0.5547899780273438 1.968054334344771e-07
0.5557899780273438 1.2042057296065186e-07
0.5567899780273438 1.27240501775668e-07
0.5577899780273438 2.8493663292531814e-08
0.5587899780273438 1.4215477542804203e-07
0.5597899780273438 1.1529456567682673e-07
0.5607899780273438 4.423841848399945e-09
0.5617899780273438 5.279455682109339e-08
0.5627899780273438 8.962119916855471e-08
0.5637899780273438 1.0416623220136737e-07
0.5647899780273438 2.180512424250954e-08
0.5657899780273438 1.1846849264992206e-07
0.5667899780273438 9.906503663318725e-09
0.5677899780273438 1.520960404377547e-07
0.5687899780273438 6.980896288440638e-08
0.5697899780273438 5.635489854771691e-08
0.5707899780273438 1.1224035461054882e-07
0.5717899780273438 3.5831742250339956e-08
0.5727899780273438 3.448296898393247e-08
0.5737899780273438 8.859562699766362e-08
0.5747899780273438 5.079339545262703e-08
0.5757899780273438 5.707475411694437e-08
0.5767899780273438 2.1087121944892336e-08
0.5777899780273438 1.7675304355850112e-07
0.5787899780273438 1.2709171543464255e-07
0.5797899780273438 1.249242713526518e-07
0.5807899780273438 4.8864339365906056e-08
0.5817899780273438 7.026494709035566e-09
0.5827899780273438 7.334453620148432e-08
0.5837899780273438 1.2313271665398418e-07
0.5847899780273438 7.82223330701252e-08
0.5857899780273438 1.79399627868726e-07
0.5867899780273438 6.88280675431585e-08
0.5877899780273438 8.90339187339014e-08
0.5887899780273438 3.560845996138558e-08
0.5897899780273438 1.1224358215322638e-07
0.5907899780273438 5.045663376002096e-09
0.5917899780273438 9.566164367610005e-08
0.5927899780273438 1.1466292428578366e-07
0.5937899780273438 1.7860740644544867e-07
0.5947899780273438 1.0837327653797266e-07
0.5957899780273438 1.260989989360084e-07
0.5967899780273438 3.312356248234375e-07
0.5977899780273438 4.196040184349196e-08
0.5987899780273438 7.619029889068448e-08
0.5997899780273438 3.7845765213558494e-08
0.6007899780273438 1.28722068450197e-07
0.6017899780273438 1.3174698172709515e-07
0.6027899780273438 1.7564004944385185e-07
0.6037899780273438 3.010908812939306e-07
0.6047899780273438 3.892363599581709e-08
0.6057899780273438 7.405449534481079e-08
0.6067899780273438 1.4074591356531366e-07
0.6077899780273438 5.978626550865823e-08
0.6087899780273438 7.635312289829461e-08
0.6097899780273438 4.307520969544972e-08
0.6107899780273438 6.479317387952932e-08
0.6117899780273437 4.901857717509728e-08
0.6127899780273437 1.0990448473820655e-07
0.6137899780273437 1.5378103148370552e-07
0.6147899780273437 4.905037658116858e-08
0.6157899780273437 1.290623001996375e-07
0.6167899780273437 1.7750411527295287e-07
0.6177899780273437 1.2853006579494066e-07
0.6187899780273437 1.0461626872200944e-07
0.6197899780273437 1.4462184195540572e-07
0.6207899780273437 1.4541521388948077e-07
0.6217899780273437 1.5291107519595688e-07
0.6227899780273437 1.0822166831866061e-07
0.6237899780273437 1.485127197590567e-07
0.6247899780273437 1.0116111636371272e-07
0.6257899780273437 6.72794481770822e-08
0.6267899780273437 2.3488975044561043e-07
0.6277899780273437 8.87236347058007e-09
0.6287899780273437 9.237600917977317e-08
0.6297899780273437 4.726600892753414e-08
0.6307899780273437 1.5944415165058957e-07
0.6317899780273437 8.709744366027413e-08
0.6327899780273437 3.4602830911723e-08
0.6337899780273437 7.788826941338793e-08
0.6347899780273437 5.351160075199127e-08
0.6357899780273437 3.5576140457275565e-07
0.6367899780273437 1.4097632553481768e-07
0.6377899780273437 9.678171520199896e-08
0.6387899780273437 1.3217343522627563e-07
0.6397899780273437 2.7816714785059793e-07
0.6407899780273437 1.2155157375737246e-07
0.6417899780273437 1.1098291318104949e-07
0.6427899780273437 1.558530313502023e-07
0.6437899780273437 1.2577482301582657e-07
0.6447899780273437 1.3703224812496492e-07
0.6457899780273437 1.7261122990053223e-07
0.6467899780273437 7.276093333323056e-08
0.6477899780273437 1.4140480402602407e-07
0.6487899780273437 9.680565555244176e-08
0.6497899780273437 1.972650280131679e-07
0.6507899780273437 1.051618780308535e-07
0.6517899780273437 1.3519405911210925e-07
0.6527899780273437 1.3668183952209033e-07
0.6537899780273437 1.9777980032239146e-07
0.6547899780273437 1.7318959139996555e-07
0.6557899780273437 1.525459642455947e-07
0.6567899780273437 2.0853908305677275e-07
0.6577899780273437 2.9379548626214577e-07
0.6587899780273437 9.233544041068834e-08
0.6597899780273437 2.1161648798321647e-07
0.6607899780273437 2.2961017118442818e-07
0.6617899780273437 2.997966076027462e-07
0.6627899780273437 1.8768976320101177e-07
0.6637899780273437 2.3510278290543122e-07
0.6647899780273437 2.1552211079356457e-07
0.6657899780273437 2.1349166707966085e-07
0.6667899780273437 2.180728339832664e-07
0.6677899780273437 4.4121280249479844e-07
0.6687899780273437 3.6058609111933036e-07
0.6697899780273437 3.0498611825654127e-07
0.6707899780273437 3.0699570288561515e-07
0.6717899780273437 2.6616005051198024e-07
0.6727899780273437 3.422468536825226e-07
0.6737899780273438 2.6006720132532025e-07
0.6747899780273438 2.0404384806808432e-07
0.6757899780273438 2.1138439079582125e-07
0.6767899780273438 2.959198506384079e-07
0.6777899780273438 2.5654578335920773e-07
0.6787899780273438 3.049705355806509e-07
0.6797899780273438 4.4719593158030565e-07
0.6807899780273438 3.779922364325709e-07
0.6817899780273438 3.302868602380234e-07
0.6827899780273438 2.785328827788665e-07
0.6837899780273438 2.5270827412289996e-07
0.6847899780273438 3.377004168214626e-07
0.6857899780273438 3.971879171634404e-07
0.6867899780273438 2.7845246070986225e-07
0.6877899780273438 2.9866219410331263e-07
0.6887899780273438 2.5426676547220713e-07
0.6897899780273438 3.629368529800559e-07
0.6907899780273438 3.74693569053323e-07
0.6917899780273438 3.57035546761549e-07
0.6927899780273438 2.8931247167444475e-07
0.6937899780273438 3.2439776853336137e-07
0.6947899780273438 3.2603898507084964e-07
0.6957899780273438 3.7282540082136015e-07
0.6967899780273438 3.8660349842789544e-07
0.6977899780273438 3.667179710949616e-07
0.6987899780273438 3.044715837556093e-07
0.6997899780273438 1.7821958123054316e-07
0.7007899780273438 3.1767690585216006e-07
0.7017899780273438 3.753077218486093e-07
0.7027899780273438 2.8445522899378516e-07
0.7037899780273438 3.24677847250617e-07
0.7047899780273438 3.370336831058177e-07
0.7057899780273438 3.2956679509273573e-07
0.7067899780273438 3.15651028965173e-07
0.7077899780273438 2.8124870368628765e-07
0.7087899780273438 2.911619731094106e-07
0.7097899780273438 2.572566359049233e-07
0.7107899780273438 2.2409654813297192e-07
0.7117899780273438 1.5162503756105394e-07
0.7127899780273438 2.0147209736087743e-07
0.7137899780273438 3.128653939047747e-07
0.7147899780273438 2.467611348529649e-07
0.7157899780273438 3.090822519880021e-07
0.7167899780273438 2.769744666390276e-07
0.7177899780273438 3.8236015843147915e-07
0.7187899780273438 3.1690025139141657e-07
0.7197899780273438 3.5052510005092094e-07
0.7207899780273438 3.609641456951233e-07
0.7217899780273438 3.5279741041449595e-07
0.7227899780273438 3.9149202259706563e-07
0.7237899780273438 3.6263435976587506e-07
0.7247899780273438 3.9788122194295286e-07
0.7257899780273438 4.2692965204575257e-07
0.7267899780273438 2.3768758940908205e-07
0.7277899780273438 2.816961161385597e-07
0.7287899780273438 2.9929381543632636e-07
0.7297899780273438 2.0776194711894883e-07
0.7307899780273438 2.527325805449602e-07
0.7317899780273438 1.5677657092390736e-07
0.7327899780273438 3.0142525209460776e-07
0.7337899780273438 2.7858909730671403e-07
0.7347899780273438 2.902657555144591e-07
0.7357899780273438 2.9690708323630116e-07
0.7367899780273437 3.181518773335649e-07
0.7377899780273437 4.1212170514004494e-07
0.7387899780273437 3.8831441431833964e-07
0.7397899780273437 3.328699132850351e-07
0.7407899780273437 3.565485091409452e-07
0.7417899780273437 3.0520254692116096e-07
0.7427899780273437 3.719177857419709e-07
0.7437899780273437 2.2754669806760811e-07
0.7447899780273437 2.6508039978612176e-07
0.7457899780273437 1.649543789368953e-07
0.7467899780273437 1.9753820366563703e-07
0.7477899780273437 2.3189287579346758e-07
0.7487899780273437 3.5298845962946264e-07
0.7497899780273437 4.147325720775067e-07
0.7507899780273437 4.085391507639239e-07
0.7517899780273437 4.2719436957365054e-07
0.7527899780273437 3.5217579690716156e-07
0.7537899780273437 3.9863480803129886e-07
0.7547899780273437 3.2666715469531484e-07
0.7557899780273437 2.2862152205593843e-07
0.7567899780273437 3.904707333883077e-07
0.7577899780273437 3.452235652427286e-07
0.7587899780273437 3.1508606922248107e-07
0.7597899780273437 2.590998354756735e-07
0.7607899780273437 2.943707676061891e-07
0.7617899780273437 2.342316811828245e-07
0.7627899780273437 2.586670736433779e-07
0.7637899780273437 2.5595575321890605e-07
0.7647899780273437 3.210654466423435e-07
0.7657899780273437 3.4593766031321136e-07
0.7667899780273437 3.126871524727903e-07
0.7677899780273437 2.7560687479037206e-07
0.7687899780273437 2.591362965631561e-07
0.7697899780273437 2.862898524350991e-07
0.7707899780273437 3.6863355793078277e-07
0.7717899780273437 3.0082135877851356e-07
0.7727899780273437 2.2637488958328807e-07
0.7737899780273437 2.767009681159394e-07
0.7747899780273437 2.876747040640263e-07
0.7757899780273437 2.3993633645691404e-07
0.7767899780273437 1.652528525501277e-07
0.7777899780273437 1.8313566402324473e-07
0.7787899780273437 2.444699344872348e-07
0.7797899780273437 2.5814234959398165e-07
0.7807899780273437 1.473886603283366e-07
0.7817899780273437 3.352200201334199e-07
0.7827899780273437 2.2462184933254767e-07
0.7837899780273437 4.1189526806798923e-07
0.7847899780273437 2.263980453183952e-07
0.7857899780273437 1.745430800307683e-07
0.7867899780273437 1.523598789635964e-07
0.7877899780273437 3.0420585383309866e-07
0.7887899780273437 2.6208952815132135e-07
0.7897899780273437 1.2896719792543365e-07
0.7907899780273437 2.405256329381563e-07
0.7917899780273437 1.6308949549663035e-07
0.7927899780273437 2.6369614751035425e-07
0.7937899780273437 1.0901539798731837e-07
0.7947899780273437 1.2270579377767395e-07
0.7957899780273437 1.1391694798875325e-07
0.7967899780273437 6.32080002160862e-08
0.7977899780273437 1.7200605210117103e-07
0.7987899780273438 9.745012622812512e-08
0.7997899780273438 1.9671503161670908e-07
0.8007899780273438 2.5017582176042617e-07
0.8017899780273438 2.5733796601689384e-07
0.8027899780273438 1.4287769885985648e-07
0.8037899780273438 2.3478704668513933e-07
0.8047899780273438 7.38080113416979e-08
0.8057899780273438 1.9022320558417705e-07
0.8067899780273438 1.4037792319368062e-07
0.8077899780273438 1.0584866453262027e-07
0.8087899780273438 1.8199655653663896e-07
0.8097899780273438 9.638538201633092e-08
0.8107899780273438 2.2513658750031605e-07
0.8117899780273438 3.654793745280302e-08
0.8127899780273438 2.546151644879903e-07
0.8137899780273438 1.7210334010369367e-07
0.8147899780273438 2.442467687767588e-07
0.8157899780273438 3.644683435608554e-07
0.8167899780273438 1.688004499752538e-07
0.8177899780273438 1.5905755343150568e-07
0.8187899780273438 1.9904953299933622e-07
0.8197899780273438 2.9353020507905884e-07
0.8207899780273438 1.782474366318767e-07
0.8217899780273438 3.330395008721127e-07
0.8227899780273438 3.4087350795984426e-07
0.8237899780273438 1.29904184834862e-07
0.8247899780273438 1.802521095030838e-07
0.8257899780273438 2.287291910483982e-07
0.8267899780273438 3.201812449935389e-08
0.8277899780273438 1.193647692987074e-07
0.8287899780273438 2.568606238431683e-07
0.8297899780273438 2.5647876748363385e-07
0.8307899780273438 2.1602861435034014e-07
0.8317899780273438 2.0026793649810035e-07
0.8327899780273438 2.2981339152842993e-07
0.8337899780273438 3.7569118833120176e-07
0.8347899780273438 4.2889823496430845e-07
0.8357899780273438 5.092036839555045e-07
0.8367899780273438 2.9974654710801374e-07
0.8377899780273438 2.182254179822901e-07
0.8387899780273438 4.2210692581698697e-07
0.8397899780273438 4.6823774868780933e-07
0.8407899780273438 3.3184556055072387e-07
0.8417899780273438 1.3023293285157804e-07
0.8427899780273438 2.6922105636663677e-07
0.8437899780273438 3.676801794753796e-07
0.8447899780273438 3.444858312351448e-07
0.8457899780273438 4.511007093285264e-07
0.8467899780273438 2.472840505940998e-07
0.8477899780273438 3.8819105605773324e-07
0.8487899780273438 4.948458460948252e-07
0.8497899780273438 3.2118366167686166e-07
0.8507899780273438 3.7599449292729843e-07
0.8517899780273438 4.339995897660386e-07
0.8527899780273438 3.186843583672922e-07
0.8537899780273438 1.721201587620756e-07
0.8547899780273438 5.861582851881308e-07
0.8557899780273438 4.985252374242084e-07
0.8567899780273438 4.7461247468423116e-07
0.8577899780273438 3.6814795806306375e-07
0.8587899780273438 2.0152543719654983e-08
0.8597899780273438 3.779530705776053e-07
0.8607899780273438 6.911995138290318e-07
0.8617899780273437 5.981481157707e-07
0.8627899780273437 4.952660106066033e-07
0.8637899780273437 3.04075676764055e-07
0.8647899780273437 2.6308201042527373e-07
0.8657899780273437 1.7313874292710063e-07
0.8667899780273437 2.54915585512109e-07
0.8677899780273437 1.0000000000000002e-10
0.8687899780273437 2.382658738361702e-07
0.8697899780273437 1.0000000000000002e-10
0.8707899780273437 1.0000000000000002e-10
0.8717899780273437 1.0000000000000002e-10
0.8727899780273437 2.74385506827379e-07
0.8737899780273437 1.0000000000000002e-10
0.8747899780273437 3.3719575531137e-07
0.8757899780273437 9.344175787089313e-07
0.8767899780273437 1.1194262714349484e-06
0.8777899780273437 1.0000000000000002e-10
0.8787899780273437 1.0000000000000002e-10
0.8797899780273437 1.1535654388936774e-06
0.8807899780273437 2.7173432237525166e-07
0.8817899780273437 2.4753233294686953e-07
0.8827899780273437 9.369602616828033e-07
0.8837899780273437 9.763304716037898e-07
0.8847899780273437 7.757774097318577e-07
0.8857899780273437 2.098794831343404e-06
0.8867899780273437 1.4008399895955627e-06
0.8877899780273437 2.6361664224118807e-08
0.8887899780273437 2.0259966270675847e-06
0.8897899780273437 1.0000000000000002e-10
0.8907899780273437 2.820842868487816e-06
0.8917899780273437 1.0000000000000002e-10
0.8927899780273437 1.0000000000000002e-10
0.8937899780273437 2.53218430142196e-06
0.8947899780273437 1.0000000000000002e-10
0.8957899780273437 4.584959122048992e-06
0.8967899780273437 1.0000000000000002e-10
0.8977899780273437 4.1347645773137375e-07
0.8987899780273437 1.2393133643181629e-07
0.8997899780273437 3.5971319094015714e-07
0.9007899780273437 6.341377801432047e-08
0.9017899780273437 2.3181161518904327e-07
0.9027899780273437 9.564806180769566e-08
0.9037899780273437 2.6723787087200317e-07
0.9047899780273437 4.2663958673981387e-07
0.9057899780273437 4.2956462237249785e-07
0.9067899780273437 2.996873130978759e-07
0.9077899780273437 1.8617252157461973e-07
0.9087899780273437 3.036479664708434e-07
0.9097899780273437 3.7141505626078957e-07
0.9107899780273437 5.695836797617315e-08
0.9117899780273437 3.5099386861597914e-07
0.9127899780273437 5.869375312310103e-07
0.9137899780273437 2.544488825822923e-07
0.9147899780273437 4.0760321229962285e-07
0.9157899780273437 2.580603191253388e-07
0.9167899780273437 4.0895430659784636e-07
0.9177899780273437 3.6354232552094014e-07
0.9187899780273437 2.2072090084812752e-07
0.9197899780273437 4.912119470624866e-07
0.9207899780273437 3.5729713762411314e-07
0.9217899780273437 3.776498443179178e-07
0.9227899780273437 5.303605691544221e-07
0.9237899780273438 3.677593126183622e-07
0.9247899780273438 4.968051234704637e-07
0.9257899780273438 4.573400343001161e-07
0.9267899780273438 2.391588343387582e-07
0.9277899780273438 5.600073679443577e-07
0.9287899780273438 7.502417440864112e-07
0.9297899780273438 7.559695034675309e-07
0.9307899780273438 3.895252733426254e-07
0.9317899780273438 6.616606679237641e-07
0.9327899780273438 7.651988012570783e-07
0.9337899780273438 4.5733501226382636e-07
0.9347899780273438 6.666836017130639e-07
0.9357899780273438 7.038711615511536e-07
0.9367899780273438 7.540206363774024e-07
0.9377899780273438 6.214435974941649e-07
0.9387899780273438 7.73131221823171e-07
0.9397899780273438 5.008399055797999e-07
0.9407899780273438 5.647587951018099e-07
0.9417899780273438 4.7203741240400355e-07
0.9427899780273438 6.719563772554698e-07
0.9437899780273438 6.40305080873076e-07
0.9447899780273438 4.870514750976194e-07
0.9457899780273438 3.5630991533816054e-07
0.9467899780273438 7.081874088602475e-07
0.9477899780273438 7.364279786068255e-07
0.9487899780273438 7.187516041806735e-07
0.9497899780273438 4.588741288224446e-07
0.9507899780273438 7.879906983622968e-07
0.9517899780273438 6.962180908471538e-07
0.9527899780273438 7.837386021976991e-07
0.9537899780273438 9.550062592009407e-07
0.9547899780273438 7.249549690764863e-07
0.9557899780273438 7.201205193061246e-07
0.9567899780273438 7.887203839117894e-07
0.9577899780273438 1.0438443623587551e-06
0.9587899780273438 8.361159013985967e-07
0.9597899780273438 6.208277686586676e-07
0.9607899780273438 6.938653733436468e-07
0.9617899780273438 7.444789077128944e-07
0.9627899780273438 4.2982929649566946e-07
0.9637899780273438 6.673009559423265e-07
0.9647899780273438 6.331366573005133e-07
0.9657899780273438 8.167270694452336e-07
0.9667899780273438 7.021652976548577e-07
0.9677899780273438 5.682924875532799e-07
0.9687899780273438 9.730888672890828e-07
0.9697899780273438 8.380698925195739e-07
0.9707899780273438 7.615912977842321e-07
0.9717899780273438 8.585741508363175e-07
0.9727899780273438 9.729093900214115e-07
0.9737899780273438 6.771942657578493e-07
0.9747899780273438 6.859662631851152e-07
0.9757899780273438 8.489761169099414e-07
0.9767899780273438 7.046707112993241e-07
0.9777899780273438 5.491376792745082e-07
0.9787899780273438 3.497513069196639e-07
0.9797899780273438 6.67818420392035e-07
0.9807899780273438 5.957845872912916e-07
0.9817899780273438 6.942799363851342e-07
0.9827899780273438 4.2970283699159226e-07
0.9837899780273438 4.93010662494213e-07
0.9847899780273438 5.919135501464151e-07
0.9857899780273438 6.913892664413035e-07
0.9867899780273437 8.982540437849002e-07
0.9877899780273437 4.401956666697743e-07
0.9887899780273437 7.432815538951974e-07
0.9897899780273437 9.1209103071542e-07
0.9907899780273437 7.631616178331932e-07
0.9917899780273437 6.068575745527605e-07
0.9927899780273437 6.609012100121815e-07
0.9937899780273437 7.072130190751458e-07
0.9947899780273437 7.939665538712104e-07
0.9957899780273437 7.850011283595554e-07
0.9967899780273437 7.2064571062506e-07
0.9977899780273437 7.53762381425912e-07
0.9987899780273437 5.179648287594319e-06
0.9997899780273437 4.5080169123442226e-06
1.0007899780273437 4.93461688165553e-06
1.0017899780273438 5.267462256597355e-06
1.0027899780273437 4.68872730076934e-06
1.0037899780273438 4.885373200522735e-06
1.0047899780273437 5.1480098045431074e-06
1.0057899780273438 5.916801746934653e-06
1.0067899780273437 4.7238385013770315e-06
1.0077899780273438 3.5439525527181104e-06
1.0087899780273437 3.740772178086142e-06
1.0097899780273438 4.7010641719680286e-06
1.0107899780273437 4.814268177142367e-06
1.0117899780273438 3.816725608582298e-06
1.0127899780273437 3.978665481554344e-06
1.0137899780273438 4.324643474925931e-06
1.0147899780273437 5.077540651351834e-06
1.0157899780273438 4.7688267174332085e-06
1.0167899780273437 4.567754658637569e-06
1.0177899780273438 3.4071663200544816e-06
1.0187899780273437 3.967662172120375e-06
1.0197899780273438 4.752217452429856e-06
1.0207899780273437 4.2301381957562015e-06
1.0217899780273438 5.254486022749915e-06
1.0227899780273437 3.864007206478467e-06
1.0237899780273438 4.287995786095659e-06
1.0247900390625 5.132343697672089e-06
1.0257900390625 4.261521195682387e-06
1.0267900390625 3.6394697963260117e-06
1.0277900390625 4.14008361985907e-06
1.0287900390625 3.438426356296986e-06
1.0297900390625 2.887099738776063e-06
1.0307900390625 3.2153324961351853e-06
1.0317900390625 3.7321609367306034e-06
1.0327900390625 2.870908986854677e-06
1.0337900390625 3.6937971890438348e-06
1.0347900390625 3.5357028051900367e-06
1.0357900390625 3.1639424560125913e-06
1.0367900390625 4.0974110015667975e-06
1.0377900390625 3.3729474671417847e-06
1.0387900390625 3.138744238337192e-06
1.0397900390625 3.917123006734377e-06
1.0407900390625 3.498536146556338e-06
1.0417900390625 2.913596205568562e-06
1.0427900390625 2.954341616714373e-06
1.0437900390625 4.456137879363571e-06
1.0447900390625 3.6550411702288935e-06
1.0457900390625 4.156840004725382e-06
1.0467900390625 3.820106988617529e-06
1.0477900390625 3.663509802815194e-06
1.0487900390625 3.5523743038841835e-06
1.0497900390625 2.244208214203051e-06
1.0507900390625 3.3182600357880194e-06
1.0517900390625 2.8729101904900746e-06
1.0527900390625 3.005244167676817e-06
1.0537900390625 3.1418652846089873e-06
1.0547900390625 3.3459419986077894e-06
1.0557900390625 2.569672166525076e-06
1.0567900390625 2.5721583369886503e-06
1.0577900390625 3.1691439896045872e-06
1.0587900390625 2.5597675266908483e-06
1.0597900390625 3.571765579787704e-06
1.0607900390625 3.390262136235833e-06
1.0617900390625 3.5401469601007803e-06
1.0627900390625 2.7687323745340113e-06
1.0637900390625 2.9380721389316022e-06
1.0647900390625 3.320763110726451e-06
1.0657900390625 3.843952338987341e-06
1.0667900390625 4.348227036340783e-06
1.0677900390625 3.4845113016975423e-06
1.0687900390625 2.3518145220198977e-06
1.0697900390625 2.671263670587602e-06
1.0707900390625 3.328741355896151e-06
1.0717900390625 3.4476812046098832e-06
1.0727900390625 3.381287800342155e-06
1.0737900390625 3.0725133304561794e-06
1.0747900390625 3.5769726916138706e-06
1.0757900390625 2.5945951347239316e-06
1.0767900390625 3.5678040148923174e-06
1.0777900390625 2.4751605572722233e-06
1.0787900390625 2.483085481799208e-06
1.0797900390625 3.106189833488315e-06
1.0807900390625 2.4634148091233024e-06
1.0817900390625 2.956853156016829e-06
1.0827900390625 2.1763328671416575e-06
1.0837900390625 2.6500966729751476e-06
1.0847900390625 3.7819418745736283e-06
1.0857900390625 1.983040322860082e-06
1.0867900390625 2.720293996389955e-06
1.0877900390625 3.03851028244632e-06
1.0887900390625 2.890747879670622e-06
1.0897900390625 2.0955219952156766e-06
1.0907900390625 2.7119310107082126e-06
1.0917900390625 2.6383854856248945e-06
1.0927900390625 3.349693918911119e-06
1.0937900390625 2.4437714940480267e-06
1.0947900390625 2.003806803259067e-06
1.0957900390625 2.6675110469417023e-06
1.0967900390625 2.5447043299209327e-06
1.0977900390625 2.795995678752661e-06
1.0987900390625 2.8595776772514603e-06
1.0997900390625 2.4442331535586467e-06
1.1007900390625 3.379952007283767e-06
1.1017900390625 3.1423275261962165e-06
1.1027900390625 2.118021802743897e-06
1.1037900390625 1.915493764196678e-06
1.1047900390625 3.4564564703032375e-06
1.1057900390625 3.5544455264850212e-06
1.1067900390625 3.0128631624393166e-06
1.1077900390625 2.2709371357147275e-06
1.1087900390625 2.609876828501001e-06
1.1097900390625 2.28372138129392e-06
1.1107900390625 2.016233678053444e-06
1.1117900390625 3.6470173411847405e-06
1.1127900390625 2.8974301676498727e-06
1.1137900390625 2.947389511973597e-06
1.1147900390625 3.4143388620577755e-06
1.1157900390625 2.437926038207176e-06
1.1167900390625 3.193066998695334e-06
1.1177900390625 2.4698206834727895e-06
1.1187900390625 2.9208935302449394e-06
1.1197900390625 2.446985017741099e-06
1.1207900390625 2.1990485402056947e-06
1.1217900390625 1.9219281603000126e-06
1.1227900390625 2.1717198251280935e-06
1.1237900390625 2.9070813373740142e-06
1.1247900390625 2.2712535428581757e-06
1.1257900390625 2.000241462762157e-06
1.1267900390625 2.799879099863271e-06
1.1277900390625 2.698823639851374e-06
1.1287900390625 3.011011503986083e-06
1.1297900390625 3.693526523420587e-06
1.1307900390625 3.328609454911202e-06
1.1317900390625 3.269575972808525e-06
1.1327900390625 2.520020959006312e-06
1.1337900390625 2.6090581620034455e-06
1.1347900390625 2.9919589966690788e-06
1.1357900390625 2.417401143854174e-06
1.1367900390625 2.7071215057124693e-06
1.1377900390625 2.120630476080502e-06
1.1387900390625 2.6224638228692736e-06
1.1397900390625 2.6949531941985092e-06
1.1407900390625 2.9049624815039955e-06
1.1417900390625 2.511497174661296e-06
1.1427900390625 2.4451123560235526e-06
1.1437900390625 2.8306408300219726e-06
1.1447900390625 3.0025218196290855e-06
1.1457900390625 2.821367500776735e-06
1.1467900390625 2.4373963242396713e-06
1.1477900390625 2.468242309987545e-06
1.1487900390625 2.6409022878700247e-06
1.1497900390625 2.3195477721552985e-06
1.1507900390625 2.3945893675166494e-06
1.1517900390625 2.7247176331002263e-06
1.1527900390625 3.2266753260046244e-06
1.1537900390625 3.2234290605022883e-06
1.1547900390625 2.8458489638675623e-06
1.1557900390625 3.4710860442525398e-06
1.1567900390625 3.1246842991095034e-06
1.1577900390625 2.6791118337617566e-06
1.1587900390625 2.7243559695004173e-06
1.1597900390625 2.2161949891597034e-06
1.1607900390625 2.919182322026851e-06
1.1617900390625 2.319560298928991e-06
1.1627900390625 3.359287754089261e-06
1.1637900390625 2.9078725007517887e-06
1.1647900390625 2.9329578198182085e-06
1.1657900390625 2.192514851534118e-06
1.1667900390625 3.4307385309754565e-06
1.1677900390625 2.649680306300676e-06
1.1687900390625 2.9811854619765655e-06
1.1697900390625 3.7680755000716696e-06
1.1707900390625 2.9971327118497962e-06
1.1717900390625 2.7317378408042714e-06
1.1727900390625 2.9789019511857378e-06
1.1737900390625 3.0127821082714945e-06
1.1747900390625 3.39075515512377e-06
1.1757900390625 3.3499055522649237e-06
1.1767900390625 3.8890718618252626e-06
1.1777900390625 3.43861097159485e-06
1.1787900390625 3.1145153479883446e-06
1.1797900390625 2.9821046822083494e-06
1.1807900390625 3.3257681449564794e-06
1.1817900390625 2.6041361464497946e-06
1.1827900390625 2.9543118337945392e-06
1.1837900390625 2.9121336410753427e-06
1.1847900390625 2.47312652694139e-06
1.1857900390625 2.5223449968810504e-06
1.1867900390625 2.846689458237961e-06
1.1877900390625 2.890524677544211e-06
1.1887900390625 2.839402416915012e-06
1.1897900390625 2.8978096815990284e-06
1.1907900390625 2.775428026022079e-06
1.1917900390625 2.532084690756165e-06
1.1927900390625 2.131532334412138e-06
1.1937900390625 3.0277578237776953e-06
1.1947900390625 2.8747235895328537e-06
1.1957900390625 3.537511802278459e-06
1.1967900390625 3.4871695485586923e-06
1.1977900390625 2.8536396712297574e-06
1.1987900390625 2.6781603082781657e-06
1.1997900390625 3.4763655276037755e-06
1.2007900390625 3.3513310093743104e-06
1.2017900390625 3.674885956570506e-06
1.2027900390625 4.103406002589812e-06
1.2037900390625 2.898880144736419e-06
1.2047900390625 4.338147943296159e-06
1.2057900390625 3.7107583678637944e-06
1.2067900390625 3.3501706396540005e-06
1.2077900390625 3.483025696671879e-06
1.2087900390625 3.1710035303452363e-06
1.2097900390625 3.5889416661423937e-06
1.2107900390625 3.0614745143490533e-06
1.2117900390625 3.685286840967213e-06
1.2127900390625 3.841210418613627e-06
1.2137900390625 3.174659238235715e-06
1.2147900390625 4.076233696347723e-06
1.2157900390625 3.3470988758684446e-06
1.2167900390625 3.2062698301160708e-06
1.2177900390625 3.762151609407738e-06
1.2187900390625 3.974104523270701e-06
1.2197900390625 4.763660156944146e-06
1.2207900390625 4.192749571908886e-06
1.2217900390625 4.238810991713156e-06
1.2227900390625 4.523771009795988e-06
1.2237900390625 4.372342664282769e-06
1.2247900390625 4.386632887568946e-06
1.2257900390625 4.842811467824503e-06
1.2267900390625 4.973415925633162e-06
1.2277900390625 5.231778632150963e-06
1.2287900390625 4.79299109429121e-06
1.2297900390625 5.150120365821446e-06
1.2307900390625 5.597052950179205e-06
1.2317900390625 5.201412374541784e-06
1.2327900390625 4.475850534314911e-06
1.2337900390625 5.578896962106228e-06
1.2347900390625 5.466655760149782e-06
1.2357900390625 5.65083115361631e-06
1.2367900390625 6.082006099556262e-06
1.2377900390625 6.734853959642351e-06
1.2387900390625 6.755020343310511e-06
1.2397900390625 7.59990643321847e-06
1.2407900390625 7.181029359344392e-06
1.2417900390625 8.067587429347138e-06
1.2427900390625 9.121484278390806e-06
1.2437900390625 7.882881715583304e-06
1.2447900390625 9.35895174431304e-06
1.2457900390625 9.775286889635024e-06
1.2467900390625 1.0599710997970153e-05
1.2477900390625 1.1444101692177354e-05
1.2487900390625 1.1855989966231089e-05
1.2497900390625 1.3230735009225706e-05
1.2507900390625 1.3920045069729289e-05
1.2517900390625 1.5776811633259058e-05
1.2527900390625 1.6784006729722025e-05
1.2537900390625 1.784213838012268e-05
1.2547900390625 2.006928475263218e-05
1.2557900390625 2.171901190498223e-05
1.2567900390625 2.3434430283183852e-05
1.2577900390625 2.509693382307887e-05
1.2587900390625 2.757879866597553e-05
1.2597900390625 2.9851240105926992e-05
1.2607900390625 3.3193217823281885e-05
1.2617900390625 3.556107636541128e-05
1.2627900390625 4.017060350937148e-05
1.2637900390625 4.39916318282485e-05
1.2647900390625 4.82575975668927e-05
1.2657900390625 5.3722358619173364e-05
1.2667900390625 5.916741443797946e-05
1.2677900390625 6.58164320824047e-05
1.2687900390625 7.26587053698798e-05
1.2697900390625 8.059859198207656e-05
1.2707900390625 9.139890627314648e-05
1.2717900390625 0.00010177051338056723
1.2727900390625 0.00011531594830254714
1.2737900390625 0.000129377666550378
1.2747900390625 0.00014690444804728032
1.2757900390625 0.00016709846910089254
1.2767900390625 0.00019084563168386616
1.2777900390625 0.0002171720347056786
1.2787900390625 0.0002484378529091676
1.2797900390625 0.00028455336888631185
1.2807900390625 0.0003262682010730108
1.2817900390625 0.0003750313135484854
1.2827900390625 0.0004302678567667802
1.2837900390625 0.0004937571845948696
1.2847900390625 0.0005662008312841256
1.2857900390625 0.0006514759361743928
1.2867900390625 0.0007542154317100843
1.2877900390625 0.0008635159954428673
1.2887900390625 0.001003122515976429
1.2897900390625 0.0011658355096975962
1.2907900390625 0.0013488143434127174
1.2917900390625 0.0015629593282938004
1.2927900390625 0.00184425450861454
1.2937900390625 0.0021505391349395117
1.2947900390625 0.0025141038248936336
1.2957900390625 0.0029972147444883987
1.2967900390625 0.0035429936647415157
1.2977900390625 0.004215267250935237
1.2987900390625 0.00507493535677592
1.2997900390625 0.006102227965990702
1.3007900390625 0.007361916999022166
1.3017900390625 0.00895472417275111
1.3027900390625 0.010916621585687002
1.3037900390625 0.013249133229255677
1.3047900390625 0.016056763132413228
1.3057900390625 0.019288698434829714
1.3067900390625 0.022303748130798343
1.3077900390625 0.024411871830622354
1.3087900390625 0.027080818017323812
1.3097900390625 0.029422001838684084
1.3107900390625 0.03219012498855591
1.3117900390625 0.0356836982568105
1.3127900390625 0.0399225370089213
1.3137900390625 0.0444370436668396
1.3147900390625 0.05067187388737996
1.3157900390625 0.0559585436185201
1.3167900390625 0.06406131188074748
1.3177900390625 0.07254547834396363
1.3187900390625 0.08461285909016927
1.3197900390625 0.0976826588312785
1.3207900390625 0.11583873907725016
1.3217900390625 0.1356069501241048
1.3227900390625 0.16053764820098876
1.3237900390625 0.1868684196472168
1.3247900390625 0.2212309646606445
1.3257900390625 0.2550297196706136
1.3267900390625 0.2969566345214844
1.3277900390625 0.34243826866149907
1.3287900390625 0.3948892529805501
1.3297900390625 0.4508596992492676
1.3307900390625 0.5114146169026692
1.3317900390625 0.5707882245381672
1.3327900390625 0.6302408345540365
1.3337900390625 0.6883091163635253
1.3347900390625 0.7388280232747396
1.3357900390625 0.7838962046305338
1.3367900390625 0.8217409896850586
1.3377900390625 0.8534287643432618
1.3387900390625 0.876833152770996
1.3397900390625 0.8942416636149089
1.3407900390625 0.9056493759155273
1.3417900390625 0.9133258946736653
1.3427900390625 0.9188621775309245
1.3437900390625 0.9269409052530924
1.3447900390625 0.9249790191650391
1.3457900390625 0.9276611836751301
1.3467900390625 0.9324888102213542
1.3477900390625 0.933385238647461
1.3487900390625 0.936260363260905
1.3497900390625 0.9380332438151042
1.3507900390625 0.94128236134847
1.3517900390625 0.9420777257283528
1.3527900390625 0.9427053070068359
1.3537900390625 0.9459686406453451
1.3547900390625 0.943953603108724
1.3557900390625 0.9444889704386392
1.3567900390625 0.9433842213948567
1.3577900390625 0.9420504633585612
1.3587900390625 0.9417507171630859
1.3597900390625 0.9406720352172852
1.3607900390625 0.9390977605183919
1.3617900390625 0.9377382914225261
1.3627900390625 0.9350705846150716
1.3637900390625 0.9358571116129557
1.3647900390625 0.9369771575927734
1.3657900390625 0.9370323816935222
1.3667900390625 0.9341875076293945
1.3677900390625 0.933606923421224
1.3687900390625 0.9361540730794271
1.3697900390625 0.9346992619832357
1.3707900390625 0.9371565628051758
1.3717900390625 0.9369293975830078
1.3727900390625 0.9338469314575195
1.3737900390625 0.9328101221720377
1.3747900390625 0.9322125244140624
1.3757900390625 0.9325583267211914
1.3767900390625 0.9319008000691731
1.3777900390625 0.9321496836344401
1.3787900390625 0.9310329055786133
1.3797900390625 0.9298363749186198
1.3807900390625 0.9278136062622071
1.3817900390625 0.9267618560791016
1.3827900390625 0.9297434616088867
1.3837900390625 0.9280142720540364
1.3847900390625 0.9264288330078125
1.3857900390625 0.9269900131225586
1.3867900390625 0.9272137705485026
1.3877900390625 0.9243945058186849
1.3887900390625 0.9255669530232747
1.3897900390625 0.9263460795084636
1.3907900390625 0.9272464879353841
1.3917900390625 0.9259447733561197
1.3927900390625 0.9288002522786458
1.3937900390625 0.9281348037719727
1.3947900390625 0.9300269699096679
1.3957900390625 0.9310226821899414
1.3967900390625 0.9312231063842773
1.3977900390625 0.9330675760904947
1.3987900390625 0.9326313908894857
1.3997900390625 0.9325321451822917
1.4007900390625 0.9361466344197591
1.4017900390625 0.9368371327718099
1.4027900390625 0.9380539703369141
1.4037900390625 0.9400686264038085
1.4047900390625 0.9406679916381836
1.4057900390625 0.9431454976399739
1.4067900390625 0.9432168960571289
1.4077900390625 0.9427589162190755
1.4087900390625 0.9453340530395509
1.4097900390625 0.9464558283487956
1.4107900390625 0.9441553497314452
1.4117900390625 0.9475469716389974
1.4127900390625 0.9486116027832031
1.4137900390625 0.9504958852132162
1.4147900390625 0.9496751912434895
1.4157900390625 0.9509818394978842
1.4167900390625 0.9530795923868816
1.4177900390625 0.9511798350016276
1.4187900390625 0.9548040390014648
1.4197900390625 0.954371223449707
1.4207900390625 0.9537068939208984
1.4217900390625 0.9555353164672851
1.4227900390625 0.9552903747558594
1.4237900390625 0.9575027338663737
1.4247900390625 0.957522226969401
1.4257900390625 0.9551944732666016
1.4267900390625 0.95790646870931
1.4277900390625 0.9577922821044922
1.4287900390625 0.9575051244099935
1.4297900390625 0.9613049570719401
1.4307900390625 0.9602801005045574
1.4317900390625 0.9612692260742188
1.4327900390625 0.9589960479736328
1.4337900390625 0.9597355651855468
1.4347900390625 0.9614864222208659
1.4357900390625 0.9600856908162435
1.4367900390625 0.9598800532023112
1.4377900390625 0.9623730850219727
1.4387900390625 0.961519521077474
1.4397900390625 0.9608989969889323
1.4407900390625 0.9633716583251953
1.4417900390625 0.9605256525675456
1.4427900390625 0.9617407480875652
1.4437900390625 0.9629923629760742
1.4447900390625 0.9640775044759115
1.4457900390625 0.9619234339396159
1.4467900390625 0.9625693893432616
1.4477900390625 0.9616277949015299
1.4487900390625 0.9651191329956055
1.4497900390625 0.9625043360392254
1.4507900390625 0.9621913146972656
1.4517900390625 0.9637445576985677
1.4527900390625 0.9632316716512045
1.4537900390625 0.9595531590779622
1.4547900390625 0.9573372650146484
1.4557900390625 0.9591922505696614
1.4567900390625 0.9563424682617188
1.4577900390625 0.9558578491210937
1.4587900390625 0.9570300928751627
1.4597900390625 0.9550545628865559
1.4607900390625 0.9510651524861654
1.4617900390625 0.9483821868896485
1.4627900390625 0.9467844009399414
1.4637900390625 0.9454489262898763
1.4647900390625 0.9448151143391927
1.4657900390625 0.9447535832722982
1.4667900390625 0.940340576171875
1.4677900390625 0.9398897552490234
1.4687900390625 0.9399118932088216
1.4697900390625 0.9375066375732422
1.4707900390625 0.9339908091227214
1.4717900390625 0.9331872940063477
1.4727900390625 0.9340996678670247
1.4737900390625 0.9305569076538086
1.4747900390625 0.9337299982706706
1.4757900390625 0.9310107421875
1.4767900390625 0.9321867370605469
1.4777900390625 0.9324823506673178
1.4787900390625 0.9327884801228841
1.4797900390625 0.933298937479655
1.4807900390625 0.9321858342488607
1.4817900390625 0.9336313501993815
1.4827900390625 0.9351824569702148
1.4837900390625 0.9340517298380534
1.4847900390625 0.9370031229654948
1.4857900390625 0.941692008972168
1.4867900390625 0.9394198608398437
1.4877900390625 0.9416013336181641
1.4887900390625 0.9425375493367514
1.4897900390625 0.9436099116007487
1.4907900390625 0.9450642522176107
1.4917900390625 0.9489200592041016
1.4927900390625 0.9494548416137696
1.4937900390625 0.9502190399169922
1.4947900390625 0.9508936055501302
1.4957900390625 0.9533448918660482
1.4967900390625 0.9557132085164388
1.4977900390625 0.9539708201090494
1.4987900390625 0.9557446924845379
1.4997900390625 0.9610404205322265
1.5007900390625 0.9618169657389323
1.5017900390625 0.9614211273193359
1.5027900390625 0.9617376963297526
1.5037900390625 0.9648707326253254
1.5047900390625 0.9654223378499349
1.5057900390625 0.9654113388061523
1.5067900390625 0.9682034810384115
1.5077900390625 0.9678368123372396
1.5087900390625 0.9702610778808594
1.5097900390625 0.9723234558105469
1.5107900390625 0.9725764211018881
1.5117900390625 0.9711839167277019
1.5127900390625 0.9740351104736329
1.5137900390625 0.9748772939046224
1.5147900390625 0.9721844100952148
1.5157900390625 0.9736292775472006
1.5167900390625 0.9736484909057617
1.5177900390625 0.9763797760009765
1.5187900390625 0.9714809290568034
1.5197900390625 0.973585090637207
1.5207900390625 0.9714767710367838
1.5217900390625 0.969587631225586
1.5227900390625 0.974096196492513
1.5237900390625 0.9702570088704427
1.5247900390625 0.9677734247843424
1.5257900390625 0.9691139729817708
1.5267900390625 0.9685870361328125
1.5277900390625 0.9673643620808918
1.5287900390625 0.9657514190673828
1.5297900390625 0.9621941121419271
1.5307900390625 0.9653509140014649
1.5317900390625 0.9620501200358073
1.5327900390625 0.9608197784423829
1.5337900390625 0.9579201889038086
1.5347900390625 0.9590582529703775
1.5357900390625 0.9588576634724935
1.5367900390625 0.9568353907267253
1.5377900390625 0.9592265319824219
1.5387900390625 0.9571925099690756
1.5397900390625 0.9549300130208334
1.5407900390625 0.9544778696695964
1.5417900390625 0.9544637044270833
1.5427900390625 0.9538956197102865
1.5437900390625 0.9549733479817708
1.5447900390625 0.9528132756551106
1.5457900390625 0.9530111312866211
1.5467900390625 0.9525418599446616
1.5477900390625 0.9511327616373697
1.5487900390625 0.95374631245931
1.5497900390625 0.9486191558837891
1.5507900390625 0.950895398457845
1.5517900390625 0.9468129094441732
1.5527900390625 0.9498893102010091
1.5537900390625 0.9474441274007162
1.5547900390625 0.9496875127156575
1.5557900390625 0.945848757425944
1.5567900390625 0.9443560028076172
1.5577900390625 0.9442769495646158
1.5587900390625 0.9446319325764974
1.5597900390625 0.9449626032511393
1.5607900390625 0.9435536321004232
1.5617900390625 0.9454983266194662
1.5627900390625 0.9409773381551106
1.5637900390625 0.942723503112793
1.5647900390625 0.9416437784830729
1.5657900390625 0.9418950144449869
1.5667900390625 0.94364320119222
1.5677900390625 0.9434068552652994
1.5687900390625 0.9439171091715495
1.5697900390625 0.944587771097819
1.5707900390625 0.944661865234375
1.5717900390625 0.9467068099975586
1.5727900390625 0.9516597620646159
1.5737900390625 0.9492743301391602
1.5747900390625 0.9537185796101888
1.5757900390625 0.952585169474284
1.5767900390625 0.9575239054361979
1.5777900390625 0.9590181605021159
1.5787900390625 0.9585664749145508
1.5797900390625 0.9627190144856772
1.5807900390625 0.9655482228597005
1.5817900390625 0.9664656194051107
1.5827900390625 0.9688699086507162
1.5837900390625 0.9723334376017253
1.5847900390625 0.9757161839803059
1.5857900390625 0.9758845392862956
1.5867900390625 0.9733021799723307
1.5877900390625 0.977627690633138
1.5887900390625 0.9765648396809896
1.5897900390625 0.9795307922363281
1.5907900390625 0.9797066116333008
1.5917900390625 0.982622782389323
1.5927900390625 0.9837461725870769
1.5937900390625 0.9829550043741861
1.5947900390625 0.9814566802978515
1.5957900390625 0.9818331782023112
1.5967900390625 0.9853495279947917
1.5977900390625 0.9838642247517904
1.5987900390625 0.9833701705932617
1.5997900390625 0.9790100351969401
1.6007900390625 0.9842849858601888
1.6017900390625 0.9815043640136719
1.6027900390625 0.9811526234944662
1.6037900390625 0.9798617935180665
1.6047900390625 0.9824350229899089
1.6057900390625 0.9819692866007487
1.6067900390625 0.9820222345987957
1.6077900390625 0.9810179773966472
1.6087900390625 0.9800408935546876
1.6097900390625 0.9810136922200521
1.6107900390625 0.9808958435058595
1.6117900390625 0.9815256245930989
1.6127900390625 0.9787716801961264
1.6137900390625 0.9810672887166341
1.6147900390625 0.9804123179117838
1.6157900390625 0.9811112976074219
1.6167900390625 0.9813061523437501
1.6177900390625 0.983628527323405
1.6187900390625 0.9767554346720378
1.6197900390625 0.9801381301879883
1.6207900390625 0.9755381393432617
1.6217900390625 0.9795414098103842
1.6227900390625 0.9760317993164063
1.6237900390625 0.9765609232584636
1.6247900390625 0.975701904296875
1.6257900390625 0.9749501927693685
1.6267900390625 0.9727654902140299
1.6277900390625 0.976217155456543
1.6287900390625 0.9748390324910482
1.6297900390625 0.9724140421549479
1.6307900390625 0.9733273442586263
1.6317900390625 0.9741882832845051
1.6327900390625 0.9755689366658529
1.6337900390625 0.9729483159383139
1.6347900390625 0.972987314860026
1.6357900390625 0.9750500615437825
1.6367900390625 0.9732134373982748
1.6377900390625 0.9733617273966471
1.6387900390625 0.971456921895345
1.6397900390625 0.9731768798828124
1.6407900390625 0.9698784764607746
1.6417900390625 0.9709115473429362
1.6427900390625 0.9695817184448242
1.6437900390625 0.9705214309692383
1.6447900390625 0.963252092997233
1.6457900390625 0.9695389684041342
1.6467900390625 0.9681816355387369
1.6477900390625 0.9714818064371744
1.6487900390625 0.9693266677856445
1.6497900390625 0.9707357279459635
1.6507900390625 0.9727171325683595
1.6517900390625 0.9730696614583334
1.6527900390625 0.9775033187866211
1.6537900390625 0.9783589045206705
1.6547900390625 0.978058827718099
1.6557900390625 0.9727311833699543
1.6567900390625 0.9698807525634765
1.6577900390625 0.9627487818400066
1.6587900390625 0.9484763844807943
1.6597900390625 0.9265897623697916
1.6607900390625 0.9023944854736328
1.6617900390625 0.8658896764119466
1.6627900390625 0.8246521123250325
1.6637900390625 0.7704212443033854
1.6647900390625 0.7160627873738605
1.6657900390625 0.6576982752482097
1.6667900390625 0.5939919408162435
1.6677900390625 0.5341278711954753
1.6687900390625 0.4709753545125326
1.6697900390625 0.410118719736735
1.6707900390625 0.35771910031636556
1.6717900390625 0.3065320682525634
1.6727900390625 0.26286628405253093
1.6737900390625 0.22422083218892416
1.6747900390625 0.19288300196329755
1.6757900390625 0.16845507939656576
1.6767900390625 0.14628963470458983
1.6777900390625 0.12909998257954916
1.6787900390625 0.11206969579060871
1.6797900390625 0.09852209568023682
1.6807900390625 0.08658234198888143
1.6817900390625 0.07760441064834595
1.6827900390625 0.06809533834457397
1.6837900390625 0.06079238017400106
1.6847900390625 0.053102094332377114
1.6857900390625 0.04537128249804179
1.6867900390625 0.038583811124165854
1.6877900390625 0.03252134005228678
1.6887900390625 0.02717379649480184
1.6897900390625 0.022901163299878437
1.6907900390625 0.01924853801727295
1.6917900390625 0.016223878065745035
1.6927900390625 0.013569170037905375
1.6937900390625 0.01149068574110667
1.6947900390625 0.009694083730379742
1.6957900390625 0.00815800001223882
1.6967900390625 0.00696538229783376
1.6977900390625 0.005899763305981954
1.6987900390625 0.0050299639503161115
1.6997900390625 0.00430996909737587
1.7007900390625 0.0037136833369731904
1.7017900390625 0.00318092813094457
1.7027900390625 0.0027488069732983906
1.7037900390625 0.002381172006328901
1.7047900390625 0.0020606726408004764
1.7057900390625 0.0017990009983380635
1.7067900390625 0.001571939339240392
1.7077900390625 0.001373505008717378
1.7087900390625 0.0012048276513814927
1.7097900390625 0.0010620573163032533
1.7107900390625 0.0009352425734202067
1.7117900390625 0.0008255417644977569
1.7127900390625 0.0007353474386036396
1.7137900390625 0.0006471853516995907
1.7147900390625 0.0005799535599847634
1.7157900390625 0.0005166294053196907
1.7167900390625 0.0004630674918492635
1.7177900390625 0.000413003396242857
1.7187900390625 0.0003719019703567028
1.7197900390625 0.00033494924815992514
1.7207900390625 0.0003022807681312164
1.7217900390625 0.0002745884843170643
1.7227900390625 0.00024604006980856257
1.7237900390625 0.0002245407986144225
1.7247900390625 0.00020351086432735124
1.7257900390625 0.0001861734160532554
1.7267900390625 0.00016709501544634502
1.7277900390625 0.0001554707670584321
1.7287900390625 0.00013918086575965085
1.7297900390625 0.00012971888296306133
1.7307900390625 0.00011905524879693986
1.7317900390625 0.00010780959545324247
1.7327900390625 0.00010131783162554106
1.7337900390625 8.924686117097735e-05
1.7347900390625 8.443228201940656e-05
1.7357900390625 7.762008889888723e-05
1.7367900390625 7.12349273574849e-05
1.7377900390625 6.7667281255126e-05
1.7387900390625 6.241533284386e-05
1.7397900390625 5.755320268993576e-05
1.7407900390625 5.2817106091727816e-05
1.7417900390625 4.893229342997074e-05
1.7427900390625 4.5594404994820555e-05
1.7437900390625 4.374812667568524e-05
1.7447900390625 3.967803010406594e-05
1.7457900390625 3.831364020394782e-05
1.7467900390625 3.48143232986331e-05
1.7477900390625 3.41770980351915e-05
1.7487900390625 3.285083492907385e-05
1.7497900390625 2.951323830833038e-05
1.7507900390625 2.8423477585117025e-05
1.7517900390625 2.6431253257518013e-05
1.7527900390625 2.427608201590677e-05
1.7537900390625 2.3254543387641508e-05
1.7547900390625 2.3306059883907437e-05
1.7557900390625 2.0891548095581433e-05
1.7567900390625 2.0563558597738546e-05
1.7577900390625 1.8898346655381224e-05
1.7587900390625 1.969560980796814e-05
1.7597900390625 1.6372588191491862e-05
1.7607900390625 1.9389430138592916e-05
1.7617900390625 1.5283538377843797e-05
1.7627900390625 1.4747431656966606e-05
1.7637900390625 1.614868000615388e-05
1.7647900390625 1.4765666758952043e-05
1.7657900390625 1.583333651069552e-05
1.7667900390625 1.3201836651811997e-05
1.7677900390625 1.3534765263708928e-05
1.7687900390625 1.0566339672853548e-05
1.7697900390625 1.4584178764683506e-05
1.7707900390625 1.2778267361378918e-05
1.7717900390625 1.1121790836720418e-05
1.7727900390625 1.249926669212679e-05
1.7737900390625 1.1122966728483638e-05
1.7747900390625 1.0694021572514126e-05
1.7757900390625 1.0687779965034376e-05
1.7767900390625 1.1991631181444973e-05
1.7777900390625 1.239858315481494e-05
1.7787900390625 1.2537978279093901e-05
1.7797900390625 1.0648407818128665e-05
1.7807900390625 8.684099787690989e-06
1.7817900390625 1.090183989920964e-05
1.7827900390625 9.1057681129314e-06
1.7837900390625 1.0674432948386917e-05
1.7847900390625 9.85690780604879e-06
1.7857900390625 1.1367305802802244e-05
1.7867900390625 1.0104130293863515e-05
1.7877900390625 1.0741120010303955e-05
1.7887900390625 9.63043993882214e-06
1.7897900390625 1.1450831855957707e-05
1.7907900390625 9.879011486191303e-06
1.7917900390625 9.918640765439098e-06
1.7927900390625 1.0438961326144635e-05
1.7937900390625 9.53071217130249e-06
1.7947900390625 1.0163521413536121e-05
1.7957900390625 1.134540420025587e-05
1.7967900390625 8.179175977905592e-06
1.7977900390625 9.428255046562603e-06
1.7987900390625 7.653566814648609e-06
1.7997900390625 7.291650496578465e-06
1.8007900390625 9.598810089907298e-06
1.8017900390625 1.146472612163052e-05
1.8027900390625 1.0249017601987968e-05
1.8037900390625 1.0692144375449667e-05
1.8047900390625 6.994705375594397e-06
1.8057900390625 8.409954704499493e-06
1.8067900390625 1.0066951120582719e-05
1.8077900390625 1.0584706324152648e-05
1.8087900390625 1.0720634018070996e-05
1.8097900390625 1.047395858525609e-05
1.8107900390625 1.1813188611995429e-05
1.8117900390625 1.165401287532101e-05
1.8127900390625 9.481417073402554e-06
1.8137900390625 9.763380124544103e-06
1.8147900390625 1.0232778828746329e-05
1.8157900390625 9.326673947119464e-06
1.8167900390625 8.995035605039448e-06
1.8177900390625 1.0431282086453089e-05
1.8187900390625 1.1513694383514423e-05
1.8197900390625 1.00544902185599e-05
1.8207900390625 9.231531779126574e-06
1.8217900390625 1.0209516913164406e-05
1.8227900390625 1.0281069650469967e-05
1.8237900390625 1.187024152992914e-05
1.8247900390625 9.896885215615234e-06
1.8257900390625 1.1991588398814202e-05
1.8267900390625 8.857873714684198e-06
1.8277900390625 7.996849211243292e-06
1.8287900390625 1.1746789872025451e-05
1.8297900390625 1.0342310221555333e-05
1.8307900390625 1.1773836061668892e-05
1.8317900390625 8.527494210284202e-06
1.8327900390625 1.0069744991293798e-05
1.8337900390625 7.558895061568668e-06
1.8347900390625 1.2028003305507204e-05
1.8357900390625 1.047954021487385e-05
1.8367900390625 9.670993992282698e-06
1.8377900390625 6.9977853369588645e-06
1.8387900390625 1.177592969421918e-05
1.8397900390625 8.285829486946265e-06
1.8407900390625 1.15210548392497e-05
1.8417900390625 7.694010758617272e-06
1.8427900390625 1.0578017099760472e-05
1.8437900390625 1.1612784583121538e-05
1.8447900390625 9.277471399400383e-06
1.8457900390625 7.763694447930903e-06
1.8467900390625 1.2046179811780652e-05
1.8477900390625 1.311908980521063e-05
1.8487900390625 8.710217565142859e-06
1.8497900390625 1.3344161561690272e-05
1.8507900390625 1.0220350328988086e-05
1.8517900390625 1.3014387028912704e-05
1.8527900390625 1.0125656456996997e-05
1.8537900390625 9.271109787126382e-06
1.8547900390625 1.0828888334799558e-05
1.8557900390625 1.4450261757398645e-05
1.8567900390625 1.0671010531950742e-05
1.8577900390625 8.760581840761007e-06
1.8587900390625 1.2637468171305954e-05
1.8597900390625 7.441142127693941e-06
1.8607900390625 1.2165055571434398e-05
1.8617900390625 1.1223136583187927e-05
1.8627900390625 1.1908107553608714e-05
1.8637900390625 1.088775577954948e-05
1.8647900390625 1.3897956620591382e-05
1.8657900390625 1.0174655471928418e-05
1.8667900390625 9.649927960708737e-06
1.8677900390625 1.4293693432894845e-05
1.8687900390625 1.1387338260343919e-05
1.8697900390625 1.1752033412146072e-05
1.8707900390625 1.2234094610903411e-05
1.8717900390625 1.1340528338526686e-05
1.8727900390625 6.878872615440438e-06
1.8737900390625 7.873714300027737e-06
1.8747900390625 9.255194066402812e-06
1.8757900390625 1.0204299178440123e-05
1.8767900390625 1.309171998097251e-05
1.8777900390625 1.315358909778297e-05
1.8787900390625 1.2322508070307473e-05
1.8797900390625 1.0285241587553172e-05
1.8807900390625 9.952784845760712e-06
1.8817900390625 8.657050590651731e-06
1.8827900390625 1.1443783005233854e-05
1.8837900390625 9.779074559143435e-06
1.8847900390625 1.5375103102996946e-05
1.8857900390625 1.0434472836398831e-05
1.8867900390625 1.1901236527288954e-05
1.8877900390625 1.1352465662639588e-05
1.8887900390625 1.0812572533419977e-05
1.8897900390625 1.1176753614563494e-05
1.8907900390625 1.041307026753202e-05
1.8917900390625 1.2604084913618863e-05
1.8927900390625 1.062085434872036e-05
1.8937900390625 1.0635669071537752e-05
1.8947900390625 1.0453961440362036e-05
1.8957900390625 1.4138009670811395e-05
1.8967900390625 1.058782683685422e-05
1.8977900390625 1.4262914968033632e-05
1.8987900390625 1.087803665238122e-05
1.8997900390625 9.858849031540255e-06
1.9007900390625 9.041247831191867e-06
1.9017900390625 1.1515555961523205e-05
1.9027900390625 1.3931641587987542e-05
1.9037900390625 9.622168339168031e-06
1.9047900390625 1.062859713177507e-05
1.9057900390625 1.0969106612416604e-05
1.9067900390625 1.1980399819246182e-05
1.9077900390625 1.2596154895921548e-05
1.9087900390625 8.60036942564572e-06
1.9097900390625 1.301060566523423e-05
1.9107900390625 1.2346977212776739e-05
1.9117900390625 1.1232869486169269e-05
1.9127900390625 1.4425691721650462e-05
1.9137900390625 1.004629157250747e-05
1.9147900390625 9.584002254996449e-06
1.9157900390625 1.1659198886870096e-05
1.9167900390625 1.0179395709807673e-05
1.9177900390625 1.1222966131754221e-05
1.9187900390625 1.1222737181621294e-05
1.9197900390625 1.3488401115561525e-05
1.9207900390625 1.303891515514503e-05
1.9217900390625 1.3698238569001356e-05
1.9227900390625 1.3524017413146792e-05
1.9237900390625 1.0082534572575241e-05
1.9247900390625 1.2561998737510293e-05
1.9257900390625 9.448409837204963e-06
1.9267900390625 1.2683702516369522e-05
1.9277900390625 1.194739161292091e-05
1.9287900390625 1.063154467071096e-05
1.9297900390625 1.0200659938467047e-05
1.9307900390625 1.2672538287006318e-05
1.9317900390625 9.874600897698354e-06
1.9327900390625 8.72717791935429e-06
1.9337900390625 1.3130928467338284e-05
1.9347900390625 1.22105551417917e-05
1.9357900390625 1.3441478367894888e-05
1.9367900390625 1.2461023579817266e-05
1.9377900390625 1.335901237325743e-05
1.9387900390625 8.966752502601594e-06
1.9397900390625 1.2549320623899498e-05
1.9407900390625 1.2987614997352163e-05
1.9417900390625 1.3578779762610793e-05
1.9427900390625 1.3119515012173601e-05
1.9437900390625 1.2324864898497859e-05
1.9447900390625 1.8519901592905324e-05
1.9457900390625 1.2583312248655905e-05
1.9467900390625 1.463576511014253e-05
1.9477900390625 1.4735196600668132e-05
1.9487900390625 9.895537902290624e-06
1.9497900390625 1.4752793164613345e-05
1.9507900390625 1.4787508213582138e-05
1.9517900390625 1.0840596902805071e-05
1.9527900390625 1.3893764892903466e-05
1.9537900390625 1.1497272547179214e-05
1.9547900390625 1.094453182304278e-05
1.9557900390625 1.1708535894285887e-05
1.9567900390625 1.1301705865965536e-05
1.9577900390625 1.436359501288583e-05
1.9587900390625 1.2084744521416723e-05
1.9597900390625 1.2869724693397681e-05
1.9607900390625 1.1519113128694395e-05
1.9617900390625 1.2789296840007106e-05
1.9627900390625 1.1027957370970398e-05
1.9637900390625 1.0420812274484584e-05
1.9647900390625 1.2061143837248287e-05
1.9657900390625 1.3509850056531529e-05
1.9667900390625 1.240858817861105e-05
1.9677900390625 1.1208562840086719e-05
1.9687900390625 1.4387926979300875e-05
1.9697900390625 1.2906429959305872e-05
1.9707900390625 1.3450411497615278e-05
1.9717900390625 1.2747593185243507e-05
1.9727900390625 1.2078203338508805e-05
1.9737900390625 1.2157212477177382e-05
1.9747900390625 1.3779471628367902e-05
1.9757900390625 1.0386347421444954e-05
1.9767900390625 1.212596990323315e-05
1.9777900390625 1.2234870130972315e-05
1.9787900390625 1.3354316082162161e-05
1.9797900390625 1.2934725479378054e-05
1.9807900390625 1.0545408392014604e-05
1.9817900390625 1.1699849662060538e-05
1.9827900390625 1.6314553407331306e-05
1.9837900390625 1.3253989745862782e-05
1.9847900390625 1.2895751860924066e-05
1.9857900390625 1.1318013227234284e-05
1.9867900390625 1.0944270858696351e-05
1.9877900390625 1.1646450244976827e-05
1.9887900390625 1.3703210764409354e-05
1.9897900390625 1.4686700305901468e-05
1.9907900390625 8.870133315213024e-06
1.9917900390625 1.588230816802631e-05
1.9927900390625 1.2786726389701167e-05
1.9937900390625 9.707786860720565e-06
1.9947900390625 1.1785121362966795e-05
1.9957900390625 1.4052332165495803e-05
1.9967900390625 1.214515514827023e-05
1.9977900390625 1.3773849932476878e-05
1.9987900390625 1.4238245009134212e-05
1.9997900390625 1.2783007793283711e-05
2.0007900390625 1.1497444162766139e-05
2.0017900390625 1.1740747916822632e-05
2.0027900390625 1.2740356711825978e-05
2.0037900390625 1.5020131443937618e-05
2.0047900390625 1.4398956748967369e-05
2.0057900390625 1.1729826098113942e-05
2.0067900390625 1.5780014994864665e-05
2.0077900390625 1.6244721676533422e-05
2.0087900390625 1.3239776114157091e-05
2.0097900390625 1.56129584259664e-05
2.0107900390625 1.4445189832864949e-05
2.0117900390625 1.645231832905362e-05
2.0127900390625 1.4816386780391137e-05
2.0137900390625 1.3369812028637775e-05
2.0147900390625 1.5218218322843313e-05
2.0157900390625 1.6049090190790595e-05
2.0167900390625 1.0212484533743311e-05
2.0177900390625 1.670053151125709e-05
2.0187900390625 1.4092575681085386e-05
2.0197900390625 1.895869189562897e-05
2.0207900390625 1.2680657673627137e-05
2.0217900390625 1.591250804873804e-05
2.0227900390625 1.2699227663688362e-05
2.0237900390625 1.4779056849268574e-05
2.0247900390625 1.530432316940278e-05
2.0257900390625 1.1792809139781942e-05
2.0267900390625 1.4383056744312246e-05
2.0277900390625 1.2847905939755342e-05
2.0287900390625 1.73890784693261e-05
2.0297900390625 1.3717237549523513e-05
2.0307900390625 1.5201630109610657e-05
2.0317900390625 1.5384506744643054e-05
2.0327900390625 1.683055297083532e-05
2.0337900390625 1.6395521718853464e-05
2.0347900390625 1.2046461439846704e-05
2.0357900390625 1.6401346656493842e-05
2.0367900390625 1.1823356229191024e-05
2.0377900390625 1.5220611627834539e-05
2.0387900390625 1.2391790029748032e-05
2.0397900390625 1.5603019467865426e-05
2.0407900390625 1.1252779028533648e-05
2.0417900390625 2.1561829877706863e-05
2.0427900390625 1.2032043499251208e-05
2.0437900390625 1.5157473195965092e-05
2.0447900390625 1.1150408924246827e-05
2.0457900390625 1.9516423150586586e-05
2.0467900390625 1.4515133492144133e-05
2.0477900390625 1.3580071293593694e-05
2.0487900390625 1.816242836260547e-05
2.0497900390625 1.2494782470942785e-05
2.0507900390625 1.823976121765251e-05
2.0517900390625 1.4811818740175416e-05
2.0527900390625 1.588204487537344e-05
2.0537900390625 1.3789504882879556e-05
2.0547900390625 1.4412884872096281e-05
2.0557900390625 1.9061501564768453e-05
2.0567900390625 1.3055428571533411e-05
2.0577900390625 1.1686019909878572e-05
2.0587900390625 1.8084569989393153e-05
2.0597900390625 1.5084623203923305e-05
2.0607900390625 1.6140986699610947e-05
2.0617900390625 1.685802999418229e-05
2.0627900390625 1.5439559744360545e-05
2.0637900390625 1.839724640982846e-05
2.0647900390625 1.8376664957031608e-05
2.0657900390625 1.6581444845845303e-05
2.0667900390625 1.2872280591788392e-05
2.0677900390625 1.5094591459880274e-05
2.0687900390625 1.910017531675597e-05
2.0697900390625 1.6192508240540823e-05
2.0707900390625 1.6159647008559358e-05
2.0717900390625 1.878835493698716e-05
2.0727900390625 1.4833106736962996e-05
2.0737900390625 1.59111034978802e-05
2.0747900390625 2.1229133320351442e-05
2.0757900390625 1.4948199968785047e-05
2.0767900390625 1.8151678377762435e-05
2.0777900390625 1.3886313536204397e-05
2.0787900390625 1.5722211683169006e-05
2.0797900390625 1.8229713508238394e-05
2.0807900390625 1.8047871514378736e-05
2.0817900390625 1.4319696735280255e-05
2.0827900390625 1.8952229875139893e-05
2.0837900390625 1.5886616505061587e-05
2.0847900390625 1.7860008326048654e-05
2.0857900390625 1.7955000318276384e-05
2.0867900390625 1.7726855003274977e-05
2.0877900390625 1.4701945086320242e-05
2.0887900390625 1.6330250849326453e-05
2.0897900390625 2.120560306745271e-05
2.0907900390625 1.7534871585667133e-05
2.0917900390625 1.541537814773619e-05
2.0927900390625 1.64471068031465e-05
2.0937900390625 1.6562238063973687e-05
2.0947900390625 1.5730618324596433e-05
2.0957900390625 1.7179466861610612e-05
2.0967900390625 1.720292493700981e-05
2.0977900390625 1.749659248162061e-05
2.0987900390625 1.4585719521467884e-05
2.0997900390625 1.5905013230318826e-05
2.1007900390625 1.72767563102146e-05
2.1017900390625 1.7463248611117402e-05
2.1027900390625 1.7597276406983532e-05
2.1037900390625 2.068413324498882e-05
2.1047900390625 1.8710445632071543e-05
2.1057900390625 1.4421934126100192e-05
2.1067900390625 1.7740870049844185e-05
2.1077900390625 1.80150632513687e-05
2.1087900390625 1.4669905067421495e-05
2.1097900390625 1.7387009769057235e-05
2.1107900390625 1.4935710156957308e-05
2.1117900390625 2.0108623818183942e-05
2.1127900390625 1.75523420330137e-05
2.1137900390625 1.8648708549638587e-05
2.1147900390625 2.088279831999292e-05
2.1157900390625 1.8294581677764655e-05
2.1167900390625 1.9685339842302105e-05
2.1177900390625 1.7240631471698483e-05
2.1187900390625 2.3512075034280616e-05
2.1197900390625 2.055765459469209e-05
2.1207900390625 1.8960081118469436e-05
2.1217900390625 1.7526548666258654e-05
2.1227900390625 1.8783848305853703e-05
2.1237900390625 1.616288830215732e-05
2.1247900390625 1.6485284528850268e-05
2.1257900390625 2.130915507829438e-05
2.1267900390625 2.272025488006572e-05
2.1277900390625 2.646395160506169e-05
2.1287900390625 2.1228513796813784e-05
2.1297900390625 2.2521661788535613e-05
2.1307900390625 2.3236754544389747e-05
2.1317900390625 1.7776636523194613e-05
2.1327900390625 2.6859063267086944e-05
2.1337900390625 1.984503993298858e-05
2.1347900390625 1.3976106032108268e-05
2.1357900390625 1.9856103075047332e-05
2.1367900390625 2.22878447190548e-05
2.1377900390625 1.2588186946231872e-05
2.1387900390625 2.345795005870362e-05
2.1397900390625 2.159747314484169e-05
2.1407900390625 2.1982846859221658e-05
2.1417900390625 2.6104486896656456e-05
2.1427900390625 2.0376495085656644e-05
2.1437900390625 2.3209568074283503e-05
2.1447900390625 2.0616635059316956e-05
2.1457900390625 2.330778709923228e-05
2.1467900390625 1.9025578318784634e-05
2.1477900390625 2.151529013644904e-05
2.1487900390625 2.6483363471925257e-05
2.1497900390625 2.1820155282815297e-05
2.1507900390625 1.671608188189566e-05
2.1517900390625 2.46562494430691e-05
2.1527900390625 2.7631776562581458e-05
2.1537900390625 2.8980716985339918e-05
2.1547900390625 2.4071316389987865e-05
2.1557900390625 2.6506345020607116e-05
2.1567900390625 2.1324493379021684e-05
2.1577900390625 2.4223428141946594e-05
2.1587900390625 2.0685174968093632e-05
2.1597900390625 2.3235988143521052e-05
2.1607900390625 2.132289984729141e-05
2.1617900390625 2.180158645690729e-05
2.1627900390625 2.0821409998461603e-05
2.1637900390625 2.4483945065488418e-05
2.1647900390625 2.3808783541123073e-05
2.1657900390625 1.5976619712697964e-05
2.1667900390625 2.0077164905766645e-05
2.1677900390625 1.828279656668504e-05
2.1687900390625 2.060053171589971e-05
2.1697900390625 2.4051886478749413e-05
2.1707900390625 2.4851714842952786e-05
2.1717900390625 2.1903078304603697e-05
2.1727900390625 2.1275875624269248e-05
2.1737900390625 2.681910991668701e-05
2.1747900390625 2.2653441410511734e-05
2.1757900390625 2.381851508592566e-05
2.1767900390625 1.3382639735937119e-05
2.1777900390625 1.9301984090513238e-05
2.1787900390625 2.0241393164421123e-05
2.1797900390625 2.014233362084876e-05
2.1807900390625 1.66502216598019e-05
2.1817900390625 2.4160371394827963e-05
2.1827900390625 2.1211386386615534e-05
2.1837900390625 2.1694376676653823e-05
2.1847900390625 2.5184070109389724e-05
2.1857900390625 2.0866384729743004e-05
2.1867900390625 2.126260524770866e-05
2.1877900390625 1.5525693112673858e-05
2.1887900390625 1.9825331789130967e-05
2.1897900390625 2.3383773126018544e-05
2.1907900390625 2.150767638037602e-05
2.1917900390625 2.7889224778239923e-05
2.1927900390625 2.338684319208066e-05
2.1937900390625 1.91119381148989e-05
2.1947900390625 2.3493848275393247e-05
2.1957900390625 2.2805573729177315e-05
2.1967900390625 2.8327293694019318e-05
2.1977900390625 2.4521038479482134e-05
2.1987900390625 2.8340423402066035e-05
2.1997900390625 2.4314708231637878e-05
2.2007900390625 2.3914040066301824e-05
2.2017900390625 2.643852999123434e-05
2.2027900390625 2.788323676213622e-05
2.2037900390625 2.8123146621510385e-05
2.2047900390625 2.6565586449578404e-05
2.2057900390625 3.0029894939313333e-05
2.2067900390625 2.9898048378527164e-05
2.2077900390625 2.7212236212411274e-05
2.2087900390625 2.6758958119899036e-05
2.2097900390625 3.3894630226617066e-05
2.2107900390625 2.8963501099497082e-05
2.2117900390625 3.615411735760669e-05
2.2127900390625 3.588356543332338e-05
2.2137900390625 3.6723828719307974e-05
2.2147900390625 3.435459647638103e-05
2.2157900390625 1.969634109021475e-05
2.2167900390625 3.379544670072694e-05
2.2177900390625 3.6400966346263884e-05
2.2187900390625 3.077012486755848e-05
2.2197900390625 2.9993878367046516e-05
2.2207900390625 2.760588851136466e-05
2.2217900390625 3.504416982953747e-05
2.2227900390625 2.8796921639392774e-05
2.2237900390625 2.843030689594646e-05
2.2247900390625 3.2362368268271285e-05
2.2257900390625 2.7047451197480162e-05
2.2267900390625 3.440982506920894e-05
2.2277900390625 3.3343863130236665e-05
2.2287900390625 2.8304664883762598e-05
2.2297900390625 3.7807186211769785e-05
2.2307900390625 2.953232149593532e-05
2.2317900390625 2.990466814177732e-05
2.2327900390625 3.223143323945502e-05
2.2337900390625 3.7328971860309445e-05
2.2347900390625 3.326051984913647e-05
2.2357900390625 3.329776149863998e-05
2.2367900390625 2.6428506826050582e-05
2.2377900390625 3.603681999569138e-05
2.2387900390625 2.7298324663812912e-05
2.2397900390625 3.8791468444590764e-05
2.2407900390625 3.76397503229479e-05
2.2417900390625 3.1557991169393064e-05
2.2427900390625 4.062347036475937e-05
2.2437900390625 3.667960098634163e-05
2.2447900390625 3.568725660443306e-05
2.2457900390625 3.485543498148521e-05
2.2467900390625 3.102224669419229e-05
2.2477900390625 4.606754868291318e-05
2.2487900390625 3.2670191721990704e-05
2.2497900390625 4.0307473003243404e-05
2.2507900390625 3.655787479753296e-05
2.2517900390625 3.321455675177276e-05
2.2527900390625 3.6810048234959445e-05
2.2537900390625 3.8300526794046166e-05
2.2547900390625 3.9720593097930156e-05
2.2557900390625 4.1146704073374474e-05
2.2567900390625 3.964152148303886e-05
2.2577900390625 3.469600303409e-05
2.2587900390625 3.35091973344485e-05
2.2597900390625 4.411575500853359e-05
2.2607900390625 3.983504371717573e-05
2.2617900390625 4.2744375532493e-05
2.2627900390625 3.574106842279434e-05
2.2637900390625 4.074623536628981e-05
2.2647900390625 3.624904124687115e-05
2.2657900390625 3.95672715967521e-05
2.2667900390625 4.304369639915724e-05
2.2677900390625 4.070784624976417e-05
2.2687900390625 4.4010019628331065e-05
2.2697900390625 3.800002431186537e-05
2.2707900390625 3.985441289842129e-05
2.2717900390625 3.516078693792224e-05
2.2727900390625 3.708417837818463e-05
2.2737900390625 3.7566348522280655e-05
2.2747900390625 3.500092658214271e-05
2.2757900390625 3.6850646138191225e-05
2.2767900390625 3.1404999317601325e-05
2.2777900390625 2.7985198345656194e-05
2.2787900390625 3.25585447717458e-05
2.2797900390625 3.028728999197483e-05
2.2807900390625 2.8860806487500668e-05
2.2817900390625 2.428984851576388e-05
2.2827900390625 1.864149555331096e-05
2.2837900390625 2.3913634940981865e-05
2.2847900390625 2.7385633050774537e-05
2.2857900390625 2.2823690281560022e-05
2.2867900390625 2.3147166163350146e-05
2.2877900390625 1.877885040206214e-05
2.2887900390625 2.7322416620639463e-05
2.2897900390625 1.9614955332751077e-05
2.2907900390625 2.1400118324284756e-05
2.2917900390625 2.1939759996409217e-05
2.2927900390625 1.8084056791849433e-05
2.2937900390625 2.095551850895087e-05
2.2947900390625 2.146521001122892e-05
2.2957900390625 1.357649084335814e-05
2.2967900390625 1.7404396397372085e-05
2.2977900390625 1.328300267535572e-05
2.2987900390625 1.3896684783200424e-05
2.2997900390625 1.599013029287259e-05
2.3007900390625 1.4278990177748105e-05
2.3017900390625 1.8094323071030282e-05
2.3027900390625 1.3911018225674828e-05
2.3037900390625 1.517198009726902e-05
2.3047900390625 1.3449850181738535e-05
2.3057900390625 1.6083953669294713e-05
2.3067900390625 1.4643049992931385e-05
2.3077900390625 1.0287557088304312e-05
2.3087900390625 1.6910834820009768e-05
2.3097900390625 1.2239368516020477e-05
2.3107900390625 1.4607581736830373e-05
2.3117900390625 1.3026443096653868e-05
2.3127900390625 1.1445578711573034e-05
2.3137900390625 1.215040732252722e-05
2.3147900390625 1.3306473459427555e-05
2.3157900390625 1.3003666147900124e-05
2.3167900390625 1.2565966656741996e-05
2.3177900390625 9.07806495282178e-06
2.3187900390625 9.50274212906758e-06
2.3197900390625 1.2874509945201377e-05
2.3207900390625 1.111636219623809e-05
2.3217900390625 1.095106010325253e-05
2.3227900390625 1.2220640201121569e-05
2.3237900390625 8.505566511303188e-06
2.3247900390625 1.0411508847028016e-05
2.3257900390625 1.1563884230175366e-05
2.3267900390625 1.122374291298911e-05
2.3277900390625 1.1838024753766756e-05
2.3287900390625 1.0003351198974998e-05
2.3297900390625 1.0413725685793907e-05
2.3307900390625 1.0213660619532069e-05
2.3317900390625 9.863921441137791e-06
2.3327900390625 1.099327967191736e-05
2.3337900390625 1.0970259027089923e-05
2.3347900390625 9.552697689893346e-06
2.3357900390625 9.54722675184409e-06
2.3367900390625 9.384081931784748e-06
2.3377900390625 1.047283624454091e-05
2.3387900390625 1.070722627143065e-05
2.3397900390625 1.0307948881139357e-05
2.3407900390625 9.554663653640696e-06
2.3417900390625 1.2131058028899133e-05
2.3427900390625 1.1891614994965494e-05
2.3437900390625 1.0071484236201893e-05
2.3447900390625 1.0159597150050103e-05
2.3457900390625 9.50636681712543e-06
2.3467900390625 1.0483588072626542e-05
2.3477900390625 9.671038521143299e-06
2.3487900390625 1.0086568654514849e-05
2.3497900390625 1.1757339040438334e-05
2.3507900390625 9.241658553946762e-06
2.3517900390625 9.96089424006641e-06
2.3527900390625 9.598578277897712e-06
2.3537900390625 1.0342823904162894e-05
2.3547900390625 1.0808703179160755e-05
2.3557900390625 7.1018388067993025e-06
2.3567900390625 1.3192385085858405e-05
2.3577900390625 1.0348100331611932e-05
2.3587900390625 9.405984698484341e-06
2.3597900390625 1.2123978037076693e-05
2.3607900390625 1.0764788215359051e-05
2.3617900390625 9.345893922727554e-06
2.3627900390625 1.1844481826604653e-05
2.3637900390625 1.1866513329247634e-05
2.3647900390625 1.1561181260428081e-05
2.3657900390625 1.087559862450386e-05
2.3667900390625 9.781863676228871e-06
2.3677900390625 1.1600150998371342e-05
2.3687900390625 9.154693689197302e-06
2.3697900390625 1.0286035637060802e-05
2.3707900390625 1.1169987265020608e-05
2.3717900390625 1.2083140900358558e-05
2.3727900390625 1.2272312111842136e-05
2.3737900390625 9.221154080781464e-06
2.3747900390625 1.2614458294895789e-05
2.3757900390625 1.2596024898812175e-05
2.3767900390625 1.1168013831290106e-05
2.3777900390625 1.2388897982115547e-05
2.3787900390625 1.3905694941058756e-05
2.3797900390625 1.4346633300495644e-05
2.3807900390625 9.723218293705335e-06
2.3817900390625 1.2946275043456504e-05
2.3827900390625 1.3720697121849905e-05
2.3837900390625 1.1652127723209562e-05
2.3847900390625 1.3171804991240302e-05
2.3857900390625 1.4709185149210194e-05
2.3867900390625 1.1601107738291222e-05
2.3877900390625 1.0248231216489027e-05
2.3887900390625 1.3652561853329342e-05
2.3897900390625 1.1675795637226353e-05
2.3907900390625 1.3595638253415625e-05
2.3917900390625 1.9278331504513823e-05
2.3927900390625 1.3676403517213962e-05
2.3937900390625 1.5709034826916953e-05
2.3947900390625 1.365721671997259e-05
2.3957900390625 1.3783426547888666e-05
2.3967900390625 1.365315275810038e-05
2.3977900390625 1.2653483524142453e-05
2.3987900390625 1.2637212639674545e-05
2.3997900390625 1.699877204373479e-05
2.4007900390625 1.6139956618038316e-05
2.4017900390625 1.381153337812672e-05
2.4027900390625 1.611969491932541e-05
2.4037900390625 1.3941790530225261e-05
2.4047900390625 1.4151390738940488e-05
2.4057900390625 1.523863155550013e-05
2.4067900390625 1.7176160084394118e-05
2.4077900390625 1.3997928278210262e-05
2.4087900390625 1.5690498694311826e-05
2.4097900390625 1.4873021185242882e-05
2.4107900390625 1.342377586600681e-05
2.4117900390625 1.450230018235743e-05
2.4127900390625 1.5306244992340605e-05
2.4137900390625 1.6869576647877693e-05
2.4147900390625 1.3017428670233737e-05
2.4157900390625 1.6192813442709546e-05
2.4167900390625 1.684269809629768e-05
2.4177900390625 1.5562486757213872e-05
2.4187900390625 2.0725865421506263e-05
2.4197900390625 1.7333283515957495e-05
2.4207900390625 1.7010086642888683e-05
2.4217900390625 1.7158863289902608e-05
2.4227900390625 2.10957103020822e-05
2.4237900390625 1.3761610122552763e-05
2.4247900390625 1.637604320421815e-05
2.4257900390625 1.6785733362970255e-05
2.4267900390625 1.78484118077904e-05
2.4277900390625 1.700488010101253e-05
2.4287900390625 1.896387334757795e-05
2.4297900390625 1.9135513187696537e-05
2.4307900390625 1.9190486442918577e-05
2.4317900390625 1.785601683271428e-05
2.4327900390625 1.8143135239370167e-05
2.4337900390625 2.4136909826969106e-05
2.4347900390625 1.9943940181595583e-05
2.4357900390625 1.6528299117150406e-05
2.4367900390625 2.3840679787099362e-05
2.4377900390625 1.847318490035832e-05
2.4387900390625 2.0446820029368005e-05
2.4397900390625 2.4092384846881033e-05
2.4407900390625 1.5530156864163777e-05
2.4417900390625 1.8754488167663415e-05
2.4427900390625 1.629329529047633e-05
2.4437900390625 2.0364904776215555e-05
2.4447900390625 1.638936548260972e-05
2.4457900390625 2.38597965411221e-05
2.4467900390625 2.2637214860878886e-05
2.4477900390625 2.641245179499189e-05
2.4487900390625 1.630928134545684e-05
2.4497900390625 2.5499399829035007e-05
2.4507900390625 1.6507983091287314e-05
2.4517900390625 1.979316662376126e-05
2.4527900390625 2.7064668247476218e-05
2.4537900390625 2.2224736555169025e-05
2.4547900390625 2.1489686332643032e-05
2.4557900390625 1.819439639803022e-05
2.4567900390625 1.9535328028723598e-05
2.4577900390625 2.1884276260000962e-05
2.4587900390625 2.7730067571004233e-05
2.4597900390625 2.550322659468899e-05
2.4607900390625 2.3084838079133382e-05
2.4617900390625 2.472514868713915e-05
2.4627900390625 3.22772814737012e-05
2.4637900390625 1.8711795176689825e-05
2.4647900390625 2.11301581778874e-05
2.4657900390625 2.7667867446628712e-05
2.4667900390625 2.384127195303639e-05
2.4677900390625 2.716353163123131e-05
2.4687900390625 2.68718918475012e-05
2.4697900390625 2.345612330827862e-05
2.4707900390625 2.5244326679967343e-05
2.4717900390625 2.5771288201212882e-05
2.4727900390625 1.9062508557302256e-05
2.4737900390625 2.925091151458522e-05
2.4747900390625 2.6334736612625418e-05
2.4757900390625 2.5355209751675525e-05
2.4767900390625 3.0667210230603816e-05
2.4777900390625 2.120267638626198e-05
2.4787900390625 2.0145881377781432e-05
2.4797900390625 2.4577428509170806e-05
2.4807900390625 3.0433933328216272e-05
2.4817900390625 3.0020723352208732e-05
2.4827900390625 2.867654974882801e-05
2.4837900390625 2.6474105349431433e-05
2.4847900390625 2.602531322433303e-05
2.4857900390625 2.840822678990662e-05
2.4867900390625 2.3810374938572445e-05
2.4877900390625 3.0370153253898025e-05
2.4887900390625 2.9709488929559792e-05
2.4897900390625 3.4626575264458855e-05
2.4907900390625 3.264461333552996e-05
2.4917900390625 2.9215606822011372e-05
2.4927900390625 2.542811348879089e-05
2.4937900390625 2.9547499725595116e-05
2.4947900390625 3.592893520059685e-05
2.4957900390625 2.8270291707788904e-05
2.4967900390625 3.077430961032708e-05
2.4977900390625 3.347728479032715e-05
2.4987900390625 3.87094138811032e-05
2.4997900390625 3.0327040003612635e-05
2.5007900390625 2.5339798303321e-05
2.5017900390625 3.074884026621779e-05
2.5027900390625 3.3308632749443255e-05
2.5037900390625 3.072671825066209e-05
2.5047900390625 2.256306450969229e-05
2.5057900390625 2.720345384053265e-05
2.5067900390625 3.215963525387148e-05
2.5077900390625 3.7193511379882695e-05
2.5087900390625 2.7141131771107518e-05
2.5097900390625 2.748693822637538e-05
2.5107900390625 3.156153135932982e-05
2.5117900390625 3.3034598842884104e-05
2.5127900390625 3.427718164554487e-05
2.5137900390625 4.3324118014425035e-05
2.5147900390625 4.2005194118246436e-05
2.5157900390625 3.837850138855477e-05
2.5167900390625 3.207479467770705e-05
2.5177900390625 3.725570742972195e-05
2.5187900390625 4.218580356488625e-05
2.5197900390625 3.908305467727283e-05
2.5207900390625 3.584170481190086e-05
2.5217900390625 3.569378983229399e-05
2.5227900390625 3.750489985880752e-05
2.5237900390625 3.606950980611145e-05
2.5247900390625 4.3824079912155864e-05
2.5257900390625 4.309375848000248e-05
2.5267900390625 3.0580891373877727e-05
2.5277900390625 3.883483198781808e-05
2.5287900390625 3.961334509464602e-05
2.5297900390625 4.775323516999682e-05
2.5307900390625 3.729433170519769e-05
2.5317900390625 5.390449582288663e-05
2.5327900390625 5.1235110343744355e-05
2.5337900390625 5.037435796111822e-05
2.5347900390625 3.892150785153111e-05
2.5357900390625 5.2531569187218946e-05
2.5367900390625 4.976073124756416e-05
2.5377900390625 5.522944265976549e-05
2.5387900390625 5.454300165486833e-05
2.5397900390625 3.732985661675532e-05
2.5407900390625 6.850292207673192e-05
2.5417900390625 5.669752135872841e-05
2.5427900390625 3.555643158809592e-05
2.5437900390625 3.069094925497969e-05
2.5447900390625 6.451342487707734e-05
2.5457900390625 5.028376549792786e-05
2.5467900390625 6.309585568184654e-05
2.5477900390625 6.392266290883224e-05
2.5487900390625 6.007166424145301e-05
2.5497900390625 6.69444779244562e-05
2.5507900390625 5.525424067551891e-05
2.5517900390625 7.17175363873442e-05
2.5527900390625 4.5286120536426705e-05
2.5537900390625 6.35790708474815e-05
2.5547900390625 4.79617202654481e-05
2.5557900390625 6.965352222323417e-05
2.5567900390625 6.285403622314335e-05
2.5577900390625 6.56071281991899e-05
2.5587900390625 8.017929581304392e-05
2.5597900390625 7.279435017456611e-05
2.5607900390625 6.750734251302978e-05
2.5617900390625 8.272640329475204e-05
2.5627900390625 8.256177961205442e-05
2.5637900390625 8.640467577303449e-05
2.5647900390625 7.84397361955295e-05
2.5657900390625 7.111426365251342e-05
2.5667900390625 9.298572782427073e-05
2.5677900390625 8.570756996050478e-05
2.5687900390625 8.292230234170953e-05
2.5697900390625 6.960257887840272e-05
2.5707900390625 6.26006790359194e-05
2.5717900390625 7.81246090385442e-05
2.5727900390625 9.391106587524215e-05
2.5737900390625 7.000916947921117e-05
2.5747900390625 8.3992809522897e-05
2.5757900390625 8.673868918170532e-05
2.5767900390625 0.00011659056258698304
2.5777900390625 7.041229633614421e-05
2.5787900390625 9.2195524678876e-05
2.5797900390625 7.95674758652846e-05
2.5807900390625 0.00010766537704815467
2.5817900390625 6.294552064294597e-05
2.5827900390625 7.907824338568996e-05
2.5837900390625 7.810819622439642e-05
2.5847900390625 0.00010683909757062794
2.5857900390625 0.00010290067138460775
2.5867900390625 0.00013133535782496134
2.5877900390625 5.332417223447312e-05
2.5887900390625 0.0001049156781906883
2.5897900390625 0.0001127542353545626
2.5907900390625 0.00012300321677078803
2.5917900390625 0.00011583587736822663
2.5927900390625 9.72082349471748e-05
2.5937900390625 9.091804036870599e-05
2.5947900390625 0.0001331217090288798
2.5957900390625 0.00013125727418810128
2.5967900390625 0.00010249418439343571
2.5977900390625 0.0001037165002586941
