microns throughput
0.39829998779296877 7.458536607692541e-07
0.39929998779296877 1.4748100664321498e-06
0.40029998779296877 3.0027706279406234e-07
0.40129998779296877 8.412918473990534e-07
0.40229998779296877 1.9852376146276924e-08
0.4032999877929688 7.807456838998499e-09
0.4042999877929688 2.0697192433583865e-08
0.4052999877929688 7.685875901869737e-08
0.4062999877929688 4.456525848699463e-08
0.4072999877929688 3.057086881142745e-08
0.4082999877929688 4.96865494377848e-09
0.4092999877929687 9.999999939225291e-11
0.4102999877929687 7.552050012016309e-09
0.4112999877929687 2.3734317074660303e-09
0.4122999877929687 3.777971788447113e-08
0.4132999877929687 4.876402529336987e-08
0.4142999877929687 3.3613653885339044e-08
0.41529998779296873 2.473443237644689e-08
0.41629998779296873 9.999999939225291e-11
0.41729998779296873 4.204720065022876e-08
0.41829998779296873 4.5250102496258165e-08
0.41929998779296873 9.859670682042437e-08
0.42029998779296873 7.032818587253765e-08
0.42129998779296873 4.517049740498123e-08
0.42229998779296873 1.0683301051668782e-07
0.42329998779296873 2.4216128982615543e-08
0.42429998779296874 4.29651509743778e-08
0.42529998779296874 7.179316046265403e-08
0.42629998779296874 4.19655748605212e-09
0.42729998779296874 1.6560765340842586e-07
0.42829998779296874 4.730281180433018e-08
0.42929998779296874 1.327617634436194e-08
0.43029998779296874 1.340412120416601e-07
0.43129998779296874 3.485332819647456e-08
0.43229998779296874 3.496378987203084e-08
0.43329998779296874 4.5592230513310174e-08
0.43429998779296874 8.217546844223439e-08
0.43529998779296875 8.832534254094126e-08
0.43629998779296875 1.4756421094691555e-07
0.43729998779296875 6.202866086652917e-08
0.43829998779296875 1.2986270962622487e-08
0.43929998779296875 3.32526333385319e-08
0.44029998779296875 1.0414440901549992e-07
0.44129998779296875 3.572454420019759e-08
0.44229998779296875 3.162341648919307e-08
0.44329998779296875 6.939712408382748e-08
0.44429998779296875 8.576855945833603e-08
0.44529998779296875 8.438930331576662e-08
0.44629998779296876 8.767667179857461e-08
0.44729998779296876 1.9107814621358712e-08
0.44829998779296876 2.818315359661672e-08
0.44929998779296876 6.768009865404041e-08
0.45029998779296876 1.3916956396959702e-07
0.45129998779296876 4.254205698945209e-07
0.45229998779296876 4.0514697059197335e-07
0.45329998779296876 1.0595611485178894e-06
0.45429998779296876 9.158111942728714e-07
0.45529998779296876 1.7892728037465093e-06
0.45629998779296876 1.0550030712521938e-06
0.45729998779296877 1.9050874279790778e-06
0.45829998779296877 3.3695933306989815e-07
0.45929998779296877 2.474803120424639e-07
0.46029998779296877 3.0289859519981124e-07
0.46129998779296877 3.413320650869705e-07
0.46229998779296877 9.999999939225291e-11
0.46329998779296877 8.888550079263443e-07
0.46429998779296877 9.016520614366515e-07
0.46529998779296877 1.0232882147174158e-06
0.4662999877929688 3.6324808417723583e-07
0.4672999877929688 1.6049972507362296e-07
0.4682999877929688 7.57544110186377e-08
0.4692999877929688 2.31900271608909e-07
0.4702999877929688 1.0334283554830072e-07
0.4712999877929688 5.1596137486278784e-08
0.4722999877929687 2.1602010006329622e-07
0.4732999877929687 2.641558481182254e-08
0.4742999877929687 1.0764186674408964e-07
0.4752999877929687 2.408489320356892e-08
0.4762999877929687 2.2218794461203083e-08
0.4772999877929687 6.114076974715146e-08
0.47829998779296873 8.879217217845346e-08
0.47929998779296873 2.707320028658315e-08
0.48029998779296873 2.3980550320212855e-08
0.48129998779296873 4.086950184687138e-08
0.48229998779296873 3.2041136373708057e-09
0.48329998779296873 7.325687434918512e-08
0.48429998779296873 2.8791839209698377e-08
0.48529998779296873 8.829262407246765e-08
0.48629998779296874 4.0979809435282574e-09
0.48729998779296874 9.999999939225291e-11
0.48829998779296874 3.4533458458755694e-08
0.48929998779296874 1.0955946792308898e-07
0.49029998779296874 5.4908563916056506e-08
0.49129998779296874 1.0916285439474328e-07
0.49229998779296874 1.802224162454162e-07
0.49329998779296874 9.291639770185136e-09
0.49429998779296874 1.7245894236995858e-07
0.49529998779296874 7.378358803814717e-08
0.49629998779296874 7.465459606332641e-08
0.49729998779296875 1.7345219242795508e-07
0.49829998779296875 1.833476033231202e-08
0.49929998779296875 4.5773420222532705e-08
0.5002999877929688 1.557357735139823e-09
0.5012999877929688 9.999999939225291e-11
0.5022999877929688 1.027205741993195e-07
0.5032999877929687 7.933999106576588e-08
0.5042999877929687 2.4193108240265026e-08
0.5052999877929687 2.837653321300829e-08
0.5062999877929687 2.371808864273707e-08
0.5072999877929687 1.2441672253824757e-09
0.5082999877929687 3.3235338222425434e-08
0.5092999877929687 2.9731545271672935e-08
0.5102999877929687 2.093760769208732e-09
0.5112999877929687 4.1913767505772626e-08
0.5122999877929687 1.1701237979325107e-07
0.5132999877929687 1.5877091479158802e-08
0.5142999877929687 4.9978901935550873e-08
0.5152999877929687 3.8091616697821964e-08
0.5162999877929687 1.364576557034262e-07
0.5172999877929687 8.815315923353059e-10
0.5182999877929687 1.0256219241432137e-08
0.5192999877929687 2.734161233110124e-08
0.5202999877929687 2.3199561851653924e-08
0.5212999877929687 7.339541742317673e-08
0.5222999877929687 2.5059904637047054e-08
0.5232999877929687 6.259451810642684e-08
0.5242999877929687 4.238369324996482e-08
0.5252999877929687 1.3504446561585806e-07
0.5262999877929687 6.576983576503191e-08
0.5272999877929687 9.835884992992653e-09
0.5282999877929687 8.728250376269703e-08
0.5292999877929687 6.708044111427048e-08
0.5302999877929687 7.54086498771749e-09
0.5312999877929687 1.6620448837493096e-08
0.5322999877929687 2.313213305349393e-09
0.5332999877929687 9.999999939225291e-11
0.5342999877929687 9.999999939225291e-11
0.5352999877929687 9.999999939225291e-11
0.5362999877929687 5.351888959411373e-08
0.5372999877929687 2.5462234377886275e-08
0.5382999877929687 3.797468559348208e-08
0.5392999877929687 3.328346857701003e-08
0.5402999877929687 1.0606915182902193e-07
0.5412999877929687 5.092048382006991e-08
0.5422999877929687 2.4891496851278895e-08
0.5432999877929687 2.749663444934214e-08
0.5442999877929687 2.2626005125908842e-08
0.5452999877929687 6.307843341430524e-08
0.5462999877929687 4.1804017568924407e-08
0.5472999877929687 1.223277263899732e-07
0.5482999877929687 7.36017128475414e-09
0.5492999877929687 2.393660462283488e-09
0.5502999877929687 9.706864860942094e-09
0.5512999877929687 5.330120449328747e-08
0.5522999877929687 6.936358336713173e-09
0.5532999877929687 1.5434245954275835e-08
0.5542999877929687 8.227881922930865e-08
0.5552999877929687 7.743471241903329e-08
0.5562999877929687 5.502679998108052e-08
0.5572999877929687 3.493342650824809e-08
0.5582999877929687 2.1955812016971037e-08
0.5592999877929687 9.999999939225291e-11
0.5602999877929687 9.999999939225291e-11
0.5612999877929687 9.172829057122877e-08
0.5622999877929687 2.9575862997377213e-09
0.5632999877929687 3.4474352727700426e-08
0.5642999877929687 2.8920332208702106e-08
0.5652999877929688 2.8989987367519747e-08
0.5662999877929688 1.5452095213481362e-08
0.5672999877929688 4.250675568542766e-09
0.5682999877929688 6.060625783123748e-08
0.5692999877929688 4.509101007934742e-09
0.5702999877929688 5.120479196331801e-08
0.5712999877929688 1.053636446700959e-08
0.5722999877929688 3.736012736095571e-08
0.5732999877929688 5.140539541245525e-08
0.5742999877929688 1.0218313963833415e-07
0.5752999877929688 4.4500094963558587e-08
0.5762999877929688 3.083057609672664e-08
0.5772999877929688 1.5441079102795443e-08
0.5782999877929688 1.931574288368173e-08
0.5792999877929688 7.794103771422792e-08
0.5802999877929688 1.1743403110042598e-09
0.5812999877929688 1.5018614804718005e-07
0.5822999877929688 1.6188517882122827e-08
0.5832999877929688 4.9486544413213944e-08
0.5842999877929688 9.576579648725745e-08
0.5852999877929688 2.3230757801667368e-08
0.5862999877929688 3.062273051426648e-08
0.5872999877929688 5.648087881147809e-09
0.5882999877929688 3.640556688703592e-08
0.5892999877929688 2.701558654546672e-09
0.5902999877929688 2.7032689968372923e-08
0.5912999877929688 3.004366219176089e-08
0.5922999877929688 8.118946877998648e-08
0.5932999877929688 3.776677229011077e-08
0.5942999877929688 2.06637447221141e-08
0.5952999877929688 3.6707888691203804e-08
0.5962999877929688 5.902746796945892e-08
0.5972999877929688 1.445256392331707e-08
0.5982999877929688 4.867254188999418e-08
0.5992999877929688 5.520459033839585e-09
0.6002999877929688 2.4155187687095273e-08
0.6012999877929688 7.74298867918683e-08
0.6022999877929688 7.062159586667856e-08
0.6032999877929688 1.9122237453947654e-08
0.6042999877929688 4.574414647708103e-08
0.6052999877929688 4.8943411008932597e-08
0.6062999877929688 5.529254027509837e-09
0.6072999877929688 5.2123452807251166e-08
0.6082999877929688 3.459508295093153e-08
0.6092999877929688 9.999999939225291e-11
0.6102999877929688 1.0602848214991721e-07
0.6112999877929688 1.2381174933776994e-07
0.6122999877929688 6.6595415527496e-08
0.6132999877929688 4.1196330951277954e-08
0.6142999877929688 9.461256922633342e-08
0.6152999877929688 3.406274698936965e-08
0.6162999877929688 5.876272071839336e-08
0.6172999877929688 3.5527831736643294e-08
0.6182999877929688 8.796770961854901e-08
0.6192999877929688 1.4995428528651786e-07
0.6202999877929688 1.7755563267348473e-07
0.6212999877929688 1.7414828185365388e-07
0.6222999877929688 1.719901715559646e-07
0.6232999877929688 1.4381652004948526e-07
0.6242999877929688 8.364079189781101e-08
0.6252999877929688 1.55271686750476e-07
0.6262999877929688 1.8143498323329638e-07
0.6272999877929688 1.1507525393958388e-07
0.6282999877929687 2.5486729597789614e-07
0.6292999877929687 2.739106422239259e-07
0.6302999877929687 2.5982867725445265e-07
0.6312999877929687 4.4284021790389766e-07
0.6322999877929687 4.5225936577444977e-07
0.6332999877929687 4.5781479887615636e-07
0.6342999877929687 5.240442062011847e-07
0.6352999877929687 5.110579610982184e-07
0.6362999877929687 5.961563573864122e-07
0.6372999877929687 4.7498376326337836e-07
0.6382999877929687 6.651149364178471e-07
0.6392999877929687 8.675749612008084e-07
0.6402999877929687 9.61137427387307e-07
0.6412999877929687 1.1311746685486456e-06
0.6422999877929687 1.1779658583247827e-06
0.6432999877929687 1.2180699944212405e-06
0.6442999877929687 1.0446681235295195e-06
0.6452999877929687 8.887653268837285e-07
0.6462999877929687 7.473674292731407e-07
0.6472999877929687 6.197754445443584e-07
0.6482999877929687 6.778990930896421e-07
0.6492999877929687 6.372697441488711e-07
0.6502999877929687 6.064110583577565e-07
0.6512999877929687 6.374631780918056e-07
0.6522999877929687 5.780952090124987e-07
0.6532999877929687 5.051051880355964e-07
0.6542999877929687 2.5572729722886366e-07
0.6552999877929687 2.995376341955832e-07
0.6562999877929687 2.8241178706774265e-07
0.6572999877929687 2.6717088516370697e-07
0.6582999877929687 3.034135090216667e-07
0.6592999877929687 3.6697436766708167e-07
0.6602999877929687 1.8015802236204908e-07
0.6612999877929687 2.8327226035129274e-07
0.6622999877929687 1.5354569482522025e-07
0.6632999877929687 1.5478298417895798e-07
0.6642999877929687 1.3003584748122905e-07
0.6652999877929687 1.2153215463430195e-07
0.6662999877929687 1.5695898817317454e-07
0.6672999877929687 2.3112528236085696e-07
0.6682999877929687 3.0164633158046135e-08
0.6692999877929687 5.1446126250442275e-08
0.6702999877929687 1.4167039826396224e-07
0.6712999877929687 2.298206397525593e-07
0.6722999877929687 1.6020996944633612e-07
0.6732999877929687 1.6341142962857698e-07
0.6742999877929687 1.8908868410827746e-07
0.6752999877929687 5.4753905813756406e-08
0.6762999877929687 7.533059455373525e-08
0.6772999877929687 1.8626593726099122e-07
0.6782999877929687 6.847546081354916e-08
0.6792999877929687 1.7250085598658448e-07
0.6802999877929687 1.8584090908657618e-07
0.6812999877929687 1.2472563085110835e-07
0.6822999877929687 1.1473904038615151e-07
0.6832999877929687 1.6514040811405072e-07
0.6842999877929687 1.5149960361800883e-07
0.6852999877929687 2.0108625114700767e-07
0.6862999877929687 8.716023865646727e-08
0.6872999877929687 1.1362199010142648e-07
0.6882999877929687 1.80947510550757e-07
0.6892999877929687 2.6946020114095705e-07
0.6902999877929688 1.6551393436517627e-07
0.6912999877929688 1.613741722497395e-07
0.6922999877929688 1.9705272169735323e-07
0.6932999877929688 3.2246234556691605e-07
0.6942999877929688 1.1371764312571588e-07
0.6952999877929688 1.8920485933813195e-07
0.6962999877929688 5.727799833238245e-08
0.6972999877929688 4.609250396786919e-08
0.6982999877929688 1.566998268360398e-07
0.6992999877929688 7.678330784821213e-08
0.7002999877929688 9.660544074073646e-08
0.7012999877929688 3.8177754603952485e-08
0.7022999877929688 4.448004381431878e-09
0.7032999877929688 1.2581919576341938e-07
0.7042999877929688 6.886033675522955e-08
0.7052999877929688 1.54297737301882e-07
0.7062999877929688 8.702874443013294e-08
0.7072999877929688 5.634344840206694e-08
0.7082999877929688 5.220212580106657e-08
0.7092999877929688 1.8387271962928585e-07
0.7102999877929688 4.6128909586778914e-08
0.7112999877929688 1.316342060447368e-07
0.7122999877929688 1.2122928314393983e-07
0.7132999877929688 4.723083877516912e-08
0.7142999877929688 1.1757028512970891e-07
0.7152999877929688 8.801838781569699e-08
0.7162999877929688 7.314954998717906e-08
0.7172999877929688 8.768601474840337e-08
0.7182999877929688 8.27611834806329e-08
0.7192999877929688 5.513170881006359e-08
0.7202999877929688 1.3365584638080795e-07
0.7212999877929688 1.1450490217358017e-07
0.7222999877929688 7.346330596588072e-08
0.7232999877929688 6.187337340794225e-08
0.7242999877929688 2.463457328192708e-07
0.7252999877929688 8.318071723818872e-08
0.7262999877929688 1.0778191521132816e-07
0.7272999877929688 2.8516753404786812e-08
0.7282999877929688 4.876901235711061e-08
0.7292999877929688 1.3987896999379527e-07
0.7302999877929688 7.994047227955992e-08
0.7312999877929688 4.245063565928343e-08
0.7322999877929688 1.5515967860833204e-07
0.7332999877929688 6.217418020047756e-08
0.7342999877929688 7.998460769710227e-08
0.7352999877929688 8.526383644334115e-08
0.7362999877929688 2.5332623996086432e-08
0.7372999877929688 9.441499828741903e-08
0.7382999877929688 1.4294080022275976e-07
0.7392999877929688 9.955285621595012e-08
0.7402999877929688 1.4255978363542737e-07
0.7412999877929688 3.0460060281438515e-07
0.7422999877929688 1.4546676611270566e-07
0.7432999877929688 8.308471258577148e-08
0.7442999877929688 5.966065590267628e-08
0.7452999877929688 2.3039303993664934e-08
0.7462999877929688 2.313067684924411e-07
0.7472999877929688 8.004666023996719e-08
0.7482999877929688 1.426375970935592e-07
0.7492999877929688 1.979957061965794e-08
0.7502999877929688 1.9155795170940273e-07
0.7512999877929688 1.558341057289502e-07
0.7522999877929688 2.0341997205297408e-07
0.7532999877929687 1.4775317567604552e-07
0.7542999877929687 1.2577103078671697e-07
0.7552999877929687 1.3087187102023696e-07
0.7562999877929687 1.303738165361934e-07
0.7572999877929687 6.83047952397005e-08
0.7582999877929687 1.8317637875103258e-07
0.7592999877929687 9.541444730403368e-08
0.7602999877929687 1.1790909515007972e-07
0.7612999877929687 1.7615788904600395e-07
0.7622999877929687 1.8689073884947646e-07
0.7632999877929687 1.0663435595160019e-07
0.7642999877929687 2.1066455002604578e-07
0.7652999877929687 1.0876811014624248e-07
0.7662999877929687 1.9578016562617942e-07
0.7672999877929687 2.1452425069721553e-07
0.7682999877929687 1.5880584176897254e-07
0.7692999877929687 1.587087224387496e-07
0.7702999877929687 3.1657057782888983e-07
0.7712999877929687 1.690097675634377e-07
0.7722999877929687 1.3110951553957246e-07
0.7732999877929687 2.367706053317557e-07
0.7742999877929687 2.055297515707269e-07
0.7752999877929687 2.5290914785045436e-07
0.7762999877929687 2.1987736486470235e-07
0.7772999877929687 2.315733263069216e-07
0.7782999877929687 2.8006397133109664e-07
0.7792999877929687 3.1274144025557675e-07
0.7802999877929687 3.3070824992857334e-07
0.7812999877929687 2.8086842559042734e-07
0.7822999877929687 1.8440069681553022e-07
0.7832999877929687 1.1068668905346938e-07
0.7842999877929687 1.9569629443335104e-07
0.7852999877929687 1.2476774232123993e-07
0.7862999877929687 9.955943529979012e-08
0.7872999877929687 1.415021077216394e-07
0.7882999877929687 2.2571472827817089e-07
0.7892999877929687 2.5092989145079815e-07
0.7902999877929687 1.6177745079195045e-07
0.7912999877929687 2.430153437222609e-07
0.7922999877929687 2.208339511764421e-07
0.7932999877929687 1.2682491166701096e-07
0.7942999877929687 3.8702748276194766e-07
0.7952999877929687 4.0372650843038735e-07
0.7962999877929687 2.5595293347063195e-07
0.7972999877929687 2.7664148168661e-07
0.7982999877929687 1.8576132199001234e-07
0.7992999877929687 2.0716934570310037e-07
0.8002999877929687 3.1212110284025196e-07
0.8012999877929687 1.6612269005937264e-07
0.8022999877929687 2.3095703840786293e-07
0.8032999877929687 2.945776435935987e-07
0.8042999877929687 1.5096751410199435e-07
0.8052999877929687 2.0219241037409617e-07
0.8062999877929687 3.477192099604589e-07
0.8072999877929687 2.428053137455239e-07
0.8082999877929687 2.3293574270319032e-07
0.8092999877929687 6.259095989373255e-08
0.8102999877929687 2.588266001464037e-07
0.8112999877929687 2.705526288548678e-07
0.8122999877929687 1.6635621805050975e-07
0.8132999877929687 1.4150352837240767e-07
0.8142999877929687 4.943505315324154e-07
0.8152999877929688 3.6146506947096263e-07
0.8162999877929688 3.06963240902884e-07
0.8172999877929688 1.7251854374122564e-07
0.8182999877929688 1.3280292565971187e-07
0.8192999877929688 1.8774462021309548e-07
0.8202999877929688 1.6104271683534685e-07
0.8212999877929688 3.0699346270679064e-07
0.8222999877929688 1.5386772249871493e-07
0.8232999877929688 9.949425658397538e-08
0.8242999877929688 1.6348754843228757e-07
0.8252999877929688 2.3685768777680745e-07
0.8262999877929688 3.899006598402677e-07
0.8272999877929688 1.8399285727281622e-07
0.8282999877929688 2.0028913908666841e-07
0.8292999877929688 1.745001578774847e-07
0.8302999877929688 2.684697575217965e-07
0.8312999877929688 1.6737837906446027e-07
0.8322999877929688 1.975780358673426e-07
0.8332999877929688 1.2550185925575903e-07
0.8342999877929688 3.0153937040658527e-07
0.8352999877929688 1.6982255717977706e-07
0.8362999877929688 2.4683130586664315e-07
0.8372999877929688 5.66559042793948e-08
0.8382999877929688 1.526492307771246e-07
0.8392999877929688 2.591589688532645e-07
0.8402999877929688 1.7532598126805994e-07
0.8412999877929688 2.3222826103048625e-07
0.8422999877929688 1.754618844132921e-07
0.8432999877929688 2.553951514597574e-07
0.8442999877929688 3.5293161527512165e-07
0.8452999877929688 2.677715895996134e-07
0.8462999877929688 2.9880769706498376e-07
0.8472999877929688 2.7010065828059747e-07
0.8482999877929688 2.715526460710501e-07
0.8492999877929688 3.9417805485766393e-07
0.8502999877929688 2.713434889336109e-07
0.8512999877929688 2.466202303285744e-07
0.8522999877929688 2.445670438965004e-07
0.8532999877929688 2.373997371326677e-07
0.8542999877929688 3.1118271129543604e-07
0.8552999877929688 4.5452001621405976e-07
0.8562999877929688 5.020038635613268e-07
0.8572999877929688 5.082767543203723e-07
0.8582999877929688 4.305930518351188e-07
0.8592999877929688 4.805627469221748e-07
0.8602999877929688 5.04213421353207e-07
0.8612999877929688 8.58901627379312e-07
0.8622999877929688 7.090778011724637e-07
0.8632999877929688 1.0385540566078023e-06
0.8642999877929688 9.602941755082368e-07
0.8652999877929688 1.0453919063887168e-06
0.8662999877929688 4.640164407781341e-07
0.8672999877929688 1.9346717836455528e-07
0.8682999877929688 8.312974654590078e-07
0.8692999877929688 1.6357467581782544e-07
0.8702999877929688 1.0220761222141742e-07
0.8712999877929688 2.473855509443896e-07
0.8722999877929688 2.338228511473991e-07
0.8732999877929688 2.164148900227162e-07
0.8742999877929688 1.5781727747035844e-07
0.8752999877929688 6.686208028116896e-07
0.8762999877929688 7.853543644623936e-07
0.8772999877929688 2.491078032264052e-06
0.8782999877929687 3.442001256965292e-07
0.8792999877929687 3.620927748412464e-07
0.8802999877929687 1.9120871247321848e-06
0.8812999877929687 1.3339042723934352e-06
0.8822999877929687 2.025600464599221e-06
0.8832999877929687 2.1112164924922772e-06
0.8842999877929687 9.999999939225291e-11
0.8852999877929687 2.66194424639531e-07
0.8862999877929687 7.633165674277481e-07
0.8872999877929687 4.038892091753123e-06
0.8882999877929687 3.873603043366573e-06
0.8892999877929687 9.320121906813559e-07
0.8902999877929687 6.2958245917081e-08
0.8912999877929687 9.876876484741595e-07
0.8922999877929687 1.3375466609061016e-07
0.8932999877929687 5.380236254738466e-06
0.8942999877929687 5.876438582102898e-06
0.8952999877929687 4.634021182670514e-06
0.8962999877929687 9.006379337919876e-06
0.8972999877929687 1.167609427381439e-05
0.8982999877929687 1.3111503154744144e-05
0.8992999877929687 8.516436971604057e-06
0.9002999877929687 5.877669751122248e-06
0.9012999877929687 9.776771720968368e-06
0.9022999877929687 8.06366432061735e-06
0.9032999877929687 8.641782438001459e-06
0.9042999877929687 8.41747780765627e-06
0.9052999877929687 4.548412245144561e-06
0.9062999877929687 1.0706939357761361e-05
0.9072999877929687 7.70668003247258e-06
0.9082999877929687 6.228574891977646e-06
0.9092999877929687 7.345126316510751e-06
0.9102999877929687 6.660746348785546e-06
0.9112999877929687 8.393944159899615e-06
0.9122999877929687 6.2737296959537765e-06
0.9132999877929687 6.840962468288606e-06
0.9142999877929687 6.935256387583375e-06
0.9152999877929687 7.46646186674603e-06
0.9162999877929687 6.400396194076552e-06
0.9172999877929687 8.153554125419921e-06
0.9182999877929687 7.2790546567585105e-06
0.9192999877929687 6.763178385860163e-06
0.9202999877929687 3.856576277878746e-06
0.9212999877929687 6.486663143232428e-06
0.9222999877929687 4.9182953492781385e-06
0.9232999877929687 5.6471688600929195e-06
0.9242999877929687 5.185347595470421e-06
0.9252999877929687 5.3712045545376e-06
0.9262999877929687 4.820100938024206e-06
0.9272999877929687 7.072465097331444e-06
0.9282999877929687 4.6280625958713984e-06
0.9292999877929687 3.410946921246596e-06
0.9302999877929687 4.795204503554419e-06
0.9312999877929687 7.367170191994225e-06
0.9322999877929687 3.6073321047217845e-06
0.9332999877929687 6.327903024982257e-06
0.9342999877929687 3.3550073896071165e-06
0.9352999877929687 6.212233213919551e-06
0.9362999877929687 6.147954415016758e-06
0.9372999877929687 5.889296777172105e-06
0.9382999877929687 5.074041903837824e-06
0.9392999877929687 4.9227139705514235e-06
0.9402999877929688 5.804129133257107e-06
0.9412999877929688 5.123872015575431e-06
0.9422999877929688 2.5632608722814115e-06
0.9432999877929688 5.862633785559091e-06
0.9442999877929688 5.398688191484642e-06
0.9452999877929688 3.588702437009615e-06
0.9462999877929688 5.445672527327393e-06
0.9472999877929688 4.523889880523998e-06
0.9482999877929688 3.6347521611946638e-06
0.9492999877929688 6.316998714730501e-06
0.9502999877929688 6.252720957169394e-06
0.9512999877929688 3.848106062115734e-06
0.9522999877929688 4.8567552857026334e-06
0.9532999877929688 4.338460065419846e-06
0.9542999877929688 4.404786413867413e-06
0.9552999877929688 4.315173714997153e-06
0.9562999877929688 2.815463141615082e-06
0.9572999877929688 2.6707691190412423e-06
0.9582999877929688 4.104535600003943e-06
0.9592999877929688 3.8319567019688256e-06
0.9602999877929688 4.737675406117583e-06
0.9612999877929688 3.881680875132902e-06
0.9622999877929688 4.1308408020931235e-06
0.9632999877929688 4.2920544851555296e-06
0.9642999877929688 3.922667287214961e-06
0.9652999877929688 3.65348046075908e-06
0.9662999877929688 4.8669799063520336e-06
0.9672999877929688 3.435227488789776e-06
0.9682999877929688 4.520746223639683e-06
0.9692999877929688 2.1831174950958485e-06
0.9702999877929688 2.7014498693682175e-06
0.9712999877929688 3.8632195464375705e-06
0.9722999877929688 3.398764989827425e-06
0.9732999877929688 3.0062420441522903e-06
0.9742999877929688 3.6831625936137074e-06
0.9752999877929688 3.439871902903849e-06
0.9762999877929688 3.1452399572199397e-06
0.9772999877929688 3.402588068491461e-06
0.9782999877929688 3.505189296377049e-06
0.9792999877929688 3.7491771843889286e-06
0.9802999877929688 2.210254699262668e-06
0.9812999877929688 3.2746711704190217e-06
0.9822999877929688 3.2010525755033055e-06
0.9832999877929688 3.850825793210189e-06
0.9842999877929688 3.5115291731457735e-06
0.9852999877929688 2.5803795848459347e-06
0.9862999877929688 3.017612689091321e-06
0.9872999877929688 3.409450994092596e-06
0.9882999877929688 2.963784099770519e-06
0.9892999877929688 2.162561675799544e-06
0.9902999877929688 3.7168245541157014e-06
0.9912999877929688 2.89698184158021e-06
0.9922999877929688 4.0985565776127245e-06
0.9932999877929688 3.0487862895626104e-06
0.9942999877929688 3.104458793343032e-06
0.9952999877929688 2.136499916561799e-06
0.9962999877929688 3.072700912637511e-06
0.9972999877929688 2.933758082065778e-06
0.9982999877929688 2.507545322418784e-06
0.9992999877929688 2.242652127810714e-06
1.0002999877929688 2.45642145285959e-06
1.0012999877929687 3.631199908364946e-06
1.0022999877929688 3.7419960286063218e-06
1.0032999877929687 3.4205141216858743e-06
1.0042999877929688 2.677070627378522e-06
1.0052999877929687 4.440997801816414e-06
1.0062999877929688 3.206385481312757e-06
1.0072999877929687 2.7572104530978206e-06
1.0082999877929688 2.7853315776082716e-06
1.0092999877929687 2.1481661335590992e-06
1.0102999877929688 2.6065538475084194e-06
1.0112999877929687 2.914755705671917e-06
1.0122999877929688 2.7772603418807534e-06
1.0132999877929687 2.212718272427757e-06
1.0142999877929688 2.4529493224341533e-06
1.0152999877929687 2.159423206647597e-06
1.0162999877929688 2.2964998868846503e-06
1.0172999877929687 2.253019116464168e-06
1.0182999877929688 3.0814359298081576e-06
1.0192999877929687 2.4808650519721895e-06
1.0202999877929688 2.5283237710875116e-06
1.0212999877929687 3.1611819781855133e-06
1.0222999877929688 2.9889238422139344e-06
1.0232999877929687 2.513986490673866e-06
1.024300048828125 2.434742577997661e-06
1.025300048828125 2.5346147485727704e-06
1.026300048828125 3.2505341753008822e-06
1.027300048828125 2.287375156324493e-06
1.028300048828125 2.921149364068745e-06
1.029300048828125 3.2501080509621475e-06
1.030300048828125 3.077456492350753e-06
1.031300048828125 1.9377878239689835e-06
1.032300048828125 2.0750647180538264e-06
1.033300048828125 1.666961279832143e-06
1.034300048828125 2.958850582302004e-06
1.035300048828125 2.2770747465187525e-06
1.036300048828125 2.335829597507728e-06
1.037300048828125 2.9019668980293593e-06
1.038300048828125 3.0688102988015795e-06
1.039300048828125 2.8009582122034865e-06
1.040300048828125 3.6611289243845088e-06
1.041300048828125 3.5934504464604103e-06
1.042300048828125 3.2740336049622543e-06
1.043300048828125 3.4174609021834535e-06
1.044300048828125 3.3173552087717537e-06
1.045300048828125 3.191855882717448e-06
1.046300048828125 2.388208566440937e-06
1.047300048828125 3.790975901306284e-06
1.048300048828125 4.119600265812118e-06
1.049300048828125 4.28944585817878e-06
1.050300048828125 3.5871511310829457e-06
1.051300048828125 4.286860951718081e-06
1.052300048828125 4.152076652861352e-06
1.053300048828125 4.054388165630011e-06
1.054300048828125 4.80295324451882e-06
1.055300048828125 4.286233681168477e-06
1.056300048828125 4.856766913772844e-06
1.057300048828125 4.339048008172113e-06
1.058300048828125 5.304057926049094e-06
1.059300048828125 4.376083906212321e-06
1.060300048828125 4.515942044302203e-06
1.061300048828125 5.289321579050233e-06
1.062300048828125 4.917777116855186e-06
1.063300048828125 4.380775018161609e-06
1.064300048828125 6.249835993277763e-06
1.065300048828125 4.04610794804576e-06
1.066300048828125 5.058536100796157e-06
1.067300048828125 4.2197323340431066e-06
1.068300048828125 2.914010465785929e-06
1.069300048828125 4.4322523403236405e-06
1.070300048828125 4.402678871316612e-06
1.071300048828125 4.338858781801256e-06
1.072300048828125 4.519119809517734e-06
1.073300048828125 4.202594852700978e-06
1.074300048828125 3.848981015395959e-06
1.075300048828125 4.605526034673361e-06
1.076300048828125 4.449267925300183e-06
1.077300048828125 3.301440323196389e-06
1.078300048828125 3.902112669464868e-06
1.079300048828125 4.325707239646677e-06
1.080300048828125 4.25722746644061e-06
1.081300048828125 3.773740969285421e-06
1.082300048828125 3.1325606458369598e-06
1.083300048828125 3.3384229058046005e-06
1.084300048828125 3.729296000022028e-06
1.085300048828125 3.1541039284732473e-06
1.086300048828125 2.690717783278797e-06
1.087300048828125 2.8626485999143104e-06
1.088300048828125 2.791936867933391e-06
1.089300048828125 2.766300149209144e-06
1.090300048828125 2.693992981640089e-06
1.091300048828125 3.494945843135853e-06
1.092300048828125 3.073550231776584e-06
1.093300048828125 2.6582825648150696e-06
1.094300048828125 2.9834009439078247e-06
1.095300048828125 3.471509357636927e-06
1.096300048828125 3.059721291626638e-06
1.097300048828125 3.6584289881780663e-06
1.098300048828125 3.0540476576549897e-06
1.099300048828125 3.030812077688217e-06
1.100300048828125 3.539342951857032e-06
1.101300048828125 3.0239324707892274e-06
1.102300048828125 3.5158434761139895e-06
1.103300048828125 3.380509364164407e-06
1.104300048828125 3.313273305334222e-06
1.105300048828125 3.634908850447244e-06
1.106300048828125 3.7841492955129247e-06
1.107300048828125 3.3865386657794216e-06
1.108300048828125 3.2605872677512312e-06
1.109300048828125 3.366917536743832e-06
1.110300048828125 2.5205766661074825e-06
1.111300048828125 3.7611536068501345e-06
1.112300048828125 3.292688443856684e-06
1.113300048828125 3.389278381451541e-06
1.114300048828125 3.181456290952018e-06
1.115300048828125 3.6776323745495068e-06
1.116300048828125 4.141292376538961e-06
1.117300048828125 3.386562076469088e-06
1.118300048828125 3.4879212575174812e-06
1.119300048828125 4.142248772905549e-06
1.120300048828125 3.6363805238496623e-06
1.121300048828125 3.7866344094972143e-06
1.122300048828125 3.848199531848461e-06
1.123300048828125 3.247945639269369e-06
1.124300048828125 3.6468414861357416e-06
1.125300048828125 3.1700882180540337e-06
1.126300048828125 3.0474566113477255e-06
1.127300048828125 3.1789383232538778e-06
1.128300048828125 3.645316722010392e-06
1.129300048828125 3.912038266111754e-06
1.130300048828125 3.425837084887894e-06
1.131300048828125 3.353050288108537e-06
1.132300048828125 3.6915832991635257e-06
1.133300048828125 2.4699554708088505e-06
1.134300048828125 3.819486477136105e-06
1.135300048828125 3.7133811093130162e-06
1.136300048828125 3.896509136579838e-06
1.137300048828125 3.894397871129972e-06
1.138300048828125 3.9230499253436016e-06
1.139300048828125 3.881081677610244e-06
1.140300048828125 3.809366022882926e-06
1.141300048828125 4.157374222989061e-06
1.142300048828125 3.6913280875280137e-06
1.143300048828125 4.205368052320564e-06
1.144300048828125 3.231433221624292e-06
1.145300048828125 3.890577900519088e-06
1.146300048828125 4.0953149694840785e-06
1.147300048828125 3.429399559070228e-06
1.148300048828125 3.479867862508839e-06
1.149300048828125 3.6063692990318023e-06
1.150300048828125 4.549663751530426e-06
1.151300048828125 3.5855822333570712e-06
1.152300048828125 3.6313399637381304e-06
1.153300048828125 3.644973242871922e-06
1.154300048828125 4.399821431538455e-06
1.155300048828125 3.517362169779652e-06
1.156300048828125 3.909159690535339e-06
1.157300048828125 3.87554726883602e-06
1.158300048828125 4.273737336640469e-06
1.159300048828125 3.7517867948544195e-06
1.160300048828125 4.204966967401218e-06
1.161300048828125 3.5844561538785144e-06
1.162300048828125 3.2786997794609365e-06
1.163300048828125 4.07175351726373e-06
1.164300048828125 3.0656350436508475e-06
1.165300048828125 3.742497501164654e-06
1.166300048828125 3.334583356971608e-06
1.167300048828125 3.300273602793202e-06
1.168300048828125 3.830493904679596e-06
1.169300048828125 3.7167648631116506e-06
1.170300048828125 4.249472414704998e-06
1.171300048828125 3.8873860019232445e-06
1.172300048828125 3.850442909788155e-06
1.173300048828125 3.0535010931013146e-06
1.174300048828125 3.7149695631436905e-06
1.175300048828125 3.3911950624787497e-06
1.176300048828125 3.2912679148555706e-06
1.177300048828125 2.8333385015451884e-06
1.178300048828125 2.946703383142808e-06
1.179300048828125 3.5977855718833876e-06
1.180300048828125 3.213941049902849e-06
1.181300048828125 3.1215291341328263e-06
1.182300048828125 2.4704377320094704e-06
1.183300048828125 2.86858585579219e-06
1.184300048828125 3.4465334423690594e-06
1.185300048828125 3.4897296672771335e-06
1.186300048828125 2.762154341806553e-06
1.187300048828125 2.7996691653416324e-06
1.188300048828125 3.378029804276671e-06
1.189300048828125 3.6659668046616547e-06
1.190300048828125 3.2274119644467036e-06
1.191300048828125 4.047760134116653e-06
1.192300048828125 4.013671018026822e-06
1.193300048828125 4.290083165159327e-06
1.194300048828125 3.758415756121762e-06
1.195300048828125 3.200423196038524e-06
1.196300048828125 3.1999311291652707e-06
1.197300048828125 3.666578162029258e-06
1.198300048828125 3.714197374963621e-06
1.199300048828125 3.8482503628441355e-06
1.200300048828125 3.741444658832778e-06
1.201300048828125 3.849164719224384e-06
1.202300048828125 4.158590842916852e-06
1.203300048828125 4.003135566040392e-06
1.204300048828125 4.12863564662303e-06
1.205300048828125 3.843658754020669e-06
1.206300048828125 3.79718298055684e-06
1.207300048828125 3.3731104221305484e-06
1.208300048828125 3.6391731900309025e-06
1.209300048828125 3.875157436189766e-06
1.210300048828125 3.3040265978634195e-06
1.211300048828125 3.4628136078100346e-06
1.212300048828125 3.5280625620792845e-06
1.213300048828125 3.524704068601886e-06
1.214300048828125 3.372820122014749e-06
1.215300048828125 3.55919769290836e-06
1.216300048828125 4.048725823852352e-06
1.217300048828125 3.6149181646976156e-06
1.218300048828125 3.4478555716699517e-06
1.219300048828125 4.391207752595013e-06
1.220300048828125 3.6131953286636943e-06
1.221300048828125 3.6417803088421512e-06
1.222300048828125 3.6946751537669705e-06
1.223300048828125 3.6221462058527494e-06
1.224300048828125 3.0644475721282595e-06
1.225300048828125 3.020801268209064e-06
1.226300048828125 3.8224586865502585e-06
1.227300048828125 3.6314771742596235e-06
1.228300048828125 3.2438759102741037e-06
1.229300048828125 3.6443301397752204e-06
1.230300048828125 3.746987950560653e-06
1.231300048828125 4.062891151643079e-06
1.232300048828125 3.2410344335313267e-06
1.233300048828125 3.609868693406014e-06
1.234300048828125 3.260451992416552e-06
1.235300048828125 3.3537294057832272e-06
1.236300048828125 3.5507737734856214e-06
1.237300048828125 3.3342415775076977e-06
1.238300048828125 3.476787003577899e-06
1.239300048828125 3.3717072450360186e-06
1.240300048828125 3.7632612909514467e-06
1.241300048828125 4.413308959166534e-06
1.242300048828125 4.075808426383294e-06
1.243300048828125 4.049184328902581e-06
1.244300048828125 3.5129837818341005e-06
1.245300048828125 3.3181283104581026e-06
1.246300048828125 3.144979858715742e-06
1.247300048828125 2.979170103500907e-06
1.248300048828125 3.4686924457065516e-06
1.249300048828125 2.874594412004895e-06
1.250300048828125 2.9932897592921468e-06
1.251300048828125 3.2683487577826134e-06
1.252300048828125 2.961791586747858e-06
1.253300048828125 3.061414299702422e-06
1.254300048828125 3.063665573456584e-06
1.255300048828125 3.074024257297583e-06
1.256300048828125 3.0454491149771204e-06
1.257300048828125 3.6748864306919864e-06
1.258300048828125 3.2293741703111737e-06
1.259300048828125 3.8227936832769e-06
1.260300048828125 4.2297917415190535e-06
1.261300048828125 3.5751342219706644e-06
1.262300048828125 3.3602321569977114e-06
1.263300048828125 3.545625973118901e-06
1.264300048828125 3.9085522847415065e-06
1.265300048828125 3.4056812135544836e-06
1.266300048828125 3.831767335749838e-06
1.267300048828125 4.073561807622647e-06
1.268300048828125 3.509551341955065e-06
1.269300048828125 3.4463210218108924e-06
1.270300048828125 3.5208273485813364e-06
1.271300048828125 3.290587617620719e-06
1.272300048828125 3.7720920416184667e-06
1.273300048828125 4.058641439605994e-06
1.274300048828125 3.888990403062539e-06
1.275300048828125 4.198718183463529e-06
1.276300048828125 3.986534730214446e-06
1.277300048828125 3.6762882725286626e-06
1.278300048828125 3.392242195137848e-06
1.279300048828125 3.79224253380291e-06
1.280300048828125 2.7018069351021966e-06
1.281300048828125 4.065699337895531e-06
1.282300048828125 3.5777913623864898e-06
1.283300048828125 3.1606622558625727e-06
1.284300048828125 2.8752570068046105e-06
1.285300048828125 2.6186367217828934e-06
1.286300048828125 2.701720336961711e-06
1.287300048828125 2.997161106632633e-06
1.288300048828125 3.664607681124937e-06
1.289300048828125 3.100504777941983e-06
1.290300048828125 3.235389479412393e-06
1.291300048828125 2.9060732618723824e-06
1.292300048828125 4.046276979095775e-06
1.293300048828125 2.6878016221794686e-06
1.294300048828125 3.537835742966089e-06
1.295300048828125 3.3717581353235817e-06
1.296300048828125 3.0790758137225828e-06
1.297300048828125 3.2786814239823343e-06
1.298300048828125 3.4028124522430135e-06
1.299300048828125 2.968358513818121e-06
1.300300048828125 3.753193068719216e-06
1.301300048828125 3.626584531618926e-06
1.302300048828125 2.961729048154283e-06
1.303300048828125 3.7031536744021906e-06
1.304300048828125 3.424585746441753e-06
1.305300048828125 2.7733732018889645e-06
1.306300048828125 2.9819724392953215e-06
1.307300048828125 2.5702127103984216e-06
1.308300048828125 2.67637278776731e-06
1.309300048828125 3.093230702132183e-06
1.310300048828125 2.8515254799530158e-06
1.311300048828125 3.387705513448328e-06
1.312300048828125 3.7445771055970074e-06
1.313300048828125 3.3638506327419583e-06
1.314300048828125 3.4259826798817624e-06
1.315300048828125 3.165367994175632e-06
1.316300048828125 3.0377592750167007e-06
1.317300048828125 2.745289801448322e-06
1.318300048828125 3.3033417706580674e-06
1.319300048828125 3.4640916957743487e-06
1.320300048828125 3.950153297989027e-06
1.321300048828125 2.5720983076885643e-06
1.322300048828125 3.3639347394249497e-06
1.323300048828125 3.806763817012854e-06
1.324300048828125 2.9561917496931052e-06
1.325300048828125 3.222189380479962e-06
1.326300048828125 2.8001600589515497e-06
1.327300048828125 2.4751782727801813e-06
1.328300048828125 2.7963351093548043e-06
1.329300048828125 2.7151404580916253e-06
1.330300048828125 3.011127426821841e-06
1.331300048828125 3.307125418873606e-06
1.332300048828125 3.400816564980156e-06
1.333300048828125 2.7080754814345997e-06
1.334300048828125 3.0990939942432616e-06
1.335300048828125 3.2996433832425374e-06
1.336300048828125 3.750261030466887e-06
1.337300048828125 3.511385325660728e-06
1.338300048828125 3.2997935439501174e-06
1.339300048828125 3.1711931944918524e-06
1.340300048828125 2.916838752103493e-06
1.341300048828125 2.8318836322756464e-06
1.342300048828125 2.3436202194189836e-06
1.343300048828125 3.4350627200622745e-06
1.344300048828125 3.7300517827591146e-06
1.345300048828125 3.7690024011460822e-06
1.346300048828125 3.4715203559503074e-06
1.347300048828125 3.0189033641854963e-06
1.348300048828125 3.3050148897798732e-06
1.349300048828125 2.831810345522694e-06
1.350300048828125 3.7087068614619586e-06
1.351300048828125 2.9991420414236123e-06
1.352300048828125 3.2835017915170147e-06
1.353300048828125 2.9846223953218897e-06
1.354300048828125 3.4377652548715295e-06
1.355300048828125 3.8995525503142085e-06
1.356300048828125 3.502710257373295e-06
1.357300048828125 3.3582068615759745e-06
1.358300048828125 3.655383238644007e-06
1.359300048828125 3.8538518087498115e-06
1.360300048828125 3.5104339903509615e-06
1.361300048828125 3.4585934243776557e-06
1.362300048828125 3.405742356849319e-06
1.363300048828125 3.4786853569753378e-06
1.364300048828125 3.1582012539862003e-06
1.365300048828125 3.6977018236269134e-06
1.366300048828125 2.161230656154859e-06
1.367300048828125 3.0865261356153928e-06
1.368300048828125 3.1508929045021134e-06
1.369300048828125 3.74019249300698e-06
1.370300048828125 4.085007969851042e-06
1.371300048828125 3.3777043138627346e-06
1.372300048828125 3.6811580903399107e-06
1.373300048828125 3.8519496830306484e-06
1.374300048828125 3.825581840892763e-06
1.375300048828125 4.340397817035348e-06
1.376300048828125 3.6805154652282443e-06
1.377300048828125 4.173182541471461e-06
1.378300048828125 3.5504309163620882e-06
1.379300048828125 3.6120948332667924e-06
1.380300048828125 3.5452394657801147e-06
1.381300048828125 3.4096005123925457e-06
1.382300048828125 2.915450062178983e-06
1.383300048828125 2.6157208194321956e-06
1.384300048828125 3.5871683053656953e-06
1.385300048828125 3.1185040863915775e-06
1.386300048828125 2.9080855612040144e-06
1.387300048828125 3.827385218896757e-06
1.388300048828125 3.093026758040892e-06
1.389300048828125 4.701148102910298e-06
1.390300048828125 3.598601739979533e-06
1.391300048828125 3.0125274990384454e-06
1.392300048828125 3.6153274553981674e-06
1.393300048828125 3.2699521196155343e-06
1.394300048828125 4.167985201566383e-06
1.395300048828125 3.201886150964507e-06
1.396300048828125 3.7802645447978557e-06
1.397300048828125 3.0942041980619077e-06
1.398300048828125 4.321208394714572e-06
1.399300048828125 4.011875472107422e-06
1.400300048828125 2.924711139335987e-06
1.401300048828125 3.5697223106960465e-06
1.402300048828125 3.6949137213208367e-06
1.403300048828125 3.9066263495346664e-06
1.404300048828125 3.6558966186668972e-06
1.405300048828125 3.538523957882193e-06
1.406300048828125 3.881329339187473e-06
1.407300048828125 3.5046876063600587e-06
1.408300048828125 2.8789421739686322e-06
1.409300048828125 4.578383063402898e-06
1.410300048828125 3.6650051841035818e-06
1.411300048828125 3.9126654514939184e-06
1.412300048828125 3.4442112131334787e-06
1.413300048828125 4.009779858792012e-06
1.414300048828125 3.9036003320417826e-06
1.415300048828125 4.0276259561444605e-06
1.416300048828125 3.891968614434915e-06
1.417300048828125 3.1925815853976034e-06
1.418300048828125 3.5043922479793766e-06
1.419300048828125 3.5226670054555587e-06
1.420300048828125 2.726573612766443e-06
1.421300048828125 3.129807751944882e-06
1.422300048828125 3.7445928210555423e-06
1.423300048828125 3.764055342768326e-06
1.424300048828125 3.7328738473204215e-06
1.425300048828125 3.243219074204109e-06
1.426300048828125 3.5750694456767436e-06
1.427300048828125 3.706813713577597e-06
1.428300048828125 3.745637310762118e-06
1.429300048828125 3.468698096566993e-06
1.430300048828125 3.6457265414716886e-06
1.431300048828125 3.5397883943866367e-06
1.432300048828125 3.628249139866512e-06
1.433300048828125 3.6350696721203035e-06
1.434300048828125 3.5190904721815688e-06
1.435300048828125 2.679949538232696e-06
1.436300048828125 3.4365860585940965e-06
1.437300048828125 3.1286410230506685e-06
1.438300048828125 2.902317606744822e-06
1.439300048828125 3.271996240303033e-06
1.440300048828125 3.1192683891356696e-06
1.441300048828125 3.093587778864745e-06
1.442300048828125 3.777643143156887e-06
1.443300048828125 4.214242306348413e-06
1.444300048828125 4.088400429219292e-06
1.445300048828125 3.937978062597437e-06
1.446300048828125 3.671261329856211e-06
1.447300048828125 3.445442489324293e-06
1.448300048828125 3.7514134237411905e-06
1.449300048828125 4.044948037333138e-06
1.450300048828125 3.585591351864507e-06
1.451300048828125 3.837784145922864e-06
1.452300048828125 4.319935897646856e-06
1.453300048828125 4.100141636979446e-06
1.454300048828125 4.504260012859369e-06
1.455300048828125 4.628655815569745e-06
1.456300048828125 4.19828601041059e-06
1.457300048828125 3.7005246459435997e-06
1.458300048828125 3.995320417387811e-06
1.459300048828125 4.352321058031335e-06
1.460300048828125 4.495999027766356e-06
1.461300048828125 4.298657993467508e-06
1.462300048828125 3.9104888363154256e-06
1.463300048828125 4.212706022865789e-06
1.464300048828125 4.186796743666704e-06
1.465300048828125 4.754071612402109e-06
1.466300048828125 4.365670805063621e-06
1.467300048828125 4.506617053721195e-06
1.468300048828125 5.086773143467847e-06
1.469300048828125 4.128525484477041e-06
1.470300048828125 4.095644699052185e-06
1.471300048828125 4.068317337138119e-06
1.472300048828125 3.6966920439640516e-06
1.473300048828125 3.929070594620799e-06
1.474300048828125 4.068124977344832e-06
1.475300048828125 3.645262188110141e-06
1.476300048828125 3.7995945072418716e-06
1.477300048828125 3.6058123826995074e-06
1.478300048828125 3.992164075185335e-06
1.479300048828125 3.816515523313076e-06
1.480300048828125 3.3398833419069804e-06
1.481300048828125 3.645523274415117e-06
1.482300048828125 3.989523425311788e-06
1.483300048828125 3.4293302358238014e-06
1.484300048828125 4.295113997159196e-06
1.485300048828125 4.503619622031551e-06
1.486300048828125 4.076251226858086e-06
1.487300048828125 4.770679342301471e-06
1.488300048828125 4.1251494894467285e-06
1.489300048828125 4.792122299749583e-06
1.490300048828125 3.6636199414156198e-06
1.491300048828125 3.823668265058665e-06
1.492300048828125 4.18302367072819e-06
1.493300048828125 4.01773987672584e-06
1.494300048828125 3.6034024150429328e-06
1.495300048828125 3.628907313852176e-06
1.496300048828125 4.124803451469236e-06
1.497300048828125 3.64367921150687e-06
1.498300048828125 3.5069128316530356e-06
1.499300048828125 3.851890139093455e-06
1.500300048828125 4.2967019951737515e-06
1.501300048828125 3.4087613204588222e-06
1.502300048828125 3.9387917710846095e-06
1.503300048828125 4.168135893530497e-06
1.504300048828125 3.3420062183489655e-06
1.505300048828125 4.744203216825871e-06
1.506300048828125 3.8412106244696215e-06
1.507300048828125 3.2424007302485936e-06
1.508300048828125 5.184337600769187e-06
1.509300048828125 4.4014290469007455e-06
1.510300048828125 4.647732578704965e-06
1.511300048828125 3.8765945586642215e-06
1.512300048828125 3.3429769780586656e-06
1.513300048828125 3.9935144145323635e-06
1.514300048828125 3.980568432956728e-06
1.515300048828125 4.035701583318894e-06
1.516300048828125 4.370340083275034e-06
1.517300048828125 4.143865760074888e-06
1.518300048828125 3.908669916666511e-06
1.519300048828125 3.2385125401941744e-06
1.520300048828125 4.147207555676641e-06
1.521300048828125 4.297602973852119e-06
1.522300048828125 3.7309870842072424e-06
1.523300048828125 4.7181350527955e-06
1.524300048828125 3.32610440168555e-06
1.525300048828125 4.226612207721357e-06
1.526300048828125 3.1811492735921983e-06
1.527300048828125 3.497745806392655e-06
1.528300048828125 4.196064896898269e-06
1.529300048828125 3.990918212701094e-06
1.530300048828125 3.991441872053949e-06
1.531300048828125 4.066312187793716e-06
1.532300048828125 4.051504139329359e-06
1.533300048828125 3.862735724045031e-06
1.534300048828125 3.949160892541585e-06
1.535300048828125 5.135872905958498e-06
1.536300048828125 3.7914735919534072e-06
1.537300048828125 4.764185873182131e-06
1.538300048828125 3.7741620602459955e-06
1.539300048828125 4.465735011338629e-06
1.540300048828125 4.7174383226463825e-06
1.541300048828125 4.701050963890422e-06
1.542300048828125 4.817476079530573e-06
1.543300048828125 3.3683449706940815e-06
1.544300048828125 3.5876146183048294e-06
1.545300048828125 3.447214711294794e-06
1.546300048828125 4.318641026494359e-06
1.547300048828125 4.467977529897613e-06
1.548300048828125 4.366840452719332e-06
1.549300048828125 3.4606642169935434e-06
1.550300048828125 4.882980548088135e-06
1.551300048828125 4.9487784082913e-06
1.552300048828125 4.16304814578443e-06
1.553300048828125 3.889757602003985e-06
1.554300048828125 3.877867809333513e-06
1.555300048828125 4.142693716155182e-06
1.556300048828125 5.221019580347302e-06
1.557300048828125 5.061170292523325e-06
1.558300048828125 4.230596554322133e-06
1.559300048828125 4.792296795213711e-06
1.560300048828125 4.821434681450827e-06
1.561300048828125 4.064213664586663e-06
1.562300048828125 5.1829628870158005e-06
1.563300048828125 4.55059860612411e-06
1.564300048828125 5.0479314462847745e-06
1.565300048828125 4.328943064392579e-06
1.566300048828125 5.141053282890995e-06
1.567300048828125 4.61046954412699e-06
1.568300048828125 3.287447930975385e-06
1.569300048828125 4.3129551087266275e-06
1.570300048828125 4.475724310797433e-06
1.571300048828125 3.960752851566144e-06
1.572300048828125 3.9876835548838e-06
1.573300048828125 4.418159565305492e-06
1.574300048828125 4.469085968956633e-06
1.575300048828125 4.075812555353056e-06
1.576300048828125 5.013946669685853e-06
1.577300048828125 4.740460540677516e-06
1.578300048828125 4.971143460276485e-06
1.579300048828125 4.298528136417909e-06
1.580300048828125 3.6687893202163197e-06
1.581300048828125 4.775726475777189e-06
1.582300048828125 4.9981909483183815e-06
1.583300048828125 4.488274015533458e-06
1.584300048828125 4.269061938687167e-06
1.585300048828125 4.210312071097171e-06
1.586300048828125 3.991145217086831e-06
1.587300048828125 5.059045230423738e-06
1.588300048828125 5.111407338868435e-06
1.589300048828125 4.737931544864776e-06
1.590300048828125 4.447974638853371e-06
1.591300048828125 4.1939869002464945e-06
1.592300048828125 4.341755107670907e-06
1.593300048828125 3.879515337962653e-06
1.594300048828125 4.505385518699063e-06
1.595300048828125 5.191854446936929e-06
1.596300048828125 4.438271988167681e-06
1.597300048828125 4.3229411169320965e-06
1.598300048828125 4.517693432208059e-06
1.599300048828125 5.365060478279572e-06
1.600300048828125 4.939719693724692e-06
1.601300048828125 4.2102046329024905e-06
1.602300048828125 4.436355878644557e-06
1.603300048828125 4.255739287544913e-06
1.604300048828125 4.178713300693879e-06
1.605300048828125 5.654955758830779e-06
1.606300048828125 4.770720897073186e-06
1.607300048828125 4.685884891978059e-06
1.608300048828125 4.865324779999105e-06
1.609300048828125 4.852705397665857e-06
1.610300048828125 4.208993622393026e-06
1.611300048828125 6.7656693021749565e-06
1.612300048828125 5.256168882361706e-06
1.613300048828125 4.0223765114728975e-06
1.614300048828125 5.2930277485370395e-06
1.615300048828125 4.230524293659459e-06
1.616300048828125 4.9419370956785925e-06
1.617300048828125 4.868121767263029e-06
1.618300048828125 5.4195512936949854e-06
1.619300048828125 5.000140094437002e-06
1.620300048828125 3.999253035977051e-06
1.621300048828125 3.769401890192348e-06
1.622300048828125 4.245058905058379e-06
1.623300048828125 5.354920852867698e-06
1.624300048828125 4.161729115885735e-06
1.625300048828125 5.512551521444934e-06
1.626300048828125 4.715864389576549e-06
1.627300048828125 4.234180249783925e-06
1.628300048828125 4.351696497811495e-06
1.629300048828125 3.891501966024569e-06
1.630300048828125 4.574143240018545e-06
1.631300048828125 3.844760317361891e-06
1.632300048828125 3.952093435011999e-06
1.633300048828125 4.064747204530764e-06
1.634300048828125 3.2693137439300436e-06
1.635300048828125 4.273288516915277e-06
1.636300048828125 5.020138877972872e-06
1.637300048828125 5.637839140941724e-06
1.638300048828125 4.645486502929194e-06
1.639300048828125 3.997981871872725e-06
1.640300048828125 4.525945097733832e-06
1.641300048828125 4.650316863704279e-06
1.642300048828125 5.573772075108524e-06
1.643300048828125 4.448028189566784e-06
1.644300048828125 4.915682771790382e-06
1.645300048828125 5.258959351189422e-06
1.646300048828125 2.957044850152899e-06
1.647300048828125 5.830205756559328e-06
1.648300048828125 4.509165649230553e-06
1.649300048828125 2.996940216339797e-06
1.650300048828125 3.921754661463795e-06
1.651300048828125 6.0105027440235036e-06
1.652300048828125 4.285609421999629e-06
1.653300048828125 4.376322119614003e-06
1.654300048828125 5.4631517058882505e-06
1.655300048828125 5.357342655916092e-06
1.656300048828125 4.933043371918234e-06
1.657300048828125 3.6417724423997638e-06
1.658300048828125 5.47232605844887e-06
1.659300048828125 4.613403470579854e-06
1.660300048828125 4.866757745466805e-06
1.661300048828125 4.501516048798986e-06
1.662300048828125 4.874370567134624e-06
1.663300048828125 5.114508300104419e-06
1.664300048828125 4.914860156404187e-06
1.665300048828125 4.269681556661873e-06
1.666300048828125 4.736313401633506e-06
1.667300048828125 5.379715650570138e-06
1.668300048828125 5.7254016174409405e-06
1.669300048828125 5.840605925969314e-06
1.670300048828125 4.459314587770984e-06
1.671300048828125 5.772823808077497e-06
1.672300048828125 3.6587320446675357e-06
1.673300048828125 5.234016784729823e-06
1.674300048828125 5.856403253634606e-06
1.675300048828125 4.589824029383213e-06
1.676300048828125 5.1463729021310145e-06
1.677300048828125 4.7681256758559295e-06
1.678300048828125 5.5028493172908035e-06
1.679300048828125 7.349817054815012e-06
1.680300048828125 4.528097942015834e-06
1.681300048828125 4.224293497235493e-06
1.682300048828125 5.88283121144492e-06
1.683300048828125 6.204660126722088e-06
1.684300048828125 5.389743635791467e-06
1.685300048828125 5.826786315733715e-06
1.686300048828125 6.049079376039652e-06
1.687300048828125 5.924887736791702e-06
1.688300048828125 6.283504406641874e-06
1.689300048828125 6.626680749059144e-06
1.690300048828125 7.052088470557482e-06
1.691300048828125 7.58374596774873e-06
1.692300048828125 7.89832046929576e-06
1.693300048828125 6.9346316002772745e-06
1.694300048828125 5.909094454109988e-06
1.695300048828125 7.718524885221495e-06
1.696300048828125 5.073138888295523e-06
1.697300048828125 8.235310131143739e-06
1.698300048828125 6.234662331425004e-06
1.699300048828125 7.297017519138073e-06
1.700300048828125 8.047824188318292e-06
1.701300048828125 8.167078773233658e-06
1.702300048828125 9.160332346637546e-06
1.703300048828125 6.222656556650905e-06
1.704300048828125 7.096883401557637e-06
1.705300048828125 8.381094038364047e-06
1.706300048828125 8.051281127675287e-06
1.707300048828125 6.7426938604570005e-06
1.708300048828125 7.992282613609966e-06
1.709300048828125 6.592031495108961e-06
1.710300048828125 7.082142256630688e-06
1.711300048828125 8.024314552870978e-06
1.712300048828125 8.79375903509804e-06
1.713300048828125 7.125958646151822e-06
1.714300048828125 8.189716459578296e-06
1.715300048828125 7.469383509928327e-06
1.716300048828125 8.542372850044485e-06
1.717300048828125 7.193708940782752e-06
1.718300048828125 7.131667618024798e-06
1.719300048828125 7.95289557613535e-06
1.720300048828125 6.471419620416667e-06
1.721300048828125 7.03022448576598e-06
1.722300048828125 8.751885375346534e-06
1.723300048828125 7.837029561018253e-06
1.724300048828125 9.168769703737986e-06
1.725300048828125 8.141629956005246e-06
1.726300048828125 8.924557108495424e-06
1.727300048828125 8.614116359098202e-06
1.728300048828125 8.465472239980947e-06
1.729300048828125 8.552834427509509e-06
1.730300048828125 8.13684099803426e-06
1.731300048828125 8.565377985612814e-06
1.732300048828125 9.160317946956073e-06
1.733300048828125 6.5798132525638795e-06
1.734300048828125 8.078349284265474e-06
1.735300048828125 7.106807405741849e-06
1.736300048828125 8.23613199613914e-06
1.737300048828125 7.562925619609842e-06
1.738300048828125 7.5996511326939966e-06
1.739300048828125 7.2379705349322725e-06
1.740300048828125 7.147162537499659e-06
1.741300048828125 6.2744081520213e-06
1.742300048828125 6.895093863702153e-06
1.743300048828125 8.911954581517937e-06
1.744300048828125 9.019821758829659e-06
1.745300048828125 5.032579787916442e-06
1.746300048828125 6.206294122339603e-06
1.747300048828125 7.929869688905945e-06
1.748300048828125 6.7011737329280655e-06
1.749300048828125 5.795791668479222e-06
1.750300048828125 6.3633493971515885e-06
1.751300048828125 5.800838358969915e-06
1.752300048828125 7.160182914542878e-06
1.753300048828125 6.186573969018859e-06
1.754300048828125 6.4108320363824365e-06
1.755300048828125 7.22711201002351e-06
1.756300048828125 7.483163174158582e-06
1.757300048828125 7.71512016096784e-06
1.758300048828125 6.6045229975841795e-06
1.759300048828125 7.285822448572815e-06
1.760300048828125 8.260152765278884e-06
1.761300048828125 8.15196346586328e-06
1.762300048828125 7.4739141911806264e-06
1.763300048828125 7.734647963590233e-06
1.764300048828125 7.084189709335723e-06
1.765300048828125 6.748521035205473e-06
1.766300048828125 7.089064930691328e-06
1.767300048828125 8.295951376092406e-06
1.768300048828125 9.449694760999029e-06
1.769300048828125 7.3462747645362335e-06
1.770300048828125 9.675114518810055e-06
1.771300048828125 7.875750655870191e-06
1.772300048828125 7.053450449336171e-06
1.773300048828125 8.934440187123547e-06
1.774300048828125 7.912447917777855e-06
1.775300048828125 8.138562633191653e-06
1.776300048828125 9.126311656378578e-06
1.777300048828125 1.0949765943587208e-05
1.778300048828125 8.918478653203656e-06
1.779300048828125 9.078505640574767e-06
1.780300048828125 7.76829107968161e-06
1.781300048828125 1.0182394019432025e-05
1.782300048828125 8.345993599145067e-06
1.783300048828125 9.943544463529591e-06
1.784300048828125 5.652070596115765e-06
1.785300048828125 9.381340501077241e-06
1.786300048828125 1.0694109561892929e-05
1.787300048828125 9.051139914818115e-06
1.788300048828125 9.841570624610015e-06
1.789300048828125 8.79007197797903e-06
1.790300048828125 8.509654039213483e-06
1.791300048828125 1.1486388255986431e-05
1.792300048828125 9.692056190904829e-06
1.793300048828125 8.909982421604051e-06
1.794300048828125 7.616754882177231e-06
1.795300048828125 9.187247403309882e-06
1.796300048828125 1.0170693832710323e-05
1.797300048828125 9.055354397086551e-06
1.798300048828125 8.710136397572337e-06
1.799300048828125 7.293124732890677e-06
1.800300048828125 9.415823436119445e-06
1.801300048828125 8.740963685382227e-06
1.802300048828125 8.044318154081923e-06
1.803300048828125 7.513008302524266e-06
1.804300048828125 6.5379336515824706e-06
1.805300048828125 7.48547230995089e-06
1.806300048828125 7.336352103598989e-06
1.807300048828125 9.270229863028364e-06
1.808300048828125 7.824250205956656e-06
1.809300048828125 7.276417372483003e-06
1.810300048828125 7.458448160022646e-06
1.811300048828125 8.557842270491328e-06
1.812300048828125 7.66225925269514e-06
1.813300048828125 8.668635402878239e-06
1.814300048828125 9.586701153434154e-06
1.815300048828125 9.4912993123585e-06
1.816300048828125 8.394564606497561e-06
1.817300048828125 8.373022626303826e-06
1.818300048828125 6.961015671175656e-06
1.819300048828125 7.877107040871561e-06
1.820300048828125 7.17707896162868e-06
1.821300048828125 7.270344067234648e-06
1.822300048828125 6.67351505725243e-06
1.823300048828125 7.803043194793265e-06
1.824300048828125 6.11412104215496e-06
1.825300048828125 8.358637319518042e-06
1.826300048828125 8.085695284375673e-06
1.827300048828125 7.58554434658736e-06
1.828300048828125 7.760275244136755e-06
1.829300048828125 9.880224081448104e-06
1.830300048828125 7.597771018899123e-06
1.831300048828125 8.238178441306576e-06
1.832300048828125 1.0196757690179225e-05
1.833300048828125 9.245867155094291e-06
1.834300048828125 1.2155193810260637e-05
1.835300048828125 1.018121989806295e-05
1.836300048828125 9.389852521337739e-06
1.837300048828125 1.1658449226009382e-05
1.838300048828125 9.030270512760033e-06
1.839300048828125 1.1639630374228666e-05
1.840300048828125 9.364051318575058e-06
1.841300048828125 9.59152943064362e-06
1.842300048828125 8.628945088500794e-06
1.843300048828125 9.369749898251427e-06
1.844300048828125 8.912860320796935e-06
1.845300048828125 9.259451529999328e-06
1.846300048828125 9.068892547456525e-06
1.847300048828125 8.297702975035391e-06
1.848300048828125 9.558729809112363e-06
1.849300048828125 7.5406202266966115e-06
1.850300048828125 9.48685687782569e-06
1.851300048828125 9.398836495157303e-06
1.852300048828125 8.59984979343293e-06
1.853300048828125 1.0061437072934646e-05
1.854300048828125 9.307846511947025e-06
1.855300048828125 7.431965925211584e-06
1.856300048828125 1.0395933397369095e-05
1.857300048828125 6.5282997215731575e-06
1.858300048828125 7.730042662882178e-06
1.859300048828125 8.547091408268714e-06
1.860300048828125 5.1483930276123615e-06
1.861300048828125 1.0871420155243762e-05
1.862300048828125 7.435930585479759e-06
1.863300048828125 9.999549894139575e-06
1.864300048828125 9.47215792563074e-06
1.865300048828125 9.193065148025414e-06
1.866300048828125 9.700974289875423e-06
1.867300048828125 7.61012734183859e-06
1.868300048828125 8.889151815294367e-06
1.869300048828125 1.0999646547844647e-05
1.870300048828125 7.478104781028972e-06
1.871300048828125 7.240320682028456e-06
1.872300048828125 8.407039337168308e-06
1.873300048828125 7.546945184699761e-06
1.874300048828125 7.802338186925005e-06
1.875300048828125 7.737442856685758e-06
1.876300048828125 6.770927925710462e-06
1.877300048828125 7.2451881490638966e-06
1.878300048828125 1.1006657862905132e-05
1.879300048828125 1.1258596653090585e-05
1.880300048828125 9.947328271160985e-06
1.881300048828125 9.266541047316359e-06
1.882300048828125 1.116281768913058e-05
1.883300048828125 1.0035616845816804e-05
1.884300048828125 1.2245473614823347e-05
1.885300048828125 1.2329797630563449e-05
1.886300048828125 1.3144495952500403e-05
1.887300048828125 1.12065210207981e-05
1.888300048828125 1.3285554082974268e-05
1.889300048828125 1.0684452903267588e-05
1.890300048828125 1.374354122907798e-05
1.891300048828125 1.161944961467043e-05
1.892300048828125 1.1344059916957855e-05
1.893300048828125 1.2849151722586255e-05
1.894300048828125 1.3499956683122252e-05
1.895300048828125 1.245009097559082e-05
1.896300048828125 1.1375735599064676e-05
1.897300048828125 1.0501689408926063e-05
1.898300048828125 1.0399695789011747e-05
1.899300048828125 1.1449040976560454e-05
1.900300048828125 1.0147518818577275e-05
1.901300048828125 1.0642331176479558e-05
1.902300048828125 9.003878914563987e-06
1.903300048828125 9.640784423878842e-06
1.904300048828125 1.0377060757704849e-05
1.905300048828125 1.1332972682704227e-05
1.906300048828125 8.351076669429745e-06
1.907300048828125 9.09893797194983e-06
1.908300048828125 7.731850346554206e-06
1.909300048828125 8.93644514330097e-06
1.910300048828125 8.88222764257786e-06
1.911300048828125 6.845623078663085e-06
1.912300048828125 9.174738968411589e-06
1.913300048828125 6.429283153769002e-06
1.914300048828125 7.260924504466373e-06
1.915300048828125 6.26468671849332e-06
1.916300048828125 7.065137357772822e-06
1.917300048828125 4.531842972757612e-06
1.918300048828125 8.502162503276722e-06
1.919300048828125 7.772163520674885e-06
1.920300048828125 7.736175176026556e-06
1.921300048828125 2.3231777800153664e-06
1.922300048828125 7.129348318885517e-06
1.923300048828125 9.651749579215256e-06
1.924300048828125 9.926691210774614e-06
1.925300048828125 4.985277149724781e-06
1.926300048828125 6.568176767111406e-06
1.927300048828125 5.586866176007998e-06
1.928300048828125 5.686898631607152e-06
1.929300048828125 8.371750251253838e-06
1.930300048828125 4.873167158650581e-06
1.931300048828125 7.0081801310981534e-06
1.932300048828125 5.444766772614678e-06
1.933300048828125 7.508273192803888e-06
1.934300048828125 6.610692279457788e-06
1.935300048828125 9.036992754734789e-06
1.936300048828125 4.151624451821702e-06
1.937300048828125 9.406206783205201e-06
1.938300048828125 1.0231230485390697e-05
1.939300048828125 6.669556506012037e-06
1.940300048828125 5.194494885215269e-06
1.941300048828125 5.6029777422556145e-06
1.942300048828125 6.690892907451349e-06
1.943300048828125 7.3142016265137365e-06
1.944300048828125 6.796287896134279e-06
1.945300048828125 8.18908699115374e-06
1.946300048828125 7.738409221739483e-06
1.947300048828125 1.1258209108670063e-05
1.948300048828125 6.408420256735203e-06
1.949300048828125 9.096696271306906e-06
1.950300048828125 5.539925660111823e-06
1.951300048828125 9.162500826881582e-06
1.952300048828125 5.037916771048987e-06
1.953300048828125 8.020452018069262e-06
1.954300048828125 4.868100825697499e-06
1.955300048828125 5.344961267040468e-06
1.956300048828125 9.158915023785938e-06
1.957300048828125 8.301981324479248e-06
1.958300048828125 7.6012258033132276e-06
1.959300048828125 1.0139435618370314e-05
1.960300048828125 1.0700867340981808e-05
1.961300048828125 8.44555244657528e-06
1.962300048828125 5.612794974369911e-06
1.963300048828125 5.755594717416557e-06
1.964300048828125 7.943932734016688e-06
1.965300048828125 9.245378167079788e-06
1.966300048828125 8.39788968547117e-06
1.967300048828125 6.3722963993603305e-06
1.968300048828125 7.843126305348399e-06
1.969300048828125 7.63382284798557e-06
1.970300048828125 6.758256149008e-06
1.971300048828125 6.7065439816303385e-06
1.972300048828125 5.969710437980739e-06
1.973300048828125 8.498251744608192e-06
1.974300048828125 1.1459695925992863e-05
1.975300048828125 7.522720890177512e-06
1.976300048828125 8.127372216909149e-06
1.977300048828125 6.344267079239357e-06
1.978300048828125 8.87927849069226e-06
1.979300048828125 7.405507067480071e-06
1.980300048828125 8.671966576159093e-06
1.981300048828125 6.963344669975055e-06
1.982300048828125 9.252162650691756e-06
1.983300048828125 1.146938823848584e-05
1.984300048828125 1.0790425155479414e-05
1.985300048828125 5.9388121852365825e-06
1.986300048828125 8.702365764564455e-06
1.987300048828125 9.688403611226715e-06
1.988300048828125 8.380488624008348e-06
1.989300048828125 8.907999346779447e-06
1.990300048828125 8.537429867712804e-06
1.991300048828125 3.8020444343432747e-06
1.992300048828125 8.284859637240634e-06
1.993300048828125 8.27850811423526e-06
1.994300048828125 6.937764939257997e-06
1.995300048828125 9.29588286071606e-06
1.996300048828125 7.969148756584207e-06
1.997300048828125 8.861038520286995e-06
1.998300048828125 1.0013241006821885e-05
1.999300048828125 9.998970526249717e-06
2.000300048828125 8.723684230424855e-06
2.001300048828125 9.036770820666708e-06
2.002300048828125 1.21732606043543e-05
2.003300048828125 1.0085980136314584e-05
2.004300048828125 7.773183256993825e-06
2.005300048828125 8.43417805365113e-06
2.006300048828125 1.0714421374971858e-05
2.007300048828125 1.1227441664765015e-05
2.008300048828125 6.50318212422007e-06
2.009300048828125 7.997511899423218e-06
2.010300048828125 9.084799721025645e-06
2.011300048828125 9.225990461156247e-06
2.012300048828125 8.933519469671525e-06
2.013300048828125 4.179627242347895e-06
2.014300048828125 6.885378859319033e-06
2.015300048828125 9.09991936434079e-06
2.016300048828125 1.0481992741648129e-05
2.017300048828125 9.449530264736567e-06
2.018300048828125 1.0875532022301607e-05
2.019300048828125 9.790315956881929e-06
2.020300048828125 9.6349899837111e-06
2.021300048828125 7.892645185855459e-06
2.022300048828125 7.680189198424667e-06
2.023300048828125 7.828731711363497e-06
2.024300048828125 9.09767376304174e-06
2.025300048828125 9.688036678585116e-06
2.026300048828125 1.0899791242972359e-05
2.027300048828125 6.751341451701308e-06
2.028300048828125 1.1579002055294576e-05
2.029300048828125 8.779991369654798e-06
2.030300048828125 1.315596043145471e-05
2.031300048828125 8.529719934025566e-06
2.032300048828125 1.1769215648349084e-05
2.033300048828125 1.6284958365962763e-05
2.034300048828125 1.1846633820944208e-05
2.035300048828125 1.0103002220501404e-05
2.036300048828125 8.772797715034604e-06
2.037300048828125 1.0312663663967392e-05
2.038300048828125 1.1527210760604515e-05
2.039300048828125 7.774391339747583e-06
2.040300048828125 9.00105263044192e-06
2.041300048828125 9.779423069022095e-06
2.042300048828125 5.5525987050467264e-06
2.043300048828125 1.2019306133552774e-05
2.044300048828125 1.0047195443867618e-05
2.045300048828125 8.821604723389232e-06
2.046300048828125 7.0392324211916015e-06
2.047300048828125 9.426640642345027e-06
2.048300048828125 1.2764688078315898e-05
2.049300048828125 9.767860157031168e-06
2.050300048828125 1.1627002452314745e-05
2.051300048828125 9.219261568015463e-06
2.052300048828125 1.3052722080194389e-05
2.053300048828125 1.389822166203289e-05
2.054300048828125 9.822042584844039e-06
2.055300048828125 1.0745922316127995e-05
2.056300048828125 1.2658263446899337e-05
2.057300048828125 1.2981404313142189e-05
2.058300048828125 1.390391952173325e-05
2.059300048828125 1.5049520318086686e-05
2.060300048828125 1.6256085483472035e-05
2.061300048828125 1.4866115821424864e-05
2.062300048828125 1.817452811385081e-05
2.063300048828125 2.1502890558812226e-05
2.064300048828125 2.2777927336221466e-05
2.065300048828125 2.2532909782503033e-05
2.066300048828125 2.4976001269910513e-05
2.067300048828125 2.6492594350694904e-05
2.068300048828125 3.024557694118365e-05
2.069300048828125 3.536796823112717e-05
2.070300048828125 3.34264839440833e-05
2.071300048828125 4.1300573028119924e-05
2.072300048828125 4.918840001645727e-05
2.073300048828125 6.430534048130357e-05
2.074300048828125 7.390702806257373e-05
2.075300048828125 8.374494448692881e-05
2.076300048828125 0.00010960927361262991
2.077300048828125 0.00013141361369282885
2.078300048828125 0.0001649446359166043
2.079300048828125 0.00021745332030984082
2.080300048828125 0.0002831947903435656
2.081300048828125 0.00037212077689065595
2.082300048828125 0.0005028288435217652
2.083300048828125 0.0006914847861586863
2.084300048828125 0.0009573630849960686
2.085300048828125 0.0013688303186972055
2.086300048828125 0.001986227977953027
2.087300048828125 0.0029879182930138883
2.088300048828125 0.004502659958076719
2.089300048828125 0.006916626627910562
2.090300048828125 0.01070567843746801
2.091300048828125 0.016130178557990454
2.092300048828125 0.024106665566602778
2.093300048828125 0.03455310270597481
2.094300048828125 0.047862384230830356
2.095300048828125 0.06417377986673646
2.096300048828125 0.08351475981006015
2.097300048828125 0.10544504816255451
2.098300048828125 0.12818659658000578
2.099300048828125 0.14997688652249125
2.100300048828125 0.16846360253092585
2.101300048828125 0.18604819126892538
2.102300048828125 0.2067237521513995
2.103300048828125 0.23031751173005233
2.104300048828125 0.2566829326896318
2.105300048828125 0.2907262972408532
2.106300048828125 0.328406254057774
2.107300048828125 0.37500232123770016
2.108300048828125 0.42437095026330596
2.109300048828125 0.4870817139247933
2.110300048828125 0.5527877830667448
2.111300048828125 0.6252703975187643
2.112300048828125 0.6995788568444579
2.113300048828125 0.7663821056174636
2.114300048828125 0.8319487191240014
2.115300048828125 0.8796516328677548
2.116300048828125 0.9165970944551138
2.117300048828125 0.9454770922878096
2.118300048828125 0.9634327747114002
2.119300048828125 0.9678658756489555
2.120300048828125 0.9758028639325251
2.121300048828125 0.9741423435136689
2.122300048828125 0.9764724132294458
2.123300048828125 0.9759177279161909
2.124300048828125 0.9678694057588773
2.125300048828125 0.9605072673813775
2.126300048828125 0.9450623134927195
2.127300048828125 0.9170253860081223
2.128300048828125 0.8761694454401712
2.129300048828125 0.8218294284523879
2.130300048828125 0.752237010803071
2.131300048828125 0.682626306220576
2.132300048828125 0.6038644010418377
2.133300048828125 0.5313613466406351
2.134300048828125 0.46176985121487085
2.135300048828125 0.39794569096217336
2.136300048828125 0.3425049390566208
2.137300048828125 0.29528866959814026
2.138300048828125 0.2581442540014771
2.139300048828125 0.22440451767761155
2.140300048828125 0.19616878017084577
2.141300048828125 0.16977998427736674
2.142300048828125 0.1442047614452886
2.143300048828125 0.12113641522436638
2.144300048828125 0.1000284069070275
2.145300048828125 0.0820819682045866
2.146300048828125 0.06549424314463922
2.147300048828125 0.05147624501395768
2.148300048828125 0.039609597634795365
2.149300048828125 0.029557053510991853
2.150300048828125 0.021471892242649324
2.151300048828125 0.015036642147994331
2.152300048828125 0.010235885976265478
2.153300048828125 0.0067530847934418135
2.154300048828125 0.004443179028506369
2.155300048828125 0.002913358368593093
2.156300048828125 0.0019347964069189752
2.157300048828125 0.0013201781303844792
2.158300048828125 0.000923896546946691
2.159300048828125 0.0006532226886232138
2.160300048828125 0.00048025957453015644
2.161300048828125 0.00035502082112088456
2.162300048828125 0.0002657324114625185
2.163300048828125 0.0002076838222130069
2.164300048828125 0.00015768476458030361
2.165300048828125 0.0001263188528290952
2.166300048828125 0.00010070484968688592
2.167300048828125 8.290160474075434e-05
2.168300048828125 6.55518494373075e-05
2.169300048828125 5.519702974917558e-05
2.170300048828125 4.953437936516491e-05
2.171300048828125 4.398429702196855e-05
2.172300048828125 3.459759400432939e-05
2.173300048828125 3.312938311410103e-05
2.174300048828125 2.8170311621806348e-05
2.175300048828125 2.61817818459537e-05
2.176300048828125 2.1481403435738274e-05
2.177300048828125 2.1619638394459628e-05
2.178300048828125 1.982444685031257e-05
2.179300048828125 1.7384126184604423e-05
2.180300048828125 2.0918432426100392e-05
2.181300048828125 1.9265330871813054e-05
2.182300048828125 1.7942900693769228e-05
2.183300048828125 1.4133446247584337e-05
2.184300048828125 1.7055886741369723e-05
2.185300048828125 1.3871940383296352e-05
2.186300048828125 1.924681567676915e-05
2.187300048828125 1.289800060012148e-05
2.188300048828125 1.2187923014105716e-05
2.189300048828125 1.3684570445444182e-05
2.190300048828125 1.661129221583817e-05
2.191300048828125 1.841714996624948e-05
2.192300048828125 1.5055304356887035e-05
2.193300048828125 1.2952499275655914e-05
2.194300048828125 1.699710453015311e-05
2.195300048828125 9.123357140338913e-06
2.196300048828125 1.0820886253218628e-05
2.197300048828125 1.701214629749892e-05
2.198300048828125 1.8609433782235972e-05
2.199300048828125 1.3907078217603795e-05
2.200300048828125 1.0971349607468123e-05
2.201300048828125 1.722291985792957e-05
2.202300048828125 1.8489447735657677e-05
2.203300048828125 1.7529150329191167e-05
2.204300048828125 1.7834827104129316e-05
2.205300048828125 1.408018566254503e-05
2.206300048828125 1.4400113370929809e-05
2.207300048828125 1.292932908124092e-05
2.208300048828125 1.701151790461126e-05
2.209300048828125 1.1899289592420447e-05
2.210300048828125 7.766757273809915e-06
2.211300048828125 1.380983035916405e-05
2.212300048828125 1.9769204974077777e-05
2.213300048828125 1.1818993609851036e-05
2.214300048828125 1.754826276733039e-05
2.215300048828125 1.326633088083902e-05
2.216300048828125 1.9414361648700032e-05
2.217300048828125 1.4185770767861659e-05
2.218300048828125 2.228111384662684e-05
2.219300048828125 2.041575666552835e-05
2.220300048828125 1.5252965800069607e-05
2.221300048828125 1.7525425269771383e-05
2.222300048828125 1.4417434256870583e-05
2.223300048828125 1.7218191989485318e-05
2.224300048828125 1.1445286808206331e-05
2.225300048828125 1.486484856476032e-05
2.226300048828125 1.410113847223684e-05
2.227300048828125 1.409894972906511e-05
2.228300048828125 9.780708075918778e-06
2.229300048828125 2.6356153647953277e-05
2.230300048828125 1.690617318113825e-05
2.231300048828125 2.246404264932771e-05
2.232300048828125 1.9344604842312428e-05
2.233300048828125 1.6059601104576972e-05
2.234300048828125 9.70363640396027e-06
2.235300048828125 1.865528869837879e-05
2.236300048828125 1.4120040799951783e-05
2.237300048828125 1.971180179225509e-05
2.238300048828125 1.4037671402273924e-05
2.239300048828125 1.9918999197964574e-05
2.240300048828125 1.3558990249411917e-05
2.241300048828125 1.8119698579172652e-05
2.242300048828125 2.2437543347385638e-05
2.243300048828125 1.62682408196229e-05
2.244300048828125 1.8148961116821797e-05
2.245300048828125 2.8061524489923316e-05
2.246300048828125 2.1779758893625407e-05
2.247300048828125 2.0547438617294904e-05
2.248300048828125 1.0323658865747296e-05
2.249300048828125 2.3299917568633333e-05
2.250300048828125 1.979273031629909e-05
2.251300048828125 2.9174950637625773e-05
2.252300048828125 1.421150607285359e-05
2.253300048828125 1.7051132227076378e-05
2.254300048828125 1.868998164164956e-05
2.255300048828125 2.079018000661844e-05
2.256300048828125 1.739752273981732e-05
2.257300048828125 1.147856025109523e-05
2.258300048828125 2.1430848851858836e-05
2.259300048828125 2.189086674997989e-05
2.260300048828125 2.110596458607012e-05
2.261300048828125 1.7995167375583082e-05
2.262300048828125 1.2814869963492093e-05
2.263300048828125 1.846317749035882e-05
2.264300048828125 3.499090910959098e-05
2.265300048828125 1.7331510440404206e-05
2.266300048828125 1.9906024073985822e-05
2.267300048828125 1.7500723282968964e-05
2.268300048828125 1.2557768932168667e-05
2.269300048828125 1.9506511964901296e-05
2.270300048828125 2.269621068127899e-05
2.271300048828125 2.0170888125127028e-05
2.272300048828125 2.5210244332924624e-05
2.273300048828125 2.0600284868332088e-05
2.274300048828125 2.1862567918731125e-05
2.275300048828125 2.4713589539402483e-05
2.276300048828125 1.1963539494624996e-05
2.277300048828125 1.213411827999774e-05
2.278300048828125 1.5948353542137982e-05
2.279300048828125 1.8149956752017474e-05
2.280300048828125 1.4997089190605282e-05
2.281300048828125 1.7022944501216625e-05
2.282300048828125 1.622744558093322e-05
2.283300048828125 1.675525511612861e-05
2.284300048828125 1.6656244629776615e-05
2.285300048828125 1.4673716145286396e-05
2.286300048828125 1.56367909358578e-05
2.287300048828125 6.985458935664948e-06
2.288300048828125 1.4151129897754907e-05
2.289300048828125 1.3548329172650058e-05
2.290300048828125 1.3371723598041169e-05
2.291300048828125 1.3333078604584351e-05
2.292300048828125 6.1211662347261775e-06
2.293300048828125 8.853735871662157e-06
2.294300048828125 1.508163307534009e-05
2.295300048828125 1.2124326958181959e-05
2.296300048828125 9.517950771093275e-06
2.297300048828125 1.0712211440307e-05
2.298300048828125 7.931179520933952e-06
2.299300048828125 1.1939556285985307e-05
2.300300048828125 1.1547209555876298e-05
2.301300048828125 5.92670291289848e-06
2.302300048828125 5.516121595337959e-06
2.303300048828125 9.730066637168287e-06
2.304300048828125 8.282178877567079e-06
2.305300048828125 9.996464785828852e-06
2.306300048828125 1.0743109220404175e-05
2.307300048828125 8.228939274725936e-06
2.308300048828125 9.968309209682673e-06
2.309300048828125 6.0242466890986075e-06
2.310300048828125 5.752360868243064e-06
2.311300048828125 9.207730149350813e-06
2.312300048828125 6.9223906646815126e-06
2.313300048828125 1.0170990621804468e-05
2.314300048828125 7.167704741230281e-06
2.315300048828125 8.599416283866556e-06
2.316300048828125 6.24461854162191e-06
2.317300048828125 3.5848439753379017e-06
2.318300048828125 7.526245800508105e-06
2.319300048828125 6.269382125362699e-06
2.320300048828125 7.820694681797187e-06
2.321300048828125 3.36027659389022e-06
2.322300048828125 4.63181872928455e-06
2.323300048828125 6.5093596855324585e-06
2.324300048828125 3.7152697125125922e-06
2.325300048828125 5.41014906260072e-06
2.326300048828125 6.046134030507666e-06
2.327300048828125 5.536203166301113e-06
2.328300048828125 6.20165187932293e-06
2.329300048828125 5.359273916880587e-06
2.330300048828125 4.187634003719098e-06
2.331300048828125 9.421598315526577e-06
2.332300048828125 9.31681039579279e-06
2.333300048828125 7.004343070988622e-06
2.334300048828125 6.327327472295129e-06
2.335300048828125 6.911018572192816e-06
2.336300048828125 7.1438162496662745e-06
2.337300048828125 7.144391778837113e-06
2.338300048828125 4.323303317986305e-06
2.339300048828125 5.9831378519104746e-06
2.340300048828125 4.127987086673451e-06
2.341300048828125 4.109579135741216e-06
2.342300048828125 6.830537525483328e-06
2.343300048828125 6.118376582419365e-06
2.344300048828125 6.99741663201091e-06
2.345300048828125 6.709130399708443e-06
2.346300048828125 4.868050471825281e-06
2.347300048828125 6.230830926827468e-06
2.348300048828125 6.212180123673415e-06
2.349300048828125 5.37581580732154e-06
2.350300048828125 7.327920356701387e-06
2.351300048828125 4.906678583130971e-06
2.352300048828125 5.8581982730033035e-06
2.353300048828125 6.544974040849671e-06
2.354300048828125 6.651454353985229e-06
2.355300048828125 5.261129704680545e-06
2.356300048828125 5.01663575909336e-06
2.357300048828125 5.378490219740735e-06
2.358300048828125 4.666786387706662e-06
2.359300048828125 7.218454748520049e-06
2.360300048828125 6.43774187955394e-06
2.361300048828125 4.9986385485567534e-06
2.362300048828125 6.98320497909563e-06
2.363300048828125 5.452444383953363e-06
2.364300048828125 6.013262634606379e-06
2.365300048828125 5.816699669042628e-06
2.366300048828125 6.571184775872009e-06
2.367300048828125 6.369717021848923e-06
2.368300048828125 7.219911859082989e-06
2.369300048828125 7.5037985404454845e-06
2.370300048828125 6.656058321207529e-06
2.371300048828125 6.66390544528346e-06
2.372300048828125 6.3366813142094564e-06
2.373300048828125 6.254546587503707e-06
2.374300048828125 7.453585819684879e-06
2.375300048828125 4.664158690641163e-06
2.376300048828125 4.894578835165489e-06
2.377300048828125 5.41518209639473e-06
2.378300048828125 8.347777457740988e-06
2.379300048828125 8.904281541432935e-06
2.380300048828125 8.327003312397594e-06
2.381300048828125 8.987157499262724e-06
2.382300048828125 8.122761478688205e-06
2.383300048828125 6.748074083669842e-06
2.384300048828125 8.334314695990975e-06
2.385300048828125 5.048649883600132e-06
2.386300048828125 9.351169017624856e-06
2.387300048828125 7.388352696153591e-06
2.388300048828125 9.046401498646258e-06
2.389300048828125 9.94647279981103e-06
2.390300048828125 9.606634828358548e-06
2.391300048828125 1.0338940734063226e-05
2.392300048828125 4.556709815150137e-06
2.393300048828125 9.967473469836652e-06
2.394300048828125 9.14483153350651e-06
2.395300048828125 1.0341954568922133e-05
2.396300048828125 9.918464137044278e-06
2.397300048828125 1.249288443669162e-05
2.398300048828125 9.705432579328472e-06
2.399300048828125 1.2848374303615761e-05
2.400300048828125 9.72972871828372e-06
2.401300048828125 1.3440942131595161e-05
2.402300048828125 1.3211549924108191e-05
2.403300048828125 1.1260101751133747e-05
2.404300048828125 1.4982857186159713e-05
2.405300048828125 1.3107750790908256e-05
2.406300048828125 1.2249052137012824e-05
2.407300048828125 1.0509927919197037e-05
2.408300048828125 1.1780139741854213e-05
2.409300048828125 1.4873789260789918e-05
2.410300048828125 1.1454140642754581e-05
2.411300048828125 1.1145374185185679e-05
2.412300048828125 1.028140367978394e-05
2.413300048828125 1.2692588586844468e-05
2.414300048828125 1.0516878431966902e-05
2.415300048828125 1.557446142498994e-05
2.416300048828125 1.38865408494596e-05
2.417300048828125 1.0961989228519583e-05
2.418300048828125 1.0554014513696284e-05
2.419300048828125 1.2612488877342675e-05
2.420300048828125 9.295790702499696e-06
2.421300048828125 1.2161519955782315e-05
2.422300048828125 1.2955543204071883e-05
2.423300048828125 1.165268268645519e-05
2.424300048828125 1.2120942612152147e-05
2.425300048828125 1.1382422167921962e-05
2.426300048828125 1.4601348651789715e-05
2.427300048828125 1.0085620747754266e-05
2.428300048828125 1.4988652725994368e-05
2.429300048828125 1.2283288673605257e-05
2.430300048828125 1.2819799176190078e-05
2.431300048828125 1.6792880768955854e-05
2.432300048828125 8.807453968819166e-06
2.433300048828125 1.1235467512236242e-05
2.434300048828125 1.6490350851133532e-05
2.435300048828125 1.7464353018681254e-05
2.436300048828125 1.080458193991856e-05
2.437300048828125 1.3009207460186192e-05
2.438300048828125 1.5073614361540732e-05
2.439300048828125 1.3240576259600409e-05
2.440300048828125 1.1142467558046683e-05
2.441300048828125 1.888044338826971e-05
2.442300048828125 1.7950136797134942e-05
2.443300048828125 1.2348734021945875e-05
2.444300048828125 1.312420849236027e-05
2.445300048828125 1.7717626055286788e-05
2.446300048828125 1.5144061070249966e-05
2.447300048828125 9.776977101646581e-06
2.448300048828125 1.2705133641285119e-05
2.449300048828125 1.41876457450015e-05
2.450300048828125 1.8203030507825058e-05
2.451300048828125 1.298080117924337e-05
2.452300048828125 1.6361520929302625e-05
2.453300048828125 1.344603750564955e-05
2.454300048828125 1.2421978181163655e-05
2.455300048828125 1.9080033738549423e-05
2.456300048828125 1.6138692851774492e-05
2.457300048828125 1.3586280478450717e-05
2.458300048828125 2.3465923894150132e-05
2.459300048828125 1.758433603460705e-05
2.460300048828125 1.6450074483316528e-05
2.461300048828125 1.7386467655432038e-05
2.462300048828125 1.772633146385291e-05
2.463300048828125 1.7436659075542518e-05
2.464300048828125 1.391977956539401e-05
2.465300048828125 7.604670339925991e-06
2.466300048828125 1.1786902523217269e-05
2.467300048828125 1.563601563906532e-05
2.468300048828125 1.5977533361706315e-05
2.469300048828125 1.3762023218409406e-05
2.470300048828125 1.5679892575898775e-05
2.471300048828125 2.0388842559479538e-05
2.472300048828125 1.5064952352429304e-05
2.473300048828125 2.0787043402540204e-05
2.474300048828125 1.1001937120500806e-05
2.475300048828125 1.7153998592947173e-05
2.476300048828125 1.4692655255292297e-05
2.477300048828125 2.487894932356296e-05
2.478300048828125 2.769053154783788e-05
2.479300048828125 1.4841243034743073e-05
2.480300048828125 1.623407809896255e-05
2.481300048828125 2.2325296402054014e-05
2.482300048828125 1.8036776487330415e-05
2.483300048828125 7.881890055282313e-06
2.484300048828125 1.6533445268149723e-05
2.485300048828125 1.5950753077215305e-05
2.486300048828125 2.1535888203511692e-05
2.487300048828125 2.4957378694902332e-05
2.488300048828125 2.449181340712811e-05
2.489300048828125 1.9989592938381945e-05
2.490300048828125 1.721146938919557e-05
2.491300048828125 2.4234258762116564e-05
2.492300048828125 2.2588323308903346e-05
2.493300048828125 2.1576120902484928e-05
2.494300048828125 1.5763896593382937e-05
2.495300048828125 2.1458694602588666e-05
2.496300048828125 2.1625476874762603e-05
2.497300048828125 2.2727476985882887e-05
2.498300048828125 1.9466678228117917e-05
2.499300048828125 2.389900839072361e-05
2.500300048828125 2.757762485847081e-05
2.501300048828125 2.0253365710752985e-05
2.502300048828125 2.699424023077791e-05
2.503300048828125 3.150388744406523e-05
2.504300048828125 2.129666677542482e-05
2.505300048828125 2.8148449771900488e-05
2.506300048828125 2.0813202712919986e-05
2.507300048828125 2.7569828502199307e-05
2.508300048828125 2.4875859290554982e-05
2.509300048828125 1.5281731644733617e-05
2.510300048828125 1.7065134957050597e-05
2.511300048828125 2.052291947952264e-05
2.512300048828125 2.2394260244734853e-05
2.513300048828125 1.9818195129819548e-05
2.514300048828125 1.9065542024444826e-05
2.515300048828125 1.917102069758878e-05
2.516300048828125 2.3679210587012944e-05
2.517300048828125 1.9236543024068565e-05
2.518300048828125 1.9168106756903326e-05
2.519300048828125 1.4767587160506467e-05
2.520300048828125 2.0753086676420276e-05
2.521300048828125 2.175603579464327e-05
2.522300048828125 1.5190000434562063e-05
2.523300048828125 2.55020543387967e-05
2.524300048828125 1.2513414400719259e-05
2.525300048828125 1.5219774367523386e-05
2.526300048828125 3.1243799814812964e-05
2.527300048828125 2.5470885084928117e-05
2.528300048828125 2.3496881504646008e-05
2.529300048828125 2.079257218667828e-05
2.530300048828125 3.088731090140136e-05
2.531300048828125 1.706981372688242e-05
2.532300048828125 2.6854628506830054e-05
2.533300048828125 2.5332956552949528e-05
2.534300048828125 2.359795964120309e-05
2.535300048828125 2.993444192052665e-05
2.536300048828125 2.6472318326208614e-05
2.537300048828125 3.009343724754547e-05
2.538300048828125 2.5196784590911026e-05
2.539300048828125 2.8084675185340723e-05
2.540300048828125 3.5909082305542045e-05
2.541300048828125 3.8345457209439755e-05
2.542300048828125 1.516153480968246e-05
2.543300048828125 3.683483028988683e-05
2.544300048828125 4.493789116253364e-05
2.545300048828125 2.8610904012654288e-05
2.546300048828125 2.2128599510953585e-05
2.547300048828125 2.0183433667822274e-05
2.548300048828125 3.7999455936509955e-05
2.549300048828125 2.9820928724197037e-05
2.550300048828125 3.0476806262040907e-05
2.551300048828125 1.9119963518374977e-05
2.552300048828125 2.563543568020587e-05
2.553300048828125 2.2086657474366855e-05
2.554300048828125 4.256562690765525e-05
2.555300048828125 2.6530305323433635e-05
2.556300048828125 3.5214868731354464e-05
2.557300048828125 4.880000364570123e-05
2.558300048828125 2.333216664633585e-05
2.559300048828125 3.853221609603013e-05
2.560300048828125 5.3554541095007365e-05
2.561300048828125 2.619073911599388e-05
2.562300048828125 5.3976515960369054e-05
2.563300048828125 2.6577195119795107e-05
2.564300048828125 5.6836703518571215e-05
2.565300048828125 1.6506360537016756e-05
2.566300048828125 3.707664019069327e-05
2.567300048828125 2.0005035557616848e-05
2.568300048828125 4.6854654354623555e-05
2.569300048828125 4.4650420468976376e-05
2.570300048828125 5.5343234640760044e-05
2.571300048828125 4.842938722579954e-05
2.572300048828125 2.72400231735133e-05
2.573300048828125 4.3083389445324846e-05
2.574300048828125 4.093983658828889e-05
2.575300048828125 3.993464986659051e-05
2.576300048828125 4.0677247755524786e-05
2.577300048828125 3.755984210043531e-05
2.578300048828125 5.121724771006075e-05
2.579300048828125 3.823336512577155e-05
2.580300048828125 5.9516331865077835e-05
2.581300048828125 7.078987111488112e-05
2.582300048828125 3.5813342295701146e-05
2.583300048828125 5.003079571683485e-05
2.584300048828125 7.059804299069979e-05
2.585300048828125 5.304305068374397e-05
2.586300048828125 6.030901946421198e-05
2.587300048828125 6.686760810248775e-05
2.588300048828125 4.501267820017844e-05
2.589300048828125 7.340647127429886e-05
2.590300048828125 7.057429382105817e-05
2.591300048828125 7.436791679443392e-05
2.592300048828125 5.0869626510016016e-05
2.593300048828125 7.414577974368146e-05
2.594300048828125 4.839687788654873e-05
2.595300048828125 5.3392628477829986e-05
2.596300048828125 6.046978063494725e-05
2.597300048828125 6.843460452121992e-05
2.598300048828125 5.9476682605842745e-05
