#    f702
      5500.0    0      
      5510.0    4.0308E-7       
      5520.0    4.8031E-7       
      5530.0    3.5759E-7       
      5540.0    3.2007E-7       
      5550.0    4.6319E-7       
      5560.0    3.1470E-7       
      5570.0    5.2241E-7       
      5580.0    3.7193E-7       
      5590.0    3.1470E-7       
      5600.0    3.6078E-7       
      5610.0    5.2947E-7       
      5620.0    4.5831E-7       
      5630.0    3.4296E-7       
      5640.0    3.1470E-7       
      5650.0    3.1470E-7       
      5660.0    4.9136E-7       
      5670.0    3.1470E-7       
      5680.0    3.1470E-7       
      5690.0    6.1069E-7       
      5700.0    1.1425E-6       
      5710.0    3.7541E-7       
      5720.0    1.1814E-6       
      5730.0    2.0651E-6       
      5740.0    3.8148E-6       
      5750.0    9.4758E-6       
      5760.0    2.0383E-5       
      5770.0    4.9354E-5       
      5780.0    1.0500E-4       
      5790.0    2.2732E-4       
      5800.0    4.1801E-4       
      5810.0    7.8436E-4       
      5820.0    0.0012988       
      5830.0    0.0022065       
      5840.0    0.0033311       
      5850.0    0.0051295       
      5852.0    0.0056082       
      5854.0    0.0061666       
      5856.0    0.0067239       
      5858.0    0.0073201       
      5860.0    0.0080167       
      5862.0    0.0087333       
      5864.0    0.0095285       
      5866.0     0.010341       
      5868.0     0.011236       
      5870.0     0.012192       
      5872.0     0.013217       
      5874.0     0.014371       
      5876.0     0.015556       
      5878.0     0.016869       
      5880.0     0.018313       
      5882.0     0.019835       
      5884.0     0.021517       
      5886.0     0.023339       
      5888.0     0.025299       
      5890.0     0.027419       
      5892.0     0.029758       
      5894.0     0.032256       
      5896.0     0.034973       
      5898.0     0.037979       
      5900.0     0.041253       
      5902.0     0.044856       
      5904.0     0.048777       
      5906.0     0.053057       
      5908.0     0.057705       
      5910.0       0.0628       
      5912.0     0.068244       
      5914.0     0.074106       
      5916.0     0.080436       
      5918.0     0.087214       
      5920.0     0.094509       
      5922.0      0.10231       
      5924.0      0.11057       
      5926.0      0.11933       
      5928.0      0.12859       
      5930.0      0.13844       
      5932.0      0.14879       
      5934.0      0.15994       
      5936.0      0.17168       
      5938.0      0.18422       
      5940.0      0.19746       
      5942.0      0.21159       
      5944.0      0.22622       
      5946.0      0.24165       
      5948.0      0.25777       
      5950.0      0.27449       
      5952.0       0.2923       
      5954.0      0.31082       
      5956.0      0.33012       
      5958.0      0.35003       
      5960.0      0.37043       
      5962.0      0.39143       
      5964.0      0.41273       
      5966.0      0.43453       
      5968.0      0.45672       
      5970.0      0.47872       
      5972.0      0.50071       
      5974.0      0.52221       
      5976.0      0.54331       
      5978.0      0.56381       
      5980.0      0.58332       
      5982.0      0.60183       
      5984.0      0.61924       
      5986.0      0.63567       
      5988.0      0.65079       
      5990.0      0.66433       
      5992.0      0.67657       
      5994.0      0.68752       
      5996.0      0.69707       
      5998.0      0.70513       
      6000.0        0.712       
      6002.0      0.71767       
      6004.0      0.72215       
      6006.0      0.72554       
      6008.0      0.72783       
      6010.0      0.72922       
      6012.0      0.72982       
      6014.0      0.72982       
      6016.0      0.72902       
      6018.0      0.72763       
      6020.0      0.72584       
      6022.0      0.72365       
      6024.0      0.72126       
      6026.0      0.71847       
      6028.0      0.71568       
      6030.0       0.7128       
      6032.0      0.70991       
      6034.0      0.70693       
      6036.0      0.70424       
      6038.0      0.70165       
      6040.0      0.69926       
      6042.0      0.69707       
      6044.0      0.69508       
      6046.0      0.69339       
      6048.0       0.6921       
      6050.0        0.691       
      6052.0      0.69021       
      6054.0      0.68991       
      6056.0      0.68981       
      6058.0      0.69001       
      6060.0       0.6905       
      6062.0       0.6913       
      6064.0       0.6923       
      6066.0      0.69329       
      6068.0      0.69429       
      6070.0      0.69508       
      6072.0      0.69598       
      6074.0      0.69687       
      6076.0      0.69767       
      6078.0      0.69837       
      6080.0      0.69896       
      6082.0      0.69956       
      6084.0      0.69996       
      6086.0      0.70036       
      6088.0      0.70066       
      6090.0      0.70115       
      6092.0      0.70175       
      6094.0      0.70265       
      6096.0      0.70364       
      6098.0      0.70494       
      6100.0      0.70633       
      6102.0      0.70792       
      6104.0      0.70971       
      6106.0       0.7118       
      6108.0      0.71399       
      6110.0      0.71658       
      6112.0      0.71957       
      6114.0      0.72275       
      6116.0      0.72613       
      6118.0      0.72982       
      6120.0       0.7338       
      6122.0      0.73808       
      6124.0      0.74246       
      6126.0      0.74713       
      6128.0      0.75201       
      6130.0      0.75719       
      6132.0      0.76256       
      6134.0      0.76813       
      6136.0      0.77391       
      6138.0      0.77968       
      6140.0      0.78545       
      6142.0      0.79122       
      6144.0        0.797       
      6146.0      0.80247       
      6148.0      0.80784       
      6150.0      0.81292       
      6152.0       0.8178       
      6154.0      0.82257       
      6156.0      0.82745       
      6158.0      0.83203       
      6160.0      0.83641       
      6162.0      0.84049       
      6164.0      0.84437       
      6166.0      0.84825       
      6168.0      0.85203       
      6170.0      0.85572       
      6172.0       0.8593       
      6174.0      0.86298       
      6176.0      0.86646       
      6178.0      0.87005       
      6180.0      0.87363       
      6182.0      0.87711       
      6184.0       0.8806       
      6186.0      0.88408       
      6188.0      0.88756       
      6190.0      0.89105       
      6192.0      0.89443       
      6194.0      0.89791       
      6196.0       0.9014       
      6198.0      0.90458       
      6200.0      0.90767       
      6202.0      0.91085       
      6204.0      0.91414       
      6206.0      0.91742       
      6208.0      0.92041       
      6210.0      0.92329       
      6212.0      0.92608       
      6214.0      0.92867       
      6216.0      0.93096       
      6218.0      0.93325       
      6220.0      0.93524       
      6222.0      0.93713       
      6224.0      0.93882       
      6226.0      0.94021       
      6228.0      0.94171       
      6230.0       0.9431       
      6232.0      0.94439       
      6234.0      0.94549       
      6236.0      0.94638       
      6238.0      0.94698       
      6240.0      0.94768       
      6242.0      0.94808       
      6244.0      0.94837       
      6246.0      0.94867       
      6248.0      0.94897       
      6250.0      0.94907       
      6252.0      0.94897       
      6254.0      0.94877       
      6256.0      0.94857       
      6258.0      0.94837       
      6260.0      0.94827       
      6262.0      0.94808       
      6264.0      0.94768       
      6266.0      0.94728       
      6268.0      0.94698       
      6270.0      0.94648       
      6272.0      0.94579       
      6274.0      0.94499       
      6276.0      0.94419       
      6278.0       0.9435       
      6280.0       0.9429       
      6282.0       0.9422       
      6284.0      0.94171       
      6286.0      0.94101       
      6288.0      0.94031       
      6290.0      0.93952       
      6292.0      0.93872       
      6294.0      0.93812       
      6296.0      0.93753       
      6298.0      0.93673       
      6300.0      0.93593       
      6302.0      0.93524       
      6304.0      0.93474       
      6306.0      0.93414       
      6308.0      0.93345       
      6310.0      0.93285       
      6312.0      0.93215       
      6314.0      0.93145       
      6316.0      0.93086       
      6318.0      0.93016       
      6320.0      0.92927       
      6322.0      0.92867       
      6324.0      0.92807       
      6326.0      0.92737       
      6328.0      0.92658       
      6330.0      0.92578       
      6332.0      0.92489       
      6334.0      0.92399       
      6336.0      0.92329       
      6338.0       0.9226       
      6340.0       0.9219       
      6342.0        0.921       
      6344.0      0.92021       
      6346.0      0.91941       
      6348.0      0.91872       
      6350.0      0.91812       
      6352.0      0.91772       
      6354.0      0.91722       
      6356.0      0.91682       
      6358.0      0.91643       
      6360.0      0.91613       
      6362.0      0.91603       
      6364.0      0.91603       
      6366.0      0.91613       
      6368.0      0.91633       
      6370.0      0.91663       
      6372.0      0.91702       
      6374.0      0.91732       
      6376.0      0.91762       
      6378.0      0.91812       
      6380.0      0.91872       
      6382.0      0.91931       
      6384.0      0.92011       
      6386.0      0.92081       
      6388.0       0.9214       
      6390.0       0.9221       
      6392.0       0.9227       
      6394.0      0.92349       
      6396.0      0.92419       
      6398.0      0.92499       
      6400.0      0.92578       
      6402.0      0.92668       
      6404.0      0.92757       
      6406.0      0.92837       
      6408.0      0.92917       
      6410.0      0.93006       
      6412.0      0.93086       
      6414.0      0.93155       
      6416.0      0.93235       
      6418.0      0.93315       
      6420.0      0.93414       
      6422.0      0.93504       
      6424.0      0.93583       
      6426.0      0.93683       
      6428.0      0.93772       
      6430.0      0.93862       
      6432.0      0.93942       
      6434.0      0.94041       
      6436.0      0.94151       
      6438.0       0.9427       
      6440.0       0.9438       
      6442.0      0.94499       
      6444.0      0.94608       
      6446.0      0.94708       
      6448.0      0.94798       
      6450.0      0.94917       
      6452.0      0.95036       
      6454.0      0.95146       
      6456.0      0.95245       
      6458.0      0.95355       
      6460.0      0.95464       
      6462.0      0.95584       
      6464.0      0.95723       
      6466.0      0.95853       
      6468.0      0.95962       
      6470.0      0.96062       
      6472.0      0.96171       
      6474.0      0.96281       
      6476.0       0.9641       
      6478.0      0.96539       
      6480.0      0.96649       
      6482.0      0.96758       
      6484.0      0.96858       
      6486.0      0.96947       
      6488.0      0.97037       
      6490.0      0.97126       
      6492.0      0.97216       
      6494.0      0.97296       
      6496.0      0.97385       
      6498.0      0.97485       
      6500.0      0.97574       
      6502.0      0.97654       
      6504.0      0.97724       
      6506.0      0.97783       
      6508.0      0.97853       
      6510.0      0.97923       
      6512.0      0.97982       
      6514.0      0.98032       
      6516.0      0.98062       
      6518.0      0.98062       
      6520.0      0.98032       
      6522.0      0.97972       
      6524.0      0.97883       
      6526.0      0.97823       
      6528.0      0.97843       
      6530.0      0.97933       
      6532.0      0.98082       
      6534.0      0.98231       
      6536.0       0.9838       
      6538.0       0.9847       
      6540.0       0.9848       
      6542.0       0.9845       
      6544.0       0.9842       
      6546.0       0.9841       
      6548.0       0.9841       
      6550.0       0.9839       
      6552.0      0.98371       
      6554.0      0.98351       
      6556.0      0.98331       
      6558.0      0.98321       
      6560.0      0.98291       
      6562.0      0.98271       
      6564.0      0.98241       
      6566.0      0.98211       
      6568.0      0.98191       
      6570.0      0.98152       
      6572.0      0.98112       
      6574.0      0.98082       
      6576.0      0.98042       
      6578.0      0.97992       
      6580.0      0.97943       
      6582.0      0.97883       
      6584.0      0.97833       
      6586.0      0.97783       
      6588.0      0.97724       
      6590.0      0.97664       
      6592.0      0.97614       
      6594.0      0.97554       
      6596.0      0.97475       
      6598.0      0.97415       
      6600.0      0.97345       
      6602.0      0.97266       
      6604.0      0.97186       
      6606.0      0.97107       
      6608.0      0.97037       
      6610.0      0.96957       
      6612.0      0.96908       
      6614.0      0.96838       
      6616.0      0.96758       
      6618.0      0.96669       
      6620.0      0.96589       
      6622.0      0.96509       
      6624.0       0.9643       
      6626.0       0.9636       
      6628.0       0.9629       
      6630.0      0.96201       
      6632.0      0.96131       
      6634.0      0.96062       
      6636.0      0.95982       
      6638.0      0.95902       
      6640.0      0.95843       
      6642.0      0.95783       
      6644.0      0.95723       
      6646.0      0.95673       
      6648.0      0.95614       
      6650.0      0.95554       
      6652.0      0.95484       
      6654.0      0.95425       
      6656.0      0.95375       
      6658.0      0.95325       
      6660.0      0.95285       
      6662.0      0.95245       
      6664.0      0.95196       
      6666.0      0.95146       
      6668.0      0.95106       
      6670.0      0.95046       
      6672.0      0.95017       
      6674.0      0.95007       
      6676.0      0.94987       
      6678.0      0.94957       
      6680.0      0.94927       
      6682.0      0.94907       
      6684.0      0.94887       
      6686.0      0.94867       
      6688.0      0.94847       
      6690.0      0.94827       
      6692.0      0.94817       
      6694.0      0.94808       
      6696.0      0.94798       
      6698.0      0.94788       
      6700.0      0.94788       
      6702.0      0.94778       
      6704.0      0.94788       
      6706.0      0.94788       
      6708.0      0.94788       
      6710.0      0.94798       
      6712.0      0.94808       
      6714.0      0.94827       
      6716.0      0.94857       
      6718.0      0.94877       
      6720.0      0.94897       
      6722.0      0.94917       
      6724.0      0.94947       
      6726.0      0.94987       
      6728.0      0.95036       
      6730.0      0.95076       
      6732.0      0.95126       
      6734.0      0.95176       
      6736.0      0.95216       
      6738.0      0.95265       
      6740.0      0.95315       
      6742.0      0.95345       
      6744.0      0.95385       
      6746.0      0.95444       
      6748.0      0.95514       
      6750.0      0.95564       
      6752.0      0.95624       
      6754.0      0.95683       
      6756.0      0.95743       
      6758.0      0.95803       
      6760.0      0.95872       
      6762.0      0.95932       
      6764.0      0.96012       
      6766.0      0.96072       
      6768.0      0.96141       
      6770.0      0.96211       
      6772.0      0.96281       
      6774.0       0.9632       
      6776.0       0.9637       
      6778.0       0.9645       
      6780.0      0.96529       
      6782.0      0.96599       
      6784.0      0.96669       
      6786.0      0.96738       
      6788.0      0.96798       
      6790.0      0.96858       
      6792.0      0.96908       
      6794.0      0.96977       
      6796.0      0.97027       
      6798.0      0.97087       
      6800.0      0.97156       
      6802.0      0.97226       
      6804.0      0.97296       
      6806.0      0.97355       
      6808.0      0.97415       
      6810.0      0.97455       
      6812.0      0.97495       
      6814.0      0.97544       
      6816.0      0.97594       
      6818.0      0.97634       
      6820.0      0.97684       
      6822.0      0.97744       
      6824.0      0.97793       
      6826.0      0.97843       
      6828.0      0.97903       
      6830.0      0.97953       
      6832.0      0.97972       
      6834.0      0.97992       
      6836.0      0.98012       
      6838.0      0.98052       
      6840.0      0.98082       
      6842.0      0.98122       
      6844.0      0.98142       
      6846.0      0.98171       
      6848.0      0.98201       
      6850.0      0.98221       
      6852.0      0.98221       
      6854.0      0.98221       
      6856.0      0.98241       
      6858.0      0.98261       
      6860.0      0.98261       
      6862.0      0.98251       
      6864.0      0.98221       
      6866.0      0.98191       
      6868.0      0.98162       
      6870.0      0.98142       
      6872.0      0.98102       
      6874.0      0.98072       
      6876.0      0.98052       
      6878.0      0.98012       
      6880.0      0.97982       
      6882.0      0.97953       
      6884.0      0.97923       
      6886.0      0.97903       
      6888.0      0.97863       
      6890.0      0.97833       
      6892.0      0.97813       
      6894.0      0.97773       
      6896.0      0.97734       
      6898.0      0.97684       
      6900.0      0.97634       
      6902.0      0.97584       
      6904.0      0.97535       
      6906.0      0.97465       
      6908.0      0.97395       
      6910.0      0.97326       
      6912.0      0.97246       
      6914.0      0.97176       
      6916.0      0.97097       
      6918.0      0.97027       
      6920.0      0.96957       
      6922.0      0.96878       
      6924.0      0.96798       
      6926.0      0.96728       
      6928.0      0.96649       
      6930.0      0.96589       
      6932.0      0.96499       
      6934.0       0.9643       
      6936.0       0.9635       
      6938.0      0.96261       
      6940.0      0.96191       
      6942.0      0.96101       
      6944.0      0.96012       
      6946.0      0.95922       
      6948.0      0.95813       
      6950.0      0.95703       
      6952.0      0.95604       
      6954.0      0.95534       
      6956.0      0.95464       
      6958.0      0.95395       
      6960.0      0.95315       
      6962.0      0.95226       
      6964.0      0.95106       
      6966.0      0.94987       
      6968.0      0.94857       
      6970.0      0.94728       
      6972.0      0.94638       
      6974.0      0.94549       
      6976.0      0.94469       
      6978.0      0.94399       
      6980.0       0.9432       
      6982.0       0.9425       
      6984.0      0.94171       
      6986.0      0.94101       
      6988.0      0.94041       
      6990.0      0.93972       
      6992.0      0.93922       
      6994.0      0.93852       
      6996.0      0.93792       
      6998.0      0.93723       
      7000.0      0.93673       
      7002.0      0.93613       
      7004.0      0.93573       
      7006.0      0.93524       
      7008.0      0.93494       
      7010.0      0.93454       
      7012.0      0.93424       
      7014.0      0.93394       
      7016.0      0.93364       
      7018.0      0.93335       
      7020.0      0.93325       
      7022.0      0.93295       
      7024.0      0.93255       
      7026.0      0.93225       
      7028.0      0.93205       
      7030.0      0.93185       
      7032.0      0.93165       
      7034.0      0.93136       
      7036.0      0.93126       
      7038.0      0.93116       
      7040.0      0.93106       
      7042.0      0.93106       
      7044.0      0.93096       
      7046.0      0.93086       
      7048.0      0.93086       
      7050.0      0.93096       
      7052.0      0.93106       
      7054.0      0.93126       
      7056.0      0.93165       
      7058.0      0.93165       
      7060.0      0.93165       
      7062.0      0.93185       
      7064.0      0.93185       
      7066.0      0.93195       
      7068.0      0.93235       
      7070.0      0.93275       
      7072.0      0.93305       
      7074.0      0.93345       
      7076.0      0.93384       
      7078.0      0.93404       
      7080.0      0.93434       
      7082.0      0.93484       
      7084.0      0.93524       
      7086.0      0.93573       
      7088.0      0.93643       
      7090.0      0.93693       
      7092.0      0.93733       
      7094.0      0.93782       
      7096.0      0.93832       
      7098.0      0.93872       
      7100.0      0.93932       
      7102.0      0.94011       
      7104.0      0.94101       
      7106.0        0.942       
      7108.0       0.9427       
      7110.0       0.9432       
      7112.0      0.94399       
      7114.0      0.94469       
      7116.0      0.94529       
      7118.0      0.94599       
      7120.0      0.94678       
      7122.0      0.94778       
      7124.0      0.94897       
      7126.0      0.95007       
      7128.0      0.95106       
      7130.0      0.95186       
      7132.0      0.95265       
      7134.0      0.95335       
      7136.0      0.95415       
      7138.0      0.95524       
      7140.0      0.95624       
      7142.0      0.95713       
      7144.0      0.95813       
      7146.0      0.95912       
      7148.0      0.96012       
      7150.0      0.96121       
      7152.0      0.96221       
      7154.0        0.963       
      7156.0       0.9636       
      7158.0       0.9645       
      7160.0      0.96539       
      7162.0      0.96619       
      7164.0      0.96699       
      7166.0      0.96788       
      7168.0      0.96878       
      7170.0      0.96947       
      7172.0      0.97007       
      7174.0      0.97067       
      7176.0      0.97136       
      7178.0      0.97216       
      7180.0      0.97286       
      7182.0      0.97335       
      7184.0      0.97385       
      7186.0      0.97445       
      7188.0      0.97515       
      7190.0      0.97574       
      7192.0      0.97634       
      7194.0      0.97684       
      7196.0      0.97724       
      7198.0      0.97763       
      7200.0      0.97823       
      7202.0      0.97863       
      7204.0      0.97903       
      7206.0      0.97933       
      7208.0      0.97962       
      7210.0      0.97992       
      7212.0      0.98002       
      7214.0      0.98022       
      7216.0      0.98052       
      7218.0      0.98082       
      7220.0      0.98102       
      7222.0      0.98122       
      7224.0      0.98132       
      7226.0      0.98132       
      7228.0      0.98142       
      7230.0      0.98132       
      7232.0      0.98112       
      7234.0      0.98082       
      7236.0      0.98062       
      7238.0      0.98052       
      7240.0      0.98032       
      7242.0      0.98002       
      7244.0      0.97982       
      7246.0      0.97943       
      7248.0      0.97913       
      7250.0      0.97863       
      7252.0      0.97813       
      7254.0      0.97744       
      7256.0      0.97684       
      7258.0      0.97644       
      7260.0      0.97614       
      7262.0      0.97564       
      7264.0      0.97505       
      7266.0      0.97435       
      7268.0      0.97355       
      7270.0      0.97266       
      7272.0      0.97176       
      7274.0      0.97087       
      7276.0      0.96997       
      7278.0      0.96898       
      7280.0      0.96828       
      7282.0      0.96758       
      7284.0      0.96669       
      7286.0      0.96569       
      7288.0       0.9646       
      7290.0       0.9636       
      7292.0      0.96261       
      7294.0      0.96161       
      7296.0      0.96062       
      7298.0      0.95962       
      7300.0      0.95863       
      7302.0      0.95743       
      7304.0      0.95614       
      7306.0      0.95494       
      7308.0      0.95375       
      7310.0      0.95255       
      7312.0      0.95136       
      7314.0      0.95017       
      7316.0      0.94897       
      7318.0      0.94788       
      7320.0      0.94658       
      7322.0      0.94529       
      7324.0       0.9438       
      7326.0       0.9422       
      7328.0      0.94081       
      7330.0      0.93962       
      7332.0      0.93832       
      7334.0      0.93723       
      7336.0      0.93613       
      7338.0      0.93494       
      7340.0      0.93354       
      7342.0      0.93215       
      7344.0      0.93076       
      7346.0      0.92966       
      7348.0      0.92837       
      7350.0      0.92678       
      7352.0      0.92548       
      7354.0      0.92429       
      7356.0      0.92319       
      7358.0        0.922       
      7360.0        0.921       
      7362.0      0.91991       
      7364.0      0.91891       
      7366.0      0.91782       
      7368.0      0.91682       
      7370.0      0.91563       
      7372.0      0.91444       
      7374.0      0.91334       
      7376.0      0.91245       
      7378.0      0.91155       
      7380.0      0.91105       
      7382.0      0.91045       
      7384.0      0.90966       
      7386.0      0.90876       
      7388.0      0.90787       
      7390.0      0.90717       
      7392.0      0.90637       
      7394.0      0.90578       
      7396.0      0.90518       
      7398.0      0.90458       
      7400.0      0.90389       
      7402.0      0.90329       
      7404.0      0.90279       
      7406.0      0.90229       
      7408.0       0.9017       
      7410.0       0.9012       
      7412.0       0.9007       
      7414.0       0.9005       
      7416.0       0.9002       
      7418.0      0.89981       
      7420.0      0.89961       
      7422.0      0.89921       
      7424.0      0.89851       
      7426.0      0.89811       
      7428.0      0.89791       
      7430.0      0.89762       
      7432.0      0.89722       
      7434.0      0.89692       
      7436.0      0.89642       
      7438.0      0.89632       
      7440.0      0.89622       
      7442.0      0.89592       
      7444.0      0.89573       
      7446.0      0.89553       
      7448.0      0.89533       
      7450.0      0.89513       
      7452.0      0.89493       
      7454.0      0.89503       
      7456.0      0.89503       
      7458.0      0.89493       
      7460.0      0.89483       
      7462.0      0.89483       
      7464.0      0.89483       
      7466.0      0.89503       
      7468.0      0.89533       
      7470.0      0.89573       
      7472.0      0.89612       
      7474.0      0.89652       
      7476.0      0.89692       
      7478.0      0.89712       
      7480.0      0.89742       
      7482.0      0.89801       
      7484.0      0.89851       
      7486.0      0.89921       
      7488.0      0.89991       
      7490.0       0.9007       
      7492.0       0.9015       
      7494.0      0.90249       
      7496.0      0.90329       
      7498.0      0.90418       
      7500.0      0.90518       
      7502.0      0.90608       
      7504.0      0.90707       
      7506.0      0.90807       
      7508.0      0.90906       
      7510.0      0.91026       
      7512.0      0.91135       
      7514.0      0.91245       
      7516.0      0.91374       
      7518.0      0.91503       
      7520.0      0.91633       
      7522.0      0.91782       
      7524.0      0.91921       
      7526.0      0.92051       
      7528.0       0.9217       
      7530.0      0.92309       
      7532.0      0.92439       
      7534.0      0.92568       
      7536.0      0.92698       
      7538.0      0.92817       
      7540.0      0.92927       
      7542.0      0.93046       
      7544.0      0.93165       
      7546.0      0.93295       
      7548.0      0.93414       
      7550.0      0.93534       
      7552.0      0.93673       
      7554.0      0.93792       
      7556.0      0.93882       
      7558.0      0.93981       
      7560.0      0.94081       
      7562.0       0.9421       
      7564.0       0.9433       
      7566.0      0.94459       
      7568.0      0.94569       
      7570.0      0.94678       
      7572.0      0.94808       
      7574.0      0.94927       
      7576.0      0.95036       
      7578.0      0.95116       
      7580.0      0.95226       
      7582.0      0.95325       
      7584.0      0.95444       
      7586.0      0.95564       
      7588.0      0.95683       
      7590.0      0.95783       
      7592.0      0.95872       
      7594.0      0.95972       
      7596.0      0.96062       
      7598.0      0.96141       
      7600.0      0.96241       
      7602.0       0.9634       
      7604.0       0.9644       
      7606.0      0.96529       
      7608.0      0.96619       
      7610.0      0.96689       
      7612.0      0.96768       
      7614.0      0.96858       
      7616.0      0.96957       
      7618.0      0.97027       
      7620.0      0.97077       
      7622.0      0.97117       
      7624.0      0.97166       
      7626.0      0.97216       
      7628.0      0.97296       
      7630.0      0.97345       
      7632.0      0.97385       
      7634.0      0.97425       
      7636.0      0.97475       
      7638.0      0.97525       
      7640.0      0.97594       
      7642.0      0.97654       
      7644.0      0.97694       
      7646.0      0.97704       
      7648.0      0.97724       
      7650.0      0.97753       
      7652.0      0.97773       
      7654.0      0.97773       
      7656.0      0.97753       
      7658.0      0.97724       
      7660.0      0.97714       
      7662.0      0.97724       
      7664.0      0.97744       
      7666.0      0.97753       
      7668.0      0.97734       
      7670.0      0.97694       
      7672.0      0.97644       
      7674.0      0.97594       
      7676.0      0.97564       
      7678.0      0.97544       
      7680.0      0.97505       
      7682.0      0.97455       
      7684.0      0.97405       
      7686.0      0.97345       
      7688.0      0.97256       
      7690.0      0.97166       
      7692.0      0.97087       
      7694.0      0.96997       
      7696.0      0.96927       
      7698.0      0.96868       
      7700.0      0.96788       
      7702.0      0.96699       
      7704.0      0.96619       
      7706.0      0.96509       
      7708.0       0.9637       
      7710.0      0.96261       
      7712.0      0.96141       
      7714.0      0.95992       
      7716.0      0.95872       
      7718.0      0.95743       
      7720.0      0.95614       
      7722.0      0.95484       
      7724.0      0.95375       
      7726.0      0.95236       
      7728.0      0.95096       
      7730.0      0.94967       
      7732.0      0.94817       
      7734.0      0.94668       
      7736.0      0.94519       
      7738.0       0.9436       
      7740.0        0.942       
      7742.0      0.94071       
      7744.0      0.93952       
      7746.0      0.93822       
      7748.0      0.93673       
      7750.0      0.93514       
      7752.0      0.93335       
      7754.0      0.93175       
      7756.0      0.93026       
      7758.0      0.92887       
      7760.0      0.92747       
      7762.0      0.92608       
      7764.0      0.92459       
      7766.0      0.92309       
      7768.0       0.9217       
      7770.0      0.92011       
      7772.0      0.91852       
      7774.0      0.91692       
      7776.0      0.91543       
      7778.0      0.91394       
      7780.0      0.91235       
      7782.0      0.91095       
      7784.0      0.90956       
      7786.0      0.90807       
      7788.0      0.90647       
      7790.0      0.90488       
      7792.0      0.90319       
      7794.0       0.9014       
      7796.0      0.89951       
      7798.0      0.89762       
      7800.0      0.89573       
      7802.0      0.89403       
      7804.0      0.89254       
      7806.0      0.89085       
      7808.0      0.88916       
      7810.0      0.88727       
      7812.0      0.88518       
      7814.0      0.88319       
      7816.0      0.88119       
      7818.0       0.8791       
      7820.0      0.87721       
      7822.0      0.87542       
      7824.0      0.87333       
      7826.0      0.87124       
      7828.0      0.86925       
      7830.0      0.86716       
      7832.0      0.86507       
      7834.0      0.86298       
      7836.0      0.86069       
      7838.0       0.8585       
      7840.0      0.85681       
      7842.0      0.85532       
      7844.0      0.85373       
      7846.0      0.85203       
      7848.0      0.85014       
      7850.0      0.84825       
      7852.0      0.84646       
      7854.0      0.84457       
      7856.0      0.84288       
      7858.0      0.84138       
      7860.0      0.83969       
      7862.0        0.838       
      7864.0      0.83651       
      7866.0      0.83521       
      7868.0      0.83402       
      7870.0      0.83263       
      7872.0      0.83143       
      7874.0      0.83014       
      7876.0      0.82874       
      7878.0      0.82745       
      7880.0      0.82646       
      7882.0      0.82536       
      7884.0      0.82427       
      7886.0      0.82337       
      7888.0      0.82238       
      7890.0      0.82148       
      7892.0      0.82068       
      7894.0      0.81959       
      7896.0      0.81859       
      7898.0       0.8177       
      7900.0        0.817       
      7902.0       0.8164       
      7904.0      0.81571       
      7906.0      0.81451       
      7908.0      0.81352       
      7910.0      0.81272       
      7912.0      0.81202       
      7914.0      0.81143       
      7916.0      0.81083       
      7918.0      0.81023       
      7920.0      0.80954       
      7922.0      0.80864       
      7924.0      0.80784       
      7926.0      0.80735       
      7928.0      0.80705       
      7930.0      0.80665       
      7932.0      0.80625       
      7934.0      0.80595       
      7936.0      0.80575       
      7938.0      0.80536       
      7940.0      0.80516       
      7942.0      0.80506       
      7944.0      0.80496       
      7946.0      0.80516       
      7948.0      0.80526       
      7950.0      0.80536       
      7952.0      0.80566       
      7954.0      0.80575       
      7956.0      0.80585       
      7958.0      0.80625       
      7960.0      0.80695       
      7962.0      0.80745       
      7964.0      0.80794       
      7966.0      0.80864       
      7968.0      0.80964       
      7970.0      0.81033       
      7972.0      0.81113       
      7974.0      0.81193       
      7976.0      0.81262       
      7978.0      0.81342       
      7980.0      0.81431       
      7982.0      0.81511       
      7984.0      0.81591       
      7986.0       0.8168       
      7988.0       0.8176       
      7990.0      0.81859       
      7992.0      0.81949       
      7994.0      0.82029       
      7996.0      0.82078       
      7998.0      0.82088       
      8000.0       0.8168       
      8002.0       0.8168       
      8004.0       0.8166       
      8006.0       0.8163       
      8008.0      0.81611       
      8010.0      0.81611       
      8012.0       0.8162       
      8014.0      0.81571       
      8016.0      0.81471       
      8018.0      0.81352       
      8020.0      0.81242       
      8022.0      0.81143       
      8024.0      0.81093       
      8026.0      0.81053       
      8028.0      0.81003       
      8030.0      0.80954       
      8032.0      0.80914       
      8034.0      0.80824       
      8036.0      0.80705       
      8038.0      0.80605       
      8040.0      0.80516       
      8042.0      0.80426       
      8044.0      0.80317       
      8046.0      0.80237       
      8048.0      0.80217       
      8050.0      0.80197       
      8052.0      0.80177       
      8054.0      0.80167       
      8056.0      0.80147       
      8058.0      0.80118       
      8060.0      0.80068       
      8062.0      0.80018       
      8064.0      0.79958       
      8066.0      0.79839       
      8068.0       0.7971       
      8070.0       0.7967       
      8072.0       0.7968       
      8074.0       0.7966       
      8076.0       0.7959       
      8078.0      0.79501       
      8080.0      0.79381       
      8082.0      0.79242       
      8084.0      0.79043       
      8086.0      0.78754       
      8088.0      0.78426       
      8090.0      0.78087       
      8092.0      0.77749       
      8094.0      0.77401       
      8096.0      0.77012       
      8098.0      0.76565       
      8100.0      0.76097       
      8102.0      0.75569       
      8104.0      0.74952       
      8106.0      0.74305       
      8108.0      0.73619       
      8110.0      0.72922       
      8112.0      0.72185       
      8114.0      0.71359       
      8116.0      0.70523       
      8118.0      0.69727       
      8120.0      0.68941       
      8122.0      0.68155       
      8124.0      0.67329       
      8126.0      0.66433       
      8128.0      0.65478       
      8130.0      0.64512       
      8132.0      0.63547       
      8134.0      0.62561       
      8136.0      0.61556       
      8138.0      0.60551       
      8140.0      0.59586       
      8142.0       0.5862       
      8144.0      0.57645       
      8146.0      0.56699       
      8148.0      0.55804       
      8150.0      0.54908       
      8152.0      0.54002       
      8154.0      0.53077       
      8156.0      0.52151       
      8158.0      0.51285       
      8160.0      0.50449       
      8162.0      0.49623       
      8164.0      0.48847       
      8166.0       0.4813       
      8168.0      0.47434       
      8170.0      0.46737       
      8172.0       0.4607       
      8174.0      0.45433       
      8176.0      0.44816       
      8178.0      0.44189       
      8180.0      0.43562       
      8182.0      0.42925       
      8184.0      0.42278       
      8186.0      0.41621       
      8188.0      0.40984       
      8190.0      0.40328       
      8192.0      0.39641       
      8194.0      0.38924       
      8196.0      0.38178       
      8198.0      0.37451       
      8200.0      0.36735       
      8202.0      0.35988       
      8204.0      0.35222       
      8206.0      0.34475       
      8208.0      0.33719       
      8210.0      0.32933       
      8212.0      0.32117       
      8214.0       0.3135       
      8216.0      0.30564       
      8218.0      0.29798       
      8220.0      0.29061       
      8222.0      0.28355       
      8224.0      0.27658       
      8226.0      0.26941       
      8228.0      0.26235       
      8230.0      0.25558       
      8232.0      0.24901       
      8234.0      0.24274       
      8236.0      0.23637       
      8238.0       0.2301       
      8240.0      0.22393       
      8242.0      0.21776       
      8244.0      0.21179       
      8246.0      0.20612       
      8248.0      0.20084       
      8250.0      0.19547       
      8252.0      0.19019       
      8254.0      0.18462       
      8256.0      0.17924       
      8258.0      0.17407       
      8260.0      0.16929       
      8262.0      0.16491       
      8264.0      0.16043       
      8266.0      0.15576       
      8268.0      0.15148       
      8270.0       0.1474       
      8272.0      0.14342       
      8274.0      0.13924       
      8276.0      0.13496       
      8278.0      0.13117       
      8280.0      0.12779       
      8282.0      0.12431       
      8284.0      0.12102       
      8286.0      0.11784       
      8288.0      0.11475       
      8290.0      0.11177       
      8292.0      0.10908       
      8294.0      0.10639       
      8296.0      0.10351       
      8298.0      0.10082       
      8300.0       0.0984       
      8302.0     0.096181       
      8304.0     0.093981       
      8306.0     0.091941       
      8308.0      0.09005       
      8310.0     0.088319       
      8312.0     0.086597       
      8314.0     0.084477       
      8316.0     0.082486       
      8318.0     0.080924       
      8320.0      0.07955       
      8322.0     0.078077       
      8324.0     0.076594       
      8326.0     0.075151       
      8328.0     0.073758       
      8330.0     0.072146       
      8332.0     0.070613       
      8334.0     0.069329       
      8336.0     0.067976       
      8338.0     0.066214       
      8340.0     0.064721       
      8342.0     0.063676       
      8344.0     0.062551       
      8346.0     0.061228       
      8348.0     0.059815       
      8350.0      0.05862       
      8352.0     0.057486       
      8354.0     0.056281       
      8356.0     0.055087       
      8358.0     0.053843       
      8360.0     0.052748       
      8362.0     0.051753       
      8364.0     0.050728       
      8366.0     0.049335       
      8368.0      0.04815       
      8370.0     0.047195       
      8372.0      0.04619       
      8374.0     0.045065       
      8376.0      0.04395       
      8378.0     0.043055       
      8380.0     0.042139       
      8382.0     0.041263       
      8384.0     0.040407       
      8386.0     0.039531       
      8388.0     0.038616       
      8390.0     0.037899       
      8392.0     0.037292       
      8394.0     0.036585       
      8396.0     0.035909       
      8398.0     0.035053       
      8400.0     0.034276       
      8402.0     0.033639       
      8404.0     0.033052       
      8406.0     0.032485       
      8408.0     0.032007       
      8410.0      0.03142       
      8412.0     0.030783       
      8414.0     0.030126       
      8416.0     0.029579       
      8418.0     0.029071       
      8420.0     0.028673       
      8422.0     0.028265       
      8424.0     0.027668       
      8426.0     0.027121       
      8428.0     0.026732       
      8440.0     0.023508       
      8450.0     0.021259       
      8460.0     0.019527       
      8470.0     0.017765       
      8480.0     0.016402       
      8490.0     0.015038       
      8500.0     0.013963       
      8510.0     0.012849       
      8520.0     0.011973       
      8530.0     0.011097       
      8540.0     0.010361       
      8550.0     0.009637       
      8560.0    0.0090538       
      8570.0    0.0084238       
      8580.0    0.0079162       
      8590.0    0.0073559       
      8600.0     0.006914       
      8610.0    0.0064492       
      8620.0    0.0060989       
      8630.0    0.0057107       
      8640.0    0.0054112       
      8650.0    0.0051136       
      8660.0    0.0048747       
      8670.0    0.0046488       
      8680.0     0.004396       
      8690.0    0.0042179       
      8700.0    0.0039959       
      8710.0    0.0038108       
      8720.0    0.0036287       
      8730.0    0.0034635       
      8740.0    0.0033012       
      8750.0    0.0031649       
      8760.0    0.0030355       
      8770.0     0.002926       
      8780.0    0.0028176       
      8790.0    0.0027399       
      8800.0    0.0026245       
      8810.0    0.0025419       
      8820.0    0.0024234       
      8830.0    0.0023209       
      8840.0    0.0021985       
      8850.0     0.002099       
      8860.0    0.0019955       
      8870.0     0.001896       
      8880.0    0.0017905       
      8890.0    0.0016999       
      8900.0    0.0016163       
      8910.0    0.0015387       
      8920.0    0.0014561       
      8930.0    0.0013784       
      8940.0    0.0013078       
      8950.0     0.001259       
      8960.0    0.0011993       
      8970.0    0.0011704       
      8980.0    0.0011246       
      8990.0    0.0010918       
      9000.0     0.00
