Wavelength_microns Throughput
0.5509000244140625 3.9142296080625913e-10
0.5519000244140625 1.2889582959092355e-12
0.5529000244140625 1.6838883510400838e-09
0.5539000244140625 2.540449190996658e-10
0.5549000244140625 1.616248300627952e-10
0.5559000244140625 2.0643525014534153e-09
0.5569000244140625 8.550558651438476e-10
0.5579000244140625 1.666580211614757e-09
0.5589000244140625 7.094886933219467e-10
0.5599000244140625 1.8593878193397158e-09
0.5609000244140625 2.562507475628522e-09
0.5619000244140625 2.6239930283916836e-09
0.5629000244140625 4.3597331582139344e-12
0.5639000244140625 4.646315251958791e-12
0.5649000244140625 7.669933829304775e-12
0.5659000244140625 7.591767502592026e-10
0.5669000244140625 1.2279755986453542e-09
0.5679000244140625 5.246081483369204e-12
0.5689000244140625 4.056732837532494e-10
0.5699000244140625 1.5137545961897537e-09
0.5709000244140625 5.556421523053095e-12
0.5719000244140625 1.4105085995237405e-09
0.5729000244140625 1.1653833900725352e-09
0.5739000244140625 7.289904137115901e-10
0.5749000244140625 1.985235015599035e-09
0.5759000244140625 1.0891740535076548e-09
0.5769000244140625 9.903082049494334e-09
0.5779000244140625 6.862674739958355e-10
0.5789000244140625 2.0189402140257424e-09
0.5799000244140625 1.0380158180605828e-11
0.5809000244140625 1.0280970942194827e-08
0.5819000244140625 4.239560455047401e-09
0.5829000244140625 3.3261345102223474e-09
0.5839000244140625 8.63605466751536e-09
0.5849000244140625 1.5443767341680717e-08
0.5859000244140625 2.778545176824543e-09
0.5869000244140625 6.2800235446475615e-09
0.5879000244140625 1.513391035296359e-08
0.5889000244140625 1.9780029464738563e-11
0.5899000244140625 4.82279421399025e-10
0.5909000244140625 1.178044752359475e-08
0.5919000244140625 1.517812462002023e-09
0.5929000244140625 1.4182675379819104e-08
0.5939000244140625 2.2122215328817877e-11
0.5949000244140625 1.3781078737866856e-08
0.5959000244140625 8.987581735446324e-09
0.5969000244140625 2.0011702840611367e-09
0.5979000244140625 3.320945160977403e-08
0.5989000244140625 2.3603908581054503e-11
0.5999000244140625 1.0712158927459349e-08
0.6009000244140625 2.3028241088764245e-08
0.6019000244140625 1.6043911175174165e-08
0.6029000244140625 1.3534924725091562e-08
0.6039000244140625 3.5360051276106814e-08
0.6049000244140625 5.6719015765181146e-09
0.6059000244140625 5.713837473014053e-09
0.6069000244140625 2.51560386247912e-11
0.6079000244140625 7.805802021673755e-09
0.6089000244140625 6.373632512033397e-09
0.6099000244140625 1.5808897313277326e-08
0.6109000244140625 2.9813104469075455e-08
0.6119000244140625 2.5769840341129857e-11
0.6129000244140625 1.2146380747605368e-08
0.6139000244140626 2.63651113522665e-09
0.6149000244140626 6.705553950912007e-09
0.6159000244140626 2.6161154918968042e-08
0.6169000244140626 2.6084759039527297e-11
0.6179000244140626 1.4833211836544799e-08
0.6189000244140626 3.786711109762564e-09
0.6199000244140624 1.4836967734124478e-09
0.6209000244140624 2.1563722011837963e-09
0.6219000244140624 6.0131481172381394e-09
0.6229000244140624 2.5720332427996833e-08
0.6239000244140624 8.7815713572854e-09
0.6249000244140624 3.483174644299532e-09
0.6259000244140625 5.862902438789802e-09
0.6269000244140625 3.2551625945099446e-08
0.6279000244140625 6.007235765273036e-09
0.6289000244140625 1.4986206057129534e-09
0.6299000244140625 2.7473205091531398e-11
0.6309000244140625 2.992415457114693e-08
0.6319000244140625 7.076001270393724e-09
0.6329000244140625 1.7003518183006621e-09
0.6339000244140625 2.7812122728093286e-11
0.6349000244140625 3.78592045595406e-08
0.6359000244140625 1.491344370318795e-08
0.6369000244140625 2.5729518500726466e-08
0.6379000244140625 3.3582094916765874e-08
0.6389000244140625 8.055652658995057e-09
0.6399000244140625 7.515517497458843e-11
0.6409000244140625 2.8246192629682267e-11
0.6419000244140625 1.1826248953063232e-08
0.6429000244140625 2.8069968190200314e-08
0.6439000244140625 6.956725864983601e-09
0.6449000244140625 3.28647134632637e-08
0.6459000244140625 3.6522486116820955e-08
0.6469000244140625 2.2887923106582667e-08
0.6479000244140625 3.784859618925752e-08
0.6489000244140625 2.861383627982836e-11
0.6499000244140625 4.558189475954622e-09
0.6509000244140625 3.6202917694578346e-08
0.6519000244140625 2.8687694104644015e-11
0.6529000244140625 2.6147967397292912e-08
0.6539000244140625 2.8745982190110815e-11
0.6549000244140625 6.124307514523256e-08
0.6559000244140625 4.490712466671747e-09
0.6569000244140625 6.752360154079086e-09
0.6579000244140625 1.1770476984235172e-08
0.6589000244140625 3.979645596030574e-08
0.6599000244140625 2.8995230041805145e-11
0.6609000244140625 2.900872911457831e-11
0.6619000244140625 4.7361231884145954e-08
0.6629000244140625 2.90389850321585e-11
0.6639000244140625 1.838463970990153e-08
0.6649000244140625 1.186911274963731e-08
0.6659000244140625 4.3219120863519855e-09
0.6669000244140625 1.8174374376624575e-08
0.6679000244140625 4.290928614151072e-10
0.6689000244140625 2.9146733138657066e-11
0.6699000244140625 1.0748728001239153e-09
0.6709000244140625 4.5497482706997023e-10
0.6719000244140625 5.747745893628626e-10
0.6729000244140625 2.920808419444361e-11
0.6739000244140625 1.838149924439286e-08
0.6749000244140625 1.2462768284566942e-08
0.6759000244140625 3.027873346910181e-08
0.6769000244140625 6.043211228752762e-11
0.6779000244140625 2.920315264507503e-11
0.6789000244140625 3.952192273109114e-08
0.6799000244140625 7.219595249470375e-09
0.6809000244140625 9.65281424583809e-09
0.6819000244140625 2.9296881041048916e-11
0.6829000244140625 3.301931570669574e-09
0.6839000244140625 4.224984045553729e-08
0.6849000244140625 2.93154296578221e-11
0.6859000244140625 3.052092714497139e-08
0.6869000244140625 1.0245764268540773e-08
0.6879000244140625 1.2963686414086848e-08
0.6889000244140625 4.1384812329006744e-08
0.6899000244140625 2.2403873653521818e-08
0.6909000244140625 4.195325729130913e-09
0.6919000244140625 7.141421935774468e-09
0.6929000244140625 2.4895382820935602e-08
0.6939000244140625 2.2369685869905146e-08
0.6949000244140625 1.6808855550523854e-10
0.6959000244140625 2.7507216410949776e-08
0.6969000244140625 6.138914565907554e-09
0.6979000244140625 2.0313765454881214e-08
0.6989000244140625 5.2772487199268945e-08
0.6999000244140625 2.074801169230508e-08
0.7009000244140625 8.86980119651812e-09
0.7019000244140625 6.297269904792208e-08
0.7029000244140625 2.9978224751892105e-11
0.7039000244140625 3.0073575422084134e-11
0.7049000244140625 3.009676930756141e-11
0.7059000244140625 4.60791202123057e-09
0.7069000244140625 1.6895410166256873e-08
0.7079000244140625 8.991361980646897e-09
0.7089000244140625 3.8627976676864563e-08
0.7099000244140625 4.2870750828143736e-08
0.7109000244140625 3.640489380510272e-09
0.7119000244140625 6.105840490855771e-09
0.7129000244140625 9.92643920891149e-08
0.7139000244140625 3.0700909430456754e-11
0.7149000244140625 3.928142958354046e-09
0.7159000244140625 4.9010029259413144e-08
0.7169000244140625 2.891471646160748e-08
0.7179000244140625 1.0887823144308103e-08
0.7189000244140625 7.570661085081382e-09
0.7199000244140625 1.506702481033094e-08
0.7209000244140625 9.097354039020254e-09
0.7219000244140625 6.896733917252833e-09
0.7229000244140625 9.225583096574301e-09
0.7239000244140625 3.139641345356191e-11
0.7249000244140625 2.8957211382146735e-09
0.7259000244140625 3.158510375432329e-11
0.7269000244140625 2.0465214644759905e-09
0.7279000244140625 3.173883655235116e-11
0.7289000244140625 1.3703256060168179e-08
0.7299000244140625 1.3241372770978132e-08
0.7309000244140625 2.5095982785026366e-08
0.7319000244140625 3.2043535396927036e-11
0.7329000244140625 3.214054655959114e-11
0.7339000244140625 3.219746811705981e-11
0.7349000244140625 1.2192563506930209e-08
0.7359000244140625 1.9381358374522554e-08
0.7369000244140625 4.110382852830552e-09
0.7379000244140625 1.519215621575623e-08
0.7389000244140626 8.532001895519709e-09
0.7399000244140626 4.722597470682342e-09
0.7409000244140626 7.572313299964918e-09
0.7419000244140626 9.140305091443264e-10
0.7429000244140626 4.799136059009942e-09
0.7439000244140626 3.86923769200149e-09
0.7449000244140624 5.36994470591216e-09
0.7459000244140624 3.307670143876195e-11
0.7469000244140624 1.6235659787568694e-09
0.7479000244140624 6.772683490730316e-09
0.7489000244140624 8.129903540095305e-09
0.7499000244140624 2.6844701320136983e-09
0.7509000244140625 1.2909142960119193e-08
0.7519000244140625 4.180365191402611e-09
0.7529000244140625 3.354719806277295e-11
0.7539000244140625 5.661493849053936e-09
0.7549000244140625 3.370138091898574e-11
0.7559000244140625 3.375743697240374e-11
0.7569000244140625 3.381356034219381e-11
0.7579000244140625 3.3910972579003075e-11
0.7589000244140625 1.613642283556918e-08
0.7599000244140625 1.041709023921299e-08
0.7609000244140625 5.406919476217921e-09
0.7619000244140625 3.4061701780105973e-11
0.7629000244140625 3.415509786469566e-11
0.7639000244140625 8.263351375352144e-09
0.7649000244140625 9.749496477230705e-10
0.7659000244140625 3.432797427286807e-11
0.7669000244140625 3.438316780522715e-11
0.7679000244140625 3.3543242556566797e-08
0.7689000244140625 4.6197346882755494e-08
0.7699000244140625 3.4503231912235745e-11
0.7709000244140625 3.489920056870298e-08
0.7719000244140625 1.2437307801543754e-08
0.7729000244140625 3.462996069925777e-11
0.7739000244140625 1.408737728570845e-08
0.7749000244140625 4.200268774176273e-09
0.7759000244140625 3.4697005500978626e-11
0.7769000244140625 3.4740148616769384e-11
0.7779000244140625 3.474274673969927e-11
0.7789000244140625 3.478034044811988e-11
0.7799000244140625 1.4814448697263437e-08
0.7809000244140625 3.850699608966281e-08
0.7819000244140625 1.2604305653844265e-08
0.7829000244140625 1.2762955701959233e-08
0.7839000244140625 8.559855172104393e-09
0.7849000244140625 1.9815868135870892e-08
0.7859000244140625 3.862673115468526e-09
0.7869000244140625 1.4812928640277001e-08
0.7879000244140625 1.7549928401024118e-08
0.7889000244140625 2.5127684798252082e-08
0.7899000244140625 2.65293421043657e-08
0.7909000244140625 8.702386528527749e-09
0.7919000244140625 5.579899932873925e-09
0.7929000244140625 8.962217098568363e-09
0.7939000244140625 2.7238481584680436e-08
0.7949000244140625 2.1771525896559373e-07
0.7959000244140625 2.904927361751287e-07
0.7969000244140625 3.028188615405863e-07
0.7979000244140625 3.117106224950563e-07
0.7989000244140625 2.8722916889190416e-07
0.7999000244140625 3.514831763856427e-07
0.8009000244140625 2.729081177984127e-07
0.8019000244140625 3.8881497261311843e-07
0.8029000244140625 3.995313452813083e-07
0.8039000244140625 4.2286763283281223e-07
0.8049000244140625 3.948375777894896e-07
0.8059000244140625 3.533628745721343e-07
0.8069000244140625 3.7861351487038333e-07
0.8079000244140625 4.482346993011363e-07
0.8089000244140625 3.398004815922833e-07
0.8099000244140625 2.9925027513010773e-07
0.8109000244140625 3.8305400983750543e-07
0.8119000244140625 1.762971762095838e-07
0.8129000244140625 1.6784549302164748e-07
0.8139000244140625 1.638243603489664e-07
0.8149000244140625 1.368816668021991e-07
0.8159000244140625 1.1669167410075799e-07
0.8169000244140625 9.871323141185694e-08
0.8179000244140625 1.0961970686794741e-07
0.8189000244140625 5.7021919613083496e-08
0.8199000244140625 1.1147938803655134e-07
0.8209000244140625 3.519611074327276e-08
0.8219000244140625 1.0201688885174728e-07
0.8229000244140625 8.155238113769178e-08
0.8239000244140625 6.260248622457196e-08
0.8249000244140625 8.437331997528253e-08
0.8259000244140625 9.956028388623615e-08
0.8269000244140625 1.299955163843237e-07
0.8279000244140625 7.646059296360052e-08
0.8289000244140625 9.639824033209787e-08
0.8299000244140625 3.879363996737799e-08
0.8309000244140625 4.512744730610954e-08
0.8319000244140625 5.866846350401263e-08
0.8329000244140625 2.468561608571787e-08
0.8339000244140625 5.418937717227826e-08
0.8349000244140625 7.603625363492516e-08
0.8359000244140625 8.250130931319207e-08
0.8369000244140625 7.02447153881341e-08
0.8379000244140625 8.699871807033408e-08
0.8389000244140625 2.5044540320945147e-08
0.8399000244140625 5.9603836507882725e-08
0.8409000244140625 8.216615237300997e-08
0.8419000244140625 1.2635987977044263e-07
0.8429000244140625 1.11043172296366e-07
0.8439000244140625 6.974147443381511e-08
0.8449000244140625 2.800138187823749e-08
0.8459000244140625 1.957254823182872e-07
0.8469000244140625 1.2457343214748516e-07
0.8479000244140625 1.1064656483845644e-07
0.8489000244140625 9.893343875565136e-08
0.8499000244140625 1.7077150393083062e-07
0.8509000244140625 7.476888580915803e-08
0.8519000244140625 2.4503848689474724e-08
0.8529000244140625 1.1439524517444869e-07
0.8539000244140625 3.962882059709043e-08
0.8549000244140625 2.3127950755271833e-07
0.8559000244140625 9.36409902390284e-08
0.8569000244140625 1.396405964939644e-07
0.8579000244140625 1.7476286173770525e-07
0.8589000244140625 1.8558270399786086e-07
0.8599000244140625 1.1402438945464637e-07
0.8609000244140625 2.5704617409225686e-08
0.8619000244140625 2.3232932479902778e-07
0.8629000244140625 2.417322129803424e-07
0.8639000244140626 7.80658712582343e-08
0.8649000244140626 1.227200671651963e-07
0.8659000244140626 3.9391289902895235e-08
0.8669000244140626 1.1700081682473642e-07
0.8679000244140626 1.4368745891136246e-08
0.8689000244140626 3.841759375813109e-08
0.8699000244140624 1.3020506106335116e-07
0.8709000244140624 1.4252108217448817e-07
0.8719000244140624 7.766656224162452e-08
0.8729000244140624 1.328262919391379e-07
0.8739000244140624 2.2038200125141878e-08
0.8749000244140624 2.278150336175797e-07
0.8759000244140625 3.732825782109252e-11
0.8769000244140625 3.077334003197512e-07
0.8779000244140625 2.4386630502306875e-07
0.8789000244140625 1.0511255609213077e-09
0.8799000244140625 2.3570186379455942e-07
0.8809000244140625 4.295450405457623e-07
0.8819000244140625 6.754436168642156e-08
0.8829000244140625 3.1798075566239615e-07
0.8839000244140625 1.3445555013512381e-06
0.8849000244140625 1.3707486059441305e-06
0.8859000244140625 8.335117902383208e-07
0.8869000244140625 1.2445407689814204e-06
0.8879000244140625 3.7525607649886115e-11
0.8889000244140625 5.222529561580429e-07
0.8899000244140625 2.10863270973865e-06
0.8909000244140625 3.772789695602558e-11
0.8919000244140625 1.71301519511356e-06
0.8929000244140625 9.654030150426106e-07
0.8939000244140625 1.941660829037527e-06
0.8949000244140625 1.571581796528605e-07
0.8959000244140625 3.0357424174296483e-07
0.8969000244140625 3.712323391367345e-07
0.8979000244140625 2.7820201318626677e-07
0.8989000244140625 3.185256808395539e-07
0.8999000244140625 3.4029612213762894e-07
0.9009000244140625 2.9239862426754995e-07
0.9019000244140625 3.900385700890784e-07
0.9029000244140625 3.5000028551685406e-07
0.9039000244140625 2.9845583495187267e-07
0.9049000244140625 2.88127964624416e-07
0.9059000244140625 2.490467017033674e-07
0.9069000244140625 2.522580757066418e-07
0.9079000244140625 2.620610056795109e-07
0.9089000244140625 3.151232215009609e-07
0.9099000244140625 1.1261775432360608e-07
0.9109000244140625 2.750863316820988e-07
0.9119000244140625 2.997944318199992e-07
0.9129000244140625 1.75696812933283e-07
0.9139000244140625 3.13049437064606e-07
0.9149000244140625 2.2670330557987315e-07
0.9159000244140625 2.4279612880419835e-07
0.9169000244140625 1.8519486937395892e-07
0.9179000244140625 1.7007535863375894e-07
0.9189000244140625 2.6244794038654535e-07
0.9199000244140625 3.503571324521186e-07
0.9209000244140625 2.3940303854792634e-07
0.9219000244140625 2.9397938367920774e-07
0.9229000244140625 4.04473261261552e-07
0.9239000244140625 3.731641741383161e-07
0.9249000244140625 3.5823668830942565e-07
0.9259000244140625 3.8534505018557553e-07
0.9269000244140625 2.840431048983624e-07
0.9279000244140625 3.522033254903272e-07
0.9289000244140625 4.09757407874698e-07
0.9299000244140625 4.3958001286914777e-07
0.9309000244140625 3.782333401705079e-07
0.9319000244140625 4.6954851322202774e-07
0.9329000244140625 4.4372261269772693e-07
0.9339000244140625 5.174317413820284e-07
0.9349000244140625 4.6421571062846437e-07
0.9359000244140625 5.151800477577534e-07
0.9369000244140625 5.178572542573236e-07
0.9379000244140625 4.674692157425374e-07
0.9389000244140625 4.710150915593508e-07
0.9399000244140625 5.104399691547681e-07
0.9409000244140625 5.28556680611607e-07
0.9419000244140625 4.595139143076427e-07
0.9429000244140625 4.409047978369182e-07
0.9439000244140625 3.933314177293137e-07
0.9449000244140625 5.096020145557172e-07
0.9459000244140625 5.863614178346372e-07
0.9469000244140625 3.9202582423097116e-07
0.9479000244140625 3.9096006742108854e-07
0.9489000244140625 4.85703961529684e-07
0.9499000244140625 4.3654883029254063e-07
0.9509000244140625 4.161862720533208e-07
0.9519000244140625 5.555732198378136e-07
0.9529000244140625 4.3291145108913275e-07
0.9539000244140625 4.7368104533583477e-07
0.9549000244140625 4.80898951518651e-07
0.9559000244140625 3.947697872151829e-07
0.9569000244140625 3.849860724179871e-07
0.9579000244140625 4.2965151275019936e-07
0.9589000244140625 4.619281288304049e-07
0.9599000244140625 2.539988525320638e-07
0.9609000244140625 3.257436630454051e-07
0.9619000244140625 3.9452778689938667e-07
0.9629000244140625 3.3358455878726987e-07
0.9639000244140625 3.692909241444761e-07
0.9649000244140625 3.629020250206816e-07
0.9659000244140625 3.5385348549853453e-07
0.9669000244140625 3.6439792730397223e-07
0.9679000244140625 3.232656506187493e-07
0.9689000244140625 4.0342607423582885e-07
0.9699000244140625 3.4527669660998253e-07
0.9709000244140625 3.203011368398322e-07
0.9719000244140625 3.785300972377048e-07
0.9729000244140625 4.1517906801604714e-07
0.9739000244140625 3.7642485352494084e-07
0.9749000244140625 3.5988858106979643e-07
0.9759000244140625 4.55454916254969e-07
0.9769000244140625 4.3782727506859496e-07
0.9779000244140625 4.290839969905024e-07
0.9789000244140625 3.268098721472585e-07
0.9799000244140625 4.048345762736766e-07
0.9809000244140625 3.652699436993187e-07
0.9819000244140625 4.663591831635317e-07
0.9829000244140625 3.6674537993390887e-07
0.9839000244140625 3.9305811225120883e-07
0.9849000244140625 3.256900471579877e-07
0.9859000244140625 3.153846378515805e-07
0.9869000244140625 2.93494520579928e-07
0.9879000244140625 4.072977336061967e-07
0.9889000244140626 3.9560978854902797e-07
0.9899000244140626 3.826910217909389e-07
0.9909000244140626 3.3822459232488076e-07
0.9919000244140626 3.391616987130537e-07
0.9929000244140626 3.6670210846513e-07
0.9939000244140626 3.0718998911123226e-07
0.9949000244140624 3.0563594253041073e-07
0.9959000244140624 3.266469619330043e-06
0.9969000244140624 3.230558109915523e-06
0.9979000244140624 2.870850998278867e-06
0.9989000244140624 2.3072780950117024e-06
0.9999000244140624 2.833400180804225e-06
1.0009000244140625 2.752036568259665e-06
1.0019000244140626 2.8654835700450256e-06
1.0029000244140625 2.3208660127952306e-06
1.0039000244140626 2.5632042847304166e-06
1.0049000244140625 2.6953097985120556e-06
1.0059000244140626 2.305417652970241e-06
1.0069000244140625 2.5349791663868005e-06
1.0079000244140626 2.4894690011865685e-06
1.0089000244140625 2.8994926671130146e-06
1.0099000244140626 1.9092963490593845e-06
1.0109000244140625 2.2950272321330025e-06
1.0119000244140626 2.7320782556007124e-06
1.0129000244140625 2.7379793040792744e-06
1.0139000244140626 2.376041937359238e-06
1.0149000244140625 2.5978828173428162e-06
1.0159000244140626 2.470264111383508e-06
1.0169000244140625 2.2351989925855695e-06
1.0179000244140626 2.5497376797186248e-06
1.0189000244140625 2.5283519364424302e-06
1.0199000244140626 2.6764304550373126e-06
1.0209000244140625 2.3624126383968967e-06
1.0219000244140626 2.1879134821350016e-06
1.0229000244140625 2.1686969979022524e-06
1.0239000244140626 2.2250965616157318e-06
1.0249000244140625 2.521751527100419e-06
1.0259000244140626 2.121417668171825e-06
1.0269000244140625 1.908325200649082e-06
1.0279000244140626 2.0880919137645677e-06
1.0289000244140625 3.034777691225741e-06
1.0299000244140626 2.312032393446031e-06
1.0309000244140625 2.6563243495468237e-06
1.0319000244140626 2.1866459029435386e-06
1.0329000244140625 2.010569673088401e-06
1.0339000244140626 2.211286715362644e-06
1.0349000244140625 1.8694470847258661e-06
1.0359000244140626 2.1915598394604103e-06
1.0369000244140625 2.275683842444972e-06
1.0379000244140626 2.422036774821111e-06
1.0389000244140625 2.3424555592584614e-06
1.0399000244140626 2.1792351793996755e-06
1.0409000244140625 1.8669880334245615e-06
1.0419000244140626 2.0198858160847585e-06
1.0429000244140625 1.7142986941564328e-06
1.0439000244140626 2.1066347832009975e-06
1.0449000244140625 1.6970980837088592e-06
1.0459000244140626 1.9782040422805606e-06
1.0469000244140625 2.1363770675953476e-06
1.0479000244140626 2.329547662672932e-06
1.0489000244140625 2.1710580350495296e-06
1.0499000244140626 1.8462463329542783e-06
1.0509000244140625 2.633832629592236e-06
1.0519000244140626 1.8717452361265628e-06
1.0529000244140625 2.1664318428458253e-06
1.0539000244140626 1.8941505351286667e-06
1.0549000244140625 1.9361281318527683e-06
1.0559000244140626 1.6615943244007729e-06
1.0569000244140625 2.0698959699494765e-06
1.0579000244140624 1.7401393743345795e-06
1.0589000244140625 2.3390543053995127e-06
1.0599000244140624 2.0426400902013674e-06
1.0609000244140625 1.8266160562375485e-06
1.0619000244140624 1.949327254548487e-06
1.0629000244140625 2.239315035876239e-06
1.0639000244140624 1.5791403098610323e-06
1.0649000244140625 2.0559589565447524e-06
1.0659000244140624 1.853393602208448e-06
1.0669000244140625 1.3106312112436099e-06
1.0679000244140624 1.881184037851818e-06
1.0689000244140625 2.138542665833663e-06
1.0699000244140624 1.6849019442773224e-06
1.0709000244140625 2.1100373634829107e-06
1.0719000244140624 1.7589986400969242e-06
1.0729000244140625 2.2542789020415746e-06
1.0739000244140624 1.9828276309270017e-06
1.0749000244140625 1.8989983169850851e-06
1.0759000244140624 2.2628604390645762e-06
1.0769000244140625 1.8363405967851102e-06
1.0779000244140624 1.7330525790599405e-06
1.0789000244140625 1.88849841443885e-06
1.0799000244140624 1.2682976815189116e-06
1.0809000244140625 2.084413656487564e-06
1.0819000244140624 1.8829560195808181e-06
1.0829000244140625 1.9126590616574546e-06
1.0839000244140624 1.9295676791687183e-06
1.0849000244140625 2.2347651571467776e-06
1.0859000244140624 1.6878729408011941e-06
1.0869000244140625 2.0657541030768956e-06
1.0879000244140624 1.8085793805073135e-06
1.0889000244140625 2.2410469938044733e-06
1.0899000244140624 1.7952710608510926e-06
1.0909000244140625 1.8570778781440462e-06
1.0919000244140624 2.0417510876072254e-06
1.0929000244140625 1.9164995273680823e-06
1.0939000244140624 1.9275707817979776e-06
1.0949000244140625 2.1295970413630176e-06
1.0959000244140624 1.5033217415431508e-06
1.0969000244140625 2.0424192407065056e-06
1.0979000244140624 1.533518430322971e-06
1.0989000244140625 2.210231147062638e-06
1.0999000244140624 1.9270018381398003e-06
1.1009000244140625 1.5776998159653516e-06
1.1019000244140624 1.696403705742553e-06
1.1029000244140625 2.15133207963278e-06
1.1039000244140624 1.8902048553213576e-06
1.1049000244140625 1.820240843887814e-06
1.1059000244140624 1.8487649921782795e-06
1.1069000244140625 1.9504395324031778e-06
1.1079000244140624 1.7305373579402632e-06
1.1089000244140625 1.9486042511283413e-06
1.1099000244140624 2.3097486744543797e-06
1.1109000244140625 2.2350938293369734e-06
1.1119000244140624 1.5549634681195316e-06
1.1129000244140625 1.6141270489063316e-06
1.1139000244140624 1.8068003993934846e-06
1.1149000244140626 2.1359994832205575e-06
1.1159000244140624 2.1942832915469393e-06
1.1169000244140626 1.4007230766400177e-06
1.1179000244140624 1.8114897480614696e-06
1.1189000244140626 2.24767881396743e-06
1.1199000244140624 1.5367704834205711e-06
1.1209000244140626 1.5365107777759453e-06
1.1219000244140624 1.5662449544368201e-06
1.1229000244140626 1.8878586039093496e-06
1.1239000244140624 1.7419098820287528e-06
1.1249000244140626 1.6873951440058436e-06
1.1259000244140625 1.947208336897456e-06
1.1269000244140626 1.6697334396429759e-06
1.1279000244140625 1.679722462231712e-06
1.1289000244140626 1.869675816030723e-06
1.1299000244140625 2.0512825283037565e-06
1.1309000244140626 1.899383619669252e-06
1.1319000244140625 1.8886533420929576e-06
1.1329000244140626 2.04170760714811e-06
1.1339000244140625 1.7481862911196673e-06
1.1349000244140626 1.8951224567385158e-06
1.1359000244140625 1.7275127025257143e-06
1.1369000244140626 1.7022358291723202e-06
1.1379000244140625 2.169927787863005e-06
1.1389000244140626 1.6853820774665696e-06
1.1399000244140625 1.5539279127721282e-06
1.1409000244140626 1.8117689286496907e-06
1.1419000244140625 1.535922452294276e-06
1.1429000244140626 1.8964148246736188e-06
1.1439000244140625 2.054829638124684e-06
1.1449000244140626 1.7198528156299474e-06
1.1459000244140625 1.9314715797701655e-06
1.1469000244140626 1.8028448311560332e-06
1.1479000244140625 2.0704791029602356e-06
1.1489000244140626 2.10094198656258e-06
1.1499000244140625 2.250023342557898e-06
1.1509000244140626 1.6723339334857728e-06
1.1519000244140625 1.5855242167634044e-06
1.1529000244140626 1.6700794180653016e-06
1.1539000244140625 2.217992875394828e-06
1.1549000244140626 1.666212452515767e-06
1.1559000244140625 2.2168918417058557e-06
1.1569000244140626 2.1811520603343664e-06
1.1579000244140625 1.957451259002626e-06
1.1589000244140626 2.1466774595297253e-06
1.1599000244140625 1.4945562042098533e-06
1.1609000244140626 2.2360437762415444e-06
1.1619000244140625 2.164526827119415e-06
1.1629000244140626 1.256574774205365e-06
1.1639000244140625 1.9432898632760365e-06
1.1649000244140626 2.309126198913634e-06
1.1659000244140625 2.092517881507053e-06
1.1669000244140626 1.9714611220781353e-06
1.1679000244140625 1.942191750906439e-06
1.1689000244140626 2.276984929479706e-06
1.1699000244140625 1.7451698617639598e-06
1.1709000244140626 2.122690822078968e-06
1.1719000244140625 1.8292191492273592e-06
1.1729000244140626 1.7645227302699973e-06
1.1739000244140625 2.1037282405702347e-06
1.1749000244140626 2.0892647806532278e-06
1.1759000244140625 1.9070971090962197e-06
1.1769000244140626 1.8607688816233247e-06
1.1779000244140625 1.8908782225957364e-06
1.1789000244140626 1.872788596135922e-06
1.1799000244140625 2.1305817790949224e-06
1.1809000244140626 1.9079630558807657e-06
1.1819000244140625 2.1053082007272393e-06
1.1829000244140624 1.8607912698006766e-06
1.1839000244140625 1.595934007775171e-06
1.1849000244140624 2.1693678484151476e-06
1.1859000244140625 1.4834987432053236e-06
1.1869000244140624 2.0655337674921432e-06
1.1879000244140625 1.927449871291587e-06
1.1889000244140624 2.1531602656189365e-06
1.1899000244140625 2.004633640233887e-06
1.1909000244140624 1.7432275475602009e-06
1.1919000244140625 2.1772177761948703e-06
1.1929000244140624 2.718044353663087e-06
1.1939000244140625 1.9553803706499183e-06
1.1949000244140624 2.110102940664304e-06
1.1959000244140625 1.9392035168834186e-06
1.1969000244140624 2.2044728284464308e-06
1.1979000244140625 2.2373659591019576e-06
1.1989000244140624 2.3886153156038914e-06
1.1999000244140625 2.081357201472162e-06
1.2009000244140624 2.1566387337679527e-06
1.2019000244140625 1.6679446234026716e-06
1.2029000244140624 2.2232533284694964e-06
1.2039000244140625 2.4769585537175293e-06
1.2049000244140624 1.8545670781838483e-06
1.2059000244140625 1.6081247803280362e-06
1.2069000244140624 2.2232402822492894e-06
1.2079000244140625 1.8723406493065567e-06
1.2089000244140624 2.0900984904009726e-06
1.2099000244140625 1.978416260858197e-06
1.2109000244140624 2.0732347378322747e-06
1.2119000244140625 2.198232035238761e-06
1.2129000244140624 1.4997449659650991e-06
1.2139000244140625 1.9860492149230996e-06
1.2149000244140624 1.952281806718035e-06
1.2159000244140625 1.5555410713758154e-06
1.2169000244140624 1.6046489852251786e-06
1.2179000244140625 2.4508304032348824e-06
1.2189000244140624 2.0379124721670213e-06
1.2199000244140625 1.9924935818885866e-06
1.2209000244140624 2.0359850870059304e-06
1.2219000244140625 1.9509901145216685e-06
1.2229000244140624 2.0630321798146356e-06
1.2239000244140625 1.7298676725653765e-06
1.2249000244140624 2.357872395139044e-06
1.2259000244140625 2.354420844567411e-06
1.2269000244140624 2.3108655238799878e-06
1.2279000244140625 1.9358331544291966e-06
1.2289000244140624 2.365501766643424e-06
1.2299000244140625 2.051906920524063e-06
1.2309000244140624 2.0941711244280613e-06
1.2319000244140625 2.060409931468498e-06
1.2329000244140624 1.7785472782676279e-06
1.2339000244140625 2.154255081571017e-06
1.2349000244140624 2.1622284308751255e-06
1.2359000244140625 2.3278013936783563e-06
1.2369000244140624 1.9843228352626104e-06
1.2379000244140625 2.1188604131147027e-06
1.2389000244140624 2.0076919469170894e-06
1.2399000244140626 2.249573573936288e-06
1.2409000244140624 2.2164251818092123e-06
1.2419000244140626 2.0511930202567116e-06
1.2429000244140624 2.429245959859249e-06
1.2439000244140626 2.0021209725281476e-06
1.2449000244140624 2.319420371643805e-06
1.2459000244140626 1.8510981679089902e-06
1.2469000244140624 2.1346537621488227e-06
1.2479000244140626 2.5779438872918223e-06
1.2489000244140624 2.4416848693732666e-06
1.2499000244140626 2.3749658431653946e-06
1.2509000244140625 1.7119249694463801e-06
1.2519000244140626 2.5112164595458372e-06
1.2529000244140625 1.9319724177125695e-06
1.2539000244140626 2.2741032437095396e-06
1.2549000244140625 2.350784763176715e-06
1.2559000244140626 2.2079795669243248e-06
1.2569000244140625 2.088107869399813e-06
1.2579000244140626 1.989422177396324e-06
1.2589000244140625 2.237890301167798e-06
1.2599000244140626 2.1940674825874117e-06
1.2609000244140625 1.6641717662125919e-06
1.2619000244140626 2.093663039527371e-06
1.2629000244140625 2.1891785309482593e-06
1.2639000244140626 2.772856701927223e-06
1.2649000244140625 2.4438779064369073e-06
1.2659000244140626 1.9490993304918606e-06
1.2669000244140625 2.186447260722544e-06
1.2679000244140626 2.3076757440589214e-06
1.2689000244140625 2.105238421324227e-06
1.2699000244140626 2.312849387668203e-06
1.2709000244140625 2.1078310732061745e-06
1.2719000244140626 2.447369341391198e-06
1.2729000244140625 2.0017164992787527e-06
1.2739000244140626 2.670753338956296e-06
1.2749000244140625 1.7530824842081363e-06
1.2759000244140626 1.6074993531207775e-06
1.2769000244140625 2.2573543928095737e-06
1.2779000244140626 2.282067553675183e-06
1.2789000244140625 2.011439290417926e-06
1.2799000244140626 2.016290943602345e-06
1.2809000244140625 2.4113875064194928e-06
1.2819000244140626 2.285856546082859e-06
1.2829000244140625 2.2986364480961225e-06
1.2839000244140626 1.9959922800636596e-06
1.2849000244140625 1.9594721166161683e-06
1.2859000244140626 2.347188842840859e-06
1.2869000244140625 2.2869916151913545e-06
1.2879000244140626 2.3242659086803804e-06
1.2889000244140625 2.380498275100691e-06
1.2899000244140626 2.5474971459797383e-06
1.2909000244140625 2.3244785981539673e-06
1.2919000244140626 2.701647744355606e-06
1.2929000244140625 2.3260286966722458e-06
1.2939000244140626 2.474005717063577e-06
1.2949000244140625 2.4573049481846256e-06
1.2959000244140626 1.9569972664052846e-06
1.2969000244140625 2.19633721291641e-06
1.2979000244140626 2.463024704459513e-06
1.2989000244140625 2.2162667790336015e-06
1.2999000244140626 2.06718958375343e-06
1.3009000244140625 2.3318860488273838e-06
1.3019000244140626 2.258974647242771e-06
1.3029000244140625 2.3839594897158833e-06
1.3039000244140626 2.481433931058022e-06
1.3049000244140625 2.1807676638781987e-06
1.3059000244140626 2.2630258024766233e-06
1.3069000244140625 2.279356545714878e-06
1.3079000244140624 1.989628537080637e-06
1.3089000244140625 2.0212429976041465e-06
1.3099000244140624 2.075863962894663e-06
1.3109000244140625 2.5545856814449957e-06
1.3119000244140624 2.341836659881775e-06
1.3129000244140625 2.4366495009145085e-06
1.3139000244140624 2.9375282390324777e-06
1.3149000244140625 2.2054312205306046e-06
1.3159000244140624 2.332518120426685e-06
1.3169000244140625 2.1504116642990824e-06
1.3179000244140624 2.2372970325449776e-06
1.3189000244140625 2.468127172379767e-06
1.3199000244140624 2.0024354199755117e-06
1.3209000244140625 2.4223735442657448e-06
1.3219000244140624 2.2854865420057794e-06
1.3229000244140625 2.4851605623129798e-06
1.3239000244140624 2.2965604726253093e-06
1.3249000244140625 1.689976056244736e-06
1.3259000244140624 1.992785009433199e-06
1.3269000244140625 2.2067355935637396e-06
1.3279000244140624 2.105729449818932e-06
1.3289000244140625 2.34810763684942e-06
1.3299000244140624 2.499184499777872e-06
1.3309000244140625 2.467389518178005e-06
1.3319000244140624 2.4150123988221527e-06
1.3329000244140625 1.7701356261483545e-06
1.3339000244140624 2.35188667019963e-06
1.3349000244140625 2.1139585915851844e-06
1.3359000244140624 2.056921370377565e-06
1.3369000244140625 2.8329970064062495e-06
1.3379000244140624 1.9977611301761833e-06
1.3389000244140625 2.5366121954752506e-06
1.3399000244140624 2.0888613294493156e-06
1.3409000244140625 2.3212400683632263e-06
1.3419000244140624 2.143051347165306e-06
1.3429000244140625 2.650104352456191e-06
1.3439000244140624 2.968546663275938e-06
1.3449000244140625 1.9504708568856957e-06
1.3459000244140624 2.2920210110247388e-06
1.3469000244140625 2.617240174758737e-06
1.3479000244140624 2.4646031848250696e-06
1.3489000244140625 3.0437442242068455e-06
1.3499000244140624 3.0264942717569944e-06
1.3509000244140625 2.7022494626037856e-06
1.3519000244140624 2.0993712439272844e-06
1.3529000244140625 3.132271768530525e-06
1.3539000244140624 2.9902611257160286e-06
1.3549000244140625 2.111662437773225e-06
1.3559000244140624 2.7486860732368213e-06
1.3569000244140625 2.8709052157387977e-06
1.3579000244140624 2.0513237352693564e-06
1.3589000244140625 2.6355110036047864e-06
1.3599000244140624 3.5329276606316118e-06
1.3609000244140625 2.7037389214260263e-06
1.3619000244140624 1.9919983455590227e-06
1.3629000244140625 2.6086092885476294e-06
1.3639000244140624 2.3737378074337858e-06
1.3649000244140626 2.418951877365538e-06
1.3659000244140624 3.033002858084777e-06
1.3669000244140626 2.721801609010785e-06
1.3679000244140624 2.4258760046283207e-06
1.3689000244140626 2.494364884871039e-06
1.3699000244140624 2.707588175657956e-06
1.3709000244140626 2.787965698718871e-06
1.3719000244140624 2.5140894075441352e-06
1.3729000244140626 2.8039927517839225e-06
1.3739000244140624 3.014479521107927e-06
1.3749000244140626 2.780826529759473e-06
1.3759000244140625 2.6590255982140683e-06
1.3769000244140626 3.057191194810177e-06
1.3779000244140625 2.95570299267511e-06
1.3789000244140626 2.9810539373337765e-06
1.3799000244140625 3.008924887493876e-06
1.3809000244140626 2.495409047909184e-06
1.3819000244140625 2.951352173349216e-06
1.3829000244140626 3.0931117270117187e-06
1.3839000244140625 2.7079381146435667e-06
1.3849000244140626 2.5811348247129534e-06
1.3859000244140625 2.831736114495997e-06
1.3869000244140626 2.7439571565255936e-06
1.3879000244140625 2.629406706051101e-06
1.3889000244140626 2.777422199418973e-06
1.3899000244140625 2.7381012239491826e-06
1.3909000244140626 2.1812870253675107e-06
1.3919000244140625 2.625432715226916e-06
1.3929000244140626 2.105839332870318e-06
1.3939000244140625 2.5776352309613216e-06
1.3949000244140626 2.519463316646411e-06
1.3959000244140625 2.333393743740245e-06
1.3969000244140626 2.8599057863668995e-06
1.3979000244140625 2.5335114602334576e-06
1.3989000244140626 2.478247415913122e-06
1.3999000244140625 2.2977957211708125e-06
1.4009000244140626 2.553592195838914e-06
1.4019000244140625 2.8275083270287918e-06
1.4029000244140626 2.4669044244534472e-06
1.4039000244140625 2.898032359325008e-06
1.4049000244140626 3.006804626048986e-06
1.4059000244140625 1.990888787888172e-06
1.4069000244140626 2.494530802418092e-06
1.4079000244140625 2.3067141444634964e-06
1.4089000244140626 2.535523644653468e-06
1.4099000244140625 2.9424390295033608e-06
1.4109000244140626 2.2870532023671053e-06
1.4119000244140625 2.1790768910159553e-06
1.4129000244140626 2.795113624634773e-06
1.4139000244140625 2.7832579973880598e-06
1.4149000244140626 2.580165425338714e-06
1.4159000244140625 2.786721103794859e-06
1.4169000244140626 2.5124523751119454e-06
1.4179000244140625 3.208901175867919e-06
1.4189000244140626 2.8317304116409856e-06
1.4199000244140625 2.9301431492847854e-06
1.4209000244140626 2.181973028416279e-06
1.4219000244140625 2.252363523688134e-06
1.4229000244140626 2.4376948093163406e-06
1.4239000244140625 2.955301093024365e-06
1.4249000244140626 3.1974430839859254e-06
1.4259000244140625 2.393998525440868e-06
1.4269000244140626 2.3903175991657874e-06
1.4279000244140625 2.6609603696836836e-06
1.4289000244140626 2.468482051985578e-06
1.4299000244140625 2.5419139955267073e-06
1.4309000244140626 2.1224755014108525e-06
1.4319000244140625 2.4666065881955215e-06
1.4329000244140624 2.6872470484147673e-06
1.4339000244140625 3.1224637675137786e-06
1.4349000244140624 2.7315324578338996e-06
1.4359000244140625 2.230319100124981e-06
1.4369000244140624 2.4746809605652943e-06
1.4379000244140625 3.1831550873454544e-06
1.4389000244140624 2.432863882492506e-06
1.4399000244140625 2.4086879568092217e-06
1.4409000244140624 2.942994978608668e-06
1.4419000244140625 2.050666871279849e-06
1.4429000244140624 3.0669098908859155e-06
1.4439000244140625 2.5606423397453145e-06
1.4449000244140624 2.621100692260883e-06
1.4459000244140625 2.890924318516438e-06
1.4469000244140624 2.196822243126279e-06
1.4479000244140625 2.2508056700897856e-06
1.4489000244140624 2.5014146144401244e-06
1.4499000244140625 2.7937184079798884e-06
1.4509000244140624 2.8468921281357426e-06
1.4519000244140625 3.0517751392146473e-06
1.4529000244140624 2.6721533854881474e-06
1.4539000244140625 2.5962150922673557e-06
1.4549000244140624 2.5215794894906516e-06
1.4559000244140625 2.600578034410182e-06
1.4569000244140624 2.2580936352877163e-06
1.4579000244140625 2.6422436709428685e-06
1.4589000244140624 2.9225231091048524e-06
1.4599000244140625 2.640889128285461e-06
1.4609000244140624 3.0796413132599323e-06
1.4619000244140625 2.680204000577706e-06
1.4629000244140624 2.6625776680860404e-06
1.4639000244140625 2.379205992428482e-06
1.4649000244140624 2.1175865208768266e-06
1.4659000244140625 2.5717072031304904e-06
1.4669000244140624 3.0127271380484155e-06
1.4679000244140625 3.1096933213989206e-06
1.4689000244140624 2.933564174006753e-06
1.4699000244140625 3.489835411588273e-06
1.4709000244140624 3.0375314961969763e-06
1.4719000244140625 3.4524240270443157e-06
1.4729000244140624 3.2732515264288623e-06
1.4739000244140625 3.357163762760577e-06
1.4749000244140624 2.8248701000657965e-06
1.4759000244140625 3.345060915912017e-06
1.4769000244140624 2.7078974658880437e-06
1.4779000244140625 2.8844369081604305e-06
1.4789000244140624 2.985973312609256e-06
1.4799000244140625 2.9281563839150146e-06
1.4809000244140624 2.5556135677962782e-06
1.4819000244140625 2.3735781317172226e-06
1.4829000244140624 2.507198376688399e-06
1.4839000244140625 2.9469208029831884e-06
1.4849000244140624 2.672045768325677e-06
1.4859000244140625 3.463222373633836e-06
1.4869000244140624 2.3765408618158794e-06
1.4879000244140625 2.4334032321800887e-06
1.4889000244140624 3.051308737387799e-06
1.4899000244140626 3.196427110264262e-06
1.4909000244140624 2.4666837503403854e-06
1.4919000244140626 2.5469634036311025e-06
1.4929000244140624 3.118166680676294e-06
1.4939000244140626 2.950263370688335e-06
1.4949000244140624 2.93566864939261e-06
1.4959000244140626 3.2665311012827418e-06
1.4969000244140624 2.943951681199245e-06
1.4979000244140626 3.227957512088895e-06
1.4989000244140624 3.0579892260055488e-06
1.4999000244140626 3.292988105916334e-06
1.5009000244140625 3.3705500574695895e-06
1.5019000244140626 3.1906094350835556e-06
1.5029000244140625 3.091379833917127e-06
1.5039000244140626 2.627511593291718e-06
1.5049000244140625 2.519070147774298e-06
1.5059000244140626 3.2599202011590108e-06
1.5069000244140625 3.034869946108031e-06
1.5079000244140626 2.9370085717650718e-06
1.5089000244140625 3.5659035994507232e-06
1.5099000244140626 2.669899919121617e-06
1.5109000244140625 2.5410148852056753e-06
1.5119000244140626 3.0535348518650938e-06
1.5129000244140625 2.898499807044055e-06
1.5139000244140626 3.8072380487826717e-06
1.5149000244140625 3.111511336357583e-06
1.5159000244140626 3.5614517326708585e-06
1.5169000244140625 3.6308580338999932e-06
1.5179000244140626 3.1044259637181536e-06
1.5189000244140625 3.304755549947662e-06
1.5199000244140626 2.8731333473860476e-06
1.5209000244140625 3.0935393761326367e-06
1.5219000244140626 3.158745124996521e-06
1.5229000244140625 3.5762149553229587e-06
1.5239000244140626 3.6468724488961636e-06
1.5249000244140625 4.306431499049485e-06
1.5259000244140626 3.3011481246619725e-06
1.5269000244140625 3.6640234724155184e-06
1.5279000244140626 3.4021706221864105e-06
1.5289000244140625 3.387157223916886e-06
1.5299000244140626 2.394903317484404e-06
1.5309000244140625 3.400381537217643e-06
1.5319000244140626 3.204946778222737e-06
1.5329000244140625 3.122929276286468e-06
1.5339000244140626 3.192985906135836e-06
1.5349000244140625 3.184126525449165e-06
1.5359000244140626 2.4281321027286748e-06
1.5369000244140625 3.325544457574266e-06
1.5379000244140626 3.0881081456311208e-06
1.5389000244140625 3.4401599906657256e-06
1.5399000244140626 3.3693011803912544e-06
1.5409000244140625 3.1191634618223183e-06
1.5419000244140626 3.4900899303823138e-06
1.5429000244140625 3.829843619887714e-06
1.5439000244140626 3.5552090795120927e-06
1.5449000244140625 3.2446000008837457e-06
1.5459000244140626 2.3480738336491142e-06
1.5469000244140625 3.942849894564645e-06
1.5479000244140626 3.999802578335679e-06
1.5489000244140625 3.525723836551366e-06
1.5499000244140626 3.2891472599048396e-06
1.5509000244140625 3.617125866344923e-06
1.5519000244140626 3.243293338607196e-06
1.5529000244140625 4.3249600511467604e-06
1.5539000244140626 3.5830453438386203e-06
1.5549000244140625 3.4791083176128168e-06
1.5559000244140626 3.832470114403611e-06
1.5569000244140625 4.070405505499281e-06
1.5579000244140624 4.048749062789956e-06
1.5589000244140625 3.5544929825230235e-06
1.5599000244140624 3.888831203275509e-06
1.5609000244140625 3.266269754870164e-06
1.5619000244140624 3.6022305557571034e-06
1.5629000244140625 4.017807240644252e-06
1.5639000244140624 2.50724610153507e-06
1.5649000244140625 3.889792236061352e-06
1.5659000244140624 2.9552641548335923e-06
1.5669000244140625 3.2039770185760667e-06
1.5679000244140624 3.1593254128200497e-06
1.5689000244140625 4.3053572512647185e-06
1.5699000244140624 3.6648334108613126e-06
1.5709000244140625 3.7334059546594307e-06
1.5719000244140624 3.13872511276602e-06
1.5729000244140625 3.5976622695063852e-06
1.5739000244140624 3.6619481793324753e-06
1.5749000244140625 2.7852503869832253e-06
1.5759000244140624 4.14095099678106e-06
1.5769000244140625 4.021251552525749e-06
1.5779000244140624 3.860928224285952e-06
1.5789000244140625 3.0256797621350117e-06
1.5799000244140624 3.295433229442486e-06
1.5809000244140625 4.617438185840442e-06
1.5819000244140624 4.098997600533324e-06
1.5829000244140625 2.983182212706166e-06
1.5839000244140624 4.070183769219698e-06
1.5849000244140625 2.9574670398291123e-06
1.5859000244140624 4.046425587402025e-06
1.5869000244140625 3.26461852037206e-06
1.5879000244140624 3.9576054367222504e-06
1.5889000244140625 4.519224453518269e-06
1.5899000244140624 3.5539693122653736e-06
1.5909000244140625 2.60982262943976e-06
1.5919000244140624 4.610411187769654e-06
1.5929000244140625 3.293915351201552e-06
1.5939000244140624 3.87332938200043e-06
1.5949000244140625 4.69837058536372e-06
1.5959000244140624 4.192653789993222e-06
1.5969000244140625 3.2197137341256594e-06
1.5979000244140624 3.2419223684135986e-06
1.5989000244140625 3.0867753558000255e-06
1.5999000244140624 3.615187073722778e-06
1.6009000244140625 4.729867149651848e-06
1.6019000244140624 3.962866648414662e-06
1.6029000244140625 4.458985757868256e-06
1.6039000244140624 3.689068262694722e-06
1.6049000244140625 4.201860488474717e-06
1.6059000244140624 3.7137374544797284e-06
1.6069000244140625 3.407891557066095e-06
1.6079000244140624 4.091921367719152e-06
1.6089000244140625 4.332269795189915e-06
1.6099000244140624 4.386956051496315e-06
1.6109000244140625 4.041538384106006e-06
1.6119000244140624 4.028506459077498e-06
1.6129000244140625 4.1235521112695354e-06
1.6139000244140624 3.916934920942617e-06
1.6149000244140626 3.9289680326905115e-06
1.6159000244140624 4.885725385658704e-06
1.6169000244140626 4.003395373327586e-06
1.6179000244140624 5.027046592348261e-06
1.6189000244140626 4.051784386778271e-06
1.6199000244140624 4.746499046396874e-06
1.6209000244140626 4.601831664538988e-06
1.6219000244140624 4.126067841942739e-06
1.6229000244140626 4.327609411074522e-06
1.6239000244140624 3.8431646977162604e-06
1.6249000244140626 5.12355006985381e-06
1.6259000244140625 4.644574998320525e-06
1.6269000244140626 5.71356413716986e-06
1.6279000244140625 3.918915114291388e-06
1.6289000244140626 4.0644279643166105e-06
1.6299000244140625 4.125732856577504e-06
1.6309000244140626 4.248661511730579e-06
1.6319000244140625 4.8404537709795355e-06
1.6329000244140626 4.116981360156313e-06
1.6339000244140625 4.08148939290659e-06
1.6349000244140626 4.609268945829616e-06
1.6359000244140625 4.628330635061305e-06
1.6369000244140626 4.7763231393184654e-06
1.6379000244140625 5.4558467644339555e-06
1.6389000244140626 4.643304429296445e-06
1.6399000244140625 5.839189713970872e-06
1.6409000244140626 6.20031255925661e-06
1.6419000244140625 6.144728635771923e-06
1.6429000244140626 6.081814743583303e-06
1.6439000244140625 5.74612242112232e-06
1.6449000244140626 5.46011744101215e-06
1.6459000244140625 5.129695392815716e-06
1.6469000244140626 6.184199120817001e-06
1.6479000244140625 7.5081937727707155e-06
1.6489000244140626 5.982033619348677e-06
1.6499000244140625 7.3243767399368e-06
1.6509000244140626 7.668416722227906e-06
1.6519000244140625 7.961528009089202e-06
1.6529000244140626 7.5680595363472685e-06
1.6539000244140625 6.939358145203595e-06
1.6549000244140626 9.312223622025292e-06
1.6559000244140625 8.917411704120771e-06
1.6569000244140626 9.843418869589813e-06
1.6579000244140625 9.428777943610035e-06
1.6589000244140626 1.0921573681786968e-05
1.6599000244140625 1.1657095556636218e-05
1.6609000244140626 1.1482552366251073e-05
1.6619000244140625 1.3137474285762124e-05
1.6629000244140626 1.349915355272878e-05
1.6639000244140625 1.5111351840359547e-05
1.6649000244140626 1.6063109932553154e-05
1.6659000244140625 1.7145793090297255e-05
1.6669000244140626 1.8541351814835576e-05
1.6679000244140625 1.862743181470406e-05
1.6689000244140626 2.0375489669965356e-05
1.6699000244140625 2.2679470940394538e-05
1.6709000244140626 2.4400135132121954e-05
1.6719000244140625 2.7329618802157788e-05
1.6729000244140626 2.9870154136968343e-05
1.6739000244140625 3.0684844160327265e-05
1.6749000244140626 3.383090445448663e-05
1.6759000244140625 3.7130984215691557e-05
1.6769000244140626 4.003185775193488e-05
1.6779000244140625 4.246214058794481e-05
1.6789000244140626 4.607465752094145e-05
1.6799000244140625 4.9545195102964526e-05
1.6809000244140626 5.2785853601776486e-05
1.6819000244140625 5.67679074850785e-05
1.6829000244140624 6.243789209285559e-05
1.6839000244140625 6.621023655952353e-05
1.6849000244140624 7.097435654407442e-05
1.6859000244140625 7.73910424458811e-05
1.6869000244140624 8.516263648251986e-05
1.6879000244140625 9.02633247135704e-05
1.6889000244140624 9.873923720725847e-05
1.6899000244140625 0.0001076576076860468
1.6909000244140624 0.00011768537733669726
1.6919000244140625 0.00012872601466196979
1.6929000244140624 0.00014087573893356456
1.6939000244140625 0.00015481933097596576
1.6949000244140624 0.0001721637232282019
1.6959000244140625 0.00018816986294776963
1.6969000244140624 0.0002120967384785491
1.6979000244140625 0.00023655558910117707
1.6989000244140624 0.00026236001162671755
1.6999000244140625 0.0002979207905053948
1.7009000244140624 0.00033317680405265824
1.7019000244140625 0.0003743186468297854
1.7029000244140624 0.0004234138483078363
1.7039000244140625 0.0004799375615099659
1.7049000244140624 0.0005433628644476032
1.7059000244140625 0.0006143564990243217
1.7069000244140624 0.0006981038076292948
1.7079000244140625 0.0007942901328302635
1.7089000244140624 0.000897815090885405
1.7099000244140625 0.0010238510024997215
1.7109000244140624 0.0011662046838344434
1.7119000244140625 0.0013177048019911996
1.7129000244140624 0.0014922953601368917
1.7139000244140625 0.0017010087799079667
1.7149000244140624 0.0019194066464683366
1.7159000244140625 0.002186723504657669
1.7169000244140624 0.0025041991875028526
1.7179000244140625 0.0028355867067572935
1.7189000244140624 0.003221945468355478
1.7199000244140625 0.0036766654853411795
1.7209000244140624 0.0041886551634004125
1.7219000244140625 0.004799546635411519
1.7229000244140624 0.005539693237924994
1.7239000244140625 0.006378741063690785
1.7249000244140624 0.0073497288294186785
1.7259000244140625 0.008489491226151656
1.7269000244140624 0.009923888556077426
1.7279000244140625 0.011526366495392073
1.7289000244140624 0.013553860868747014
1.7299000244140625 0.015998010355221127
1.7309000244140624 0.018668484905947164
1.7319000244140625 0.0219179641783686
1.7329000244140624 0.025759940406615597
1.7339000244140625 0.03003679808653488
1.7349000244140624 0.03469270949488397
1.7359000244140625 0.04005731679675103
1.7369000244140624 0.04526689284857506
1.7379000244140625 0.05086286348056068
1.7389000244140624 0.05674751279624045
1.7399000244140626 0.06257335658340997
1.7409000244140624 0.06882793673179592
1.7419000244140626 0.07622192546140223
1.7429000244140624 0.08462916740894141
1.7439000244140626 0.09408598274205528
1.7449000244140624 0.10510131265271504
1.7459000244140626 0.11793600437949868
1.7469000244140624 0.13216920460490506
1.7479000244140626 0.14934742058943362
1.7489000244140624 0.16841896380957344
1.7499000244140626 0.18787784698963345
1.7509000244140625 0.2100118435528623
1.7519000244140626 0.23259126221459264
1.7529000244140625 0.25543811846677
1.7539000244140626 0.279066119578854
1.7549000244140625 0.3026747628281124
1.7559000244140626 0.32352789310843655
1.7569000244140625 0.3437260273438976
1.7579000244140626 0.3624929507595525
1.7589000244140625 0.3791801138923464
1.7599000244140626 0.39441574249775785
1.7609000244140625 0.40986032705799835
1.7619000244140626 0.422612461520507
1.7629000244140625 0.4351511480332503
1.7639000244140626 0.44648624362188205
1.7649000244140625 0.45730426617224695
1.7659000244140626 0.4686777726077162
1.7669000244140625 0.4790145712373865
1.7679000244140626 0.4887107675320685
1.7689000244140625 0.49652413670548423
1.7699000244140626 0.5032683007183034
1.7709000244140625 0.5098108447077346
1.7719000244140626 0.5149878288225028
1.7729000244140625 0.5201906619830384
1.7739000244140626 0.5219010579146248
1.7749000244140625 0.5252132701179488
1.7759000244140626 0.5256223113687435
1.7769000244140625 0.5274147730444017
1.7779000244140626 0.5283549135060162
1.7789000244140625 0.5278361376689216
1.7799000244140626 0.5288117093534398
1.7809000244140625 0.5276155697278055
1.7819000244140626 0.5272412201489991
1.7829000244140625 0.5276254012654477
1.7839000244140626 0.5276764932448065
1.7849000244140625 0.5279498863402771
1.7859000244140626 0.5286470231562745
1.7869000244140625 0.5286568876993812
1.7879000244140626 0.5283857309163345
1.7889000244140625 0.5290197252902111
1.7899000244140626 0.52883750815434
1.7909000244140625 0.5287589871732097
1.7919000244140626 0.5294773423346933
1.7929000244140625 0.5275290745642803
1.7939000244140626 0.5270912703819091
1.7949000244140625 0.5254495466615233
1.7959000244140626 0.523792660293757
1.7969000244140625 0.5235524549928906
1.7979000244140626 0.5217808413973501
1.7989000244140625 0.5205169956680077
1.7999000244140626 0.5180775231742142
1.8009000244140625 0.5159607230071341
1.8019000244140626 0.5143840713350273
1.8029000244140625 0.5119463497738985
1.8039000244140626 0.5106283246802801
1.8049000244140625 0.5097220803622202
1.8059000244140626 0.5085012358836571
1.8069000244140625 0.5086525785487119
1.8079000244140624 0.5088875071012146
1.8089000244140625 0.5072420935687099
1.8099000244140624 0.50770206478886
1.8109000244140625 0.50737900546658
1.8119000244140624 0.5080592987623794
1.8129000244140625 0.5096317600707293
1.8139000244140624 0.509611858955897
1.8149000244140625 0.510373315086933
1.8159000244140624 0.512115568075036
1.8169000244140625 0.5136294422754752
1.8179000244140624 0.5141470145918107
1.8189000244140625 0.5159786666813418
1.8199000244140624 0.5173167431884764
1.8209000244140625 0.5174530764069192
1.8219000244140624 0.5211027039802758
1.8229000244140625 0.5221820991348907
1.8239000244140624 0.5229717512757526
1.8249000244140625 0.5237903081161125
1.8259000244140624 0.5245683433764405
1.8269000244140625 0.5253887904087523
1.8279000244140624 0.5277142392350533
1.8289000244140625 0.5272253715243829
1.8299000244140624 0.5289638297457604
1.8309000244140625 0.5298961272466615
1.8319000244140624 0.5301054805837508
1.8329000244140625 0.5304475755725814
1.8339000244140624 0.5322920997343612
1.8349000244140625 0.5316823256836688
1.8359000244140624 0.5319853488170797
1.8369000244140625 0.5321534672089071
1.8379000244140624 0.5324247200784681
1.8389000244140625 0.5317844561816892
1.8399000244140624 0.5328047217957785
1.8409000244140625 0.5323416915961748
1.8419000244140624 0.5318903565088234
1.8429000244140625 0.5324687389826716
1.8439000244140624 0.5314299128750757
1.8449000244140625 0.5302452809649361
1.8459000244140624 0.5309772246073078
1.8469000244140625 0.5296476112218816
1.8479000244140624 0.5279454828544424
1.8489000244140625 0.5278928627897699
1.8499000244140624 0.5276503926352477
1.8509000244140625 0.526842188185908
1.8519000244140624 0.5245407192638004
1.8529000244140625 0.5245508213083049
1.8539000244140624 0.5231548802802106
1.8549000244140625 0.5239170254527477
1.8559000244140624 0.5226883723416338
1.8569000244140625 0.5223484861287815
1.8579000244140624 0.5217251569263401
1.8589000244140625 0.5209799709274782
1.8599000244140624 0.5202166143674983
1.8609000244140625 0.5204227246662556
1.8619000244140624 0.518619736118962
1.8629000244140625 0.5193865531810478
1.8639000244140624 0.5197361403740869
1.8649000244140626 0.5190953571619059
1.8659000244140624 0.5188358323087219
1.8669000244140626 0.5187680068257813
1.8679000244140624 0.5191464005163432
1.8689000244140626 0.5189910894786999
1.8699000244140624 0.5194441149561663
1.8709000244140626 0.5197861652250514
1.8719000244140624 0.5204254490467183
1.8729000244140626 0.520542765464127
1.8739000244140624 0.5224816013927454
1.8749000244140626 0.5230446909665375
1.8759000244140625 0.5232533292457211
1.8769000244140626 0.5234157045561714
1.8779000244140625 0.524744907006355
1.8789000244140626 0.5249186247558949
1.8799000244140625 0.5259960717132264
1.8809000244140626 0.5260550884589007
1.8819000244140625 0.5278300853533521
1.8829000244140626 0.5286712793036565
1.8839000244140625 0.5300844161334011
1.8849000244140626 0.5306490359321279
1.8859000244140625 0.5301288039295746
1.8869000244140626 0.5319589881127157
1.8879000244140625 0.5323449079858474
1.8889000244140626 0.532901449470336
1.8899000244140625 0.5327506459723321
1.8909000244140626 0.5328250331592017
1.8919000244140625 0.5341782785412842
1.8929000244140626 0.5349019949227438
1.8939000244140625 0.535249379064426
1.8949000244140626 0.53591098334601
1.8959000244140625 0.5361236465729009
1.8969000244140626 0.5359659983274679
1.8979000244140625 0.5358961793538538
1.8989000244140626 0.5350837694356645
1.8999000244140625 0.5368100984457924
1.9009000244140626 0.5358515982238412
1.9019000244140625 0.5360433522096458
1.9029000244140626 0.5371602480258187
1.9039000244140625 0.5380967468911719
1.9049000244140626 0.5381259240145344
1.9059000244140625 0.5386055252173834
1.9069000244140626 0.5404008868455843
1.9079000244140625 0.5419155399327775
1.9089000244140626 0.5423249729766892
1.9099000244140625 0.5420368432497444
1.9109000244140626 0.5421272458108225
1.9119000244140625 0.5446357958555161
1.9129000244140626 0.5435739892024073
1.9139000244140625 0.5434905904511474
1.9149000244140626 0.5434560017165071
1.9159000244140625 0.543458472705919
1.9169000244140626 0.5434311396416664
1.9179000244140625 0.5432056671338592
1.9189000244140626 0.542391216787911
1.9199000244140625 0.5439794990893229
1.9209000244140626 0.5424899822440021
1.9219000244140625 0.5421891035066769
1.9229000244140626 0.5421534470481124
1.9239000244140625 0.5418216041617493
1.9249000244140626 0.5411928782921471
1.9259000244140625 0.5394535042714551
1.9269000244140626 0.5404959696307942
1.9279000244140625 0.5410624299858916
1.9289000244140626 0.5401522548904315
1.9299000244140625 0.5395699910817054
1.9309000244140626 0.5392746154621874
1.9319000244140625 0.537546133853987
1.9329000244140624 0.5380832283314247
1.9339000244140625 0.5371319928854021
1.9349000244140624 0.5369618845768623
1.9359000244140625 0.5364678152684637
1.9369000244140624 0.5360259452522719
1.9379000244140625 0.5354708927743561
1.9389000244140624 0.5351668300845429
1.9399000244140625 0.5351549492897663
1.9409000244140624 0.5357010135194358
1.9419000244140625 0.5362758215882694
1.9429000244140624 0.5358642993015649
1.9439000244140625 0.5359573118995968
1.9449000244140624 0.5357993593691166
1.9459000244140625 0.537058620305686
1.9469000244140624 0.5373410060557264
1.9479000244140625 0.5381149965838757
1.9489000244140624 0.538110396126908
1.9499000244140625 0.5373915701677522
1.9509000244140624 0.5384514165816713
1.9519000244140625 0.5382473017436131
1.9529000244140624 0.5379031222881514
1.9539000244140625 0.5382743102494364
1.9549000244140624 0.5381452780161198
1.9559000244140625 0.5377880549282333
1.9569000244140624 0.5365094301253321
1.9579000244140625 0.5351716570334812
1.9589000244140624 0.5318707802389164
1.9599000244140625 0.5273883060493872
1.9609000244140624 0.5281687319607493
1.9619000244140625 0.5323692559152353
1.9629000244140624 0.5360462024034659
1.9639000244140625 0.537929959533155
1.9649000244140624 0.5391153393556533
1.9659000244140625 0.5392798106151894
1.9669000244140624 0.5393701804680305
1.9679000244140625 0.5386096286610401
1.9689000244140624 0.5409398596616166
1.9699000244140625 0.5408303795943177
1.9709000244140624 0.5391558149418322
1.9719000244140625 0.539838942084235
1.9729000244140624 0.5395449481396534
1.9739000244140625 0.5390246292398622
1.9749000244140624 0.5391158355819633
1.9759000244140625 0.5392223702211492
1.9769000244140624 0.5388721079344224
1.9779000244140625 0.5391857814153205
1.9789000244140624 0.5387102844186423
1.9799000244140625 0.5390546258580391
1.9809000244140624 0.5406843135648256
1.9819000244140625 0.5410665917772437
1.9829000244140624 0.5400786407908748
1.9839000244140625 0.5412968479767561
1.9849000244140624 0.541579393565817
1.9859000244140625 0.5422146599409612
1.9869000244140624 0.5418545851667247
1.9879000244140625 0.5430835138006982
1.9889000244140624 0.5429889384657393
1.9899000244140626 0.5428129092356736
1.9909000244140624 0.5443645170968519
1.9919000244140626 0.5440161057557611
1.9929000244140624 0.5454709636722567
1.9939000244140626 0.545777766811933
1.9949000244140624 0.5461182012522859
1.9959000244140626 0.5458701010277023
1.9969000244140624 0.5455787719423449
1.9979000244140626 0.5464380131449504
1.9989000244140624 0.5450513886842157
1.9999000244140626 0.5460982488270625
2.0009000244140625 0.5465480119844716
2.0019000244140623 0.5462631039740905
2.0029000244140627 0.5450025434762586
2.0039000244140626 0.5457095568628985
2.0049000244140625 0.5446781159488066
2.0059000244140623 0.5444697883481181
2.0069000244140627 0.5441502969954037
2.0079000244140626 0.5437700836708451
2.0089000244140625 0.543252961550465
2.0099000244140623 0.5446653168693585
2.0109000244140627 0.5428702575325081
2.0119000244140626 0.5427337926661437
2.0129000244140625 0.5434736886583311
2.0139000244140624 0.5435264217224192
2.0149000244140627 0.5431734657410202
2.0159000244140626 0.5438118761810634
2.0169000244140625 0.5446339695538951
2.0179000244140624 0.5450825234341506
2.0189000244140627 0.5438453036286096
2.0199000244140626 0.5452537673482547
2.0209000244140625 0.5457196150280804
2.0219000244140624 0.5456250398062881
2.0229000244140627 0.5471437615975805
2.0239000244140626 0.5486819068892623
2.0249000244140625 0.548811615561432
2.0259000244140624 0.5508917892115492
2.0269000244140627 0.5513579955908944
2.0279000244140626 0.5522811336425918
2.0289000244140625 0.5531700594158404
2.0299000244140624 0.5535702819866956
2.0309000244140627 0.5539553740417574
2.0319000244140626 0.5541273687092257
2.0329000244140625 0.5553266258305173
2.0339000244140624 0.5549129608729253
2.0349000244140627 0.5550697603479294
2.0359000244140626 0.5549337010181937
2.0369000244140625 0.5556355112845691
2.0379000244140624 0.5557635159039584
2.0389000244140627 0.5557940902092091
2.0399000244140626 0.5570161019798122
2.0409000244140625 0.5567370680986028
2.0419000244140624 0.555075089423395
2.0429000244140627 0.5559223184252934
2.0439000244140626 0.553220783204489
2.0449000244140625 0.5528345919968707
2.0459000244140624 0.5524065343121994
2.0469000244140627 0.5517412800469801
2.0479000244140626 0.5510991784912292
2.04889990234375 0.5505326363797054
2.04989990234375 0.549279049166733
2.05089990234375 0.5492049983336483
2.05189990234375 0.5492602220526629
2.05289990234375 0.5495173842409029
2.05389990234375 0.5482083225461841
2.05489990234375 0.5485572301551248
2.05589990234375 0.5486954071605105
2.05689990234375 0.5482878242116273
2.05789990234375 0.547899485308499
2.05889990234375 0.5475127504101656
2.05989990234375 0.5478777498586037
2.06089990234375 0.5498204596687248
2.06189990234375 0.5495962510403699
2.06289990234375 0.5502161507597523
2.06389990234375 0.5510114907134082
2.06489990234375 0.5523561645293275
2.06589990234375 0.5530417405552258
2.06689990234375 0.5536635773659211
2.06789990234375 0.5548569028945992
2.06889990234375 0.5558587025685937
2.06989990234375 0.5557419249147225
2.07089990234375 0.5584282214168119
2.07189990234375 0.5590320096820987
2.07289990234375 0.5590872952978609
2.07389990234375 0.5601602802203667
2.07489990234375 0.5610434276092807
2.07589990234375 0.5614875964468562
2.07689990234375 0.5619876742894535
2.07789990234375 0.5613964089668706
2.07889990234375 0.5610311087264991
2.07989990234375 0.5626807251952378
2.08089990234375 0.5622204269472071
2.08189990234375 0.5627198455979081
2.08289990234375 0.5624469429724269
2.08389990234375 0.5629582085471739
2.08489990234375 0.5632900329769636
2.08589990234375 0.5625158127378063
2.08689990234375 0.5605497361795113
2.08789990234375 0.5604168625023864
2.08889990234375 0.5586629763137441
2.08989990234375 0.5586486742197729
2.09089990234375 0.5588835654275471
2.09189990234375 0.5574544311403186
2.09289990234375 0.5564412108362904
2.09389990234375 0.5563391972124414
2.09489990234375 0.5563887234871759
2.09589990234375 0.5559205969611435
2.09689990234375 0.5558651730478649
2.09789990234375 0.5524241665883787
2.09889990234375 0.5530717681353562
2.09989990234375 0.551293213868187
2.10089990234375 0.5516590136292422
2.10189990234375 0.5504959818576932
2.10289990234375 0.5489114626742572
2.10389990234375 0.5480756809753391
2.10489990234375 0.5481435206400542
2.10589990234375 0.5472498100503188
2.10689990234375 0.5452705502092459
2.10789990234375 0.5460658271630837
2.10889990234375 0.5452306786317581
2.10989990234375 0.5439118833528673
2.11089990234375 0.5430583686149056
2.11189990234375 0.5432352379340217
2.11289990234375 0.5425299530551476
2.11389990234375 0.5419808750776168
2.11489990234375 0.5405122087984976
2.11589990234375 0.5408213713583362
2.11689990234375 0.5402929459663826
2.11789990234375 0.5404907581690653
2.11889990234375 0.5399682304976086
2.11989990234375 0.5393725083806686
2.12089990234375 0.5401013149730247
2.12189990234375 0.5403478792977308
2.12289990234375 0.5406508054032447
2.12389990234375 0.5403066829217259
2.12489990234375 0.5414127913145996
2.12589990234375 0.5400903782994565
2.12689990234375 0.5426996589460206
2.12789990234375 0.5409180890439449
2.12889990234375 0.5403359023321387
2.12989990234375 0.5413275015726631
2.13089990234375 0.5407101218844264
2.13189990234375 0.5419813818447812
2.13289990234375 0.5410565634419838
2.13389990234375 0.5429416083076926
2.13489990234375 0.5429187820800501
2.13589990234375 0.5433019652517568
2.13689990234375 0.5433970292190369
2.13789990234375 0.5445812880184161
2.13889990234375 0.5439184128415011
2.13989990234375 0.5471763898051416
2.14089990234375 0.5465593250746258
2.14189990234375 0.5470695659141399
2.14289990234375 0.5477604009734284
2.14389990234375 0.547709732068858
2.14489990234375 0.54912867709236
2.14589990234375 0.5499404596931882
2.14689990234375 0.5485337397780913
2.14789990234375 0.5503430188766743
2.14889990234375 0.5510784169672078
2.14989990234375 0.5526068227934355
2.15089990234375 0.5509604167024755
2.15189990234375 0.5521780571612797
2.15289990234375 0.5516564412732302
2.15389990234375 0.5523659688456464
2.15489990234375 0.5506924359764971
2.15589990234375 0.5510707705588233
2.15689990234375 0.55151380115881
2.15789990234375 0.5503105228297561
2.15889990234375 0.5502642690978518
2.15989990234375 0.5485644391906366
2.16089990234375 0.5489040164455505
2.16189990234375 0.5474717113832493
2.16289990234375 0.5466816599853281
2.16389990234375 0.5467705115382678
2.16489990234375 0.5450627923698732
2.16589990234375 0.5453237035275212
2.16689990234375 0.5433139558759728
2.16789990234375 0.5432026268357852
2.16889990234375 0.5410994497333718
2.16989990234375 0.542218390961082
2.17089990234375 0.5406240744064204
2.17189990234375 0.5400027987386202
2.17289990234375 0.5399363669629229
2.17389990234375 0.5387112976098003
2.17489990234375 0.538891004515332
2.17589990234375 0.5368124419925335
2.17689990234375 0.537596453384685
2.17789990234375 0.5389727893794615
2.17889990234375 0.5385630467252539
2.17989990234375 0.5380944630121545
2.18089990234375 0.5377034433784385
2.18189990234375 0.5374522028454215
2.18289990234375 0.5392794355979533
2.18389990234375 0.5398429215706496
2.18489990234375 0.5391351285204226
2.18589990234375 0.5413805873393085
2.18689990234375 0.540183667762326
2.18789990234375 0.5408500104560373
2.18889990234375 0.5420532017043658
2.18989990234375 0.5422624738782442
2.19089990234375 0.5428095705342968
2.19189990234375 0.5437929749715387
2.19289990234375 0.5441086630154712
2.19389990234375 0.5445178963441686
2.19489990234375 0.5460903376089267
2.19589990234375 0.5467853320082919
2.19689990234375 0.5474711620209146
2.19789990234375 0.5498815340802239
2.19889990234375 0.5494387416592379
2.19989990234375 0.5503833237496072
2.20089990234375 0.5502553975929525
2.20189990234375 0.5514423919552752
2.20289990234375 0.5515244859733082
2.20389990234375 0.5511670230116635
2.20489990234375 0.5505440998870448
2.20589990234375 0.5497230113638748
2.20689990234375 0.5485120963323755
2.20789990234375 0.5482080134732498
2.20889990234375 0.5455525845327123
2.20989990234375 0.5428096094978078
2.21089990234375 0.5388026442878833
2.21189990234375 0.5314892348115725
2.21289990234375 0.5272194227808812
2.21389990234375 0.5160818480884536
2.21489990234375 0.5070885132869449
2.21589990234375 0.49480757589685015
2.21689990234375 0.4796243870627434
2.21789990234375 0.46326301927531605
2.21889990234375 0.4450943395589394
2.21989990234375 0.4253760293645113
2.22089990234375 0.4038859209689808
2.22189990234375 0.38096468962424096
2.22289990234375 0.35766035313020417
2.22389990234375 0.33429407269240846
2.22489990234375 0.31162376644532774
2.22589990234375 0.2887734261525296
2.22689990234375 0.2669717335684253
2.22789990234375 0.24675932470392797
2.22889990234375 0.22671503651492136
2.22989990234375 0.20875332677141212
2.23089990234375 0.19260339951191727
2.23189990234375 0.1773753165260512
2.23289990234375 0.1624359186647451
2.23389990234375 0.14879797508121628
2.23489990234375 0.13480500828521363
2.23589990234375 0.12162692657907732
2.23689990234375 0.11000397790830929
2.23789990234375 0.09867480764181506
2.23889990234375 0.08793612011810673
2.23989990234375 0.07829974587448955
2.24089990234375 0.06929259363663012
2.24189990234375 0.06071708451449301
2.24289990234375 0.05354864729379295
2.24389990234375 0.04712632531061692
2.24489990234375 0.041142805426519956
2.24589990234375 0.03597714822926556
2.24689990234375 0.0313275182672534
2.24789990234375 0.02714163611424627
2.24889990234375 0.023587920274103426
2.24989990234375 0.02065084224093324
2.25089990234375 0.018028014195155238
2.25189990234375 0.015670363132498293
2.25289990234375 0.013690176432665055
2.25389990234375 0.011879767447417821
2.25489990234375 0.010303858168070999
2.25589990234375 0.009034717300766243
2.25689990234375 0.007906383208004084
2.25789990234375 0.006904097292937029
2.25889990234375 0.006048873834568145
2.25989990234375 0.005271377673013527
2.26089990234375 0.0045884869747058275
2.26189990234375 0.004036200721849069
2.26289990234375 0.003555988191989638
2.26389990234375 0.0031203395406233167
2.26489990234375 0.0027519602392032097
2.26589990234375 0.0024261677964487883
2.26689990234375 0.0021309790431160874
2.26789990234375 0.0018870783686229617
2.26889990234375 0.0016693031646576137
2.26989990234375 0.001480885621342202
2.27089990234375 0.0013251511614912894
2.27189990234375 0.0011769326198236931
2.27289990234375 0.0010489353510334518
2.27389990234375 0.0009368995997059666
2.27489990234375 0.0008468514096825196
2.27589990234375 0.0007632698197363799
2.27689990234375 0.0006869676239192943
2.27789990234375 0.0006307464221622769
2.27889990234375 0.0005681400608730207
2.27989990234375 0.0005127847420099237
2.28089990234375 0.0004704069495128058
2.28189990234375 0.00043328587983008644
2.28289990234375 0.00039771377989865174
2.28389990234375 0.0003633355268469957
2.28489990234375 0.00033140065986009146
2.28589990234375 0.0003107292406386517
2.28689990234375 0.0002793617894326556
2.28789990234375 0.00026134663589896307
2.28889990234375 0.00024256299416823438
2.28989990234375 0.00022238214765120092
2.29089990234375 0.00020326069350606456
2.29189990234375 0.00018919851506115593
2.29289990234375 0.00017660865133776524
2.29389990234375 0.00015971669873054756
2.29489990234375 0.00015414179994825946
2.29589990234375 0.00013851189303979862
2.29689990234375 0.00013136785543858484
2.29789990234375 0.00012183645355860288
2.29889990234375 0.00011370295492331949
2.29989990234375 0.00010463736549373991
2.30089990234375 9.723753752638406e-05
2.30189990234375 9.364564867920347e-05
2.30289990234375 8.38131836318669e-05
2.30389990234375 7.72535471547988e-05
2.30489990234375 7.149467362569964e-05
2.30589990234375 6.873456725152931e-05
2.30689990234375 6.173072847260687e-05
2.30789990234375 5.947364231505461e-05
2.30889990234375 5.558297246658397e-05
2.30989990234375 5.044621562356918e-05
2.31089990234375 5.11494085487466e-05
2.31189990234375 4.577211230005685e-05
2.31289990234375 4.170229048560811e-05
2.31389990234375 3.845413973343444e-05
2.31489990234375 3.7484497790845107e-05
2.31589990234375 3.5021061572955206e-05
2.31689990234375 3.3395477981119455e-05
2.31789990234375 3.0365382874555358e-05
2.31889990234375 2.7341501932390658e-05
2.31989990234375 2.6898982966064504e-05
2.32089990234375 2.5485464216076357e-05
2.32189990234375 2.381880170518525e-05
2.32289990234375 2.2808282903153255e-05
2.32389990234375 1.947879793159047e-05
2.32489990234375 1.8878108671362857e-05
2.32589990234375 1.707327080290291e-05
2.32689990234375 1.6579033006224295e-05
2.32789990234375 1.4221945389923255e-05
2.32889990234375 1.3422159204220433e-05
2.32989990234375 1.3385266470801347e-05
2.33089990234375 1.1771726802978725e-05
2.33189990234375 1.1116417713270628e-05
2.33289990234375 9.725108974724802e-06
2.33389990234375 9.317923173035244e-06
2.33489990234375 8.427593140228101e-06
2.33589990234375 8.168387700137499e-06
2.33689990234375 7.45718722222146e-06
2.33789990234375 7.42292109661593e-06
2.33889990234375 6.572071725705582e-06
2.33989990234375 5.710165036754437e-06
2.34089990234375 5.717872016885609e-06
2.34189990234375 5.4362289756230015e-06
2.34289990234375 5.518247867055969e-06
2.34389990234375 4.955941469354606e-06
2.34489990234375 4.610754101022873e-06
2.34589990234375 5.064917767523671e-06
2.34689990234375 4.803625029686748e-06
2.34789990234375 4.265590200505908e-06
2.34889990234375 4.159776655032918e-06
2.34989990234375 4.947298229452741e-06
2.35089990234375 4.253521176244444e-06
2.35189990234375 4.5994469758687104e-06
2.35289990234375 3.934337591072127e-06
2.35389990234375 3.922221443218242e-06
2.35489990234375 3.3283720089473994e-06
2.35589990234375 3.5776229908883775e-06
2.35689990234375 3.919473982904456e-06
2.35789990234375 3.1381251609286847e-06
2.35889990234375 3.365514599689998e-06
2.35989990234375 2.8486574889462128e-06
2.36089990234375 2.6748400039242503e-06
2.36189990234375 2.5379653217429567e-06
2.36289990234375 2.2698499167228063e-06
2.36389990234375 2.5628723540783276e-06
2.36489990234375 2.3986677267839667e-06
2.36589990234375 1.6736828097216962e-06
2.36689990234375 1.9009806239360375e-06
2.36789990234375 1.7768821613439562e-06
2.36889990234375 1.170059389222153e-06
2.36989990234375 9.887369270670397e-07
2.37089990234375 8.119759001024811e-07
2.37189990234375 8.136006373310979e-07
2.37289990234375 7.44160453503811e-07
2.37389990234375 5.122070821558258e-07
2.37489990234375 5.410093779712258e-07
2.37589990234375 4.847776858169491e-07
2.37689990234375 3.2561426181430085e-07
2.37789990234375 2.777428186173947e-07
2.37889990234375 3.1411912033692053e-07
2.37989990234375 3.847810293836199e-07
2.38089990234375 2.8061062108381015e-07
2.38189990234375 2.394049983565598e-07
2.38289990234375 2.03422127011406e-07
2.38389990234375 2.246134949731805e-07
2.38489990234375 2.3778801561993842e-07
2.38589990234375 2.425526510904563e-07
2.38689990234375 2.2770624432747683e-07
2.38789990234375 2.0725867196245324e-07
2.38889990234375 1.8529430325552428e-07
2.38989990234375 1.8908932950077682e-07
2.39089990234375 1.6260085358932763e-07
2.39189990234375 1.8689522510445526e-07
2.39289990234375 1.3616207311119674e-07
2.39389990234375 1.637022091350783e-07
2.39489990234375 1.4901589889816305e-07
2.39589990234375 1.404758954086518e-07
2.39689990234375 1.2033678322043872e-07
2.39789990234375 1.0824404215558365e-07
2.39889990234375 9.665198419056017e-08
2.39989990234375 8.715138979027932e-08
2.40089990234375 6.661231844519434e-08
2.40189990234375 8.282689615280178e-08
2.40289990234375 6.787779808767595e-08
2.40389990234375 5.953055795557434e-08
2.40489990234375 4.6704831397021716e-08
2.40589990234375 3.809560643635001e-08
2.40689990234375 3.353669591220527e-08
2.40789990234375 3.52170787605597e-08
2.40889990234375 2.1271587864689234e-08
2.40989990234375 2.980023464754204e-08
2.41089990234375 2.637212956105837e-08
2.41189990234375 1.9177287108882465e-08
2.41289990234375 1.53119797655443e-08
2.41389990234375 1.5070222232180575e-08
2.41489990234375 1.082554269989285e-08
2.41589990234375 1.2430308608136198e-08
2.41689990234375 8.456162858989358e-09
2.41789990234375 6.661737579332836e-09
2.41889990234375 7.3901009090913405e-09
2.41989990234375 5.72858147215854e-09
2.42089990234375 5.407600504205561e-09
2.42189990234375 3.5489240993050693e-09
2.42289990234375 4.877136315204131e-09
2.42389990234375 4.214085534108276e-09
2.42489990234375 3.3976177991096135e-09
2.42589990234375 2.903014831031406e-09
2.42689990234375 3.3053088412754027e-09
2.42789990234375 2.3620446243917535e-09
2.42889990234375 2.289398567765842e-09
2.42989990234375 2.0418205352690784e-09
2.43089990234375 1.9671301906328972e-09
2.43189990234375 2.3159337987336207e-09
2.43289990234375 1.7330448736108107e-09
2.43389990234375 1.9103787053605747e-09
2.43489990234375 1.5126743808526327e-09
2.43589990234375 1.7320184220597548e-09
2.43689990234375 1.1383047376585219e-09
2.43789990234375 1.1121388807610463e-09
2.43889990234375 1.1217842355441099e-09
2.43989990234375 9.418189665765496e-10
2.44089990234375 1.0132316664270587e-09
2.44189990234375 7.384913744260164e-10
2.44289990234375 7.243110112122734e-10
2.44389990234375 6.32310940959787e-10
2.44489990234375 6.256426600563556e-10
2.44589990234375 5.712602002204891e-10
2.44689990234375 5.121954706663783e-10
2.44789990234375 4.655490549440942e-10
2.44889990234375 4.654884336201583e-10
2.44989990234375 3.5975000476543437e-10
2.45089990234375 4.0491746690198525e-10
2.45189990234375 2.7973648034171766e-10
2.45289990234375 2.0766236969014646e-10
2.45389990234375 3.427126780876577e-10
2.45489990234375 2.315904158165579e-10
2.45589990234375 2.0064333926731033e-10
2.45689990234375 1.8563144667743153e-10
2.45789990234375 1.6741235497607886e-10
2.45889990234375 1.2395612711897165e-10
2.45989990234375 8.884611627955881e-11
2.46089990234375 1.1889487895097796e-10
2.46189990234375 7.9155699229674e-11
2.46289990234375 9.909669037131442e-11
2.46389990234375 8.674315717608832e-11
2.46489990234375 6.167127387822448e-11
2.46589990234375 5.791371872298446e-11
2.46689990234375 5.51586615889683e-11
2.46789990234375 4.0893391017866726e-11
2.46889990234375 4.075274840086384e-11
2.46989990234375 3.288057362896448e-11
2.47089990234375 2.444537441643899e-11
2.47189990234375 2.750616247901471e-11
2.47289990234375 2.472424482030696e-11
2.47389990234375 2.3606758054599112e-11
2.47489990234375 1.5854755998593074e-11
2.47589990234375 1.4848737794516462e-11
2.47689990234375 1.2392058388082151e-11
2.47789990234375 1.0191501846346308e-11
2.47889990234375 9.004071179190786e-12
2.47989990234375 9.373929393075807e-12
2.48089990234375 6.651543683702417e-12
2.48189990234375 7.525226453299692e-12
2.48289990234375 5.241553324137215e-12
2.48389990234375 4.404582471564328e-12
2.48489990234375 5.125618634260519e-12
2.48589990234375 2.891429250015757e-12
2.48689990234375 4.24775883282378e-12
2.48789990234375 3.783863230234371e-12
2.48889990234375 2.62623176118721e-12
2.48989990234375 3.2320068407816673e-12
2.49089990234375 2.395744956550992e-12
2.49189990234375 2.433561803872635e-12
2.49289990234375 2.6923498873906872e-12
2.49389990234375 1.9999003887098334e-12
2.49489990234375 2.290897185454194e-12
2.49589990234375 1.7773391224902105e-12
2.49689990234375 1.8403591416803353e-12
2.49789990234375 1.6145515795128019e-12
2.49889990234375 1.4789529585685888e-12
2.49989990234375 1.5365895350438032e-12
2.50089990234375 1.0448788557739657e-12
2.50189990234375 1.0218337579006482e-12
2.50289990234375 1.4271250042433971e-12
2.50389990234375 9.751983834486703e-13
2.50489990234375 8.733985847560704e-13
2.50589990234375 1.218746525354396e-12
2.50689990234375 8.951864192450511e-13
2.50789990234375 7.403999187403106e-13
2.50889990234375 8.370305193069193e-13
2.50989990234375 8.375589589346914e-13
2.51089990234375 7.967904558260888e-13
2.51189990234375 8.278747378298494e-13
2.51289990234375 5.867795535157038e-13
2.51389990234375 5.468613296889411e-13
2.51489990234375 6.051911837955514e-13
2.51589990234375 5.645506604486488e-13
2.51689990234375 5.76486388488009e-13
2.51789990234375 4.982153168886287e-13
2.51889990234375 3.6620727147829167e-13
2.51989990234375 3.8326556499027e-13
2.52089990234375 4.0256317119123124e-13
2.52189990234375 4.187464230073429e-13
2.52289990234375 2.402840342514044e-13
2.52389990234375 3.628111299997153e-13
2.52489990234375 3.3930712171677293e-13
2.52589990234375 3.287280144208378e-13
2.52689990234375 2.402265026063957e-13
2.52789990234375 2.6444380254027333e-13
2.52889990234375 2.7769430230569417e-13
2.52989990234375 2.289252612502871e-13
2.53089990234375 1.957819034231993e-13
2.53189990234375 2.0546295344049666e-13
2.53289990234375 2.0338131445157671e-13
2.53389990234375 1.7874095272033902e-13
2.53489990234375 1.5974654936052255e-13
2.53589990234375 1.3235626301181484e-13
2.53689990234375 1.6464611957016396e-13
2.53789990234375 1.178596117201894e-13
2.53889990234375 1.3160184312055935e-13
2.53989990234375 1.246770606447631e-13
2.54089990234375 1.0868174723257605e-13
2.54189990234375 8.358669992839182e-14
2.54289990234375 8.94289539146202e-14
2.54389990234375 7.779893864756866e-14
2.54489990234375 7.992640613859862e-14
2.54589990234375 8.191686655945465e-14
2.54689990234375 8.57023642661105e-14
2.54789990234375 5.369263120413712e-14
2.54889990234375 5.938260878358255e-14
2.54989990234375 5.056681857221317e-14
2.55089990234375 4.875474494761434e-14
2.55189990234375 4.732595162125946e-14
2.55289990234375 4.423618652524377e-14
2.55389990234375 4.3380271299987484e-14
2.55489990234375 3.906309644140044e-14
2.55589990234375 2.8741720540546487e-14
2.55689990234375 3.5904138059442484e-14
2.55789990234375 3.34181376394163e-14
2.55889990234375 2.6093228045079165e-14
2.55989990234375 2.4680878184525296e-14
2.56089990234375 2.6256313115793347e-14
2.56189990234375 2.1678995770489436e-14
2.56289990234375 1.585642313738322e-14
2.56389990234375 1.9413123718485723e-14
2.56489990234375 1.5466641828711156e-14
2.56589990234375 1.81378176060526e-14
2.56689990234375 1.45602515995274e-14
2.56789990234375 9.783507740830186e-15
2.56889990234375 1.0418881332189618e-14
2.56989990234375 9.979914320979707e-15
2.57089990234375 1.0871976512384002e-14
2.57189990234375 7.082665573480113e-15
2.57289990234375 6.970652919612771e-15
2.57389990234375 7.571163205132682e-15
2.57489990234375 7.25938082254393e-15
2.57589990234375 5.25606820502652e-15
2.57689990234375 6.0308590744882436e-15
2.57789990234375 5.455110111892361e-15
2.57889990234375 3.671326699129699e-15
2.57989990234375 3.712720908893641e-15
2.58089990234375 3.0808272047293696e-15
2.58189990234375 3.4423467692066747e-15
2.58289990234375 2.782070310272388e-15
2.58389990234375 3.0572546366148453e-15
2.58489990234375 2.2308593008305907e-15
2.58589990234375 2.3531600436338047e-15
2.58689990234375 2.1190485363127697e-15
2.58789990234375 1.5834439558468617e-15
2.58889990234375 1.4613649222853993e-15
2.58989990234375 1.4738073067528936e-15
2.59089990234375 1.7345275218344373e-15
2.59189990234375 1.1143148424151683e-15
2.59289990234375 9.83421123148392e-16
2.59389990234375 1.0453024616501282e-15
2.59489990234375 9.911239545515096e-16
