Wavelength_microns Throughput
2.0004663860000003 6.190655031881895e-15
2.002074478 5.606972506413209e-15
2.00368257 5.110146406692653e-15
2.005290662 4.6899802351604824e-15
2.006898754 4.322338729069841e-15
2.008506846 4.025996170503301e-15
2.010114938 3.7700953046504395e-15
2.01172303 3.97125443173855e-15
2.013331122 1.2703562241422202e-14
2.014939214 1.91462953139242e-14
2.016547306 1.8422458361183886e-14
2.018155398 1.76938527964854e-14
2.01976349 1.684889730478977e-14
2.021371582 1.6268243014196212e-14
2.022979674 1.5719149877583343e-14
2.0245877660000002 1.469857675049793e-14
2.026195858 7.857961473025326e-15
2.027803949 3.41343854624267e-15
2.029412041 3.117670706752289e-14
2.031020133 3.8408970841080064e-14
2.032628225 3.7905482566720986e-14
2.034236317 3.775064171130235e-14
2.035844409 6.402831984069483e-14
2.037452501 7.072490048850814e-14
2.039060593 7.094873075049181e-14
2.040668685 7.120711494521867e-14
2.042276777 4.524717047436401e-14
2.0438848689999998 3.8203443210342985e-14
2.045492961 3.9623841814559313e-14
2.047101053 4.009916910399989e-14
2.0487091449999997 1.2122296504686401e-14
2.0503172370000002 4.857520205868797e-15
2.0519253290000004 9.476549145690977e-15
2.053533421 1.2634342539009555e-14
2.055141513 1.3313085630682599e-14
2.056749605 1.394672724210442e-14
2.058357697 1.4384735468263706e-14
2.059965788 1.5425651930077822e-14
2.06157388 1.6449233567027524e-14
2.0631819719999998 1.6999041969153957e-14
2.064790064 1.1023665449472657e-14
2.066398156 7.547430487604862e-15
2.068006248 7.860707626225452e-15
2.06961434 8.242953620206173e-15
2.071222432 7.083493561946178e-15
2.072830524 6.023645154492246e-15
2.074438616 6.325044680302384e-15
2.076046708 6.999109448240265e-15
2.0776548 7.730844177007328e-15
2.079262892 8.630611257992023e-15
2.080870984 9.673179709385178e-15
2.0824790760000003 1.0826116194163994e-14
2.084087168 1.2243477815985067e-14
2.08569526 1.3910499259158408e-14
2.0873033519999997 1.5868472552932235e-14
2.088911444 1.81730068347841e-14
2.090519536 2.0927456175685236e-14
2.092127627 2.417528867987715e-14
2.0937357189999997 2.8090974310571526e-14
2.0953438110000002 3.293310416311162e-14
2.0969519030000003 3.846229777327859e-14
2.098559995 4.5113532891854015e-14
2.100168087 5.321944979744449e-14
2.101776179 6.245815633783653e-14
2.103384271 7.357193563517959e-14
2.104992363 8.633332698521619e-14
2.1066004549999997 1.00082298183377e-13
2.1082085470000003 1.1533657772593686e-13
2.109816639 1.3097865096638042e-13
2.111424731 1.4638449915657448e-13
2.113032823 1.6034207607465568e-13
2.114640915 1.7132727584089074e-13
2.116249007 1.8024868053391419e-13
2.1178570989999996 1.8483840175404983e-13
2.1194651909999997 1.8662055889489247e-13
2.1210732830000003 1.8591186051742945e-13
2.122681375 1.8298309004296342e-13
2.124289466 1.779812911023046e-13
2.125897558 1.729165833667431e-13
2.1275056500000002 1.677180939984432e-13
2.129113742 1.62297905050063e-13
2.130721834 1.5754107717406455e-13
2.1323299259999997 1.5283653811186816e-13
2.133938018 1.4838486229453223e-13
2.1355461100000004 1.4445704732785946e-13
2.137154202 1.414889152617205e-13
2.138762294 1.3861254092603183e-13
2.140370386 1.3650534022996817e-13
2.141978478 1.34324387398778e-13
2.14358657 1.330233659011876e-13
2.1451946619999998 1.3204799717781544e-13
2.146802754 1.3133739314308638e-13
2.1484108460000004 1.309417016639919e-13
2.150018938 1.3086141171374508e-13
2.15162703 1.311669729196595e-13
2.153235122 1.3183732158994953e-13
2.154843214 1.3260750411401867e-13
2.156451305 1.339263932028116e-13
2.158059397 1.3518608022844576e-13
2.159667489 1.371248851424745e-13
2.161275581 1.3950462864625307e-13
2.1628836729999996 1.4168597740021916e-13
2.164491765 1.4448225358226596e-13
2.1660998570000003 1.4763435835133407e-13
2.167707949 1.5115610127486655e-13
2.169316041 1.550495862439929e-13
2.170924133 1.5898036592119e-13
2.172532225 1.6389605539620288e-13
2.174140317 1.691132493145092e-13
2.1757484089999997 1.7487638592916361e-13
2.177356501 1.831600114369169e-13
2.1789645930000003 3.306714277591385e-13
2.180572685 2.6509249796148106e-12
2.182180777 3.2451163278092892e-12
2.183788869 3.422937497172271e-12
2.185396961 3.621488045520286e-12
2.187005053 4.208595066796465e-12
2.1886131449999997 6.3900689682686815e-12
2.1902212359999997 6.9170569574853135e-12
2.191829328 7.132067753712205e-12
2.1934374200000004 4.258034000110529e-12
2.195045512 7.960550618984778e-12
2.196653604 2.665805188431692e-11
2.198261696 5.1031201050478205e-11
2.199869788 8.207002468512588e-11
2.20147788 1.1994421949088396e-10
2.203085972 1.7259138959019982e-10
2.204694064 2.428602401239868e-10
2.206302156 3.362359984543181e-10
2.207910248 4.3524545345110124e-10
2.2095183400000002 5.104410843829419e-10
2.211126432 5.855099759068233e-10
2.212734524 6.871625223917807e-10
2.2143426159999997 8.316159078625424e-10
2.215950708 9.766738679452864e-10
2.2175588 1.0018562785778133e-09
2.219166892 9.837195686898821e-10
2.220774984 9.479585903628217e-10
2.221786975 8.657658625533777e-10
2.222987941 7.960754474078557e-10
2.2241889070000003 6.261476305260182e-10
2.225389873 3.1545513807949633e-10
2.226590839 3.46930652358734e-12
2.227791805 3.682625059311147e-12
2.228992771 3.844177323372554e-12
2.230193737 3.957035775641935e-12
2.231394703 4.044797840811023e-12
2.2325956689999997 4.132934439201152e-12
2.233796635 4.238453923649738e-12
2.234997601 4.369185049557888e-12
2.2361985669999997 7.1494505502683655e-12
2.2373995329999996 7.499810100689788e-12
2.238600498 7.93343644335509e-12
2.239801464 8.448253161933674e-12
2.24100243 9.072074069265068e-12
2.242203396 9.802309995125554e-12
2.243404362 1.0647995076780767e-11
2.244605328 1.1629913193627188e-11
2.245806294 8.121661945755725e-12
2.2470072599999997 8.92579474173213e-12
2.248208226 9.848469705149478e-12
2.249409192 1.088558908838941e-11
2.2506101579999997 1.205373129645883e-11
2.251811124 1.956093989105665e-11
2.2530120900000004 4.695820707181128e-10
2.254213056 5.277133303582218e-10
2.255414021 6.50387649729653e-10
2.256614987 7.225658792178765e-10
2.2578159529999997 7.940556398963924e-10
2.259016919 8.682523604560729e-10
2.260217885 9.468437810577983e-10
2.2614188509999997 1.0142375258632242e-09
2.2626198169999996 1.928692926884364e-10
2.2638207830000003 4.384951855926968e-10
2.265021749 3.5240123683231343e-10
2.266222715 7.454950113364781e-10
2.2674236810000004 2.2139330329226434e-09
2.268624647 5.815723917891219e-09
2.269825613 9.504023127575198e-09
2.271026579 9.922267575804054e-09
2.2722275450000002 1.3922897367513458e-08
2.27342851 1.702796724026786e-08
2.274629476 1.91814936355706e-08
2.2758304419999997 2.1593328940602098e-08
2.277031408 2.3202997124901098e-08
2.2782323740000003 2.1126285568145802e-08
2.27943334 1.7322465416255162e-08
2.280634306 2.090955231897929e-08
2.281835272 2.499510812535645e-08
2.283036238 2.386819454341731e-08
2.284237204 2.3011177789887856e-08
2.28543817 2.785124993890042e-08
2.286639136 3.0658992666846316e-08
2.287840102 3.385001176819519e-08
2.289041068 4.789124713394013e-08
2.290242034 6.347368793096054e-08
2.291442999 6.978595859579832e-08
2.2926439650000003 8.265297786574224e-08
2.293844931 1.1099839695951857e-07
2.295045897 1.3718042322743985e-07
2.296246863 1.5458740758013009e-07
2.297447829 1.7752895450553003e-07
2.298648795 2.0162022373904757e-07
2.299849761 2.1606731772221394e-07
2.301050727 2.6102862494126747e-07
2.302251693 3.1247523716227964e-07
2.303452659 3.6276249596929003e-07
2.304653625 3.9997373305587325e-07
2.3058545909999997 4.739504547251349e-07
2.307055557 5.462830415820971e-07
2.308256523 6.128271303980549e-07
2.309457488 7.442330725160791e-07
2.310658454 8.558403955435691e-07
2.3118594199999998 1.0119003626859345e-06
2.313060386 1.1474194383509546e-06
2.314261352 1.3078155652179768e-06
2.315462318 1.5625962879516274e-06
2.316663284 1.9303206093260523e-06
2.31786425 2.2709551178171594e-06
2.319065216 2.5412995056423753e-06
2.3202661819999997 2.848414456021459e-06
2.321467148 3.3807530116604098e-06
2.322668114 4.032004378321818e-06
2.32386908 4.787224837958552e-06
2.325070046 5.506194336498925e-06
2.3262710120000003 6.08302548789373e-06
2.327471977 7.288093236834296e-06
2.328672943 8.69655690281233e-06
2.329873909 1.0350932520243188e-05
2.3310748749999997 1.1500031516516674e-05
2.332275841 1.3024023790924235e-05
2.333476807 1.5093568225093344e-05
2.3346777729999997 1.716706641761048e-05
2.3358787390000004 1.954477427273452e-05
2.3370797050000003 2.1516412483295247e-05
2.338280671 2.4207476376902976e-05
2.339481637 2.699445420637564e-05
2.3406826030000003 3.042813425688812e-05
2.341883569 3.369670810714726e-05
2.343084535 3.684526753185103e-05
2.344285501 4.040072866007666e-05
2.3454864659999997 4.429139607014834e-05
2.346687432 4.862392724852071e-05
2.3478883980000003 5.262180473340877e-05
2.349089364 5.752471991390485e-05
2.35029033 6.287982214211614e-05
2.3514912960000003 6.977956397010624e-05
2.352692262 7.781879542631011e-05
2.353893228 8.747875857932588e-05
2.355094194 9.993254268477886e-05
2.35629516 0.00011548659441052805
2.357496126 0.0001347518501994433
2.358697092 0.00015864486675139423
2.359898058 0.0001889057399659485
2.361099024 0.00022629686665629023
2.3622999890000003 0.00027227240669858393
2.363500955 0.0003278445218784248
2.364701921 0.00039454033806668795
2.3659028870000003 0.00047441162782673466
2.367103853 0.0005686744215502103
2.368304819 0.0006781603927576303
2.369505785 0.000805923312042303
2.370706751 0.0009509519757006925
2.371907717 0.0011146945793191981
2.373108683 0.0012953957831781874
2.3743096489999997 0.0014914779453455004
2.375510615 0.0016984353747039025
2.376711581 0.0019152818872844486
2.3779125469999998 0.002137858441237931
2.3791135129999996 0.002359391179235081
2.380314478 0.0025808428427100036
2.381515444 0.0027993367282732975
2.38271641 0.0030117395555045883
2.383917376 0.003219913077349658
2.385118342 0.00342584969430191
2.386319308 0.0036329754185483246
2.387520274 0.0038475612104817616
2.3887212399999997 0.0040741004922549015
2.389922206 0.004314117731081647
2.391123172 0.004578015799834216
2.3923241379999998 0.004873244595309722
2.3935251039999996 0.005207495071746544
2.3947260700000004 0.005593347074308683
2.3959270360000002 0.006035732211905619
2.397128002 0.006547962181981707
2.398328967 0.007145659835459361
2.3995299329999997 0.007846038471455695
2.400730899 0.008669923773281327
2.401931865 0.009643281544516623
2.4031328309999997 0.010798589818862203
2.4043337969999996 0.012174788488577223
2.405534763 0.013818637213212609
2.406735729 0.01578880975262391
2.407936695 0.018157257739567417
2.4091376610000004 0.02101341453133812
2.4103386270000002 0.02446237116566404
2.411539593 0.028627715848595612
2.412740559 0.03365273848503626
2.4139415250000003 0.03969693344426915
2.415142491 0.046925190485199456
2.416343456 0.05548939096987542
2.4175444219999997 0.06550983957906784
2.4187453879999996 0.07703924857017729
2.4199463540000004 0.09003326306802453
2.42114732 0.10434105075487252
2.422348286 0.11974727743573806
2.423549252 0.13562483217327084
2.4247502180000002 0.15157312647758717
2.425951184 0.16705938411307922
2.42715215 0.18158687995425668
2.4283531160000003 0.19475571788846294
2.429554082 0.20630044629477914
2.430755048 0.216117765436689
2.431956014 0.22427086116429604
2.43315698 0.23096361195411477
2.4343579450000004 0.23650360614861052
2.435558911 0.24125770058400964
2.436759877 0.2455902929529017
2.437960843 0.24983492495823292
2.4391618090000002 0.2542724144102861
2.440362775 0.25911817377013296
2.441563741 0.26452620095524254
2.442764707 0.27059510428249994
2.443965673 0.2773755933633153
2.445166639 0.28487352213754236
2.446367605 0.2930499988146199
2.4475685709999997 0.30163288835808827
2.448769537 0.3107517573264276
2.449970503 0.32039173972502766
2.4511714689999997 0.3302566719811501
2.452372434 0.3401835340114655
2.4535734000000002 0.3500006156032599
2.454774366 0.35953993153693725
2.455975332 0.36864768187281
2.457176298 0.37719249116379194
2.458377264 0.38506170826145375
2.45957823 0.39217566433138473
2.460779196 0.3984880161584199
2.4619801619999997 0.40398442912369137
2.463181128 0.40868291898686976
2.464382094 0.4126296914325479
2.4655830599999997 0.41588688550860403
2.466784026 0.41853169188057904
2.4679849920000003 0.4206515584179903
2.469185958 0.4223334838965989
2.470386923 0.42366807083345503
2.471587889 0.4247383504888362
2.4727888549999997 0.42561588625978086
2.473989821 0.4268526017321487
2.475190787 0.4275256991781441
2.4763917529999997 0.42815436229071685
2.477592719 0.42877507771688717
2.4787936850000003 0.42940600167116555
2.479994651 0.43005205017521425
2.481195617 0.4306173557453671
2.4823965830000003 0.43089481761717785
2.483597549 0.43156899167100765
2.484798515 0.43222978973129544
2.485999481 0.4328612142452292
2.4872004459999997 0.4334394866402334
2.488401412 0.4339484825653108
2.489602378 0.43437510303798343
2.490803344 0.4347003288232297
2.49200431 0.43491011685848435
2.4932052760000003 0.4349953122049425
2.494406242 0.4349494110533459
2.495607208 0.434764867577539
2.496808174 0.4344456590488374
2.49800914 0.43399546124027916
2.499210106 0.43341315334313013
2.500411072 0.4327122553793431
2.501612038 0.4319086687511165
2.502813004 0.43100513034133886
2.50401397 0.4300140673856411
2.505214935 0.4289510560110951
2.506415901 0.42782818953841883
2.5076168670000003 0.4266563632514772
2.508817833 0.4254524258734824
2.510018799 0.4242286365573554
2.511219765 0.42299315320987513
2.512420731 0.42175903193549225
2.513621697 0.42054025863493755
2.514822663 0.4193415704144334
2.5160236289999998 0.4181726087397649
2.517224595 0.41704104662173686
2.518425561 0.41595211536123855
2.519626527 0.41491185214994497
2.5208274929999996 0.4139276860042657
2.522028459 0.4130057456482315
2.523229424 0.41214487731327165
2.52443039 0.4113523930185142
2.525631356 0.4106280011390178
2.526832322 0.4099756323131679
2.528033288 0.4094016279678108
2.529234254 0.4089075218907126
2.5304352199999998 0.4084941256753384
2.531636186 0.40816325687161736
2.532837152 0.40791672586534616
2.534038118 0.407757459822003
2.5352390839999996 0.4076882881833628
2.53644005 0.40770793461470095
2.5376410160000002 0.40781227530955694
2.538841982 0.40799925570430406
2.540042948 0.4082706536108217
2.5412439129999997 0.4086256800821378
2.542444879 0.409060334700933
2.543645845 0.4095661548499845
2.5448468109999998 0.41013992266362465
2.546047777 0.4107790023213536
2.547248743 0.41147802829427194
2.548449709 0.41223062482091527
2.5496506749999996 0.4130274965152508
2.5508516410000004 0.4138642831662185
2.5520526070000003 0.4147298564377783
2.553253573 0.4156198350362512
2.554454539 0.4165219678828023
2.5556555050000003 0.4174260816434512
2.556856471 0.4183203006912149
2.558057437 0.41919894704983424
2.5592584019999998 0.42006070324017597
2.5604593679999996 0.42089196282004543
2.561660334 0.42169313377687584
2.5628613000000002 0.42246019696091336
2.564062266 0.42318543839228917
2.565263232 0.42385890404817717
2.5664641980000003 0.42448658063088274
2.567665164 0.425077244775142
2.56886613 0.42560690775734095
2.5700670960000003 0.42610940086687515
2.571268062 0.42699572708109007
2.572469028 0.42736832486729837
2.573669994 0.427695230937604
2.57487096 0.42799631789876746
2.576071926 0.4282648160587861
2.5772728910000002 0.4283674951103691
2.578473857 0.4282529196981507
2.579674823 0.42843754469968
2.5808757890000003 0.42859764117246707
2.582076755 0.4287677312520846
2.583277721 0.4289287235326676
2.584478687 0.42909039366719914
2.585679653 0.429262669440573
2.586880619 0.4294581652817378
2.588081585 0.42966824336921566
2.5892825509999997 0.42990945951321397
2.590483517 0.43014065872723717
2.591684483 0.4303856792344392
2.5928854489999997 0.4306907482532845
2.594086414 0.43099209596682997
2.5952873800000003 0.4309130873221921
2.596488346 0.4313124478455556
2.597689312 0.4320764329742753
2.598890278 0.4326806341467982
2.600091244 0.43317478556143996
2.60129221 0.43357481137051773
2.602493176 0.4339678069783476
2.6036941419999997 0.4343676035624527
2.604895108 0.43477175233525167
2.606096074 0.43517444720614795
2.6072970399999997 0.43558310763067565
2.6084980059999996 0.43598447693501236
2.6096989720000003 0.43637338098192624
2.610899938 0.4367638515577735
2.612100903 0.4371239986050991
2.613301869 0.43743629147634705
2.6145028349999997 0.43773060198130326
2.615703801 0.4379958019975565
2.616904767 0.43820848439948656
2.6181057329999997 0.4389134507957006
2.619306699 0.4390870741979229
2.620507665 0.4392218878052385
2.621708631 0.4393273520462449
2.622909597 0.4393972810849711
2.6241105630000003 0.4394332784799359
2.625311529 0.4394423806081673
2.626512495 0.4394181243606077
2.627713461 0.4393524687568798
2.628914427 0.43927369005522415
2.630115392 0.43916871199807295
2.631316358 0.43905400850263887
2.6325173239999997 0.43894277231220385
2.63371829 0.438809543947367
2.6349192560000003 0.43912767048645424
2.636120222 0.4390403293990771
2.637321188 0.4389020120856273
2.638522154 0.43875100944705897
2.63972312 0.4386110240933859
2.640924086 0.43847154042353836
2.642125052 0.4383326180841977
2.643326018 0.4382100139265533
2.644526984 0.4381053008044468
2.64572795 0.43801586083706595
2.646928916 0.43794420255650773
2.648129881 0.4378837679083573
2.6493308470000003 0.43783687616437894
2.650531813 0.437815311932018
2.651732779 0.4378134461316866
2.652933745 0.4382954848700747
2.654134711 0.4383581651325584
2.655335677 0.4383985308438314
2.656536643 0.4384511177799903
2.657737609 0.4385268219031486
2.658938575 0.438619338265326
2.660139541 0.438644761003068
2.661340507 0.4381582483966149
2.662541473 0.43790555034991063
2.663742439 0.43798515972374813
2.664943405 0.4380856726988713
2.66614437 0.4381578155259382
2.667345336 0.4382224229860347
2.668546302 0.4385838779371358
2.669747268 0.4389042448607537
2.670948234 0.4390148121519138
2.6721492 0.4385973821424703
2.673350166 0.4386873300822233
2.674551132 0.43876207357823555
2.675752098 0.43885366900558087
2.6769530639999997 0.43895027288107014
2.67815403 0.43900638493012745
2.679354996 0.4390374404435457
2.680555962 0.4390457685089472
2.681756928 0.4390433088610969
2.6829578940000003 0.4385270731227528
2.684158859 0.4384484797425332
2.685359825 0.43837269203718626
2.686560791 0.4385470333424491
2.687761757 0.4386396834111654
2.688962723 0.438501440726022
2.690163689 0.4383449514323165
2.6913646549999997 0.43818959899971816
2.6925656210000004 0.4377489509233999
2.6937665870000003 0.43738188046880677
2.694967553 0.4372433429379889
2.696168519 0.43711067849443125
2.6973694850000003 0.4369856732976238
2.698570451 0.43687964373137067
2.699771417 0.4368031608627801
2.700972383 0.4368207206021869
2.7021733479999996 0.4367838257893273
2.703374314 0.4366139702468398
2.70457528 0.4369964534300749
2.705776246 0.43707685080100045
2.706977212 0.4371641237452078
2.7081781780000003 0.43726478355555487
2.709379144 0.4373894903714897
2.71058011 0.4375496900849533
2.7117810760000003 0.437747652127736
2.712982042 0.4379489851956737
2.714183008 0.4376465424343081
2.715383974 0.4378592750935841
2.71658494 0.438064676196423
2.717785906 0.4382788431263964
2.7189868710000002 0.43849132443905176
2.720187837 0.43867886450712973
2.721388803 0.4390158078050891
2.7225897690000003 0.4394735338144914
2.723790735 0.4392284020519545
2.724991701 0.43928108834078966
2.726192667 0.43945600117434386
2.727393633 0.43961430150476677
2.728594599 0.439749485766321
2.729795565 0.4398873014323101
2.7309965309999997 0.4399998095242145
2.732197497 0.44009537145950656
2.733398463 0.43997284076110493
2.7345994289999997 0.43972488846728053
2.735800395 0.43976054051496716
2.7370013600000003 0.4397817988893528
2.738202326 0.43980072840079093
2.739403292 0.43981918638200174
2.740604258 0.44014534253930687
2.741805224 0.44035131129182037
2.74300619 0.44034496208331
2.744207156 0.4402334564432232
2.7454081219999997 0.4398243436662693
2.746609088 0.43982078012702114
2.747810054 0.4397995864454119
2.7490110199999997 0.43977008643003684
2.7502119859999996 0.4397326762722395
2.751412952 0.4396785406663542
2.752613918 0.43931751945815983
2.753814884 0.4390919221518486
2.755015849 0.4390788977307362
2.756216815 0.43896350334738393
2.757417781 0.4385713347896497
2.758618747 0.4385866346153245
2.7598197129999997 0.43902963063235817
2.761020679 0.4391821910433225
2.762221645 0.4387655371582324
2.7634226109999998 0.43885813316624
2.764623577 0.43896763144065487
2.7658245430000004 0.4391028250512568
2.767025509 0.4387422655952526
2.768226475 0.4389341078200761
2.769427441 0.43915466576372336
2.7706284070000002 0.4390735378974352
2.771829373 0.43915216109474464
2.773030338 0.4394483078777731
2.7742313039999997 0.4397723610456347
2.7754322699999996 0.4398921579589776
2.7766332360000003 0.4399694507861196
2.777834202 0.4403559249376344
2.779035168 0.4412589342709603
2.7802361340000004 0.4415484233622005
2.7814371 0.44153367213126987
2.782638066 0.44192504930043724
2.783839032 0.4423234132860991
2.7850399980000002 0.4427166589121636
2.786240964 0.44263812239514105
2.78744193 0.44306758236299437
2.788642896 0.4434990187973377
2.789843862 0.4439265139492748
2.7910448270000003 0.44387187708773646
2.792245793 0.4443450617717543
2.793446759 0.444810399373615
2.794647725 0.44491563139620566
2.795848691 0.4451588763452123
2.797049657 0.44556619894421734
2.798250623 0.4460748706291589
2.799451589 0.4465706637136185
2.800652555 0.4465848157146898
2.801853521 0.44684388773752054
2.803054487 0.44707618152575596
2.804255453 0.4471459771617545
2.805456419 0.4469258480654697
2.806657385 0.4470743916261627
2.8078583509999997 0.447195042425687
2.809059316 0.447258855481881
2.810260282 0.44681987430105335
2.811461248 0.44684652050004287
2.812662214 0.4468465144981917
2.81386318 0.4468189886099167
2.815064146 0.44623444333473794
2.816265112 0.44615368656764076
2.817466078 0.44605495479026924
2.8186670439999997 0.4462740264437085
2.81986801 0.4458521109063435
2.821068976 0.4455904199165408
2.8222699419999997 0.44538030995685945
2.823470908 0.44516127610871603
2.8246718740000003 0.44493834704789026
2.825872839 0.444712003961503
2.827073805 0.4444823424626383
2.828274771 0.4442538133055122
2.829475737 0.44402618210355094
2.830676703 0.4437773729545968
2.831877669 0.44351228465083936
2.8330786349999997 0.44325964198647083
2.834279601 0.44301786693338235
2.8354805670000003 0.44279402932380624
2.836681533 0.4422287991202543
2.837882499 0.4418743736051932
2.8390834650000003 0.44170988426456326
2.840284431 0.4417108813230445
2.841485397 0.4419514607570208
2.842686363 0.44185659033222474
2.8438873279999997 0.44178678653737424
2.845088294 0.4417375967622503
2.84628926 0.4417148157035838
2.8474902259999997 0.44171708391880404
2.848691192 0.44174291640394053
2.8498921580000003 0.44178785421550204
2.851093124 0.44161196705583905
2.85229409 0.44143422187844844
2.8534950560000003 0.4412788215022831
2.854696022 0.441143452123649
2.855896988 0.44102496291941096
2.857097954 0.4409210511848648
2.85829892 0.440833050152354
2.859499886 0.44075974236807125
2.860700852 0.44039138776349107
2.861901817 0.4402870367319348
2.863102783 0.4403460640344286
2.8643037490000003 0.4405650366383781
2.865504715 0.44098552587529444
2.866705681 0.44106350374629755
2.867906647 0.44114051980659563
2.869107613 0.4412193675269318
2.870308579 0.44131179001495163
2.871509545 0.4414447548311775
2.872710511 0.4415738062677584
2.873911477 0.4416979021104114
2.875112443 0.44181364641315046
2.8763134089999998 0.44192448597424794
2.877514375 0.44202852990154984
2.878715341 0.44212344644738705
2.879916306 0.4422048269729407
2.881117272 0.4422748533052104
2.882318238 0.44233410008870233
2.883519204 0.4423801824215751
2.88472017 0.4424132381833817
2.885921136 0.4419449044750294
2.8871221019999997 0.44190589319310586
2.888323068 0.44189075352468565
2.889524034 0.441861125164378
2.8907249999999998 0.4418802957639244
2.8919259659999996 0.44192691664577893
2.893126932 0.44245444129017886
2.894327898 0.44246594516073523
2.895528864 0.44245791098505766
2.8967298300000004 0.4424312859804382
2.897930795 0.44238545503688326
2.899131761 0.4423213154874065
2.900332727 0.44220611806518423
2.9015336929999997 0.4419906207856454
2.902734659 0.4417534254533877
2.903935625 0.44149679779205026
2.9051365909999998 0.44121863263375516
2.9063375569999996 0.44092026910032994
2.9075385230000004 0.44060061892133123
2.9087394890000002 0.4402599627230749
2.909940455 0.4398977249159867
2.911141421 0.4390416955360503
2.9123423870000003 0.43869358388133295
2.913543353 0.4383255832004838
2.914744319 0.4379371232816839
2.9159452839999997 0.43753013416371717
2.9171462499999996 0.43710523417410196
2.918347216 0.4366650329428645
2.919548182 0.4362116142886539
2.920749148 0.43564224734058393
2.9219501140000004 0.4349998131455724
2.9231510800000002 0.43434662806786856
2.924352046 0.43368481714809065
2.925553012 0.43301625899588014
2.9267539780000003 0.4327102960992469
2.927954944 0.4321524386061212
2.92915591 0.4314722848969605
2.930356876 0.43075984020728114
2.931557842 0.4299704739314791
2.932758808 0.4291842711832547
2.933959773 0.4284044000689429
2.935160739 0.4276338550943392
2.936361705 0.42687351090020836
2.9375626710000002 0.425838697890667
2.938763637 0.42488229167000535
2.939964603 0.42416383966580457
2.941165569 0.42351730988288816
2.942366535 0.422891576766285
2.943567501 0.4225731613214629
2.944768467 0.4222073015977491
2.945969433 0.42164460511067964
2.947170399 0.4211063018073399
2.948371365 0.42059202007362806
2.9495723309999997 0.42010143882382384
2.950773296 0.4198671094652709
2.9519742620000002 0.4193605685626581
2.953175228 0.41878047010990616
2.954376194 0.4182239797797059
2.95557716 0.4176909593304359
2.956778126 0.4171822095550521
2.957979092 0.41669506903906434
2.959180058 0.41622993904259137
2.9603810239999997 0.415784364436806
2.96158199 0.4153566229795203
2.962782956 0.4149468063619373
2.9639839219999997 0.4145536880793757
2.9651848879999996 0.41417595778037425
2.9663858540000003 0.4138086287473957
2.96758682 0.41345137681970967
2.968787785 0.4131032992084111
2.969988751 0.41276194223776275
2.971189717 0.41248173862811566
2.972390683 0.41220531779635133
2.973591649 0.4119294081142504
2.9747926149999997 0.41165495830429516
2.975993581 0.41232979764160244
2.977194547 0.41205992161444255
2.9783955129999997 0.4117797920481021
2.979596479 0.411495806392935
2.9807974450000003 0.4110593102973243
2.981998411 0.4105429095400641
2.983199377 0.4100201628408849
2.984400343 0.40948961101917297
2.985601309 0.40894906425308863
2.986802274 0.4084011610994185
2.98800324 0.407845745254794
2.9892042059999997 0.4077025448535785
2.990405172 0.40718389173803876
2.9916061380000003 0.4067685154286851
2.992807104 0.4063446082491823
2.99400807 0.4059158063789251
2.9952090360000003 0.4054805159975516
2.996410002 0.4050401991342092
2.997610968 0.4045957261351292
2.998811934 0.40415134590851004
3.0000129 0.4037026135363956
3.001213866 0.40307712087173797
3.002414832 0.40269209377471477
3.003615798 0.40198053952750623
3.004816763 0.40127162174814607
3.0060177290000003 0.4005758466299667
3.007218695 0.40034515949587035
3.008419661 0.3996486557443565
3.009620627 0.39895823973591077
3.010821593 0.3984645884905186
3.012022559 0.3980656886100807
3.013223525 0.39767112388866593
3.014424491 0.39728442835113703
3.015625457 0.3969016758532257
3.016826423 0.39652371869271147
3.018027389 0.3961482912666159
3.019228355 0.3957765237475949
3.020429321 0.3953464693595298
3.021630287 0.39480982063250547
3.022831252 0.39427034600732747
3.024032218 0.39372890055800847
3.025233184 0.3931808521307446
3.02643415 0.3926276213510813
3.027635116 0.39206607922332704
3.0288360819999998 0.391494969790764
3.030037048 0.3909217490445629
3.031238014 0.39066255870504735
3.03243898 0.3903903935210206
3.0336399459999996 0.3901020194480693
3.034840912 0.38979688724583067
3.036041878 0.38949060561308196
3.0372428439999997 0.38959025582595663
3.0384438100000004 0.389222201000178
3.0396447760000003 0.3888333678816372
3.040845741 0.38858031105473323
3.042046707 0.38837127653258474
3.0432476729999998 0.3881354943003353
3.044448639 0.38787729148846367
3.045649605 0.3875952334051739
3.046850571 0.387291054273241
3.0480515369999996 0.38698472779529525
3.049252503 0.38701667817220275
3.0504534690000003 0.38660712535334596
3.051654435 0.3861092767371966
3.052855401 0.38559812532125504
3.0540563670000003 0.3850736345076688
3.055257333 0.3845415800183134
3.056458299 0.384000519849953
3.0576592639999998 0.38345663166267935
3.0588602299999996 0.3829102712093041
3.060061196 0.38238775143547354
3.061262162 0.3822464554805617
3.062463128 0.3821149557233609
3.0636640940000004 0.3819950267320509
3.0648650600000003 0.38189020213626207
3.066066026 0.3822592765055804
3.067266992 0.38219453858235053
3.0684679580000003 0.3823558800230506
3.069668924 0.38256981720247457
3.07086989 0.3824215175957402
3.072070856 0.38224049022267614
3.073271822 0.3820946593041799
3.074472788 0.3819807416388208
3.0756737530000002 0.38190222213789093
3.076874719 0.3818567316531778
3.078075685 0.3818471061272007
3.0792766510000003 0.38187152590859746
3.080477617 0.3820618127364093
3.081678583 0.3824853611246151
3.0828795490000003 0.38293211512581526
3.084080515 0.38340187994793634
3.085281481 0.3838866257993962
3.086482447 0.3843834967075195
3.087683413 0.3848806381897742
3.088884379 0.38537195601131913
3.090085345 0.38585133065011923
3.0912863109999997 0.3864087938328787
3.092487277 0.3869255348759601
3.0936882420000003 0.38770330133642694
3.094889208 0.388235285137536
3.096090174 0.38853137553977724
3.09729114 0.3887191939364839
3.098492106 0.38877199932272366
3.099693072 0.388672909733643
3.100894038 0.38826594191357666
3.1020950039999997 0.38760659363249844
3.10329597 0.3867098488331124
3.104496936 0.38555083572541604
3.1056979019999997 0.3840962579220353
3.106898868 0.38230919242155004
3.108099834 0.3801651588874712
3.1093008 0.37763269627326124
3.110501766 0.37472064547942424
3.111702731 0.37141917701060867
3.112903697 0.3676426222022533
3.114104663 0.36335864503709875
3.115305629 0.3585472875223699
3.1165065949999997 0.3532000239745931
3.117707561 0.3473071769275353
3.118908527 0.3408537682268463
3.1201094929999997 0.333917504693554
3.1213104589999996 0.3269647286544992
3.1225114250000003 0.31912411366437227
3.123712391 0.31077511611800507
3.124913357 0.3019562214867844
3.126114323 0.29270946515028545
3.127315289 0.2830737906826118
3.128516255 0.27310951333295913
3.12971722 0.2628785197284999
3.1309181859999997 0.2523839276120101
3.132119152 0.2417323430329529
3.133320118 0.23101210726687227
3.134521084 0.2202884691932475
3.13572205 0.209619610786157
3.1369230160000003 0.19906727649751346
3.138123982 0.18869054396292825
3.139324948 0.17853472174354346
3.140525914 0.16866467442240585
3.14172688 0.15912223945562975
3.142927846 0.14991154791948072
3.144128812 0.14105403162367589
3.145329778 0.1325693138954864
3.146530744 0.12447334648135261
3.1477317090000003 0.11687323056393795
3.148932675 0.10959821194669468
3.150133641 0.10268035900307022
3.151334607 0.09615532209349524
3.152535573 0.0900123499776996
3.153736539 0.0842424046438981
3.154937505 0.07883209433829554
3.1561384710000002 0.0737655953806642
3.157339437 0.06902865331372861
3.158540403 0.06460415927386919
3.159741369 0.0604788324110423
3.160942335 0.05662749338534246
3.162143301 0.05303991294350854
3.163344267 0.04969972016287092
3.1645452329999997 0.04659128925577533
3.165746198 0.043701785886875844
3.166947164 0.04101429173990796
3.16814813 0.03851647220844764
3.169349096 0.03619280740565112
3.170550062 0.034041569586728285
3.171751028 0.03205037073517966
3.172951994 0.03023211499171968
3.17415296 0.028508719513755342
3.1753539259999997 0.02690110027662434
3.176554892 0.02540531620350528
3.177755858 0.02401135247012569
3.1789568239999997 0.02271259328535397
3.18015779 0.021500233511060632
3.1813587560000003 0.02036391490477388
3.182559721 0.019304044262013046
3.183760687 0.01831343979195214
3.184961653 0.017389260004948094
3.186162619 0.01652424737099424
3.187363585 0.015715186929767585
3.188564551 0.01495767496116404
3.1897655169999997 0.014247629237910316
3.190966483 0.013583100749519449
3.192167449 0.012958711527263666
3.193368415 0.012373330438096871
3.194569381 0.011822285700665734
3.1957703470000003 0.01130419826991034
3.196971313 0.010816629661717765
3.198172279 0.010368537637475257
3.1993732450000003 0.009933977696492428
3.20057421 0.009520803567527087
3.201775176 0.00913010687993944
3.202976142 0.008759969262235703
3.2041771079999997 0.008409305282164454
3.2053780740000004 0.008077309356509448
3.2065790400000003 0.007761012778823942
3.207780006 0.007461133626467667
3.208980972 0.00717525595682133
3.2101819380000003 0.006904092722402907
3.211382904 0.006644813590566653
3.21258387 0.006391823326647942
3.213784836 0.006152006948795357
3.214985802 0.005924316219674489
3.216186768 0.005706827899934481
3.217387734 0.0054972083465405245
3.218588699 0.005295658723879488
3.219789665 0.00510223110843422
3.2209906310000003 0.004916678680279895
3.222191597 0.004744513363602344
3.223392563 0.00457117344839959
3.2245935290000003 0.004403805366455967
3.225794495 0.004241717510644248
3.226995461 0.004084849006689977
3.228196427 0.003933587309911337
3.229397393 0.0037856426846666997
3.230598359 0.0036420129012478568
3.231799325 0.0035013106877218947
3.2330002909999997 0.003365175908169948
3.234201257 0.0032335515038392102
3.235402223 0.0031047804883073717
3.236603188 0.002980097647638528
3.237804154 0.0028579154879367235
3.23900512 0.0027396226244239094
3.240206086 0.002624519514720142
3.241407052 0.002512153108415378
3.242608018 0.00240361556814284
3.2438089839999997 0.0022967880987179367
3.24500995 0.0021965486547581288
3.246210916 0.0020972539838460627
3.2474118819999997 0.0020015923061025374
3.248612848 0.001909568370555183
3.249813814 0.0018193802984593046
3.2510147799999998 0.0017330035641504034
3.252215746 0.0016494947344035432
3.2534167120000004 0.0015701609984827255
3.254617677 0.0014945628415583589
3.255818643 0.0014208982264948338
3.257019609 0.0013506430128957013
3.2582205749999997 0.001282581577108533
3.259421541 0.001217789066813318
3.260622507 0.0011560782341963826
3.2618234729999998 0.0010964705551858391
3.2630244389999996 0.001039629571802289
3.2642254050000004 0.0009839510095987728
3.265426371 0.0009309653888463061
3.266627337 0.000880414085212907
3.267828303 0.0008327043484334075
3.2690292690000002 0.0007875098675899595
3.270230235 0.0007437748242344998
3.271431201 0.0007025112522782976
3.2726321659999997 0.0006634085170977742
3.273833132 0.0006262919474216462
3.275034098 0.0005919803165731357
3.2762350639999998 0.0005589119312282215
3.27743603 0.0005282991940952207
3.2786369960000004 0.000499177961347998
3.279837962 0.0004711381457262033
3.281038928 0.0004454972773733478
3.282239894 0.00042077940546985564
3.2834408600000002 0.00039810845175648524
3.284641826 0.0003768657163157847
3.285842792 0.0003573565095800194
3.287043758 0.00033999277939193793
3.288244724 0.0003230641497357237
3.2894456890000003 0.0003081048487672403
3.290646655 0.00029381035353680994
3.291847621 0.00028006254764378804
3.2930485870000004 0.00026747877359556015
3.294249553 0.00025458254145250555
3.295450519 0.00024238964006387275
3.296651485 0.00023061328532095884
3.2978524510000002 0.00021934122433078484
3.299053417 0.00020895258134835554
3.300254383 0.00019843755479359581
3.301455349 0.0001889316706145737
3.302656315 0.00017989083216805703
3.303857281 0.00017119002791643665
3.305058247 0.0001639127851326887
3.3062592129999997 0.00015658310196857482
3.307460178 0.0001500442646839987
3.308661144 0.00014390337331631603
3.30986211 0.0001380326226262482
3.311063076 0.0001328678961768736
3.312264042 0.00012756219256656527
3.313465008 0.00012295805173465012
3.314665974 0.00011882509306233811
3.31586694 0.00011485483763298917
3.317067906 0.00011210173533140529
3.318268872 0.0001094648531047924
3.319469838 0.00010699191287978123
3.3206708039999997 0.00010463569980639427
3.32187177 0.00010251319602334893
3.323072736 0.00010165123091404324
3.324273702 9.986083906468536e-05
3.325474667 9.733201339666803e-05
3.326675633 9.489243285064478e-05
3.327876599 9.22792299032582e-05
3.329077565 9.027290509040973e-05
3.330278531 8.814303862336857e-05
3.3314794969999997 8.539842492626721e-05
3.332680463 8.258502511178042e-05
3.333881429 7.984964739500222e-05
3.3350823949999997 7.791235494552406e-05
3.336283361 7.564471826713244e-05
3.3374843270000003 7.327544202776062e-05
3.338685293 7.142910108860817e-05
3.339886259 6.949598885259174e-05
3.3410872250000003 6.808818325171968e-05
3.342288191 6.669409701110013e-05
3.343489156 6.447566451577004e-05
3.344690122 6.270546327649811e-05
3.3458910879999997 6.113391471289738e-05
3.347092054 5.948356368775518e-05
3.3482930200000003 5.773943076570238e-05
3.349493986 5.5769145558809405e-05
3.350694952 5.422486173034198e-05
3.3518959180000003 5.2794401071961846e-05
3.353096884 5.16437325613294e-05
3.35429785 5.069141735136203e-05
3.355498816 4.9332686617761055e-05
3.356699782 4.796839769965912e-05
3.357900748 4.6572751794549256e-05
3.359101714 4.513414228381607e-05
3.3603026799999998 4.40273993683531e-05
3.361503645 4.3038540462018316e-05
3.3627046110000003 4.237283855740364e-05
3.363905577 4.1966767372472855e-05
3.365106543 4.137908578588916e-05
3.3663075090000003 4.1270937199326733e-05
3.367508475 4.1771473493061115e-05
3.368709441 4.2224657583367533e-05
3.369910407 4.246320787631429e-05
3.371111373 4.229064153672979e-05
3.372312339 4.191629223621234e-05
3.373513305 4.177716275486359e-05
3.3747142709999998 4.214186823929711e-05
3.375915237 4.265248720132355e-05
3.377116203 4.260103208816825e-05
3.378317169 4.2486769316382286e-05
3.379518134 4.31255475356014e-05
3.3807191 4.4303702857631694e-05
3.381920066 4.537027821194421e-05
3.383121032 4.5673738971482985e-05
3.384321998 4.536655177802851e-05
3.3855229639999997 4.517410077775453e-05
3.38672393 4.5245474207336536e-05
3.387924896 4.584789033697831e-05
3.3891258619999998 4.6403976287180415e-05
3.390326828 4.611664245250431e-05
3.391527794 4.5395388103519017e-05
3.39272876 4.550516333344212e-05
3.3939297259999996 4.6188605605059474e-05
3.3951306920000004 4.702041570664599e-05
3.3963316580000003 4.759499891052419e-05
3.397532623 4.800804938977992e-05
3.398733589 4.8556256606268746e-05
3.3999345549999997 4.962506402142646e-05
3.401135521 5.120469282507537e-05
3.402336487 5.2337736450154397e-05
3.4035374529999998 5.2961575757755386e-05
3.4047384189999996 5.3631175972017145e-05
3.405939385 5.477596652759431e-05
3.407140351 5.5781438271928555e-05
3.408341317 5.6627382376014456e-05
3.4095422830000004 5.8008447321801925e-05
3.4107432490000003 5.9790323359234105e-05
3.411944215 6.214443477058116e-05
3.413145181 6.477705807836978e-05
3.4143461459999997 6.68683390007583e-05
3.415547112 6.833559279951502e-05
3.416748078 6.976794565415169e-05
3.4179490439999998 7.109419698148683e-05
3.4191500099999996 7.225681955094999e-05
3.4203509760000004 7.320186074182367e-05
3.4215519420000002 7.381648021061338e-05
3.422752908 7.45113875505955e-05
3.423953874 7.566606822058557e-05
3.4251548400000003 7.746420454441464e-05
3.426355806 7.886410074263697e-05
3.427556772 7.959449807079027e-05
3.428757738 8.033838957263946e-05
3.429958704 8.108049948735948e-05
3.43115967 8.261439007831814e-05
3.432360635 8.464036665490437e-05
3.433561601 8.562518142494906e-05
3.4347625670000004 8.607858147468921e-05
3.4359635330000002 8.708065486548073e-05
3.437164499 8.788666458226363e-05
3.438365465 8.856413645505143e-05
3.4395664310000003 8.909763699745936e-05
3.440767397 8.846177134107041e-05
3.441968363 8.791593979295106e-05
3.443169329 8.812172813504566e-05
3.444370295 8.855569129206226e-05
3.445571261 8.89175104551769e-05
3.446772227 8.931531218727906e-05
3.4479731929999997 9.037718688034869e-05
3.449174159 9.176063483071246e-05
3.4503751240000002 9.237418668904685e-05
3.45157609 9.273460156106828e-05
3.452777056 9.23072172572379e-05
3.453978022 9.150996994417312e-05
3.455178988 9.14705966683545e-05
3.456379954 9.128561002629336e-05
3.45758092 9.054999537502304e-05
3.458781886 9.001944633988547e-05
3.459982852 8.940615827068302e-05
3.461183818 8.905177283712715e-05
3.4623847839999997 8.948017142885466e-05
3.46358575 8.975862480109644e-05
3.464786716 9.019435142767286e-05
3.4659876819999997 9.067812296404883e-05
3.467188648 9.043485391840808e-05
3.468389613 9.021252302149312e-05
3.469590579 8.992374383024473e-05
3.470791545 8.940847794857986e-05
3.471992511 8.941238781258248e-05
3.4731934769999997 8.915274986221911e-05
3.474394443 8.83174961314337e-05
3.475595409 8.736261142722841e-05
3.4767963749999997 8.61397224561498e-05
3.4779973409999996 8.528209913752276e-05
3.4791983070000003 8.500838991081999e-05
3.480399273 8.462922870666073e-05
3.481600239 8.431618841519581e-05
3.4828012050000003 8.389879823598618e-05
3.484002171 8.36293785000906e-05
3.485203137 8.421622520083709e-05
3.486404102 8.429299832587985e-05
3.4876050679999997 8.373883449292583e-05
3.488806034 8.322893606542047e-05
3.490007 8.186511617885594e-05
3.491207966 8.071940237379857e-05
3.492408932 8.020699127707073e-05
3.4936098980000003 7.877821628856052e-05
3.494810864 7.755143782235835e-05
3.49601183 7.719309291772038e-05
3.497212796 7.662734096898453e-05
3.498413762 7.674439908657703e-05
3.499614728 7.688159687592184e-05
3.500815694 7.568723779149684e-05
3.50201666 7.50219700822141e-05
3.503217626 7.464137490991687e-05
3.5044185910000003 7.356302461827733e-05
3.505619557 7.315055020229563e-05
3.506820523 7.26409595485886e-05
3.5080214890000003 7.224989364023446e-05
3.509222455 7.355266098865269e-05
3.510423421 7.477297272967893e-05
3.511624387 7.508576170725944e-05
3.512825353 7.563478111718867e-05
3.514026319 7.541787006811754e-05
3.515227285 7.487075028707836e-05
3.516428251 7.481932679903484e-05
3.517629217 7.341666427045157e-05
3.518830183 7.11617950673732e-05
3.520031149 6.963354995404858e-05
3.521232114 6.811731111327665e-05
3.52243308 6.700742737305584e-05
3.523634046 6.641208701585746e-05
3.524835012 6.563564186278217e-05
3.526035978 6.551567056566376e-05
3.527236944 6.566166919693638e-05
3.52843791 6.531080803428454e-05
3.529638876 6.519600137626568e-05
3.530839842 6.468400146507962e-05
3.532040808 6.369394668249059e-05
3.533241774 6.349128289408956e-05
3.53444274 6.303802910885258e-05
3.5356437059999997 6.181919990768424e-05
3.536844672 6.074720873415858e-05
3.5380456380000003 5.9333635441756996e-05
3.539246603 5.835073730631599e-05
3.540447569 5.875767281819126e-05
3.5416485349999998 5.880872878555697e-05
3.542849501 5.869594266584383e-05
3.544050467 5.9198399088609285e-05
3.545251433 5.9395047983617354e-05
3.5464523989999996 6.024556513531085e-05
3.547653365 6.173010057051823e-05
3.548854331 6.184682268053064e-05
3.5500552969999997 6.157370553465164e-05
3.5512562630000004 6.156248301883483e-05
3.5524572290000003 6.0637527247008174e-05
3.553658195 5.997358840285801e-05
3.554859161 5.977286292781346e-05
3.5560601270000003 5.9104050905633375e-05
3.557261092 5.950675258303282e-05
3.558462058 6.004984546377334e-05
3.559663024 5.931421064069129e-05
3.5608639899999996 5.943067400746333e-05
3.562064956 6.0182362946961535e-05
3.5632659220000003 6.054983982070432e-05
3.564466888 6.134653556199088e-05
3.565667854 6.126925779720195e-05
3.5668688200000003 6.030359741472386e-05
3.568069786 6.09210412968957e-05
3.569270752 6.228783569325622e-05
3.570471718 6.312214918789242e-05
3.571672684 6.434157803634492e-05
3.57287365 6.476436042541574e-05
3.574074616 6.485443582628476e-05
3.575275581 6.604461449933089e-05
3.5764765470000004 6.642325159645782e-05
3.5776775130000003 6.588421010937057e-05
3.578878479 6.579419744666241e-05
3.580079445 6.509787893121265e-05
3.5812804110000003 6.40596398798027e-05
3.582481377 6.36298662600163e-05
3.583682343 6.253075761608133e-05
3.584883309 6.141398788935348e-05
3.586084275 6.140258744684963e-05
3.587285241 6.105639001311553e-05
3.588486207 6.0386187049996166e-05
3.5896871729999997 6.022212249943021e-05
3.590888139 5.9333549942685245e-05
3.592089105 5.841366515335255e-05
3.59329007 5.866400096625099e-05
3.594491036 5.8378343871930235e-05
3.595692002 5.788166306714045e-05
3.596892968 5.8341185293367756e-05
3.598093934 5.786246439687033e-05
3.5992949 5.724635285882296e-05
3.600495866 5.811905942809724e-05
3.601696832 5.834414417675577e-05
3.602897798 5.801130025009798e-05
3.6040987639999997 5.828293174303429e-05
3.60529973 5.753164933088059e-05
3.606500696 5.649200139239644e-05
3.6077016619999998 5.676602284399689e-05
3.6089026279999996 5.643440447414647e-05
3.6101035940000004 5.524022723885118e-05
3.611304559 5.46349989238869e-05
3.612505525 5.3453692799149285e-05
3.613706491 5.246309174015941e-05
3.6149074569999997 5.304382999834327e-05
3.616108423 5.3326778411432457e-05
3.617309389 5.3286173485749595e-05
3.6185103549999997 5.4133734048563664e-05
3.619711321 5.448640324278041e-05
3.620912287 5.461742455738394e-05
3.622113253 5.57281258432088e-05
3.623314219 5.593349170437457e-05
3.6245151850000004 5.543053325648663e-05
3.625716151 5.589296993074451e-05
3.626917117 5.5541716872576006e-05
3.628118082 5.485608326300578e-05
3.6293190479999997 5.560372055085944e-05
3.630520014 5.632713501264655e-05
3.63172098 5.639673261286638e-05
3.6329219459999997 5.7222996584628835e-05
3.6341229119999996 5.749441658816608e-05
3.6353238780000003 5.6676276417103356e-05
3.636524844 5.7178093104908346e-05
3.63772581 5.7875261285013256e-05
3.638926776 5.785825996551312e-05
3.640127742 5.895654847681134e-05
3.641328708 6.0317699066395014e-05
3.642529674 6.119896094075459e-05
3.6437306400000002 6.333511667022608e-05
3.644931606 6.542934248653161e-05
3.646132571 6.649731670038946e-05
3.647333537 6.851758866510463e-05
3.648534503 7.047724562449655e-05
3.6497354690000003 7.117893296048652e-05
3.650936435 7.224358503762458e-05
3.652137401 7.383453223044396e-05
3.653338367 7.454290264808658e-05
3.6545393330000002 7.574565221119965e-05
3.655740299 7.743642596536459e-05
3.656941265 7.734829376472224e-05
3.658142231 7.725266857939717e-05
3.659343197 7.81852329385651e-05
3.660544163 7.831359655459921e-05
3.661745129 7.875533706287314e-05
3.6629460949999997 8.002690620793757e-05
3.66414706 7.980879346967109e-05
3.665348026 7.917333851105498e-05
3.666548992 7.92770264802292e-05
3.667749958 7.877940451122145e-05
3.6689509240000002 7.760325079664662e-05
3.67015189 7.69381457286064e-05
3.671352856 7.558584206395413e-05
3.672553822 7.381572500164357e-05
3.673754788 7.408099972471998e-05
3.674955754 7.457334620575026e-05
3.67615672 7.42163217113913e-05
3.6773576859999997 7.486733593752232e-05
3.678558652 7.55379696941243e-05
3.679759618 7.561631389190624e-05
3.680960584 7.618702666981656e-05
3.682161549 7.621779725961915e-05
3.683362515 7.514756160964536e-05
3.684563481 7.461587870510334e-05
3.685764447 7.46191248489834e-05
3.686965413 7.329910074851584e-05
3.6881663789999997 7.186149499184894e-05
3.689367345 7.124423368166406e-05
3.690568311 6.993805239228251e-05
3.6917692769999997 6.922268758631408e-05
3.6929702430000004 6.937471866155372e-05
3.6941712090000003 6.859823611064274e-05
3.695372175 6.806343281811894e-05
3.696573141 6.87077464876807e-05
3.6977741070000003 6.931451177310613e-05
3.698975073 6.978877715348617e-05
3.700176038 7.130810281403481e-05
3.701377004 7.259255256112607e-05
3.7025779699999997 7.27504012452696e-05
3.703778936 7.368521402488225e-05
3.704979902 7.399722511388629e-05
3.706180868 7.31594323963703e-05
3.707381834 7.334836283432203e-05
3.7085828000000003 7.330283900832114e-05
3.709783766 7.18195447461825e-05
3.710984732 7.032984435024079e-05
3.712185698 6.978442387387054e-05
3.713386664 6.917993504346947e-05
3.71458763 6.915332692886319e-05
3.715788596 7.006157773809993e-05
3.716989562 6.918861096055324e-05
3.7181905270000004 6.790429735986063e-05
3.7193914930000003 6.780467215831734e-05
3.720592459 6.67721541992174e-05
3.721793425 6.476645252268909e-05
3.7229943910000003 6.31526819790369e-05
3.724195357 6.197092373196127e-05
3.725396323 6.072370177782077e-05
3.726597289 6.07033216579049e-05
3.727798255 6.112624900486726e-05
3.728999221 6.022549111069772e-05
3.730200187 6.040296368885842e-05
3.7314011529999997 6.116270788057404e-05
3.732602119 6.08133370265684e-05
3.733803085 6.0091798395358524e-05
3.7350040509999998 5.966648943278655e-05
3.736205016 5.8970848621864294e-05
3.7374059820000003 5.813657950210589e-05
3.738606948 5.893401978954038e-05
3.739807914 5.9487701881885174e-05
3.74100888 5.926883440855445e-05
3.742209846 5.992567993771659e-05
3.743410812 6.036375192127808e-05
3.744611778 6.027683627963981e-05
3.7458127439999997 6.0573289154964185e-05
3.74701371 6.093134178296808e-05
3.748214676 5.9677688418608914e-05
3.7494156419999998 5.7876374163645616e-05
3.7506166079999996 5.7323971465146126e-05
3.751817574 5.641067812819222e-05
3.753018539 5.6235180638209515e-05
3.754219505 5.697297533109058e-05
3.755420471 5.7088226794245025e-05
3.7566214369999997 5.664872053482223e-05
3.757822403 5.7100866527565406e-05
3.759023369 5.826040979149963e-05
3.7602243349999998 5.838388255316371e-05
3.761425301 5.896288475344095e-05
3.762626267 5.887461032292929e-05
3.7638272329999998 5.6933013139391734e-05
3.765028199 5.5206194430928124e-05
3.7662291650000004 5.4602718049471746e-05
3.7674301310000002 5.435184289687549e-05
3.768631097 5.388266971151412e-05
3.769832063 5.418418358625723e-05
3.7710330279999997 5.341059809880314e-05
3.772233994 5.193951467336976e-05
3.77343496 5.234550069177768e-05
3.7746359259999998 5.349322396511437e-05
3.7758368919999996 5.4052380831853585e-05
3.7770378580000004 5.418370982249742e-05
3.778238824 5.447811544066052e-05
3.77943979 5.401100795981245e-05
3.780640756 5.3976280635179476e-05
3.7818417220000002 5.4988296071366706e-05
3.783042688 5.472040717728875e-05
3.784243654 5.364898623431416e-05
3.7854446200000003 5.2855337912316504e-05
3.786645586 5.212417187972963e-05
3.787846552 5.04039512257049e-05
3.7890475169999998 4.934244868137799e-05
3.790248483 4.90997348207643e-05
3.7914494490000004 4.8101830494020775e-05
3.792650415 4.7813570545863055e-05
3.793851381 4.81179217919986e-05
3.795052347 4.798139827926816e-05
3.7962533130000002 4.728780330137868e-05
3.797454279 4.792658312854123e-05
3.798655245 4.843168248784256e-05
3.799856211 4.733537176241772e-05
3.801057177 4.6897658373301496e-05
3.802258143 4.678141572024418e-05
3.803459109 4.63407689608288e-05
3.8046600749999997 4.593254364275475e-05
3.805861041 4.650876426490279e-05
3.807062006 4.5875336898726836e-05
3.808262972 4.4483416047213426e-05
3.809463938 4.4605065518636676e-05
3.8106649040000002 4.4831198719565066e-05
3.81186587 4.445551229109321e-05
3.813066836 4.411246291876813e-05
3.814267802 4.464478736270216e-05
3.815468768 4.403335730260849e-05
3.816669734 4.374759573732864e-05
3.8178707 4.457705551221413e-05
3.8190716659999997 4.467644056803649e-05
3.820272632 4.3999978912605324e-05
3.821473598 4.3604641482340674e-05
3.8226745639999997 4.387874999266327e-05
3.8238755299999996 4.2926904524000834e-05
3.825076495 4.304658119940837e-05
3.826277461 4.407178586585911e-05
3.827478427 4.459523388652599e-05
3.828679393 4.4802714044571384e-05
3.829880359 4.565559525643486e-05
3.831081325 4.665857979022797e-05
3.832282291 4.6362649073830864e-05
3.8334832569999997 4.6945800379029484e-05
3.834684223 4.747364371913886e-05
3.835885189 4.715624844821635e-05
3.837086155 4.663714410373657e-05
3.838287121 4.728084562284499e-05
3.8394880870000003 4.7615591578379406e-05
3.840689053 4.690749607767132e-05
3.841890019 4.6885605787270854e-05
3.843090984 4.672239203617141e-05
3.8442919499999997 4.616751921634616e-05
3.845492916 4.59010475973427e-05
3.846693882 4.673071801563484e-05
3.8478948479999997 4.640367414824057e-05
3.849095814 4.599095178011352e-05
3.8502967800000003 4.6694806761529425e-05
3.851497746 4.7682702084965017e-05
3.852698712 4.808164477387919e-05
3.8538996780000003 4.8712529631227917e-05
3.855100644 5.006129472269649e-05
3.85630161 5.046191467955308e-05
3.857502576 5.147778091375485e-05
3.858703542 5.325863039760055e-05
3.859904507 5.4939754873671916e-05
3.8611054730000003 5.535282425708858e-05
3.862306439 5.642456533878374e-05
3.863507405 5.7623272024224076e-05
3.8647083710000003 5.74870240272513e-05
3.865909337 5.696938040731105e-05
3.867110303 5.6671565509878935e-05
3.868311269 5.626174463841686e-05
3.869512235 5.5224565300248674e-05
3.870713201 5.539429171674624e-05
3.871914167 5.5204732937118504e-05
3.8731151329999998 5.404655080238625e-05
3.874316099 5.279480571789404e-05
3.875517065 5.297209009925898e-05
3.876718031 5.2983376219659915e-05
3.877918996 5.23454568854881e-05
3.8791199620000003 5.214118368263063e-05
3.880320928 5.173986514946759e-05
3.881521894 5.067784427179159e-05
3.88272286 4.974772391340389e-05
3.883923826 4.994206207559018e-05
3.885124792 4.904206032455349e-05
3.886325758 4.767140075392174e-05
3.8875267239999998 4.6660732888913725e-05
3.88872769 4.6178030305023143e-05
3.889928656 4.467418780059812e-05
3.891129622 4.3513734499647927e-05
3.8923305879999996 4.291326225547354e-05
3.893531554 4.1424413930573095e-05
3.89473252 3.939176225923545e-05
3.895933485 3.7875748576045564e-05
3.897134451 3.682153955709529e-05
3.8983354169999997 3.479240112506535e-05
3.899536383 3.344655555763707e-05
3.900737349 3.284088127935838e-05
3.9019383149999998 3.2518161865328354e-05
3.903139281 3.178633576119996e-05
3.904340247 3.189623574398415e-05
3.905541213 3.206576119930383e-05
3.9067421789999996 3.169580802577976e-05
3.9079431450000004 3.149442882437169e-05
3.9091441110000003 3.185899509564969e-05
3.910345077 3.1767508081138044e-05
3.911546043 3.111259906771051e-05
3.9127470090000003 3.115583290277155e-05
3.913947974 3.150918534662837e-05
3.91514894 3.112709944255526e-05
3.9163499059999998 3.032158079537508e-05
3.9175508719999996 3.0289492270482435e-05
3.918751838 3.016302667781277e-05
3.9199528040000002 2.9705923466516863e-05
3.92115377 2.908026088705784e-05
3.922354736 2.861116953030171e-05
3.9235557020000003 2.7161387416329418e-05
3.924756668 2.595374614293073e-05
3.925957634 2.517687089770988e-05
3.9271586000000003 2.4458813312634063e-05
3.928359566 2.2769508447351403e-05
3.929560532 2.158729481394655e-05
3.930761498 2.1203790311937658e-05
3.9319624629999996 2.075565493000952e-05
3.9331634290000004 2.0649909908778117e-05
3.9343643950000002 2.149451308520588e-05
3.935565361 2.3107427987870547e-05
3.936766327 2.414749559171413e-05
3.9379672930000003 2.5704457388324254e-05
3.939168259 2.7410608747139472e-05
3.940369225 2.8515105818507484e-05
3.941570191 2.8731320051085098e-05
3.942771157 2.8847719849518864e-05
3.943972123 2.876736107260142e-05
3.945173089 2.763499891688096e-05
3.946374055 2.5930761416952408e-05
3.947575021 2.5137953672707848e-05
3.948775987 2.4414932521524802e-05
3.949976952 2.356117868404638e-05
3.951177918 2.328596020941631e-05
3.9523788840000003 2.3851046097236406e-05
3.95357985 2.3901778592678784e-05
3.954780816 2.3860414283564053e-05
3.955981782 2.4335583096184855e-05
3.957182748 2.4526994954391227e-05
3.958383714 2.405798941906557e-05
3.95958468 2.3757549474383175e-05
3.9607856459999997 2.3821757013760096e-05
3.961986612 2.3471511562269893e-05
3.963187578 2.2960043994691483e-05
3.9643885439999997 2.2919252907004477e-05
3.9655895099999996 2.3050095707647714e-05
3.9667904760000003 2.2775645035335974e-05
3.967991441 2.2824396126838092e-05
3.969192407 2.3956062506812974e-05
3.970393373 2.528042652533991e-05
3.971594339 2.563294175837083e-05
3.972795305 2.5918188297846253e-05
3.973996271 2.6164084975975833e-05
3.9751972369999997 2.6338159930161763e-05
3.976398203 2.6218559964070676e-05
3.977599169 2.635750156269081e-05
3.9788001349999997 2.5964765287109238e-05
3.980001101 2.4936440145349722e-05
3.9812020670000003 2.4133656228927664e-05
3.982403033 2.3785164911811525e-05
3.983603999 2.3310371359033028e-05
3.984804964 2.2429996716236298e-05
3.9860059299999997 2.162311318512016e-05
3.987206896 2.1283273514047222e-05
3.988407862 2.0691634056465032e-05
3.9896088279999997 2.0063001451358545e-05
3.9908097939999996 1.9722884233597165e-05
3.9920107600000003 1.976142000796749e-05
3.993211726 1.9263230413579087e-05
3.994412692 1.8988581060319233e-05
3.9956136580000003 1.9112511490179953e-05
3.996814624 1.913636380382174e-05
3.99801559 1.850086711065399e-05
3.999216556 1.811188296259779e-05
4.000417522 1.8186572013882067e-05
4.001618488 1.8114097717252055e-05
4.002819453 1.8264179078966272e-05
4.004020419 1.8778667400017445e-05
4.005221385 1.937294282859195e-05
4.006422351 1.9316582507517532e-05
4.007623317 1.9153763851434535e-05
4.008824283 1.9525715859477396e-05
4.010025249 2.0145561701009965e-05
4.011226215 2.0514560113783903e-05
4.012427181 2.107585904129167e-05
4.0136281469999995 2.206988997356847e-05
4.014829112999999 2.3080459473130112e-05
4.016030079 2.3829382954260485e-05
4.017231045 2.466455763932727e-05
4.018432011 2.5153101039743475e-05
4.0196329770000006 2.4893811041628748e-05
4.020833942 2.4084594748674055e-05
4.022034908 2.331956842517114e-05
4.023235874 2.243423169389736e-05
4.02443684 2.094239275268718e-05
4.025637806 1.933604715257265e-05
4.026838772 1.826590720471327e-05
4.028039738 1.7832158318669712e-05
4.029240704 1.758532202259133e-05
4.03044167 1.7580041514127064e-05
4.031642636 1.7792801363207714e-05
4.032843602 1.776073609898299e-05
4.034044568 1.7788066691748583e-05
4.035245534 1.8230992764069018e-05
4.0364465 1.8841297114820263e-05
4.037647466 1.8966110602663795e-05
4.038848431 1.8802911136576388e-05
4.040049397000001 1.9134886250247838e-05
4.0412503630000005 1.9796715890113647e-05
4.042451329 2.0241553476671817e-05
4.043652295 2.0333537574240846e-05
4.044853261 2.0611634808561365e-05
4.046054227 2.096681565041681e-05
4.047255193 2.1090438504097572e-05
4.048456159 2.1149141868295727e-05
4.049657125 2.1149075941500217e-05
4.050858091 2.1014943937297923e-05
4.052059057 2.0865166043407045e-05
4.053260023 2.1167020423731576e-05
4.054460989 2.179407721571697e-05
4.055661955 2.2265589207260908e-05
4.05686292 2.2438723218926977e-05
4.058063886 2.261464721782408e-05
4.059264852 2.269381309201814e-05
4.060465818 2.242184119832594e-05
4.061666784 2.1930327162026066e-05
4.06286775 2.1532946209017585e-05
4.064068716 2.1101569898541414e-05
4.065269682 2.029208940567874e-05
4.066470648 1.936053974488291e-05
4.067671614 1.861004409803927e-05
4.06887258 1.7974424500712628e-05
4.070073546 1.7290133414671426e-05
4.071274512 1.6787580763344846e-05
4.072475477999999 1.671809549609102e-05
4.073676444 1.683922490454838e-05
4.074877409 1.697533838817406e-05
4.076078375 1.7305766060955716e-05
4.077279341 1.7915434429778654e-05
4.0784803069999995 1.839993272536435e-05
4.079681273 1.848840058567283e-05
4.080882239 1.8312377038755465e-05
4.082083205 1.7995243543877332e-05
4.083284171 1.7280370656941762e-05
4.084485137 1.634531392777197e-05
4.085686103 1.5495339258054842e-05
4.086887069 1.4968333731045364e-05
4.088088035 1.4439819844644252e-05
4.089289001 1.3900546852742062e-05
4.090489967 1.341295436854945e-05
4.091690932 1.3134202293084644e-05
4.0928918979999995 1.3013129862936489e-05
4.094092864 1.3299451560758682e-05
4.09529383 1.3732026597610523e-05
4.096494796 1.427729541790634e-05
4.097695762 1.4801950334876935e-05
4.098896728 1.5777845287211132e-05
4.1000976940000005 1.6847890627076463e-05
4.10129866 1.764511203673538e-05
4.102499626 1.745620445855482e-05
4.103700592 1.6981923370487238e-05
4.104901558 1.646825577433588e-05
4.106102524 1.625172532853053e-05
4.1073034900000005 1.5916470697282666e-05
4.1085044559999995 1.562073569417404e-05
4.109705420999999 1.5404474378466244e-05
4.110906387 1.5344666179214383e-05
4.112107353000001 1.5368531667239096e-05
4.113308319 1.5396104165659652e-05
4.1145092850000005 1.531727910020876e-05
4.115710251 1.4905173672717816e-05
4.116911217 1.4603418913182108e-05
4.118112183 1.4464273190568331e-05
4.119313149 1.4798974522430104e-05
4.120514115 1.5260182549611803e-05
4.1217150810000005 1.6222717924518725e-05
4.1229160469999995 1.7442208876509327e-05
4.124117013 1.9070001070443883e-05
4.125317979 2.0389901421160528e-05
4.126518945 2.133583575655691e-05
4.12771991 2.1844592272432615e-05
4.1289208760000005 2.2085399520330247e-05
4.130121841999999 2.172812614443375e-05
4.131322808 2.1044794218991233e-05
4.132523774 2.0134351689726336e-05
4.13372474 1.949617915026715e-05
4.134925706 1.884893542141458e-05
4.1361266720000005 1.8112862717002863e-05
4.1373276379999995 1.715535623980904e-05
4.138528604 1.635113464896048e-05
4.13972957 1.5901384485016967e-05
4.140930536 1.5771145092309158e-05
4.142131502 1.592350746433829e-05
4.143332468 1.5869964022677597e-05
4.1445334339999995 1.584829230382988e-05
4.145734399 1.5806612878096727e-05
4.146935365 1.625925149131755e-05
4.148136331 1.6673059650555787e-05
4.149337297 1.7119633206437757e-05
4.1505382630000005 1.710117281003499e-05
4.1517392289999995 1.7029240998603627e-05
4.152940195 1.6825061668114384e-05
4.154141160999999 1.6864398706977776e-05
4.155342127 1.6664457956769415e-05
4.156543093 1.6265234515144962e-05
4.157744059 1.5579228052771672e-05
4.158945025 1.491890186275404e-05
4.160145991 1.4284736141611048e-05
4.161346957 1.3696270285141701e-05
4.162547923 1.3063581598055527e-05
4.163748888 1.2275878444434734e-05
4.1649498540000005 1.172451363178143e-05
4.1661508199999995 1.126100260937655e-05
4.167351786 1.1059033049671542e-05
4.168552751999999 1.0725068285594452e-05
4.169753718 1.072931900045104e-05
4.170954684000001 1.0651468848080336e-05
4.17215565 1.0793340179059294e-05
4.173356616 1.0756567675371691e-05
4.174557582 1.0605201094681467e-05
4.175758548 1.0500775081036834e-05
4.176959514 1.0510682563011465e-05
4.17816048 1.0555596761444576e-05
4.179361446 1.0627949060420487e-05
4.1805624120000004 1.0633222291463526e-05
4.181763377 1.0643450618871162e-05
4.182964343 1.1078335910251488e-05
4.184165309 1.1871066449539858e-05
4.185366275000001 1.2764955893909042e-05
4.186567241 1.350946891596466e-05
4.187768207 1.4416204973751368e-05
4.188969173 1.4953896801812254e-05
4.190170139 1.544145128704538e-05
4.191371105 1.5498432685499466e-05
4.192572071 1.531733114785441e-05
4.193773037 1.4694448398110771e-05
4.1949740030000005 1.3863312444956198e-05
4.196174968999999 1.288804420757282e-05
4.197375935 1.2069844430163856e-05
4.198576901 1.1824690298820074e-05
4.199777866000001 1.1778986464070172e-05
4.200978832 1.2030008657630909e-05
4.202179798 1.222435121892717e-05
4.203380764 1.282171035303705e-05
4.20458173 1.3108789682526639e-05
4.205782696 1.3335254715032202e-05
4.206983662 1.2968417207325536e-05
4.208184628 1.223099441508987e-05
4.2093855940000005 1.1149546808942373e-05
4.210586559999999 1.0071114411041726e-05
4.211787526 9.545460410260626e-06
4.212988492 9.39370146872412e-06
4.214189458 9.625747409804603e-06
4.215390424 9.976535911197727e-06
4.216591389 1.1160951616755192e-05
4.217792354999999 1.2592018137205095e-05
4.218993321 1.4145240051613001e-05
4.220194287 1.5078295259464678e-05
4.221395253 1.5457061293752427e-05
4.222596219 1.53360576341869e-05
4.2237971850000005 1.5008649102563164e-05
4.224998150999999 1.439777608932137e-05
4.226199117 1.3437847370185159e-05
4.227400083 1.293008537064998e-05
4.228601049 1.2556207517190712e-05
4.229802015000001 1.2630612630428132e-05
4.231002981 1.2855523119162018e-05
4.232203947 1.377722555560989e-05
4.233404913 1.4286832961632591e-05
4.234605878 1.4461248208756057e-05
4.235806844 1.4116366135372258e-05
4.23700781 1.3636104778381639e-05
4.2382087760000005 1.3238544387995306e-05
4.239409741999999 1.2695656626070365e-05
4.240610708 1.2287197175765054e-05
4.241811673999999 1.1870106140849138e-05
4.24301264 1.2035295411081062e-05
4.244213606000001 1.2239827238149091e-05
4.245414572 1.2489322289846175e-05
4.246615538 1.2216499361047787e-05
4.247816504 1.178193095225258e-05
4.24901747 1.0984611394417997e-05
4.250218436 9.81353671836773e-06
4.251419402000001 8.589996309615436e-06
4.2526203670000005 7.856855161046716e-06
4.253821332999999 7.546155988082952e-06
4.255022299 7.253579026350066e-06
4.256223265 7.41927891006176e-06
4.257424231 8.045742582505801e-06
4.258625197000001 8.850132682654038e-06
4.259826163 9.145122313572924e-06
4.261027129 9.40122891320307e-06
4.262228095 9.73929840369074e-06
4.263429061 1.017910269702552e-05
4.264630027 1.0760481896534316e-05
4.265830993 1.139777548202369e-05
4.267031959 1.2524310145829216e-05
4.268232925 1.3405077481396612e-05
4.269433890999999 1.4133656868483055e-05
4.270634856 1.4069317735382037e-05
4.271835822 1.3766404932198997e-05
4.273036788000001 1.3212393978560667e-05
4.274237754 1.2360566461634976e-05
4.27543872 1.1359607789108223e-05
4.276639686 1.003773000979414e-05
4.277840652 9.62357748806158e-06
4.279041618 9.460709541875405e-06
4.280242584 9.74959917893104e-06
4.28144355 1.0126662782473597e-05
4.282644516 1.1017539711327045e-05
4.283845481999999 1.1897677330604813e-05
4.285046448 1.2442567882003554e-05
4.286247414 1.2885832763943647e-05
4.28744838 1.3233132080021208e-05
4.288649345 1.3994199225714639e-05
4.289850311 1.4300595885564183e-05
4.291051276999999 1.4141826860259077e-05
4.292252243 1.3385230244115909e-05
4.293453209 1.2713273423466299e-05
4.294654175 1.2059021242815957e-05
4.295855141 1.1182701416938599e-05
4.297056107 1.066668009792368e-05
4.298257072999999 9.980217924844917e-06
4.299458039 9.341467579909549e-06
4.300659005000001 8.46728264418114e-06
4.301859971 8.204284159218123e-06
4.303060937000001 8.398931581344085e-06
4.304261903 8.803593572804185e-06
4.305462869 8.892241891325011e-06
4.306663834 8.282988947257701e-06
4.3078648 8.117529173434986e-06
4.309065766 8.260649084210477e-06
4.310266732 8.939665824287949e-06
4.311467698 9.322952964011488e-06
4.312668663999999 9.646215445868543e-06
4.31386963 9.93229120200633e-06
4.315070596 1.0114717687341168e-05
4.316271562 1.0074836586713733e-05
4.317472528000001 9.72079597510329e-06
4.318673494 9.843393826018192e-06
4.31987446 9.665342817715787e-06
4.321075426 9.429267810044446e-06
4.322276392 9.114661199632268e-06
4.323477357 8.932450687746228e-06
4.324678323 9.142458579175625e-06
4.325879289 9.136159291513845e-06
4.327080255 9.337095886345644e-06
4.328281221 9.494557729074949e-06
4.329482187 1.0199221979160109e-05
4.330683153 1.0149313651707695e-05
4.331884119000001 9.905665384181575e-06
4.333085085 9.827923476024226e-06
4.334286051 9.9274331880487e-06
4.335487017 1.0246332880037298e-05
4.336687983 9.91721155198342e-06
4.337888949 9.458260748835465e-06
4.339089915 8.85380148241867e-06
4.340290881 9.052887115680916e-06
4.341491846 8.991123100199335e-06
4.342692812 8.530635181019908e-06
4.343893778 8.226306943432365e-06
4.345094744 8.100192168490136e-06
4.346295710000001 8.1783625995538e-06
4.347496676 8.088448974926611e-06
4.348697642 8.151280348377166e-06
4.349898608 8.403450258064132e-06
4.351099574 8.890884272106798e-06
4.35230054 9.229158231651668e-06
4.353501506 9.338276738148374e-06
4.354702472 9.946443000300107e-06
4.355903438 1.0852810250903535e-05
4.357104403999999 1.1747116981032658e-05
4.35830537 1.2584335435649526e-05
4.359506335 1.3477471292515649e-05
4.360707301000001 1.4597085011995513e-05
4.361908267 1.5277230556583922e-05
4.363109233 1.552312520361743e-05
4.364310198999999 1.529330245164989e-05
4.365511165 1.5281641855910935e-05
4.366712131 1.5113228735649244e-05
4.367913097 1.4407824848478e-05
4.369114063 1.3198344926147948e-05
4.370315029 1.1711462102011883e-05
4.371515994999999 1.0964787245449413e-05
4.372716961 1.0153125643859175e-05
4.373917927000001 9.373420609335313e-06
4.375118893 8.701372079838044e-06
4.3763198590000005 8.588281349620611e-06
4.377520824 8.99313024290995e-06
4.378721789999999 9.407108430990217e-06
4.379922756 9.81925499769453e-06
4.381123722 1.0396239073457696e-05
4.382324688 1.11999468129204e-05
4.383525654 1.1270407921981755e-05
4.38472662 1.0852729346624569e-05
4.385927586 1.045289180741668e-05
4.387128552 1.012592455492692e-05
4.388329518 1.0115842700675419e-05
4.389530484 1.0097380525454822e-05
4.3907314500000005 9.923684010921713e-06
4.3919324159999995 1.0307433391849203e-05
4.393133382 1.135216862263222e-05
4.394334348 1.2287666269129093e-05
4.395535313 1.2540881958714079e-05
4.396736279 1.2877872962098991e-05
4.3979372450000005 1.3713417370585828e-05
4.399138211 1.4777266841122358e-05
4.400339177 1.5713180846679297e-05
4.401540143 1.612463432685893e-05
4.402741109 1.663311553075185e-05
4.403942075 1.6536719656372403e-05
4.4051430410000005 1.658817528611601e-05
4.4063440069999995 1.6552957557914566e-05
4.407544973 1.6216509500286838e-05
4.408745939 1.6788635964568428e-05
4.409946905 1.685895330798038e-05
4.411147871 1.647187080929553e-05
4.412348837 1.5797159486869777e-05
4.413549802 1.5941305360929195e-05
4.414750768 1.6133515989465388e-05
4.415951734 1.5713671610689273e-05
4.4171527 1.491132585786234e-05
4.418353666 1.3194453485555298e-05
4.4195546320000005 1.228740819148862e-05
4.4207555979999995 1.1844875543472049e-05
4.421956564 1.1387413097458355e-05
4.42315753 1.1031536086269812e-05
4.424358496 1.0892467488604551e-05
4.425559462 1.1258072860101304e-05
4.426760428 1.1534667177271832e-05
4.4279613939999996 1.1618926640531776e-05
4.42916236 1.1573281871717506e-05
4.430363325999999 1.1692675138354472e-05
4.431564291 1.2176069626132347e-05
4.432765257 1.2015874444800255e-05
4.4339662230000005 1.1743183813290673e-05
4.4351671889999995 1.171545427823489e-05
4.436368155 1.2022685481016836e-05
4.437569121 1.2526400137086286e-05
4.438770087 1.2874726049339485e-05
4.439971053 1.317971588991387e-05
4.441172019 1.3689034776283641e-05
4.4423729849999996 1.4375750141166164e-05
4.443573951 1.4816256295005413e-05
4.444774917 1.4767993523978577e-05
4.445975883 1.4672101208617155e-05
4.447176849000001 1.4556594784070944e-05
4.4483778140000005 1.435271653675473e-05
4.4495787799999995 1.391717880560027e-05
4.450779746 1.3082356559010664e-05
4.451980711999999 1.2754575232426686e-05
4.453181678 1.231445542905304e-05
4.454382644 1.1909382918235796e-05
4.45558361 1.1311017196548451e-05
4.456784576 1.06542132045818e-05
4.457985542 1.042922846032826e-05
4.459186508 1.0315381183363706e-05
4.460387474 1.0142348333228192e-05
4.461588440000001 9.889231438918953e-06
4.462789406 1.0045431570768193e-05
4.4639903720000005 1.0323614577769312e-05
4.4651913379999995 1.032652944431358e-05
4.466392302999999 1.0321860566526112e-05
4.467593269 1.0445865289310834e-05
4.468794235000001 1.0721501317029487e-05
4.469995201 1.0982180475706337e-05
4.471196167 1.0963884449122677e-05
4.472397133 1.1062663493261275e-05
4.473598099 1.1731268211977777e-05
4.474799065 1.2909433413022348e-05
4.476000031 1.3948848106170312e-05
4.477200997 1.4164268336904104e-05
4.4784019630000005 1.439182006534332e-05
4.4796029289999995 1.5066940906461965e-05
4.480803895 1.5852427013243192e-05
4.482004861 1.6296078889979067e-05
4.483205827 1.5895599900319998e-05
4.484406792 1.588994841316102e-05
4.4856077580000004 1.6507561628849465e-05
4.486808724 1.7496077027478573e-05
4.48800969 1.8208836207208975e-05
4.489210656 1.854009810900312e-05
4.490411622 1.9418967175046804e-05
4.491612588 2.0386568035739923e-05
4.4928135540000005 2.099135341055556e-05
4.4940145199999995 2.0431181250840506e-05
4.495215486 1.9140334618033606e-05
4.496416452 1.8396311094015025e-05
4.497617418 1.7947224714847783e-05
4.498818384 1.7637650471282514e-05
4.50001935 1.6844009159548357e-05
4.5012203159999995 1.613918094892497e-05
4.502421281 1.601801673661084e-05
4.503622247 1.626322335423413e-05
4.504823213 1.6514860322850756e-05
4.506024179 1.6240966508431933e-05
4.5072251450000005 1.587365244622426e-05
4.5084261109999995 1.5539810394379506e-05
4.509627077 1.5108941258073159e-05
4.510828043 1.4674030681901217e-05
4.512029009 1.4507441752251851e-05
4.513229975 1.4792734927580681e-05
4.514430941 1.547935870476352e-05
4.515631907 1.583020921974218e-05
4.516832873 1.605059741109479e-05
4.518033839 1.6715977593710408e-05
4.519234805 1.791414823557424e-05
4.52043577 1.933544645073107e-05
4.5216367360000005 1.9956773153193438e-05
4.5228377019999995 2.0339236875820363e-05
4.524038668 2.080423320533642e-05
4.525239633999999 2.1778786929634876e-05
4.5264406 2.2904379716472732e-05
4.527641566000001 2.2945318397198006e-05
4.528842532 2.2342035128864085e-05
4.530043498 2.155747481693159e-05
4.531244464 2.1502582255655662e-05
4.53244543 2.1378021464769114e-05
4.533646396 2.065875629105205e-05
4.534847362000001 1.9705614554626784e-05
4.536048328 1.886268134744361e-05
4.537249294 1.8424337738607052e-05
4.538450259 1.8076268666121605e-05
4.539651224999999 1.7750465222393582e-05
4.540852191 1.7493322115708242e-05
4.542053157000001 1.7908437003522716e-05
4.543254123 1.8516499056751037e-05
4.544455089 1.895338233765022e-05
4.545656055 1.9138744630036005e-05
4.546857021 1.9651053361829792e-05
4.548057987 2.0783083307424006e-05
4.549258953 2.1689353618729315e-05
4.550459919 2.2137605334279462e-05
4.551660885 2.2181983453795823e-05
4.552861850999999 2.2731684570258146e-05
4.554062817 2.4069231012834353e-05
4.555263782 2.520711081884588e-05
4.556464748000001 2.5852352186502254e-05
4.557665714 2.600875906707271e-05
4.55886668 2.6339366726090562e-05
4.560067646 2.6922777058365896e-05
4.561268612 2.637109245638912e-05
4.562469578 2.5279158540087342e-05
4.563670544 2.3635346118558212e-05
4.56487151 2.2291318674697173e-05
4.566072476 2.1417999991390375e-05
4.567273441999999 2.0657288453437408e-05
4.568474408 1.9813066946791628e-05
4.569675374 1.8940942236939627e-05
4.57087634 1.8821913291463413e-05
4.572077306 1.8557989455812086e-05
4.573278271 1.8132273359170422e-05
4.574479236999999 1.769461394572182e-05
4.575680203 1.7971801266872864e-05
4.576881169 1.901567061229787e-05
4.578082135 2.0221693933345683e-05
4.579283101 2.0867474861307897e-05
4.580484067 2.1134044937231194e-05
4.581685032999999 2.1750791103320856e-05
4.582885999 2.227278422708572e-05
4.584086965 2.2366482900540616e-05
4.585287931 2.125313525460488e-05
4.586488897000001 1.9132393091393856e-05
4.587689863 1.713587677622374e-05
4.588890829 1.6310242176035734e-05
4.590091795 1.6179372701399916e-05
4.59129276 1.624239556313776e-05
4.592493726 1.678264500412416e-05
4.593694692 1.8093392134915696e-05
4.594895658 1.9935047704780828e-05
4.596096623999999 2.1376460169667965e-05
4.59729759 2.2358117063585776e-05
4.598498555999999 2.2672074684962048e-05
4.599699522 2.3221676700627357e-05
4.600900488000001 2.403101015525084e-05
4.602101454 2.4158585706271035e-05
4.60330242 2.374567865671086e-05
4.604503386 2.3148310041032814e-05
4.605704352 2.3304693982436546e-05
4.606905318 2.4002446778852472e-05
4.608106284000001 2.4260968893811104e-05
4.609307249 2.3865023160272775e-05
4.610508214999999 2.3060479582597457e-05
4.611709181 2.2711301783755405e-05
4.612910147 2.2578605511140688e-05
4.614111113 2.189566848288907e-05
4.615312079000001 2.075013518838489e-05
4.616513045 1.9569139053630703e-05
4.617714011 1.9137973068695858e-05
4.618914977 1.9264169676044154e-05
4.620115943 1.9360960826658014e-05
4.621316909 1.9331103186665587e-05
4.622517875 1.970701334624722e-05
4.623718841 2.098061583022182e-05
4.624919807 2.2416890305394248e-05
4.626120772999999 2.3188478468164878e-05
4.627321738 2.3191994892020796e-05
4.628522704 2.30046755278113e-05
4.629723670000001 2.3087367155366793e-05
4.630924636 2.311277518617736e-05
4.632125602 2.254309400862166e-05
4.633326568 2.147633304159077e-05
4.634527534 2.083346212543835e-05
4.6357285 2.1264303365227265e-05
4.636929466 2.225095082983428e-05
4.638130432 2.3187949046507712e-05
4.639331398 2.3809805012134944e-05
4.640532363999999 2.4666290987836952e-05
4.64173333 2.5925550861864854e-05
4.642934296 2.6999373106957704e-05
4.644135262 2.729754944168193e-05
4.645336227 2.6993689690496704e-05
4.646537193 2.6806808892572038e-05
4.647738159 2.7304871712229298e-05
4.648939125 2.8162116200078916e-05
4.650140091 2.8829574215329912e-05
4.651341057 2.9266870320187863e-05
4.652542023 3.0074151140989956e-05
4.653742989 3.152957767938598e-05
4.654943954999999 3.2935066065839135e-05
4.656144921 3.3687777754712505e-05
4.657345887 3.3535995948185884e-05
4.658546853 3.305235375849166e-05
4.659747819000001 3.267374844500878e-05
4.6609487849999995 3.226133967502646e-05
4.662149751 3.129253698487718e-05
4.663350716 2.9890121415318544e-05
4.664551682 2.8638232457930362e-05
4.665752648 2.7953071276706083e-05
4.666953614 2.7572842085498702e-05
4.66815458 2.7065873449178855e-05
4.669355545999999 2.643757076886695e-05
4.670556512 2.6316970378938865e-05
4.671757478000001 2.708976730898227e-05
4.672958444 2.814596625179983e-05
4.674159410000001 2.8919529474994524e-05
4.6753603759999995 2.9330806926295428e-05
4.676561342 2.9828668794149374e-05
4.677762308 3.076222744428859e-05
4.678963274 3.131004302179049e-05
4.680164239 3.0901044441074194e-05
4.681365205 2.9592523460388995e-05
4.682566171 2.825364749073465e-05
4.683767137 2.7543638538557936e-05
4.684968103 2.705592561161737e-05
4.686169069 2.6202354946269057e-05
4.687370035 2.4768562675281745e-05
4.688571001000001 2.381361573712906e-05
4.6897719669999995 2.396755765087889e-05
4.690972933 2.504141735137616e-05
4.692173899 2.6103571904252885e-05
4.693374865 2.6555944819103823e-05
4.694575831 2.6885498359379864e-05
4.695776797000001 2.7583678501971076e-05
4.696977763 2.8726159764203517e-05
4.698178728 2.9623360515972636e-05
4.699379694 2.978670882416066e-05
4.70058066 2.9768083178597975e-05
4.701781626 3.013709325154906e-05
4.702982592000001 3.136435400518195e-05
4.7041835579999995 3.2405231733622375e-05
4.705384524 3.2952608692005415e-05
4.70658549 3.329848776770784e-05
4.707786456 3.3976474644855695e-05
4.708987422 3.489081489167305e-05
4.710188388 3.545331824324147e-05
4.711389354 3.517092786882583e-05
4.71259032 3.4118219236509204e-05
4.713791285999999 3.354703478463667e-05
4.714992252 3.343204958227333e-05
4.716193217 3.348502562706113e-05
4.717394183000001 3.3210765210631874e-05
4.7185951489999995 3.2696945901075985e-05
4.719796115 3.263997429058424e-05
4.720997081 3.313145855398058e-05
4.722198047 3.353065840705247e-05
4.723399013 3.318109907305046e-05
4.724599979 3.205292129886941e-05
4.725800945 3.089828248282101e-05
4.727001911 3.0221246078467198e-05
4.728202876999999 2.9545907848641094e-05
4.729403843 2.845710059378331e-05
4.730604809000001 2.7030034540349534e-05
4.731805775 2.583516819936779e-05
4.7330067410000005 2.5679648166064125e-05
4.734207706 2.635092235651092e-05
4.735408671999999 2.7069560202497612e-05
4.736609638 2.7751286209783032e-05
4.737810604 2.8766504250135657e-05
4.73901157 3.0459565123421747e-05
4.740212536 3.264507150913147e-05
4.741413502 3.422953555878662e-05
4.742614468 3.475982665679264e-05
4.743815434 3.444383400851127e-05
4.745016400000001 3.3879058115097626e-05
4.746217366 3.341581497925707e-05
4.7474183320000005 3.224492975078654e-05
4.7486192979999995 3.0281268922828074e-05
4.749820264 2.824637464072053e-05
4.75102123 2.6965628862478137e-05
4.752222195 2.6872069468561477e-05
4.753423161 2.7647923054499326e-05
4.7546241270000005 2.8306901494878228e-05
4.755825093 2.8575058252651038e-05
4.757026059 2.9233140897276742e-05
4.758227025 3.0199182161937427e-05
4.759427991 3.1287227155195424e-05
4.760628957 3.1521017070317e-05
4.7618299230000005 3.094511796480239e-05
4.7630308889999995 3.0494946367634137e-05
4.764231855 3.068277543623939e-05
4.765432821 3.1436575640366376e-05
4.766633787 3.222602208323784e-05
4.767834753 3.251139852733312e-05
4.769035719000001 3.2412528528252584e-05
4.770236684 3.291777808062102e-05
4.77143765 3.3822182629028324e-05
4.772638616 3.455638238229951e-05
4.773839582 3.472907098595555e-05
4.775040548 3.439382054367658e-05
4.7762415140000005 3.4276711536289254e-05
4.7774424799999995 3.4609859635469735e-05
4.778643446 3.480887089287795e-05
4.779844412 3.463878638542455e-05
4.781045378 3.389270641280874e-05
4.782246344 3.304726039807408e-05
4.78344731 3.26822886618857e-05
4.7846482759999995 3.234009730440245e-05
4.785849242 3.1732916179383356e-05
4.787050207 3.074718395632721e-05
4.788251173 2.9772363317184235e-05
4.789452139 2.9330089559681952e-05
4.7906531050000005 2.9265584128579065e-05
4.7918540709999995 2.8715238112038115e-05
4.793055037 2.7588978684097045e-05
4.794256003 2.633749054846842e-05
4.795456969 2.5414772246417733e-05
4.796657935 2.5377235237163693e-05
4.797858901 2.557739235075364e-05
4.7990598669999995 2.5483765640258912e-05
4.800260833 2.5265730124367286e-05
4.801461799 2.5350449679505173e-05
4.802662765 2.5976891083339904e-05
4.803863731000001 2.7363777921886937e-05
4.8050646960000005 2.8295400831126814e-05
4.8062656619999995 2.862340414055537e-05
4.807466628 2.9092026978666925e-05
4.808667593999999 2.9899801281651226e-05
4.80986856 3.106938679814213e-05
4.811069526 3.193939860302205e-05
4.812270492 3.209521499627669e-05
4.813471458 3.152332436257255e-05
4.814672424 3.11262235522409e-05
4.81587339 3.087421050552228e-05
4.817074356 3.095782443160463e-05
4.818275322000001 3.021646587876054e-05
4.819476288 2.8926848517355466e-05
4.8206772540000005 2.8155770598190677e-05
4.821878219999999 2.7901393734265172e-05
4.823079184999999 2.7697025763874716e-05
4.824280151 2.7233413133343143e-05
4.825481117000001 2.6279294758133236e-05
4.826682083 2.4876242498753693e-05
4.827883049 2.4451855636138846e-05
4.829084015 2.4504746052779648e-05
4.830284981 2.4502701204072112e-05
4.831485947 2.41840812348308e-05
4.832686913 2.3728330070809098e-05
4.833887879 2.3995073325805578e-05
4.8350888450000005 2.540852370791607e-05
4.836289810999999 2.6935009706295276e-05
4.837490777 2.819519568039236e-05
4.838691743 2.911921859527003e-05
4.839892709 2.9993317875752375e-05
4.841093674 3.154450186150816e-05
4.84229464 3.3089716941414935e-05
4.843495606 3.370723917855223e-05
4.844696572 3.292752692107045e-05
4.845897538 3.13685045339812e-05
4.847098504 2.9600445393307103e-05
4.84829947 2.8128497323952618e-05
4.8495004360000005 2.634454781273474e-05
4.850701401999999 2.3783201165249815e-05
4.851902368 2.1226343894267965e-05
4.853103334 1.8998189185639322e-05
4.8543043 1.7946627330399884e-05
4.855505266 1.8108265646325653e-05
4.8567062320000005 1.8474791632085137e-05
4.8579071979999995 1.883234226361686e-05
4.859108163 1.962411242775993e-05
4.860309129 2.0995564096877948e-05
4.861510095 2.3092445381225568e-05
4.862711061 2.565917958151868e-05
4.8639120270000005 2.7583704458842507e-05
4.865112992999999 2.8865749376671328e-05
4.866313959 3.0106950106909024e-05
4.867514925 3.1563719135944556e-05
4.868715891 3.3305580717389385e-05
4.869916857 3.455717711730705e-05
4.871117823 3.494284672325374e-05
4.8723187889999995 3.49466264882982e-05
4.873519755 3.50536264590846e-05
4.874720721 3.5002110982409035e-05
4.875921687 3.469923312556126e-05
4.877122652 3.3420692236789126e-05
4.8783236180000005 3.124143584284646e-05
4.879524583999999 2.9616403391298245e-05
4.88072555 2.879317689381389e-05
4.881926516 2.812255473860752e-05
4.883127482 2.7313138752400012e-05
4.884328448 2.6065186360949752e-05
4.885529414 2.4721254677079226e-05
4.88673038 2.4246073532172794e-05
4.887931346 2.436731124217704e-05
4.889132312 2.433380144856519e-05
4.890333278 2.3882259216696796e-05
4.891534244000001 2.3189233043177486e-05
4.89273521 2.26495874778076e-05
4.8939361749999994 2.285903825875332e-05
4.895137141 2.3201912863362633e-05
4.896338106999999 2.306870160099294e-05
4.897539073 2.2516635797618515e-05
4.898740039000001 2.1595643658563632e-05
4.899941005 2.0868195461052574e-05
4.901141971 2.0719719002366616e-05
4.902342937 2.0458324439990525e-05
4.903543903 1.985150046154733e-05
4.904744869 1.910288698340512e-05
4.905945835000001 1.8426522846739048e-05
4.907146801 1.835429971550353e-05
4.908347767 1.8959825324378717e-05
4.909548732999999 1.9519924210950772e-05
4.910749699 1.9850069897518144e-05
4.911950664 2.051625608886823e-05
4.913151630000001 2.1650086487169905e-05
4.914352596 2.3317262015773153e-05
4.915553562 2.5538077081345967e-05
4.916754528 2.683189001340263e-05
4.917955494 2.730248606272218e-05
4.91915646 2.7619369374430783e-05
4.920357426 2.7897258979662216e-05
4.921558392 2.8334744668667658e-05
4.922759358 2.857723393321911e-05
4.923960323999999 2.8052834012261496e-05
4.92516129 2.694371742153372e-05
4.926362256 2.6364227602769585e-05
4.927563222 2.6157856618367762e-05
4.928764188 2.6051290864549794e-05
4.929965153 2.564252822578197e-05
4.931166119 2.4743200713913426e-05
4.932367085 2.392018611153018e-05
4.933568051 2.392190660188518e-05
4.934769017 2.4348082174572578e-05
4.935969983 2.488052926250688e-05
4.937170949 2.5180346795336913e-05
4.938371914999999 2.5046791698241748e-05
4.939572881 2.5064803815576636e-05
4.940773847 2.5349997638882252e-05
4.941974813 2.556230849612434e-05
4.943175779 2.5395765507184978e-05
4.944376745 2.478844481309715e-05
4.945577711 2.3830065116579457e-05
4.946778677 2.3181290596504007e-05
4.947979642 2.309438435386281e-05
4.949180608 2.3121008387083956e-05
4.950381574 2.3204759009748607e-05
4.95158254 2.3267144214363307e-05
4.952783505999999 2.329889686439275e-05
4.953984472 2.3895244237778196e-05
4.955185438 2.5195728353488994e-05
4.956386404 2.5931765890395815e-05
4.957587370000001 2.6022662482331118e-05
4.958788336 2.5188208583287185e-05
4.959989302 2.3813688329658964e-05
4.961190268 2.242336758973631e-05
4.962391234 2.1150152625435462e-05
4.9635922 1.9284318097666636e-05
4.964793166000001 1.677856418612402e-05
4.965994131 1.4749381720755046e-05
4.967195096999999 1.3204511898202227e-05
4.968396063 1.279055845711887e-05
4.969597029 1.3181629576872819e-05
4.970797995 1.3433770098147003e-05
4.971998961000001 1.3513740446672478e-05
4.973199927 1.387126968123315e-05
4.974400893 1.4467733332938659e-05
4.975601859 1.5208014658394679e-05
4.976802825 1.6053003084106142e-05
4.978003791 1.6440085152456926e-05
4.979204757000001 1.6246269101351435e-05
4.980405723 1.6495665501220433e-05
4.981606689 1.7226985523722503e-05
4.982807654999999 1.8193913652723367e-05
4.98400862 1.931503088560916e-05
4.985209586 1.9691583497918482e-05
4.986410552000001 1.9448092265112818e-05
4.987611518 1.903481148826645e-05
4.988812484 1.8561258044153303e-05
4.99001345 1.7797898559885934e-05
4.991214416 1.669682844934151e-05
4.992415382 1.5247044642316616e-05
4.993616348 1.3503162847914018e-05
4.994817314 1.2360788774739133e-05
4.99601828 1.2181629351371147e-05
4.997219245999999 1.2231625025107612e-05
4.998420212 1.2360584719445553e-05
4.999621178 1.2238182253999428e-05
5.000822144 1.200538374843133e-05
5.002023109 1.2313317418575845e-05
5.003224075 1.333778568484899e-05
5.004425041 1.4339081189034167e-05
5.005626007 1.4834197975147444e-05
5.006826973 1.4888877766036866e-05
5.008027939 1.4802128723437047e-05
5.009228905 1.495803843727202e-05
5.010429871 1.5273033192694755e-05
5.011630836999999 1.5192087814390558e-05
5.012831803 1.4527362736031145e-05
5.014032769 1.400473643135713e-05
5.015233735 1.3649648417285433e-05
5.0164347010000006 1.418235136282001e-05
5.0176356669999995 1.539653189411904e-05
5.018836631999999 1.6248490069203965e-05
5.020037598 1.6849504819188277e-05
5.021238564 1.7276976387419184e-05
5.02243953 1.7569381734993073e-05
5.023640496 1.7767539461630987e-05
5.024841462 1.793443424137359e-05
5.026042427999999 1.7643791874747148e-05
5.027243394 1.6738333143090186e-05
5.028444360000001 1.6088952914964847e-05
5.029645326 1.5508396692355442e-05
5.0308462920000006 1.504448215241404e-05
5.0320472579999995 1.4675182809922435e-05
5.033248224 1.3969099637635132e-05
5.03444919 1.2926656499838803e-05
5.035650156 1.1955488464420052e-05
5.036851121 1.1192888008838185e-05
5.038052087 1.0679021602251e-05
5.039253053 1.0451163514442087e-05
5.040454019 1.0319625737397474e-05
5.041654985 1.0178482410759334e-05
5.042855951 1.0346527201110396e-05
5.044056917 1.0775670570044405e-05
5.0452578830000006 1.1280638845975651e-05
5.0464588489999995 1.1827238987558588e-05
5.047659815 1.2566563563490814e-05
5.048860781 1.3079629700785088e-05
5.050061747 1.3648425677907054e-05
5.051262713 1.4631875685250386e-05
5.052463679000001 1.5880546969806684e-05
5.053664645 1.7046179948980968e-05
5.05486561 1.7918781242957008e-05
5.056066576 1.82095940150199e-05
5.057267542 1.7995035392826358e-05
5.058468508 1.7956293849038583e-05
5.0596694740000006 1.7908918799912694e-05
5.0608704399999995 1.740967775396553e-05
5.062071406 1.6454170198572028e-05
5.063272372 1.5274695150932724e-05
5.064473338 1.4276071634394097e-05
5.065674304 1.3983602287767509e-05
5.06687527 1.4214043154986349e-05
5.068076236 1.4269934973523828e-05
5.069277202 1.4175552694185729e-05
5.070478167999999 1.390893666807948e-05
5.071679134 1.3646886355302964e-05
5.072880099 1.3706143287987045e-05
5.074081065000001 1.4044818683884609e-05
5.0752820309999995 1.4063312411251795e-05
5.076482997 1.3681783646032248e-05
5.077683963 1.3222996408651036e-05
5.078884929 1.265734520999574e-05
5.080085895 1.2356355517367702e-05
5.081286861 1.235580488708096e-05
5.082487827 1.2343049002542333e-05
5.083688793 1.2149942999871896e-05
5.084889758999999 1.2109407124722927e-05
5.086090725 1.2173506307258128e-05
5.087291691000001 1.2420840188156554e-05
5.088492657 1.2913182857214821e-05
5.0896936230000005 1.350585215114746e-05
5.090894588 1.3808302849475802e-05
5.092095554 1.395442877023906e-05
5.09329652 1.4105508956403838e-05
5.094497486 1.4279543834292811e-05
5.095698452 1.4589120628996658e-05
5.096899418 1.5009093957751904e-05
5.098100384 1.500326575624854e-05
5.099301349999999 1.4628866714835885e-05
