Wavelength_microns Throughput
2.0004663860000003 2.1023410876796485e-10
2.002610509 1.8321911968664382e-10
2.004754632 1.5880130071046926e-10
2.006898754 1.3973448845671707e-10
2.009042877 1.2553097685890092e-10
2.011186999 1.1582117756765528e-10
2.013331122 1.081501797517294e-10
2.015475245 1.0231851560422145e-10
2.017619367 9.59156981109973e-11
2.01976349 8.945496492613958e-11
2.021907612 8.436395540628405e-11
2.024051735 7.84485991044578e-11
2.026195858 7.433200528441713e-11
2.02833998 7.083520231797166e-11
2.030484103 6.80086862223263e-11
2.032628225 6.609384493363864e-11
2.034772348 6.379111014558397e-11
2.036916471 6.202177969117477e-11
2.039060593 6.088775715473251e-11
2.0412047159999998 6.122003250263456e-11
2.043348838 6.138780099104004e-11
2.045492961 6.20881151871389e-11
2.0476370839999998 6.329058167698865e-11
2.049781206 6.580731236818502e-11
2.0519253290000004 6.826918529499176e-11
2.0540694509999997 7.197541155452582e-11
2.056213574 7.563626347666014e-11
2.058357697 8.045624122954413e-11
2.060501819 8.49792749198062e-11
2.062645942 9.018746012942085e-11
2.064790064 9.686446016698321e-11
2.0669341869999998 1.0509143602867213e-10
2.06907831 1.1485196244750898e-10
2.071222432 1.2642372880549467e-10
2.073366555 1.4116873774382632e-10
2.075510677 1.6132682175488363e-10
2.0776548 1.8518934873103927e-10
2.079798923 2.1777940061586635e-10
2.081943045 2.569502543159572e-10
2.084087168 3.075284717292826e-10
2.08623129 3.703812038055723e-10
2.088375413 4.4537375596619985e-10
2.090519536 5.188501339876417e-10
2.0926636579999998 6.092056836519069e-10
2.094807781 6.730320195369295e-10
2.0969519030000003 7.375238806647467e-10
2.0990960260000002 7.856749894728155e-10
2.101240149 8.213168858080682e-10
2.103384271 8.414170125537328e-10
2.105528394 8.073412011273249e-10
2.107672516 7.621338413500721e-10
2.109816639 6.899144199235434e-10
2.1119607620000003 6.047300796713196e-10
2.114104884 4.944234516067562e-10
2.116249007 3.857317946864739e-10
2.118393129 3.015002344139147e-10
2.120537252 2.6571840653744686e-10
2.122681375 2.3797516442462377e-10
2.124825497 2.0747055034786515e-10
2.1269696199999997 1.8211115078198916e-10
2.129113742 1.3589901225709173e-10
2.1312578650000003 9.657631622966114e-11
2.133401988 7.793213148658037e-11
2.1355461100000004 7.454990798169558e-11
2.137690233 8.765113153473112e-11
2.139834355 8.907501544637437e-11
2.141978478 9.035413246934213e-11
2.144122601 9.77762726882017e-11
2.146266723 1.0656918964434046e-10
2.1484108460000004 1.2407501019206751e-10
2.150554968 1.0546551401005615e-10
2.152699091 9.137702644225443e-11
2.154843214 8.151793976124488e-11
2.1569873360000003 8.833993013124903e-11
2.159131459 1.1977009622901973e-10
2.161275581 1.3210874556254756e-10
2.163419704 1.4612850027071453e-10
2.165563827 1.544724374648504e-10
2.167707949 1.6433824171231406e-10
2.1698520720000003 1.5134938354139003e-10
2.1719961939999997 1.169277602877941e-10
2.174140317 1.0206431016791441e-10
2.17628444 8.97568834503547e-12
2.178428562 5.658232548478175e-13
2.180572685 2.938045131714173e-13
2.182716807 2.424817552094466e-12
2.1848609299999997 3.230509821436352e-11
2.187005053 4.818286755638452e-12
2.189149175 1.4017215157857248e-12
2.191293298 4.118173979285191e-12
2.1934374200000004 1.8296985053061777e-11
2.195581543 8.378942344509345e-11
2.1977256659999997 2.8632467992144626e-11
2.199869788 2.1709812530642502e-11
2.202013911 6.536848074419394e-11
2.204158033 1.3689098782997e-10
2.206302156 3.231810578409443e-10
2.208446279 3.9630684259497465e-10
2.210590401 4.978622010474243e-10
2.212734524 4.66793866594683e-10
2.2148786460000003 3.9342015959606337e-10
2.217022769 4.41009121967657e-10
2.219166892 3.1640041245610327e-10
2.221311014 2.9125177769879876e-10
2.2234551369999997 3.445467292901009e-10
2.225599259 4.0936779640755416e-10
2.2277433820000003 6.093834254148413e-10
2.229887505 7.569467174855482e-10
2.232031627 9.353053003531258e-10
2.23417575 8.644641127043345e-10
2.236319872 4.868991782904749e-10
2.238463995 2.8229831991585454e-10
2.240608118 6.662579838445556e-11
2.2427522399999997 7.774120028361784e-11
2.2448963629999996 1.9247170047526444e-10
2.247040485 3.9959336244893976e-11
2.249184608 1.3358211826035403e-11
2.251328731 1.28164572522679e-11
2.2534728530000003 1.53740182301236e-11
2.2556169759999998 2.0717762526761327e-11
2.257761098 1.4711003721610475e-10
2.259905221 2.059383666936025e-09
2.2620493440000002 7.617615016420144e-09
2.264193466 8.454742785075595e-09
2.2663375890000004 9.227364505541709e-09
2.2684817109999997 1.0592083663657168e-08
2.270625834 1.2972090452131003e-08
2.272769957 1.7174608236923914e-08
2.274914079 1.4946449848081655e-08
2.277058202 1.3363327798702105e-08
2.279202324 1.1049179489533695e-08
2.2813464469999998 9.29175718643998e-09
2.28349057 9.926756004647339e-09
2.285634692 1.0408174319382508e-08
2.2877788150000002 1.3378550599129623e-08
2.2899229369999996 9.284820521012867e-09
2.29206706 5.045783396723939e-09
2.294211183 3.563391318136205e-09
2.296355305 6.014232016945335e-09
2.298499428 1.268867920414844e-08
2.3006435499999998 2.5396884648112698e-08
2.3027876729999996 2.686999434085131e-08
2.304931796 3.343091733171155e-08
2.307075918 4.21071071221305e-08
2.309220041 5.2655498621480703e-08
2.3113641630000004 6.685452340188279e-08
2.3135082860000002 1.0445248462806125e-08
2.3156524089999997 1.4359203574877703e-09
2.317796531 7.951316044733975e-10
2.319940654 8.02362491566101e-09
2.322084776 1.0129836986234229e-07
2.3242288990000004 3.6562672743786453e-07
2.3263730220000003 4.058572836765938e-07
2.328517144 4.915595138689528e-07
2.330661267 8.407865910012006e-08
2.3328053890000002 1.0203043125006376e-08
2.334949512 2.461920930440872e-09
2.337093635 2.7039248708139146e-09
2.339237757 2.9024378928537434e-09
2.3413818799999997 3.041727512761241e-09
2.343526002 3.128386893580945e-09
2.3456701250000003 3.177270172260045e-09
2.347814248 3.207679165350469e-09
2.34995837 3.2377840311580536e-09
2.352102493 3.2824450350548994e-09
2.354246615 3.3515988487202924e-09
2.356390738 3.448309058912993e-09
2.358534861 4.578932861210834e-09
2.3606789829999997 3.69561493482313e-08
2.362823106 3.777049705196861e-07
2.364967228 1.590587002252205e-06
2.367111351 1.6307093614969876e-06
2.369255474 1.6704524493469675e-06
2.3713995960000003 9.438389461142309e-07
2.3735437189999997 5.145969503405207e-07
2.375687841 3.181290130209438e-07
2.377831964 6.863350910015749e-08
2.379976087 4.118430002929497e-08
2.382120209 1.270648273990459e-07
2.3842643320000003 4.308681399128946e-08
2.3864084539999997 1.48374548854086e-07
2.388552577 7.795507339959929e-07
2.3906967 1.0722815163511902e-06
2.392840822 1.5066228014331683e-06
2.394984945 6.466385022975652e-07
2.397129067 6.416928207357024e-08
2.3992731899999997 8.576920598198954e-09
2.401417313 8.544793455050023e-09
2.403561435 4.054018291195157e-08
2.405705558 2.633379054244754e-07
2.40784968 5.276669310529495e-07
2.409993803 8.253877709902567e-07
2.4121379259999998 1.881318098338638e-06
2.414282048 2.0626083959774206e-06
2.416426171 2.134234177702519e-06
2.418570293 2.144358618649725e-06
2.4207144159999996 1.6111604651830703e-06
2.422858539 1.4512404114383645e-06
2.425002661 2.3276689098406924e-06
2.427146784 2.131103771924703e-06
2.4292909060000003 2.0089657115796593e-06
2.431435029 2.052526116476327e-06
2.4335791519999996 2.387874936671116e-06
2.435723274 2.9129027211856333e-06
2.4378673969999998 1.8631873690778953e-06
2.440011519 7.268504808609932e-07
2.4421556420000003 3.851961328518233e-07
2.4442997650000002 4.1718936319230847e-07
2.446443887 8.17304346358125e-07
2.44858801 2.2324641430363583e-06
2.450732132 2.8486084864854094e-06
2.452876255 2.9336534839218873e-06
2.455020378 3.399004040082058e-06
2.4571644999999998 3.3663047553083097e-06
2.459308623 3.2419957305283555e-06
2.461452745 3.154964155422217e-06
2.463596868 2.1315920156854927e-06
2.465740991 1.3452778375485784e-06
2.467885113 9.307246488111526e-07
2.470029236 1.6861311065900665e-07
2.472173358 7.772574891854953e-08
2.474317481 3.516789464535025e-07
2.4764616040000003 6.112585945997525e-07
2.4786057259999996 1.0446057797953443e-06
2.480749849 2.4185650257575525e-06
2.4828939709999998 2.289873716656021e-06
2.485038094 2.1220243288856084e-06
2.487182217 2.003509559362141e-06
2.489326339 2.5260741348535973e-06
2.491470462 3.374793243786966e-06
2.493614584 4.93300685946615e-06
2.495758707 2.885651881569074e-06
2.49790283 2.1541167009602786e-06
2.500046952 1.2847559925968283e-06
2.5021910750000003 1.9265022224485996e-06
2.5038318559999997 7.587412048070193e-07
2.505183087 1.6225602489973124e-06
2.506534319 4.914929423657963e-09
2.50788555 1.281058070228346e-06
2.509236782 1.1628552963013647e-06
2.510588013 2.492289467444348e-06
2.511939244 2.660245291683728e-06
2.5132904760000003 1.6299087056583472e-08
2.514641707 1.591726053404698e-07
2.515992939 2.551878604327745e-07
2.51734417 4.887831218404211e-09
2.5186954019999996 6.589111577641496e-07
2.5200466329999998 2.0521342229564603e-06
2.521397865 6.159348629479614e-08
2.522749096 1.0038991142141011e-06
2.524100327 5.18646529743638e-09
2.525451559 2.8473527703455123e-07
2.52680279 3.494157531185406e-07
2.5281540220000003 7.865397324105488e-07
2.529505253 8.388117955193143e-07
2.5308564849999997 3.394013811663977e-07
2.532207716 6.770772091165295e-09
2.533558948 1.7686266805970611e-06
2.534910179 4.5037734746979595e-06
2.5362614100000003 7.68184094971034e-07
2.537612642 1.1339982793196758e-06
2.538963873 1.1501457414638058e-08
2.5403151050000004 1.6312885629840185e-06
2.5416663359999996 1.1304253338448943e-07
2.5430175680000002 3.12569296873522e-06
2.544368799 2.680503131735951e-07
2.54572003 2.1963939135638915e-06
2.547071262 3.3251452241907373e-06
2.548422493 3.867797896763274e-06
2.549773725 2.048313253469522e-06
2.551124956 4.457315059382252e-08
2.552476188 5.439281574864974e-07
2.553827419 2.7058986814757017e-06
2.5551786510000003 2.718017990697825e-06
2.556529882 2.9462065398547142e-06
2.557881113 8.871327932852354e-07
2.559232345 1.3420197550262396e-06
2.560583576 7.378291597169491e-06
2.561934808 6.128901376893549e-06
2.5632860390000003 4.350977789434026e-06
2.564637271 4.083267449094965e-06
2.565988502 3.732847651963805e-06
2.567339733 3.980545706500888e-06
2.5686909649999996 1.5846406490010774e-06
2.5700421959999997 1.5754045369962392e-06
2.571393428 2.864038290799521e-06
2.572744659 6.3886287145094775e-06
2.574095891 5.735003982613053e-06
2.575447122 2.99454842573394e-07
2.576798354 1.8956735321435586e-06
2.5781495850000002 6.554507804821075e-07
2.5795008160000004 1.1434953795435267e-06
2.580852048 1.8040306427900727e-06
2.582203279 2.1501771952174314e-06
2.583554511 1.3108599513765874e-06
2.584905742 3.533302546971566e-06
2.586256974 4.000264847492311e-06
2.587608205 2.885339486944003e-06
2.588959437 5.950001629396633e-06
2.590310668 4.869275696244394e-06
2.591661899 4.64090293157092e-06
2.593013131 7.855762310365364e-06
2.594364362 6.567623304257102e-06
2.5957155939999996 6.960502111764697e-07
2.5970668249999997 9.978837687773026e-07
2.598418057 4.762079883823141e-06
2.599769288 5.0070222017351366e-06
2.601120519 3.7924484691276926e-06
2.602471751 4.0558976530218e-06
2.603822982 8.631561415603379e-06
2.6051742140000003 8.347135710878914e-06
2.6065254450000004 8.306875723201015e-07
2.607876677 4.048313347483599e-06
2.609227908 3.4046454218321797e-06
2.61057914 2.3259477933321658e-06
2.611930371 4.358290937703282e-06
2.613281602 4.831646410543798e-06
2.614632834 5.6696779688655514e-06
2.615984065 6.5869245302969e-06
2.617335297 7.325576382463059e-06
2.618686528 3.3903906338214246e-06
2.62003776 3.301355121749227e-06
2.621388991 8.3141035584302e-06
2.622740222 1.0639876422354835e-05
2.6240914539999998 7.621147247729782e-06
2.625442685 7.146553372474767e-06
2.626793917 7.29018184537281e-06
2.628145148 2.828144068432758e-06
2.62949638 4.66278170251084e-06
2.630847611 5.779182384285815e-06
2.6321988430000003 8.068007044793732e-06
2.6335500740000004 2.0507494880213504e-06
2.634901305 3.6594295869981174e-06
2.636252537 8.610418327205982e-06
2.637603768 1.6239384375297668e-06
2.6389549999999997 3.2865789589382323e-06
2.640306231 3.1691668476611696e-06
2.641657463 6.00741183020217e-06
2.643008694 5.963522509302719e-06
2.6443599250000003 5.497433646001133e-06
2.645711157 4.158739839401002e-06
2.6470623879999997 3.5458683685003752e-06
2.64841362 3.009436504593264e-06
2.649764851 2.1043258078548185e-06
2.651116083 1.8217548344968934e-06
2.652467314 2.5837770072106358e-06
2.653818546 3.6952904845100894e-06
2.6551697770000002 2.5576659785943907e-06
2.6565210080000004 7.051814206891739e-06
2.65787224 3.1331712379700286e-06
2.659223471 4.273156579537818e-06
2.6605747030000004 5.321820448969389e-06
2.6619259339999997 5.649463530110119e-06
2.663277166 4.447931966152735e-06
2.664628397 1.8024495011299471e-06
2.6659796289999997 2.6146286695738615e-06
2.66733086 1.49400358051416e-06
2.668682091 6.056966427227598e-06
2.670033323 6.402451158643159e-06
2.6713845540000003 4.756279436435427e-06
2.672735786 4.300211880105575e-06
2.6740870169999997 4.356174121591246e-06
2.675438249 5.13288693733773e-06
2.67678948 3.697704819958086e-06
2.678140711 6.57010427815895e-06
2.679491943 6.004747315296506e-06
2.680843174 3.4596566748024255e-06
2.6821944060000003 2.058147729390609e-06
2.6835456370000004 5.807196129013032e-07
2.684896869 3.1203353031266304e-06
2.6862481 1.4071706993907498e-06
2.6875993319999996 1.5161718540563194e-06
2.6889505629999997 2.487311229149792e-06
2.690301794 4.320750546092533e-06
2.691653026 4.005456085932472e-06
2.693004257 3.1907814974729605e-06
2.694355489 1.7135391426491833e-06
2.69570672 3.41830646702601e-06
2.697057952 3.5408230811549776e-06
2.6984091830000003 3.818888051043967e-06
2.699760414 3.5722059278498577e-06
2.7011116459999998 2.7185462801570494e-07
2.702462877 1.0765872508439617e-06
2.703814109 3.583089116162831e-06
2.70516534 1.0120821220327132e-06
2.706516572 3.0230098710271673e-06
2.707867803 6.731944924266972e-06
2.7092190350000003 4.043035581647725e-06
2.7105702660000004 3.928298245778252e-06
2.7119214969999996 1.8888368378275594e-06
2.713272729 2.734587172404757e-06
2.71462396 6.519484157342713e-06
2.7159751919999997 5.200920411117622e-06
2.717326423 6.046574029394503e-06
2.718677655 4.140110519225726e-06
2.720028886 6.004245546506349e-06
2.7213801170000003 5.72920839253862e-06
2.722731349 3.1423372827141507e-06
2.7240825799999997 2.4155819483578604e-06
2.7254338120000003 2.3501514820360814e-06
2.726785043 3.5322837911304424e-06
2.7281362749999998 2.648123249366314e-06
2.729487506 3.7766343918867074e-06
2.730838738 4.093425367284817e-06
2.732189969 2.963217310703199e-06
2.7335412000000003 4.7887174999216e-06
2.734892432 1.9548662634231957e-06
2.736243663 1.7134486596799155e-06
2.737594895 2.2254053727130865e-06
2.7389461259999996 4.411697893896706e-07
2.740297358 2.143313573373424e-06
2.741648589 2.882550862947623e-06
2.7429998209999997 2.0630434236256233e-06
2.744351052 1.3372023112238595e-06
2.745702283 2.5260998324865028e-06
2.747053515 2.9540466492789306e-06
2.7484047460000003 2.538950516975064e-06
2.749755978 2.6396354119307002e-06
2.7511072089999997 1.1962278087630475e-06
2.7524584410000004 3.164912224872013e-07
2.753809672 2.3774886328992046e-06
2.755160903 1.9354693952658586e-06
2.756512135 3.301305123464387e-08
2.757863366 6.585621587559291e-09
2.7592145980000002 4.889891782049304e-09
2.760565829 4.957610589036174e-07
2.761917061 3.73686826043241e-06
2.7632682920000002 4.883036423607171e-08
2.764619524 4.890846845713289e-09
2.7659707549999997 3.3058437803044246e-07
2.767321986 3.2472060132151194e-06
2.768673218 6.784431836540865e-06
2.770024449 5.812239495845552e-06
2.771375681 3.7635671146484323e-06
2.772726912 1.118752060171655e-06
2.774078144 2.8812250909988134e-07
2.7754293750000003 8.788217789709114e-07
2.776780606 1.9342551470541287e-06
2.7781318379999997 1.524636492313875e-06
2.779483069 1.0075710043762344e-06
2.780834301 2.332383735770696e-06
2.782185532 1.9313917742519977e-06
2.783536764 8.772811437579401e-07
2.784887995 7.690580134333256e-07
2.786239227 4.433202273624903e-08
2.787590458 1.0914740470927694e-08
2.788941689 3.165701538909543e-07
2.7902929210000003 1.8894286327558816e-06
2.791644152 2.1740979920353005e-06
2.7929953839999997 1.919242617778528e-06
2.794346615 4.2144517679951083e-07
2.795697847 2.419452188031898e-06
2.797049078 7.80619520129207e-09
2.7984003090000003 1.126995390161822e-06
2.799751541 5.0615919024243935e-08
2.801102772 4.925571431067022e-09
2.8024540040000003 4.92808056883763e-09
2.803805235 4.93047315597413e-09
2.8051564669999998 9.69274772915056e-07
2.806507698 4.928970300814726e-09
2.80785893 6.635196905182287e-09
2.8092101609999998 4.475432735904152e-07
2.810561392 2.151729846269968e-06
2.811912624 2.393181088311331e-06
2.813263855 5.284022452630088e-07
2.814615087 5.03224576286836e-09
2.8159663179999996 4.926878929952145e-09
2.8173175500000003 4.285323824166275e-08
2.818668781 2.09845390285599e-06
2.8200200129999997 1.830188986061648e-06
2.821371244 6.098680747438806e-07
2.822722475 1.0351636672540671e-08
2.824073707 1.7030386174623523e-06
2.8254249380000003 2.2658780547121348e-07
2.82677617 4.922553908929809e-09
2.828127401 4.921040992315964e-09
2.8294786330000004 4.919388933769347e-09
2.830829864 7.228974303202432e-08
2.8321810949999997 7.3632602125352535e-09
2.833532327 4.912056971195788e-09
2.834883558 6.432006000230379e-08
2.83623479 8.632010199512456e-07
2.837586021 8.17277925962734e-09
2.838937253 4.5919103534696376e-08
2.8402884840000002 1.1731682707204184e-06
2.841639716 4.021793631268796e-06
2.8429909469999997 2.2254044486399825e-06
2.8443421779999998 7.536866846243421e-07
2.84569341 2.07739832711246e-06
2.847044641 2.974681163668605e-06
2.848395873 1.6427121384075806e-06
2.849747104 8.870416203521856e-07
2.851098336 1.5499925037343314e-06
2.8524495670000003 1.6456686676281498e-06
2.8538007980000004 2.4238509469344763e-06
2.85515203 1.1747556128451007e-06
2.856503261 4.853364948038925e-09
2.8578544929999996 4.848385691588405e-09
2.8592057239999997 7.318658870690475e-07
2.860556956 2.0087497203873243e-06
2.861908187 7.160575245734557e-09
2.863259419 4.6517258253880785e-07
2.86461065 9.746932638851013e-08
2.865961881 4.588048924471693e-07
2.8673131130000002 7.377664587281416e-07
2.868664344 1.4500814704882997e-06
2.8700155759999997 5.213123841036427e-07
2.871366807 4.856540837818149e-07
2.872718039 4.816011669379736e-09
2.87406927 1.106109628457193e-07
2.8754205010000002 3.0422684934096523e-06
2.876771733 1.148183375287593e-06
2.878122964 4.810209874890259e-09
2.8794741960000003 4.808857845258961e-09
2.8808254270000004 4.807516273017592e-09
2.882176659 4.806171719308526e-09
2.88352789 4.80480898977984e-09
2.8848791219999996 4.80341635899118e-09
2.8862303529999997 4.796244080874391e-09
2.887581584 4.794742652237311e-09
2.888932816 1.9490674950502095e-07
2.890284047 3.043070537648694e-08
2.891635279 4.7913651499622924e-09
2.89298651 4.7961725542051405e-09
2.8943377420000003 4.795577365170524e-09
2.895688973 1.1520539619383503e-07
2.8970402049999997 4.793842637123548e-09
2.898391436 1.9661792532879056e-08
2.899742667 4.791468327159597e-09
2.901093899 1.709812250749845e-07
2.9024451300000003 3.407042613642646e-07
2.903796362 1.4997775551760198e-06
2.905147593 1.224368310314416e-06
2.9064988250000003 3.7821024212981815e-07
2.907850056 1.518911830629001e-06
2.9092012869999997 1.118038755778982e-07
2.910552519 1.9100555534253878e-07
2.91190375 2.738426650116437e-06
2.9132549819999998 2.1646855709526234e-06
2.914606213 1.4409906307008445e-06
2.915957445 4.743564488497983e-09
2.917308676 4.739325598059468e-09
2.918659908 5.979489462721163e-07
2.920011139 4.6042498980425787e-07
2.9213623699999998 4.723797138081978e-09
2.922713602 4.7170595127743405e-09
2.924064833 4.710236227512201e-09
2.925416065 4.703332641184141e-09
2.926767296 4.700437737726969e-09
2.928118528 4.694663868059942e-09
2.9294697590000003 4.687629913962827e-09
2.93082099 4.679773488739459e-09
2.932172222 4.671399694744193e-09
2.933523453 4.663052447344705e-09
2.934874685 4.654745014953603e-09
2.9362259159999997 4.646499156647649e-09
2.937577148 9.707047057269037e-07
2.938928379 1.8088163585586322e-06
2.940279611 4.1090913806319735e-08
2.941630842 4.609697419949568e-09
2.942982073 1.106492389771085e-07
2.9443333050000002 1.627899698834739e-06
2.9456845360000004 4.643291490717856e-08
2.947035768 1.8833289822311874e-08
2.948386999 4.581504761728743e-09
2.949738231 1.8817806655734456e-07
2.951089462 1.1529614738132912e-07
2.952440694 4.564574530250897e-09
2.953791925 4.55695325082298e-09
2.955143156 7.859418486801624e-09
2.956494388 1.2297087074707493e-06
2.957845619 4.78692144616681e-07
2.959196851 4.673525942265829e-09
2.960548082 4.522145561185536e-09
2.9618993139999996 4.515836645638332e-09
2.9632505449999997 4.509762186018371e-09
2.964601776 4.503901016997057e-09
2.965953008 1.4375127407372832e-08
2.967304239 1.1254660474335373e-06
2.968655471 2.2428330679618788e-07
2.970006702 4.482501563631946e-09
2.9713579340000003 1.0302915477202395e-08
2.9727091650000004 1.120012714071123e-06
2.974060397 8.333244144303325e-07
2.975411628 4.471050977960752e-09
2.976762859 4.473616973946275e-09
2.978114091 4.470211943074103e-09
2.979465322 4.4669427961427314e-09
2.980816554 4.462150027001711e-09
2.982167785 4.456391597255e-09
2.983519017 4.450721430023637e-09
2.984870248 6.003414185258742e-09
2.9862214789999997 1.159660802905365e-06
2.987572711 1.2323287976147975e-07
2.988923942 2.9365806066263906e-07
2.9902751739999998 1.1078293773595572e-07
2.991626405 1.4124092793377668e-07
2.992977637 4.421324392268331e-09
2.994328868 4.417878842644108e-09
2.9956801 4.414399166034892e-09
2.997031331 4.410873654650646e-09
2.9983825619999998 4.40728172096769e-09
2.9997337940000004 4.40362009659038e-09
3.001085025 4.397616861590696e-09
3.002436257 4.394634535990481e-09
3.003787488 4.387369862674157e-09
3.0051387199999997 4.379979812769577e-09
3.006489951 4.375007044290121e-09
3.007841182 4.370001045807622e-09
3.009192414 1.0797664924626435e-06
3.0105436450000003 8.433895650587303e-08
3.011894877 4.350880969256352e-09
3.0132461079999997 1.332560593302357e-07
3.01459734 1.5764860378625892e-08
3.015948571 1.658009738832704e-07
3.017299803 2.3724845800294705e-06
3.018651034 3.219995404889264e-06
3.020002265 1.2100396491507018e-06
3.021353497 3.8786328560305663e-07
3.0227047280000003 6.148446833078874e-09
3.02405596 8.141254586923121e-07
3.0254071909999998 3.241663338439006e-06
3.0267584230000004 5.832626411725547e-07
3.0281096539999997 9.923066929671854e-07
3.029460886 2.458565862126463e-06
3.030812117 4.600411954014865e-06
3.032163348 5.653981320609885e-06
3.03351458 3.071325261321117e-06
3.034865811 6.735940747394956e-07
3.036217043 1.0262736014146682e-07
3.0375682740000003 3.197974783692005e-07
3.038919506 2.325659575103717e-07
3.0402707369999997 1.1265480712797306e-08
3.041621968 1.348933009657693e-06
3.0429732 2.6201946624541327e-06
3.044324431 2.9377291136511374e-06
3.045675663 9.467892999018973e-07
3.047026894 4.333265194526252e-09
3.0483781260000002 4.202685073691364e-09
3.0497293570000004 4.20207322269875e-09
3.051080589 4.1976406315041664e-09
3.05243182 1.2888645996255921e-06
3.053783051 2.554968949537304e-06
3.0551342829999997 2.524683244123447e-06
3.056485514 2.0876174325288017e-06
3.057836746 3.441558598360778e-06
3.059187977 1.997577237134905e-06
3.060539209 1.996606315318216e-06
3.06189044 2.181818227916517e-06
3.063241671 2.773997807035638e-06
3.0645929030000003 6.393296641722877e-06
3.065944134 5.938422302061476e-06
3.0672953659999997 2.241530396034857e-06
3.068646597 3.7668304987258953e-06
3.069997829 5.863374644451178e-06
3.07134906 5.1087639471497765e-06
3.072700292 4.875439783980218e-06
3.074051523 7.1313416340514605e-06
3.075402754 7.042789867062525e-06
3.0767539860000004 8.421151729483135e-06
3.0781052169999996 6.540874406089594e-06
3.079456449 6.161583949577131e-06
3.08080768 6.992506948891422e-06
3.0821589119999997 6.4610743007183e-06
3.083510143 1.0578067210866336e-05
3.084861374 1.5054405857444883e-05
3.086212606 1.4192152889334165e-05
3.0875638370000003 1.534445414183592e-05
3.088915069 1.4155721067623883e-05
3.0902662999999997 1.5812216918557908e-05
3.0916175320000003 1.8223263210325773e-05
3.092968763 1.5630630557019713e-05
3.0943199949999998 1.5229908613777939e-05
3.095671226 1.5204238571884342e-05
3.097022457 1.6243871182304143e-05
3.098373689 1.8975899786440066e-05
3.0997249200000003 1.9248857361539693e-05
3.101076152 1.9136121081090945e-05
3.102427383 1.7181598484948103e-05
3.103778615 1.5415233482935057e-05
3.1051298459999996 1.91327992475011e-05
3.106481078 2.3441129763709202e-05
3.107832309 2.2367184923330542e-05
3.10918354 2.0540413110297554e-05
3.110534772 1.9706342485452623e-05
3.111886003 2.164560965361524e-05
3.113237235 2.2887310265637685e-05
3.1145884660000003 2.1107786461903115e-05
3.115939698 1.9908287793615663e-05
3.1172909289999997 2.1911748141937413e-05
3.11864216 2.278838723696887e-05
3.119993392 2.2272330758260163e-05
3.121344623 2.124824801047438e-05
3.122695855 1.8969907603229443e-05
3.124047086 1.78663857577804e-05
3.1253983180000002 1.7485785757192645e-05
3.126749549 1.5092777603997888e-05
3.128100781 1.5437541083232925e-05
3.1294520120000002 1.5637100042356323e-05
3.130803243 1.3191876367604778e-05
3.1321544749999997 1.1114166873337562e-05
3.133505706 1.3073692889624452e-05
3.134856938 8.740244612269436e-06
3.136208169 3.874213704882482e-06
3.137559401 4.373619265407496e-06
3.138910632 7.42243466129549e-06
3.140261863 8.879755227025626e-06
3.1416130950000003 7.287567403731487e-06
3.142964326 6.121212345498954e-06
3.1443155579999997 5.573028093801021e-06
3.145666789 5.90936455718223e-06
3.147018021 6.793446168131214e-06
3.148369252 7.54759137387983e-06
3.149720484 6.925792908358556e-06
3.151071715 7.1635288889045125e-06
3.152422946 6.097158630812965e-06
3.153774178 8.58467054033878e-06
3.155125409 9.922722039359172e-06
3.1564766410000002 1.1482154826919314e-05
3.157827872 5.778794140184115e-06
3.1591791039999997 2.2615619231359197e-06
3.160530335 2.6697757602539875e-06
3.161881566 1.3536498288270387e-06
3.163232798 1.259151102156323e-06
3.1645840290000002 4.292163945877071e-06
3.165935261 3.6185500761810873e-06
3.167286492 4.3248607062972944e-06
3.1686377240000003 4.198872580393563e-06
3.169988955 2.6431135997558715e-06
3.1713401869999998 2.1527382128602787e-06
3.172691418 1.9707720771330452e-06
3.174042649 1.8716802426428803e-06
3.1753938809999998 2.366829442691547e-06
3.176745112 2.4871925336431276e-06
3.178096344 2.7324003100672785e-06
3.179447575 2.465625981191229e-06
3.180798807 1.6431034517453773e-06
3.182150038 5.567006858407238e-06
3.1835012700000003 5.515000722778356e-06
3.184852501 5.470381381000019e-06
3.186203732 3.932057415758101e-06
3.187554964 2.3237510993238536e-06
3.188906195 3.7834478049342636e-06
3.190257427 5.682477704489203e-06
3.1916086580000003 4.520408848397644e-06
3.19295989 4.4998059049317565e-06
3.194311121 5.348309719651225e-06
3.195662352 6.160637809217085e-06
3.197013584 7.642689803407576e-06
3.1983648149999997 9.233340634211299e-06
3.199716047 6.1509775308251444e-06
3.201067278 3.4571470349126645e-06
3.2024185099999998 5.230006196975201e-06
3.203769741 8.898699957022661e-06
3.205120973 7.114598117427134e-06
3.206472204 1.9216094749017295e-06
3.207823435 1.6863916729250114e-06
3.209174667 2.8490429067178436e-06
3.2105258979999998 6.1949426048432515e-06
3.21187713 1.0832730896321936e-05
3.213228361 1.0814833609422481e-05
3.214579593 6.414243538560294e-06
3.215930824 2.9545082206449677e-06
3.217282055 3.4524374733361836e-06
3.2186332870000003 5.4088061584882885e-06
3.2199845180000004 7.711845463746577e-06
3.22133575 7.392595488401356e-06
3.222686981 7.725198236613927e-06
3.2240382129999996 7.417858720436985e-06
3.2253894439999997 3.819279857174324e-06
3.226740676 2.6614439920270207e-06
3.228091907 3.59451614922762e-06
3.229443138 4.132647887953382e-06
3.23079437 5.8506182418755855e-06
3.232145601 5.8869755449318065e-06
3.2334968330000002 3.6263067051164793e-06
3.234848064 5.975128246596158e-06
3.2361992959999997 7.162443844267578e-06
3.237550527 4.1184968578882195e-06
3.238901759 2.842649575671415e-06
3.24025299 1.1582537915943893e-06
3.2416042210000002 2.938349837438403e-06
3.242955453 4.257979443927969e-06
3.244306684 5.3993132785084275e-06
3.2456579160000003 6.135332487181029e-06
3.2470091470000004 6.0068264710147195e-06
3.248360379 3.6144837593799925e-06
3.24971161 2.8034425909472753e-06
3.251062841 2.783364424876328e-06
3.2524140729999997 4.305598705063684e-06
3.253765304 7.350524432325826e-06
3.255116536 9.158089663183441e-06
3.256467767 1.0835317501494023e-05
3.257818999 1.3025466936671232e-05
3.25917023 1.236958417224314e-05
3.2605214620000003 1.1427769393813182e-05
3.261872693 8.605496221740791e-06
3.263223924 8.30088407138425e-06
3.264575156 1.0081580166623055e-05
3.265926387 1.2984593787402031e-05
3.267277619 1.4761993328101983e-05
3.2686288500000003 1.0271574880203612e-05
3.269980082 6.052960087126018e-06
3.271331313 3.936455854346879e-06
3.272682544 2.7963751696144454e-06
3.274033776 4.122474218588885e-06
3.2753850069999997 4.934437395094836e-06
3.276736239 4.66386077881703e-06
3.27808747 4.1633019037181275e-06
3.2794387019999998 5.478668989938489e-06
3.280789933 5.374697700637056e-06
3.282141165 6.14572141676089e-06
3.283492396 7.376927476436942e-06
3.2848436270000003 4.151217719684506e-06
3.286194859 2.363570624122801e-06
3.2875460899999998 2.0671941976306883e-06
3.288897322 3.284901466925826e-06
3.290248553 6.126379584595377e-06
3.291599785 5.654479013239171e-06
3.292951016 3.2207555082721886e-06
3.294302247 3.7864982210784927e-06
3.2956534790000003 3.970058075435443e-06
3.29700471 4.7175320223359295e-06
3.298355942 5.992013683281999e-06
3.299707173 5.920274695910796e-06
3.301058405 5.2813302064672634e-06
3.3024096359999997 5.258602495095117e-06
3.303760868 4.432961540459782e-06
3.305112099 3.0993247014406603e-06
3.30646333 3.0619480768536e-06
3.307814562 4.4671286071726915e-06
3.309165793 4.400241720517214e-06
3.3105170250000002 4.4116440406215815e-06
3.3118682560000003 4.985615514787208e-06
3.313219488 7.769427748395592e-06
3.3145707189999998 6.976103236823286e-06
3.315921951 6.384053455901745e-06
3.317273182 7.021564100816616e-06
3.318624413 6.799274579924327e-06
3.319975645 3.759040493378015e-06
3.321326876 5.167679566544975e-06
3.322678108 5.372400832821984e-06
3.324029339 5.827779810920297e-06
3.325380571 7.443509595514667e-06
3.326731802 8.618381300623586e-06
3.328083033 8.967934884209566e-06
3.3294342649999997 8.959517768376998e-06
3.330785496 7.504218859629358e-06
3.332136728 4.857609649656838e-06
3.333487959 5.077530987263156e-06
3.334839191 6.4489471146235296e-06
3.336190422 7.435233096893552e-06
3.3375416540000002 6.201961253108113e-06
3.3388928850000004 4.865658054213148e-06
3.340244116 6.206615755794831e-06
3.341595348 4.826285368676912e-06
3.342946579 4.900882312135378e-06
3.344297811 7.311718345379214e-06
3.345649042 6.226441679647313e-06
3.347000274 3.790861606683464e-06
3.348351505 5.92904538030466e-06
3.3497027360000002 7.815834327245032e-06
3.351053968 7.910627249225618e-06
3.3524051989999997 8.367906721998261e-06
3.353756431 8.135281393436395e-06
3.355107662 6.442467858595127e-06
3.3564588939999997 2.848062020342143e-06
3.357810125 1.8453063931679306e-06
3.359161357 4.267931396027427e-06
3.360512588 7.42761369854597e-06
3.3618638190000003 9.386476699220031e-06
3.363215051 1.0231235581319149e-05
3.3645662819999997 1.0135663946194145e-05
3.3659175140000004 8.404400386532186e-06
3.367268745 5.788261202735782e-06
3.368619977 2.910822736160447e-06
3.369971208 1.5231834224815565e-06
3.371322439 3.881414566885876e-06
3.372673671 5.983998846277803e-06
3.374024902 5.091929783854063e-06
3.375376134 4.060960184130603e-06
3.3767273650000003 3.6138853718399338e-06
3.378078597 2.840845251614418e-06
3.3794298279999997 4.158287530489828e-06
3.38078106 8.57514337916839e-06
3.382132291 8.5968231160558e-06
3.383483522 5.848496404684583e-06
3.384834754 6.171840671420595e-06
3.386185985 7.579955199556218e-06
3.387537217 5.932856303357176e-06
3.3888884480000003 1.8243431065356248e-06
3.39023968 6.638718728733559e-08
3.3915909109999998 2.330343953777949e-06
3.3929421430000004 6.068984201106547e-06
3.3942933739999996 7.210199937733939e-06
3.3956446049999998 7.056495757927426e-06
3.396995837 6.148053393083495e-06
3.398347068 6.044438963755404e-06
3.3996983 5.626099677313917e-06
3.401049531 2.4427464323643985e-06
3.402400763 4.094697551700339e-06
3.4037519940000003 3.7446444119943662e-06
3.405103225 1.7386366880069356e-06
3.4064544569999997 2.507919084549974e-06
3.407805688 1.6452191915951294e-06
3.40915692 2.980931428728334e-06
3.410508151 5.235906991254563e-06
3.411859383 5.5283035945779655e-06
3.413210614 6.209062623813862e-06
3.4145618460000002 5.359019278826294e-06
3.4159130770000004 6.675678043813623e-06
3.4172643079999996 7.5617156341607835e-06
3.41861554 6.857806879735594e-06
3.419966771 5.41264872827327e-06
3.4213180029999997 3.605118666859093e-06
3.422669234 2.4806419502319366e-06
3.424020466 3.7673419923185697e-06
3.425371697 5.309028979364262e-06
3.4267229280000002 6.812977500876886e-06
3.42807416 4.546002136246534e-06
3.429425391 2.0965835618587444e-06
3.4307766230000003 2.084735170596094e-06
3.432127854 4.0804835003727386e-06
3.4334790859999997 2.1382942978721656e-06
3.434830317 1.9004375340013502e-06
3.436181549 2.270839259334801e-06
3.43753278 1.7366308030697208e-06
3.4388840110000003 1.5519561598060734e-06
3.440235243 1.8649710309680056e-06
3.441586474 6.986855806708283e-07
3.4429377060000004 2.598625286511784e-07
3.4442889369999996 9.756561399109889e-07
3.445640169 2.936561339956047e-06
3.4469914 2.5418274611786074e-06
3.448342631 4.6741784128873086e-07
3.449693863 1.174888137419554e-06
3.451045094 9.189766396864292e-07
3.452396326 2.309939824726063e-06
3.4537475570000002 2.510666105128743e-06
3.455098789 2.2672004507850276e-07
3.45645002 5.783627540012979e-07
3.4578012520000003 3.352123125677369e-06
3.459152483 5.3253283907312015e-06
3.460503714 6.676725980401556e-06
3.461854946 8.48856940076157e-06
3.463206177 9.993712330161183e-06
3.464557409 7.976423026490706e-06
3.4659086400000003 5.214687347020776e-06
3.467259872 4.124823384765419e-06
3.468611103 5.293839552998605e-06
3.469962335 8.762105959657427e-06
3.4713135659999996 1.2343801184577283e-05
3.4726647969999997 1.3301908645492839e-05
3.474016029 1.2537705720822247e-05
3.47536726 1.2057017779060874e-05
3.476718492 1.2320057610727267e-05
3.478069723 1.3433848554240266e-05
3.479420955 1.2632497714474136e-05
3.4807721860000003 1.0707554682892768e-05
3.482123417 1.0548481858488784e-05
3.483474649 9.103995059730454e-06
3.48482588 7.38822878368044e-06
3.486177112 6.331767565702555e-06
3.487528343 8.211597743532726e-06
3.488879575 1.0384828142520342e-05
3.490230806 8.34153878241672e-06
3.491582038 7.129097569091571e-06
3.492933269 9.018213529241366e-06
3.4942845 1.0498731424525613e-05
3.495635732 8.536196848054497e-06
3.496986963 5.80707771285543e-06
3.4983381949999997 5.970158279205487e-06
3.4996894259999998 5.228603881528853e-06
3.501040658 4.212702632675456e-06
3.502391889 4.5276542759233025e-06
3.50374312 4.564597048914967e-06
3.505094352 5.6677179413498125e-06
3.506445583 6.857559885213299e-06
3.5077968150000003 7.530839705112479e-06
3.509148046 1.0426094423942452e-05
3.5104992779999997 7.5121709602534945e-06
3.511850509 4.229804100989539e-06
3.513201741 4.960242177860817e-06
3.514552972 7.435430437111854e-06
3.515904203 8.105979716627428e-06
3.517255435 8.535770980508841e-06
3.518606666 7.18170139435026e-06
3.519957898 4.4500593485491496e-06
3.521309129 2.735611634659013e-06
3.5226603610000002 1.8045029612813173e-06
3.524011592 1.4139566106995006e-06
3.5253628239999997 3.1336932466753906e-06
3.526714055 4.1351250940612805e-06
3.528065286 5.6071993526076365e-06
3.529416518 5.105369342543467e-06
3.5307677490000002 5.227716405134719e-06
3.532118981 6.784262768078198e-06
3.533470212 5.906943678962059e-06
3.5348214440000003 5.799282390662034e-06
3.536172675 4.314767710009841e-06
3.537523906 2.3964780897769747e-06
3.538875138 2.80638056232183e-06
3.540226369 3.2759056417010213e-06
3.5415776009999997 1.2851074620967082e-06
3.542928832 1.6242752989573287e-06
3.544280064 4.44282381404618e-06
3.545631295 5.266289977652173e-06
3.546982527 4.639250803242751e-06
3.548333758 2.4009165100071364e-06
3.5496849889999997 7.493194666165358e-07
3.551036221 3.0901593403240498e-06
3.552387452 5.081095719875886e-06
3.553738684 9.22939367896834e-06
3.555089915 9.487439880232783e-06
3.556441147 7.06575273172334e-06
3.5577923780000003 7.652820283975682e-06
3.5591436090000004 7.176302163462071e-06
3.560494841 9.056196151378903e-06
3.561846072 8.071795086458865e-06
3.563197304 6.762557049443695e-06
3.5645485349999997 8.42644565629344e-06
3.565899767 9.383129584881821e-06
3.567250998 8.89125208038678e-06
3.5686022299999998 7.86560991820357e-06
3.569953461 6.473119932244953e-06
3.571304692 7.132616676613255e-06
3.572655924 1.061184051196435e-05
3.574007155 9.162074878325926e-06
3.575358387 7.388917998148489e-06
3.5767096179999998 8.925512887047154e-06
3.57806085 1.067235677963861e-05
3.579412081 8.740058104467566e-06
3.580763312 6.1201218324855215e-06
3.582114544 4.646891687831989e-06
3.583465775 2.5056059619169184e-06
3.5848170070000003 1.8881094472807834e-06
3.5861682380000004 1.2439873121352923e-06
3.58751947 2.5232597592523716e-06
3.588870701 1.887365666138754e-06
3.5902219329999996 1.3292689333994843e-07
3.5915731639999997 6.5548416053607505e-09
3.592924395 5.915287556218674e-09
3.594275627 5.916540642656966e-09
3.595626858 5.91781185317369e-09
3.59697809 5.919099897755892e-09
3.598329321 5.920407671867117e-09
3.5996805530000002 5.921731319599673e-09
3.601031784 5.92306992775297e-09
3.602383016 5.924425712917312e-09
3.603734247 5.930854329207428e-09
3.605085478 5.934069926995923e-09
3.60643671 5.935468425593976e-09
3.607787941 5.936877988463827e-09
3.609139173 5.938298699475339e-09
3.610490404 5.939434270629638e-09
3.6118416360000003 5.940058751623398e-09
3.6131928670000004 5.940691149476448e-09
3.6145440979999997 5.941330165281552e-09
3.61589533 5.941974067957777e-09
3.617246561 5.942622670088627e-09
3.6185977929999997 5.943274361237864e-09
3.619949024 5.950223501919949e-09
3.621300256 5.951217152587647e-09
3.622651487 5.951872316962885e-09
3.624002719 5.952526204727527e-09
3.62535395 5.953177691594338e-09
3.6267051809999997 5.953825794762308e-09
3.628056413 5.954469526877728e-09
3.629407644 5.955107419941828e-09
3.630758876 5.9561988839250685e-09
3.632110107 5.957642135816551e-09
3.633461339 5.9590769394430035e-09
3.6348125700000002 5.96050326982806e-09
3.6361638010000004 5.9619196047493955e-09
3.637515033 9.855007028448531e-09
3.638866264 9.57667764548465e-08
3.640217496 2.753177721656385e-08
3.6415687269999997 5.968422658057235e-09
3.642919959 5.970599552256775e-09
3.64427119 5.972761701592968e-09
3.6456224219999998 5.974909857217111e-09
3.646973653 5.977044144027956e-09
3.648324884 5.9791616948011835e-09
3.649676116 4.160536789828756e-07
3.6510273470000003 1.7366954185392385e-06
3.652378579 7.958999129667551e-07
3.6537298099999997 5.996701436624848e-09
3.655081042 9.274425647489226e-09
3.656432273 1.4141955283853028e-06
3.657783504 2.9110721847714982e-06
3.659134736 1.885192271583175e-06
3.660485967 2.9744254454228127e-06
3.6618371990000003 4.472460684914378e-06
3.66318843 4.391763986706787e-06
3.664539662 4.514255175164434e-06
3.665890893 1.2683807588654787e-06
3.667242125 8.417221478241026e-07
3.6685933559999997 2.115274395140593e-06
3.669944587 5.444025754593351e-06
3.671295819 6.9948483964656286e-06
3.67264705 6.247158752975218e-06
3.673998282 6.8800259654975915e-06
3.675349513 7.056891289291096e-06
3.676700745 7.520327623075894e-06
3.6780519760000003 8.793612121266825e-06
3.679403208 9.960453319836712e-06
3.6807544389999998 1.035583026532314e-05
3.68210567 7.901027582025366e-06
3.683456902 5.559456749026874e-06
3.684808133 6.658296073601033e-06
3.686159365 7.724209754817742e-06
3.687510596 6.370818750636084e-06
3.688861828 5.500882817476896e-06
3.690213059 5.634628684031515e-06
3.6915642899999996 4.884996264202641e-06
3.692915522 7.352703849205611e-06
3.694266753 1.0194806376981538e-05
3.6956179849999997 1.0092876351668205e-05
3.696969216 6.961244485887832e-06
3.698320448 4.545329081118241e-06
3.699671679 3.6781171348183343e-06
3.701022911 4.338868327990056e-06
3.702374142 3.7384450795149154e-06
3.703725373 4.6516621055392135e-06
3.7050766050000004 6.735092664210601e-06
3.706427836 7.92178602656324e-06
3.707779068 1.1190319456674589e-05
3.709130299 1.5609067786078555e-05
3.710481531 1.4740744383445784e-05
3.711832762 1.1665688250746506e-05
3.713183993 1.1233313600078066e-05
3.714535225 1.1016245838929757e-05
3.7158864560000002 1.0493281132329445e-05
3.717237688 1.2248682358257397e-05
3.7185889189999997 1.2780552774870415e-05
3.719940151 1.1981969729036076e-05
3.721291382 1.275801847606871e-05
3.7226426139999997 1.621716162850832e-05
3.723993845 1.712201291241891e-05
3.725345076 1.293180671792875e-05
3.726696308 1.0267769142993494e-05
3.7280475390000003 1.335774826176861e-05
3.729398771 1.5302244572074575e-05
3.730750002 1.3116803425437135e-05
3.7321012340000004 1.2702353978573554e-05
3.733452465 1.2874299662711395e-05
3.7348036959999997 1.1424538135585017e-05
3.736154928 1.030476741235071e-05
3.737506159 1.300502994265927e-05
3.738857391 1.7354596691528256e-05
3.740208622 1.8851591972218274e-05
3.741559854 1.8039006830877015e-05
3.7429110850000002 1.8117396405659233e-05
3.744262317 1.8605962918455132e-05
3.7456135479999997 1.829340819227557e-05
3.746964779 1.844023865652157e-05
3.748316011 1.9632622619831642e-05
3.749667242 2.0122600709869144e-05
3.751018474 1.8678854164618383e-05
3.752369705 1.781629595377666e-05
3.753720937 1.9431135354141148e-05
3.7550721680000003 2.008477503677241e-05
3.7564234 1.7335245003479692e-05
3.757774631 1.4681610639906049e-05
3.759125862 1.4640258992400333e-05
3.7604770939999996 1.4050873975533557e-05
3.7618283249999998 1.0348302180710033e-05
3.763179557 5.137234667505836e-06
3.764530788 2.833805559382422e-06
3.76588202 7.617664385458924e-07
3.767233251 8.321457548083465e-07
3.768584482 3.33999970623811e-06
3.7699357140000003 2.402651141996594e-06
3.771286945 1.9308546148025306e-06
3.7726381769999997 2.2194455047426634e-06
3.773989408 3.546586263058356e-06
3.77534064 6.965006078980192e-06
3.776691871 6.871559943054921e-06
3.778043103 6.217562732831487e-06
3.779394334 7.620541496563467e-06
3.780745565 1.0630943233342596e-05
3.7820967970000003 1.2729818097445656e-05
3.7834480279999996 1.2594272304764525e-05
3.7847992599999998 1.2496923321302923e-05
3.786150491 1.4002548235421244e-05
3.7875017229999997 1.525225968510697e-05
3.7888529539999998 1.5196111155594647e-05
3.790204185 1.4583032601808324e-05
3.791555417 1.3935507566972679e-05
3.792906648 1.28872278276907e-05
3.79425788 1.1831153842769908e-05
3.795609111 1.2379506550775107e-05
3.7969603430000003 1.5942075053633624e-05
3.798311574 1.957194000541916e-05
3.7996628059999997 1.8453005389213555e-05
3.801014037 1.5068298561570646e-05
3.802365268 1.518540139885031e-05
3.8037165 1.7661874792484313e-05
3.8050677310000003 1.8230264668346592e-05
3.806418963 1.7279007927927837e-05
3.807770194 1.691140277208564e-05
3.8091214260000004 1.6928875566065256e-05
3.8104726569999996 1.6606355969739172e-05
3.811823889 1.6795500445588023e-05
3.81317512 1.6332043692394194e-05
3.814526351 1.3524087734865437e-05
3.815877583 1.0896706478600129e-05
3.817228814 1.1446988735709865e-05
3.818580046 1.450638696495533e-05
3.8199312770000002 1.7716227116942143e-05
3.821282509 1.9459662674986517e-05
3.82263374 1.935081961090767e-05
3.823984971 1.8567116975924722e-05
3.825336203 1.7938056030176917e-05
3.826687434 1.6328793910750448e-05
3.828038666 1.4456967709066746e-05
3.829389897 1.5093706260709002e-05
3.830741129 1.7840970147627846e-05
3.8320923600000003 1.9021761663188652e-05
3.833443592 1.9552628133821925e-05
3.834794823 2.1444084980568545e-05
3.836146054 2.325534820205563e-05
3.8374972859999996 2.3972897979958763e-05
3.8388485169999997 2.200653105594955e-05
3.840199749 1.7209809778640055e-05
3.84155098 1.4070760810000817e-05
3.842902212 1.425212944476105e-05
3.844253443 1.549125776848659e-05
3.845604674 1.7636055116603906e-05
3.8469559060000003 2.0356943623765575e-05
3.848307137 2.163377530898727e-05
3.849658369 2.057780953268398e-05
3.8510096 1.879524956015556e-05
3.852360832 1.843308908520752e-05
3.853712063 2.0094231910300914e-05
3.855063295 2.1599005873402748e-05
3.856414526 2.1397581628467528e-05
3.857765757 2.1630161101536037e-05
3.859116989 2.2293305913674554e-05
3.86046822 1.9143815598013896e-05
3.861819452 1.6078296390564257e-05
3.863170683 1.8674021117669775e-05
3.8645219149999996 1.9791440176145015e-05
3.8658731459999998 1.5452483571922313e-05
3.867224377 1.0348856128630694e-05
3.868575609 8.352580112362975e-06
3.86992684 6.720699282822136e-06
3.871278072 6.69766394195631e-06
3.872629303 7.4152584012570586e-06
3.8739805350000003 6.826559324600888e-06
3.875331766 6.36469227369559e-06
3.876682998 6.2563579180952336e-06
3.878034229 6.539965313586721e-06
3.87938546 6.9673598109456954e-06
3.880736692 8.018482541976048e-06
3.882087923 9.515178877883075e-06
3.883439155 1.0105796811924919e-05
3.884790386 9.886162549055816e-06
3.886141618 8.150506545628117e-06
3.887492849 7.809418689677083e-06
3.8888440810000002 9.029167384290676e-06
3.890195312 1.1201849890687788e-05
3.891546543 1.2915187480085814e-05
3.892897775 1.3513626791376525e-05
3.894249006 1.4826816259134853e-05
3.895600238 1.2951705252398817e-05
3.8969514690000002 1.1319361801280497e-05
3.898302701 9.688081991420951e-06
3.899653932 9.222357826362778e-06
3.9010051629999998 1.0116282286277682e-05
3.902356395 1.116362623560533e-05
3.903707626 1.1630989528994347e-05
3.905058858 1.0854588255452064e-05
3.906410089 9.455522962659031e-06
3.9077613209999997 9.462915320776058e-06
3.909112552 1.0647202641622195e-05
3.910463784 1.2494010680888707e-05
3.911815015 1.4030909548454122e-05
3.913166246 1.3886588986203548e-05
3.914517478 1.357254828110071e-05
3.9158687089999997 1.2053588823859737e-05
3.917219941 9.944100281594767e-06
3.918571172 1.007703392473511e-05
3.919922404 1.215853751163345e-05
3.921273635 1.448482746052495e-05
3.922624866 1.3074063434001384e-05
3.9239760980000002 1.0778144299804804e-05
3.9253273290000004 1.0173959733068809e-05
3.926678561 1.1428124215439136e-05
3.928029792 1.4071581884838219e-05
3.929381024 1.5514886847050892e-05
3.9307322549999997 1.6675875194615224e-05
3.932083487 1.8569695471664787e-05
3.933434718 1.6795774557813617e-05
3.934785949 1.3543159749915177e-05
3.936137181 1.3400206592871867e-05
3.937488412 1.5560831125659482e-05
3.938839644 1.7421328188190347e-05
3.940190875 1.6507225698617286e-05
3.941542107 1.203750399461734e-05
3.9428933379999997 1.0697745372763607e-05
3.944244569 1.1905455701304742e-05
3.945595801 1.726403558609127e-05
3.946947032 1.9687086399190194e-05
3.948298264 1.8792268978707748e-05
3.949649495 1.7257962515618966e-05
3.9510007270000003 1.540019055542552e-05
3.9523519580000004 1.2667430436316851e-05
3.95370319 9.942488563532655e-06
3.955054421 7.448926315779111e-06
3.956405652 4.837852424497923e-06
3.9577568839999997 1.4338279674178175e-06
3.959108115 7.0238123637465865e-09
3.960459347 6.269062005034326e-09
3.961810578 6.269747142586226e-09
3.96316181 6.270427661944083e-09
3.964513041 6.2711029841204294e-09
3.965864273 6.271772786283131e-09
3.967215504 6.272436320241536e-09
3.968566735 6.273093223097665e-09
3.9699179669999998 6.2801352241707054e-09
3.971269198 6.281349536960821e-09
3.97262043 6.281984954972939e-09
3.973971661 2.582225120274476e-07
3.975322893 2.3161673192885253e-06
3.976674124 4.209266420146341e-06
3.978025355 6.0858109867582335e-06
3.9793765870000004 7.622843515882656e-06
3.9807278179999996 7.574951175067997e-06
3.98207905 6.056906191027334e-06
3.983430281 5.532856017989212e-06
3.9847815129999997 7.64780132123252e-06
3.986132744 1.0063069748070689e-05
3.987483976 1.1359618440888074e-05
3.988835207 1.1808794282000245e-05
3.9901864380000003 1.1635874708950526e-05
3.99153767 1.0648599666036756e-05
3.9928889009999997 8.514198880180064e-06
3.994240133 7.630163324397677e-06
3.995591364 8.872402981270475e-06
3.996942596 1.081786575129462e-05
3.998293827 1.2754560432371072e-05
3.999645058 1.2615522519021248e-05
4.00099629 1.0055270823055104e-05
4.002347521 1.0110750375748538e-05
4.003698753 1.0053988436746318e-05
4.005049984 1.158717960026101e-05
4.006401216 1.2208795177637685e-05
4.007752447 1.3765006993110626e-05
4.009103679 1.5327261514343503e-05
4.01045491 1.6055764062958097e-05
4.011806141 1.6090656640742858e-05
4.013157373 1.603346597742764e-05
4.014508604 1.5697791730941653e-05
4.015859836 1.513433125085104e-05
4.017211067 1.5945082799305238e-05
4.018562299 1.725175035684771e-05
4.01991353 1.791422276228014e-05
4.021264761 1.75432829563415e-05
4.022615993 1.676130773175637e-05
4.023967224 1.6718556634072163e-05
4.025318456 1.849439908553675e-05
4.026669687 1.955732667966801e-05
4.028020919 1.7681830862846157e-05
4.02937215 1.624120646215208e-05
4.030723382 1.6917033792225153e-05
4.032074613 1.9099510153726515e-05
4.033425844 2.124568815011459e-05
4.034777076 2.298748324320261e-05
4.036128307 2.406128220226273e-05
4.037479539 2.3538935212872124e-05
4.03883077 2.3643593858637352e-05
4.040182002 2.4861490289730156e-05
4.041533233 2.6823795438214954e-05
4.042884465 2.8559125818046315e-05
4.044235696 3.195835647107765e-05
4.0455869269999996 3.2395151733671774e-05
4.046938159 2.9821406809389114e-05
4.04828939 3.025371889287496e-05
4.049640622 3.3392309224310804e-05
4.050991853 3.8698951534895075e-05
4.052343085 4.472245965256233e-05
4.053694316 5.238286767042758e-05
4.055045547 5.89820573235649e-05
4.056396779 6.18477012456581e-05
4.05774801 6.344975164964927e-05
4.059099241999999 6.44867930870134e-05
4.0604504729999995 6.565554007269573e-05
4.061801705 6.814052937629732e-05
4.063152936 7.385027958198092e-05
4.064504168 7.757811360316551e-05
4.065855399 7.667168407600134e-05
4.06720663 7.739164486804743e-05
4.0685578620000005 8.319529377012789e-05
4.069909093000001 9.419825436511423e-05
4.071260325 0.00010683314845274647
4.072611556 0.00011813695920756033
4.073962788 0.0001282986236305913
4.075314019 0.00013963714744937526
4.07666525 0.00015335054274878517
4.078016482 0.0001690352229130199
4.079367713 0.00018530506500108508
4.080718945 0.00020214564463576508
4.082070176 0.00022365859778982765
4.083421408 0.00024867348921891086
4.084772639 0.0002753380234154524
4.086123871 0.0003035786702901326
4.087475102 0.0003344412840686868
4.088826333 0.00036915716937742566
4.090177565 0.00040724021674254954
4.091528796 0.0004484656697364691
4.092880028 0.0004936285592685773
4.094231259 0.0005436516002803447
4.095582491 0.0005992728097823391
4.096933722 0.0006608939566448076
4.098284953 0.0007288008923434133
4.0996361850000005 0.0008042372103328978
4.100987416 0.0008871875614542034
4.102338648 0.0009774899701841511
4.103689878999999 0.0010770794953540647
4.105041110999999 0.0011882114793082782
4.106392342 0.001318127572530829
4.107743574 0.0014679082317795482
4.109094805 0.0016352161664039502
4.110446036 0.0018205163916337106
4.111797268 0.002026132139567922
4.113148499 0.0022561871116633593
4.1144997309999995 0.0025161495115815715
4.115850962000001 0.0028120051781892978
4.117202194000001 0.003149625315820638
4.118553425 0.0035365969670072502
4.119904657 0.003976348561212453
4.121255887999999 0.004473705098345256
4.122607119 0.005041847520598639
4.123958351000001 0.005689932212034412
4.125309582 0.0064300768975505684
4.126660814 0.007275876800075158
4.128012045 0.008242941048118367
4.129363277 0.009351225854920639
4.130714508 0.010629157650555023
4.132065739 0.012101463441628452
4.133416971 0.01379835407752018
4.134768202 0.015755368312296156
4.136119434 0.01801611647040166
4.1374706649999995 0.02063611262239133
4.138821897 0.023665839244243394
4.140173128000001 0.027173524564005617
4.14152436 0.031243487666395633
4.142875591 0.03595762233719664
4.144226821999999 0.04141426128670728
4.145578054 0.04772951842266867
4.146929285000001 0.055015973262160366
4.148280517 0.06347610865727538
4.149631748 0.07311868968754144
4.15098298 0.08415527568610053
4.152334211 0.09668463622362342
4.153685442 0.11084135424380764
4.155036674 0.12675540010121883
4.156387905 0.14452488245273198
4.157739136999999 0.1642096043784346
4.159090368 0.18566977871542256
4.1604416 0.20891067842227615
4.161792831 0.23380776715890264
4.163144063 0.2599604781961787
4.164495294 0.2872086363901081
4.165846525 0.31494674331307265
4.167197757 0.3423649190003155
4.1685489879999995 0.3694105133495437
4.169900220000001 0.3956400384841927
4.171251451 0.4206068851028521
4.172602683 0.4436762166757652
4.173953914 0.4640045706650831
4.1753051459999995 0.4822290471328452
4.1766563770000005 0.4982508001564156
4.178007608 0.5120666182243097
4.17935884 0.523712994160484
4.180710071 0.5329248992193055
4.182061303 0.5405193220868276
4.183412534 0.5467034702977188
4.184763766 0.5516753427080774
4.186114997 0.5555782084369142
4.187466228 0.5583941503880018
4.18881746 0.5606317723808187
4.190168691 0.5623791931233149
4.1915199229999995 0.5637148394015171
4.1928711540000005 0.5647027280615902
4.194222386000001 0.5661092973833832
4.195573617 0.5667178323939107
4.196924849 0.5672080920556429
4.198276079999999 0.5676239721638773
4.199627311 0.5680313996913189
4.200978543 0.5683881612506576
4.202329774 0.5687266311000816
4.203681006 0.569504132525651
4.205032237 0.5700738592394079
4.206383469 0.5704080062118009
4.2077347 0.5707326105997957
4.209085931 0.5710721903611672
4.210437163 0.571398197969678
4.211788394 0.5716849812381679
4.213139626 0.571964927238467
4.2144908569999995 0.5722459620402407
4.215842089 0.5724795112240075
4.217193320000001 0.5726729475409028
4.218544552 0.5728593007236482
4.219895783 0.5730351894469893
4.221247013999999 0.5731372210728829
4.2225982459999996 0.5732033248509006
4.223949477 0.5732476768071255
4.225300709 0.5732596859586248
4.22665194 0.5731871505921409
4.228003171999999 0.5731001144163073
4.229354403 0.5729849544342751
4.2307056339999995 0.5728246798498456
4.232056866 0.5725894978230248
4.233408097000001 0.5723511528735865
4.234759329 0.5720798781828719
4.23611056 0.5717678869894086
4.237461792 0.5714192653342813
4.238813023 0.5711068873756772
4.240164255 0.5707672559189012
4.241515486 0.5704031203444639
4.242866717 0.5705914388154004
4.244217949 0.5703253540219312
4.24556918 0.5699157661926534
4.246920412000001 0.5694736899807715
4.248271643 0.5696411151973174
4.249622875 0.5691790062327703
4.250974105999999 0.5686249043433965
4.2523253379999995 0.568037676467012
4.2536765690000005 0.5674182227771538
4.2550278 0.5667562449028443
4.256379032 0.5659630191272244
4.257730263 0.5650736817808664
4.259081495 0.564084874809963
4.260432726 0.5626196676200794
4.261783958 0.5602311897503784
4.263135189 0.557598857444082
4.26448642 0.5547152104643043
4.265837652 0.5515062797332299
4.267188883 0.5479035849002772
4.2685401149999995 0.5436809508258109
4.2698913460000005 0.5388401921412532
4.271242578000001 0.5330506216489984
4.272593809 0.5269721093299662
4.273945041 0.5212915250669004
4.275296271999999 0.5175997185854612
4.276647503 0.5164662239736223
4.277998735 0.518041987858739
4.279349966 0.5224162107881247
4.280701198 0.5295945757592151
4.282052429 0.537563187506452
4.283403661 0.5439877589858317
4.284754892 0.5486384898958889
4.286106123 0.5516429844618472
4.287457355 0.5542215772460094
4.288808586 0.5565807836347119
4.290159818 0.5585875516678435
4.2915110489999995 0.5583569984857546
4.292862281 0.5581309763669737
4.294213512000001 0.5586730362860133
4.295564744 0.5589799083595541
4.296915975 0.5587515892379351
4.298267206 0.5585424342173686
4.299618438 0.5583591449189299
4.300969669 0.5581345325422844
4.302320901 0.5578562792221874
4.303672132 0.5576080781606093
4.305023363999999 0.5573885679840866
4.306374595 0.5571896965011771
4.3077258259999995 0.5569864528206065
4.309077058 0.5568484996448341
4.310428289000001 0.5567416392705674
4.311779521 0.5566469031955265
4.313130752 0.556536097050099
4.314481984 0.5564766942426556
4.315833215 0.5564271327183418
4.317184447 0.5563733264748166
4.318535678 0.556296431846952
4.319886909 0.5562651124333058
4.321238141 0.5562289833740914
4.322589372 0.5561768690167215
4.323940604000001 0.5560976060847513
4.325291835 0.5560402712928583
4.326643067 0.555948882151296
4.327994297999999 0.5558199941606701
4.329345529999999 0.5556497568232169
4.3306967610000004 0.5554880206939252
4.332047992 0.5552823135276699
4.333399224 0.5550270857308024
4.334750455 0.5547240744674595
4.336101687 0.5544026637858868
4.337452918 0.5540190194622678
4.33880415 0.5535724025701242
4.340155381 0.5530739342459934
4.341506612 0.5525432057874596
4.342857844 0.551951071705198
4.344209075 0.5512997551216433
4.3455603069999995 0.5509512322478951
4.3469115380000005 0.5505012634732614
4.34826277 0.5497359538682883
4.349614001 0.548914711030541
4.350965233 0.548100723475162
4.352316464 0.5479157595801222
4.353667695 0.5470927968477982
4.355018927 0.5462539082922007
4.356370158 0.5454680773786795
4.35772139 0.5447017548909515
4.359072621 0.5439381032837552
4.360423853 0.5431649012072053
4.361775084 0.5424401639731085
4.363126315000001 0.5416933505126953
4.364477547000001 0.5409074610176349
4.365828778 0.5400496055431693
4.36718001 0.5390844432333777
4.3685312409999995 0.5379427580604703
4.369882473 0.5365853964740067
4.371233704 0.5348849455150996
4.372584936 0.5327171730734425
4.373936167 0.530056953191934
4.375287398 0.5268408431043571
4.37663863 0.5226803688132663
4.377989861 0.5175784301031429
4.379341093 0.5115682340925027
4.380692324 0.5045906941513492
4.382043555999999 0.4958453092851693
4.383394787 0.48589904245839977
4.3847460179999995 0.4747441376408563
4.38609725 0.4620797975681982
4.387448481000001 0.4474737773513193
4.388799713 0.43165052528863523
4.390150944 0.4147058040133647
4.391502176 0.39602484871125526
4.392853407 0.3760286451568913
4.394204639 0.35532439184820264
4.39555587 0.33410936818691606
4.396907101 0.3116123742499342
4.398258332999999 0.2891590035471528
4.399609564 0.2669946789778841
4.400960796000001 0.24506627916078408
4.402312027 0.22342631126455667
4.403663259 0.2027935236743631
4.405014489999999 0.18328277517955058
4.406365721999999 0.1648743169344023
4.407716953 0.147579764598377
4.409068184 0.13171866539908947
4.410419416 0.11723869524778176
4.411770647 0.10403716291558768
4.413121879 0.09220635341826049
4.41447311 0.08169622682068553
4.415824342 0.07224190983523257
4.417175573000001 0.06385542945301433
4.418526804 0.056438713364415534
4.419878036 0.049887104573296974
4.421229266999999 0.044128228204229174
4.4225804989999995 0.03905702401558474
4.4239317300000005 0.03459148145631534
4.425282962 0.030669144149832482
4.426634193 0.02723117677360392
4.427985425 0.024205143909266535
4.429336656 0.02153881342976578
4.430687887 0.019201926583542417
4.432039119 0.01713919961403202
4.43339035 0.01531534857364198
4.434741582 0.01370335250308408
4.436092813 0.012279580583467653
4.437444045 0.011018498837105059
4.438795276 0.009901548994523009
4.440146507000001 0.008913869203023233
4.441497739000001 0.00803222935953947
4.44284897 0.007244897677750808
4.444200202 0.006544719492026047
4.445551432999999 0.0059209170443250145
4.446902665 0.005363622234638784
4.448253896 0.004866326842033693
4.449605128 0.004423089605789251
4.450956359 0.004022399894744032
4.45230759 0.0036599114333498526
4.453658822 0.003333735407382172
4.455010053 0.003039993191183278
4.456361285 0.002774246710200148
4.457712516 0.002533468459535668
4.459063747999999 0.0023182694771103417
4.460414979 0.002124891190074763
4.4617662110000005 0.0019509576451994747
4.463117442 0.0017916514430091847
4.464468673000001 0.0016448305631340367
4.465819905 0.001510313674683698
4.467171136 0.0013892888103507316
4.468522368 0.0012817398976628094
4.469873599 0.0011845825229720103
4.471224831000001 0.001096522361522509
4.472576062 0.0010148037435560007
4.473927293 0.0009394979462643203
4.475278524999999 0.0008702193932326366
4.476629756 0.0008083452533522399
4.4779809880000006 0.0007508140534507125
4.479332219 0.000697115898408715
4.480683451 0.0006469789120144897
4.482034682 0.0006006502905418076
4.483385914 0.0005581341553860642
4.484737145 0.0005199136671606676
4.486088376 0.00048633481289938235
4.487439608 0.0004551920965348497
4.488790839 0.00042619722578351565
4.490142071 0.0003970803722883563
4.491493302 0.000369696495415608
4.492844534 0.0003438462219416002
4.494195765000001 0.00031874437548218125
4.495546996 0.00029560972625868644
4.496898228 0.0002754515598097357
4.498249458999999 0.000260285229961626
4.4996006909999995 0.00024675414207038846
4.5009519220000005 0.0002330813547011326
4.502303154 0.00021841615300725203
4.503654385 0.00020760028331209723
4.505005617 0.0001995509771671527
4.506356848 0.000193920576777245
4.507708079 0.00018691630565277042
4.509059311 0.00017914179303440657
4.510410542 0.00017088678981422374
4.511761774 0.00016246986149407136
4.513113005 0.0001543806377594759
4.514464237 0.00014669299710319054
4.5158154679999996 0.00013962253824909162
4.517166699000001 0.00013255707912138265
4.518517931 0.0001262446141882397
4.519869162 0.00012134735998672184
4.521220394 0.00011753447490448594
4.522571624999999 0.00011224604163962507
4.523922857 0.00010456531123166109
4.525274088 9.473950270746893e-05
4.52662532 8.615262269209355e-05
4.527976551 7.887560727831924e-05
4.529327782 7.169489562322215e-05
4.530679014 6.50754329354184e-05
4.532030245 5.9271631655216626e-05
4.533381477 5.278895392672084e-05
4.534732708 4.457681084507904e-05
4.53608394 3.6552741170481534e-05
4.537435171 3.126886490938027e-05
4.5387864030000005 2.9801794195917247e-05
4.540137634 2.9444918073462086e-05
4.541488865 2.869078906172041e-05
4.542840097 2.8241633410524873e-05
4.544191328 2.7868213129615364e-05
4.5455425599999995 2.7328179762083738e-05
4.5468937910000005 2.379491895559182e-05
4.548245023000001 2.1985474580455728e-05
4.549596254 1.9593391106764945e-05
4.550947485 1.7413672981822885e-05
4.552298716999999 1.745047694062096e-05
4.553649948 1.7550504186420908e-05
4.5550011800000005 1.7853057053188854e-05
4.556352411 1.8312539494768202e-05
4.557703643 1.798323236287716e-05
4.559054874 1.5353928852412168e-05
4.560406106 1.4684838781212193e-05
4.561757337 1.4510561675874781e-05
4.563108568 1.3839212611538605e-05
4.5644598 1.403132945620561e-05
4.565811031 1.54035220834054e-05
4.567162263 1.7868735861999856e-05
4.568513493999999 1.8897678454609847e-05
4.569864726 1.797217893556115e-05
4.571215957000001 1.4832656743828685e-05
4.572567188 1.2948900234815453e-05
4.57391842 1.1998156661754478e-05
4.575269650999999 1.1207341482254745e-05
4.5766208829999995 1.0002910630076789e-05
4.5779721140000005 8.546923377301696e-06
4.579323346 8.37921045923298e-06
4.580674577 8.25400571731969e-06
4.582025809 8.175568923664044e-06
4.58337704 7.920806953296248e-06
4.584728271 8.072468270109154e-06
4.586079503 8.616366764312394e-06
4.587430734 8.442552786479314e-06
4.588781966 7.4676082764306335e-06
4.590133197 5.982953539655584e-06
4.591484429 3.939888247277887e-06
4.5928356599999995 2.3682760920118055e-06
4.5941868910000005 1.3027905381657542e-06
4.595538123 2.3657071575571987e-06
4.596889354 4.3643544596943935e-06
4.598240586 8.377475944460034e-06
4.599591817 1.1186238513510328e-05
4.6009430490000005 1.401310256590148e-05
4.60229428 1.5583090773340738e-05
4.603645512 1.6518287745863446e-05
4.604996743 1.705743115663511e-05
4.606347974 1.7095301527144007e-05
4.607699206 1.7798608414782146e-05
4.609050437 1.8117754682457734e-05
4.610401669 1.7639472638531494e-05
4.611752900000001 1.3213603319784702e-05
4.613104132 8.773267548979669e-06
4.614455363 6.646252457401968e-06
4.6158065950000005 7.46076847215901e-06
4.617157826 8.64955729164803e-06
4.618509057 9.984786211393773e-06
4.619860289 1.1861481544494049e-05
4.62121152 1.287370432389815e-05
4.622562751999999 1.2777369190848667e-05
4.6239139830000004 1.0653477778484838e-05
4.625265215000001 1.0904183489359865e-05
4.626616446 1.1136503530778032e-05
4.627967677 1.1330523992445764e-05
4.629318908999999 1.1607245999992028e-05
4.63067014 1.244410874127701e-05
4.6320213720000005 1.3656564116558097e-05
4.633372603 1.4115187982005326e-05
4.634723835 1.2705478152077104e-05
4.636075066 1.1113752508361911e-05
4.637426298 1.0794170957015482e-05
4.638777529 1.2337446986410945e-05
4.64012876 1.3784004430266435e-05
4.641479992 1.5095517323307532e-05
4.642831223 1.456065236678819e-05
4.644182455 1.4127144245093069e-05
4.645533685999999 1.4408683622422002e-05
4.646884918 1.5843985831971382e-05
4.648236149000001 1.7066552201184025e-05
4.64958738 1.7008894451656076e-05
4.650938612 1.4824054664211782e-05
4.652289842999999 1.5262607908596936e-05
4.6536410749999995 1.6674322920997674e-05
4.6549923060000005 1.9285201712615983e-05
4.656343538 2.3838864053783517e-05
4.657694769 2.7975622517201865e-05
4.659046001 2.9246558409917692e-05
4.660397232 2.8279730615801072e-05
4.661748463 2.691472402678807e-05
4.663099695 2.7245931712670873e-05
4.664450926000001 2.893283094047517e-05
4.665802158 3.0209663667029662e-05
4.667153389 3.134973644457798e-05
4.668504621 3.2048250719731904e-05
4.6698558519999995 3.290682774728374e-05
4.6712070830000005 3.385573665383967e-05
4.672558315 3.4831054844982755e-05
4.673909546 3.564025881724981e-05
4.675260778 3.6629293275271545e-05
4.676612009 3.663694729733936e-05
4.6779632410000005 3.628423782337383e-05
4.679314472 3.5906556400241146e-05
4.680665704 3.6114118460557146e-05
4.682016935 3.592929098145466e-05
4.683368166 3.576567838540105e-05
4.684719398 3.522071086939253e-05
4.686070629 3.6031865299009346e-05
4.687421861 3.707506698996377e-05
4.688773092 3.6255129301272805e-05
4.690124324 3.5103797680617136e-05
4.691475555 3.274772321921457e-05
4.6928267869999996 3.154153727972498e-05
4.694178018 3.061004293170049e-05
4.695529249 2.976079269227317e-05
4.696880481 2.9238566640049966e-05
4.698231712 2.9617859715083657e-05
4.699582943999999 3.08337669337262e-05
4.700934175 3.186841808400762e-05
4.702285407000001 3.2541953932632145e-05
4.703636638 3.227265706406166e-05
4.704987869 3.189366605090825e-05
4.706339100999999 3.1816938146247984e-05
4.707690332 3.131724870290809e-05
4.7090415640000005 3.057862096497007e-05
4.710392795 2.9466661704003814e-05
4.711744027 2.9221917240137244e-05
4.713095258 2.984053346174123e-05
4.71444649 3.057484675174636e-05
4.7157977209999995 3.096039454638507e-05
4.717148952 3.0565118277678114e-05
4.718500184000001 3.0387248409965516e-05
4.719851415 3.0224044700191157e-05
4.721202647 2.9696169091526044e-05
4.722553877999999 2.844195926139381e-05
4.72390511 2.6690827355716723e-05
4.725256341000001 2.5195894059402706e-05
4.726607572 2.4105991618702485e-05
4.727958804 2.3586194851292108e-05
4.729310035 2.3723967434825903e-05
4.730661267 2.424213704303076e-05
4.7320124980000005 2.5672098444321015e-05
4.73336373 2.7013701921684842e-05
4.734714961 2.831699361217155e-05
4.736066193 2.781449706410638e-05
4.737417424 2.6798397914486646e-05
4.738768654999999 2.508376864794658e-05
4.740119887 2.3903486399925685e-05
4.741471118000001 2.306346763273927e-05
4.74282235 2.303296577551671e-05
4.744173581 2.2836589845374515e-05
4.745524813 2.2518666440357754e-05
4.7468760439999995 2.2057231726802893e-05
4.748227276 2.1982279754546562e-05
4.749578507 2.261599086014972e-05
4.750929738 2.3435351245454365e-05
4.75228097 2.4169713326267634e-05
4.753632201 2.3805881360718064e-05
4.7549834330000005 2.312301457887849e-05
4.756334664 2.2175502832887626e-05
4.757685896 2.2206683904181297e-05
4.759037127 2.2706794214085942e-05
4.760388358 2.4161835815007847e-05
4.76173959 2.5233116670742383e-05
4.763090821 2.6003184207667835e-05
4.764442053 2.497045406442126e-05
4.765793284 2.3894394149998106e-05
4.767144516 2.2761220749113448e-05
4.768495747 2.245903658032237e-05
4.7698469789999995 2.2234518158286363e-05
4.77119821 2.1591522971189947e-05
4.772549441 2.0751864036800727e-05
4.773900673 1.9789641110304367e-05
4.775251904 1.9753880883341898e-05
4.776603135999999 1.9617904728053473e-05
4.777954367 1.915337837667503e-05
4.779305599000001 1.799795114062129e-05
4.78065683 1.6733555873897768e-05
4.782008061000001 1.7440159709325974e-05
4.783359293 1.9039872927892576e-05
4.784710524 2.2135910981986306e-05
4.7860617560000005 2.3739787820219127e-05
4.787412987 2.444220948777087e-05
4.788764219 2.265297550958906e-05
4.79011545 2.1210824917815854e-05
4.791466682 2.0049307216777876e-05
4.7928179129999995 2.0540377106953252e-05
4.7941691440000005 2.1279011287131132e-05
4.795520376000001 2.206755750600872e-05
4.796871607 2.2536521294059845e-05
4.798222839 2.2782268263039217e-05
4.799574069999999 2.2846001961693138e-05
4.800925302 2.271624294354014e-05
4.802276533000001 2.219058151407263e-05
4.803627764 2.124314621926957e-05
4.804978996 2.0136743211997917e-05
4.806330227 1.9188094765665292e-05
4.807681459 1.8572376835188404e-05
4.80903269 1.8473594214801347e-05
4.810383922 1.8620396736865485e-05
4.811735153 1.882704835666431e-05
4.813086384999999 1.8466953045731694e-05
4.814437616 1.8013199082339385e-05
4.815788846999999 1.7435368037844146e-05
4.817140079 1.727408884965616e-05
4.818491310000001 1.720487602995925e-05
4.819842542 1.6866470297889683e-05
4.821193773 1.6196594302615596e-05
4.822545005 1.5165709004511308e-05
4.8238962359999995 1.4320586630344997e-05
4.825247468 1.3642023450182852e-05
4.826598699 1.3578511474338736e-05
4.82794993 1.3950321171061605e-05
4.829301162 1.485873119579692e-05
4.830652393 1.609449303263481e-05
4.8320036250000005 1.7316193532397425e-05
4.833354856 1.741443513902621e-05
4.834706088 1.698268748267293e-05
4.836057318999999 1.599937661963479e-05
4.83740855 1.5552735821770915e-05
4.838759782 1.5306479270239613e-05
4.840111013 1.552889611718113e-05
4.841462245 1.537210455579538e-05
4.842813476 1.4784990877668124e-05
4.844164708 1.3153428573911134e-05
4.845515939 1.1416861530595495e-05
4.8468671709999995 9.630609397297907e-06
4.8482184020000005 8.83145664759405e-06
4.849569633 9.022698776555468e-06
4.850920865 1.0140265918516915e-05
4.852272096 1.1701760066371224e-05
4.853623327999999 1.2885257124690481e-05
4.854974559 1.4012223535896013e-05
4.856325791000001 1.4951823201615887e-05
4.857677022 1.5298871540128222e-05
4.859028253 1.5347621482586057e-05
4.860379485 1.3981297271284719e-05
4.861730716 1.270976073547518e-05
4.863081948 1.1507080835182113e-05
4.864433179 1.077547091321164e-05
4.865784411 1.0269856208292111e-05
4.867135642 1.0006870573493591e-05
4.868486874 9.993906187029036e-06
4.8698381049999995 1.062301083873603e-05
4.8711893360000005 1.1326820540138187e-05
4.872540568000001 1.2103684836086256e-05
4.873891799 1.2072648369305997e-05
4.875243031 1.1935879937832793e-05
4.876594261999999 1.1789111105780895e-05
4.8779454939999995 1.163395059503057e-05
4.879296725000001 1.1463437047097492e-05
4.880647956 1.0985755486665105e-05
4.881999188 1.0473717715744615e-05
4.883350419 1.0145353546331422e-05
4.884701651 9.798281623006225e-06
4.8860528819999995 9.420854906403247e-06
4.887404114 9.33461291088605e-06
4.888755345 9.37220575817665e-06
4.890106576999999 1.0540469766080017e-05
4.891457808 1.1695278377642172e-05
4.892809038999999 1.2503711302194408e-05
4.894160271 1.2726892777268547e-05
4.895511502000001 1.2491882596898911e-05
4.896862734 1.1889787835646746e-05
4.898213965 1.0948075450680515e-05
4.899565197 8.62365163389811e-06
4.900916428 5.805770140440883e-06
4.902267660000001 3.2027542646572393e-06
4.903618891 2.5380641388597376e-06
4.904970122 2.318134585580632e-06
4.906321354 3.6530956225343573e-06
4.907672585 5.208237825737625e-06
4.9090238170000005 5.821649505215304e-06
4.910375048 5.4864626134121244e-06
4.91172628 4.551275857341894e-06
4.913077511 2.8547135330563605e-06
4.914428742 1.7142475299772765e-06
4.915779974 1.0652485439390792e-06
4.917131205 8.886870338468561e-07
4.918482437 1.1446658358573277e-06
4.919833668 1.3806551970256814e-06
4.9211849 1.6139520901306307e-06
4.922536131 2.042449025096837e-06
4.9238873629999995 2.438677925725035e-06
4.9252385940000005 2.3354261595961217e-06
4.926589825 3.044661805339039e-07
4.927941057 8.316123964498088e-09
4.929292288 5.261894804782267e-09
4.930643519999999 5.255058225941969e-09
4.931994751 5.248203614079126e-09
4.933345983000001 5.241328631887638e-09
4.934697214 5.234436169545672e-09
4.936048445 5.2275261876099255e-09
4.937399677 5.220597185304598e-09
4.938750908 5.213651637618628e-09
4.94010214 5.206689134386265e-09
4.941453371 5.20227982029987e-09
4.942804603 5.198376057393229e-09
4.944155834 5.191356412344105e-09
4.945507066 5.184320563847789e-09
4.9468582969999995 5.177270030846319e-09
4.9482095280000005 2.9674575770115993e-08
4.949560760000001 5.389898521687168e-07
4.950911991 9.432408136830321e-07
4.952263223 3.7708072797795097e-07
4.953614453999999 1.1665158271568479e-08
4.9549656859999995 5.134660233900137e-09
4.9563169170000005 5.127510601240075e-09
4.957668148 5.120348709057118e-09
4.95901938 5.113174918428603e-09
4.960370611 5.105988256801845e-09
4.961721843 5.0987904256868904e-09
4.9630730739999995 5.091581442246401e-09
4.964424306 5.0843608621769195e-09
4.965775537000001 5.077130025574784e-09
4.967126769 5.069888781982556e-09
4.968478 5.408017314150795e-09
4.969829230999999 1.0610756692731947e-07
4.971180463 1.857939374980454e-06
4.972531694000001 2.536810919160379e-06
4.973882926 1.3535429162565073e-06
4.975234157 3.057864245500976e-07
4.976585389 5.0288477057164404e-08
4.97793662 6.693876337409076e-07
4.979287852000001 1.522784423769989e-06
4.980639083 2.7088364914214427e-06
4.981990314 2.2439416159710573e-06
4.983341545999999 1.9402946300249854e-06
4.984692777 1.7693925625291744e-06
4.986044009 1.734497321139865e-06
4.98739524 1.7609970668473609e-06
4.988746472 8.08716615877929e-07
4.990097703 3.3101270471531113e-07
4.991448934 1.1132283427685442e-07
4.992800166 9.301146615594591e-08
4.9941513969999995 4.3586725580607773e-07
4.995502629 1.0288425361892207e-06
4.99685386 1.4100408720200034e-06
4.998205092 1.964402565795836e-06
4.999556323 2.7491133942309124e-06
5.0009075549999995 2.5343870226164278e-06
5.0022587860000005 1.997304378887223e-06
5.003610017 8.889306844354032e-07
5.004961249 7.31144266236299e-07
5.006312479999999 1.3612308416044122e-06
5.007663711999999 2.1887292222584e-06
5.009014943 3.2436416371142862e-06
5.010366175 2.613901360801156e-06
5.011717406 1.8612750963572475e-06
5.013068637 1.010493354513707e-06
5.014419869 6.742341570683149e-07
5.0157711 7.942424827621816e-07
5.017122332 1.6981991507729078e-07
5.018473563 8.234346537598018e-09
5.019824795000001 4.798852319377611e-09
5.021176026 4.792125869706393e-09
5.022527258 4.785390533029754e-09
5.0238784889999994 4.778646556811971e-09
5.0252297200000005 4.771893346443299e-09
5.026580952000001 6.71874609127658e-09
5.027932183 7.09802508138441e-08
5.029283415 4.5357006700653124e-07
5.030634646 9.001530511395428e-07
5.031985878 1.5359592597641797e-06
5.033337109 2.425141789287451e-06
5.034688341 3.2505091796266837e-06
5.036039572 4.1858477708474184e-06
5.037390803 4.180527146708417e-06
5.038742035 4.103878138696148e-06
5.0400932659999995 3.808093374691425e-06
5.041444498 3.75018260716193e-06
5.042795729000001 4.007029704385448e-06
5.044146961 4.223247916849155e-06
5.045498192 4.411813395176766e-06
5.046849422999999 4.4632767402165025e-06
5.048200655 4.477163168853295e-06
5.049551886000001 4.688416928468999e-06
5.050903118 4.9104463885316205e-06
5.052254349 5.11410350339761e-06
5.053605581 5.2582773892397545e-06
5.054956812 5.268511227941353e-06
5.056308044000001 5.020106320546866e-06
5.057659275 4.556496400264147e-06
5.059010506 3.928957992194339e-06
5.060361737999999 3.3083761085210207e-06
5.061712969 3.551148322877293e-06
5.063064201 3.982994857175976e-06
5.064415432 5.002762403901466e-06
5.065766664 5.98334384036485e-06
5.067117895 5.862532602441313e-06
5.068469126 4.912309462783864e-06
5.069820358 3.134700374021023e-06
5.0711715889999995 9.322400038113202e-07
5.072522821 1.4317671076969738e-07
5.073874052 2.541510344167394e-07
5.075225284 1.3367148706079793e-06
5.076576515 2.624718918072514e-06
5.0779277469999995 4.324574262447711e-06
5.0792789780000005 3.821134168576981e-06
5.080630209 3.2095945359469667e-06
5.081981441 2.1288600714846546e-06
5.083332671999999 1.7281279256295155e-06
5.084683904 2.0996065301073563e-06
5.086035135 2.491837221943624e-06
5.087386367 2.8856275694565354e-06
5.088737598 2.874236409507502e-06
5.090088829 2.632157214609288e-06
5.091440061 2.79083411053477e-06
5.092791292 3.074051045373101e-06
5.094142524 3.5401762549616963e-06
5.095493755000001 4.022948856864248e-06
5.096844987000001 3.896758807836054e-06
5.098196218 3.708898387423207e-06
5.09954745 3.336301580681066e-06
