Wavelength_microns Throughput
2.0004663860000003 1.1464430648526487e-15
2.002074478 3.443553857039576e-17
2.00368257 5.622906014729914e-17
2.005290662 2.7748697372457255e-16
2.006898754 1.1352272604515809e-15
2.008506846 7.790868589330625e-16
2.010114938 6.812633365214908e-16
2.01172303 8.643264896515899e-16
2.013331122 7.791913872481699e-16
2.014939214 5.762578720554503e-16
2.016547306 3.6878055982788164e-16
2.018155398 2.929183840485019e-16
2.01976349 1.6027875923864095e-16
2.021371582 1.8156790218300886e-16
2.022979674 3.506572254192811e-17
2.0245877660000002 4.9915330083678145e-17
2.026195858 1.8654074632612321e-16
2.027803949 3.6512420017638786e-16
2.029412041 6.218781893515929e-16
2.031020133 6.486926748581838e-16
2.032628225 6.102597968237622e-16
2.034236317 5.657179306113831e-16
2.035844409 4.516887833896089e-16
2.037452501 4.805912526231629e-16
2.039060593 5.199144884823975e-16
2.040668685 5.636362943138727e-16
2.042276777 4.94077061360191e-16
2.0438848689999998 6.038277292416118e-16
2.045492961 2.9404285114225035e-16
2.047101053 1.2591999738504037e-16
2.0487091449999997 1.7376953169253043e-16
2.0503172370000002 2.796987554716692e-16
2.0519253290000004 2.2929183904822905e-16
2.053533421 3.3315296031976606e-16
2.055141513 6.380673324192633e-16
2.056749605 9.346298446271749e-16
2.058357697 1.1112926838295882e-15
2.059965788 1.1443519582888437e-15
2.06157388 1.2271711873671722e-15
2.0631819719999998 1.3565443720135118e-15
2.064790064 1.4595932477823472e-15
2.066398156 1.5400025125863437e-15
2.068006248 1.1442875736651538e-15
2.06961434 1.19870808502339e-15
2.071222432 1.084585772173872e-15
2.072830524 8.257782640136886e-16
2.074438616 8.722815054897408e-16
2.076046708 1.0826601260538276e-15
2.0776548 1.7286393344698383e-15
2.079262892 2.1517080906579853e-15
2.080870984 3.128558959357797e-15
2.0824790760000003 2.3406214352130397e-15
2.084087168 1.913486550411904e-15
2.08569526 2.1593887755375547e-15
2.0873033519999997 2.5154839107393458e-15
2.088911444 1.437642081767162e-15
2.090519536 1.5613190780045488e-15
2.092127627 2.0621809096970255e-15
2.0937357189999997 4.3830645796598564e-15
2.0953438110000002 5.672011694693357e-15
2.0969519030000003 7.138630831630077e-15
2.098559995 9.000441994825622e-15
2.100168087 1.2927811201578475e-14
2.101776179 1.1611981935493635e-14
2.103384271 8.877765023409049e-15
2.104992363 7.098856843329058e-15
2.1066004549999997 6.335520229928448e-15
2.1082085470000003 1.1079245652437579e-14
2.109816639 1.758381866658893e-14
2.111424731 2.3941969905599416e-14
2.113032823 2.445623883358679e-14
2.114640915 2.7588386097708706e-14
2.116249007 3.8015847806464426e-14
2.1178570989999996 6.224222218580972e-14
2.1194651909999997 4.242723901767751e-14
2.1210732830000003 3.3172462251665496e-14
2.122681375 3.749156211280619e-14
2.124289466 5.047728370258984e-14
2.125897558 3.014045067560931e-14
2.1275056500000002 2.311241731369773e-14
2.129113742 2.3352801665393442e-14
2.130721834 2.848771478755867e-14
2.1323299259999997 3.564222430790826e-14
2.133938018 3.613002993259404e-14
2.1355461100000004 4.0706683196976456e-14
2.137154202 2.786320679669541e-14
2.138762294 2.2102783438576702e-14
2.140370386 2.450154346470751e-14
2.141978478 2.784060547762119e-14
2.14358657 1.3991372712469888e-14
2.1451946619999998 6.0871117298943606e-15
2.146802754 2.3321836904365675e-15
2.1484108460000004 5.5633879046327405e-15
2.150018938 1.3898664990665745e-14
2.15162703 1.4913097824529738e-14
2.153235122 1.684632890074041e-14
2.154843214 2.326750233688518e-14
2.156451305 3.670129701292582e-14
2.158059397 3.364250870733253e-14
2.159667489 2.9803519071119673e-14
2.161275581 2.4929407207460113e-14
2.1628836729999996 1.9659236438733282e-14
2.164491765 1.596232595532479e-14
2.1660998570000003 1.619079011142984e-14
2.167707949 1.715545598195476e-14
2.169316041 1.1303695834139139e-14
2.170924133 7.925321717617473e-15
2.172532225 1.3334233956044533e-14
2.174140317 2.7492644306887196e-14
2.1757484089999997 2.4806217455835483e-14
2.177356501 1.671720870515451e-14
2.1789645930000003 1.3850346795476517e-14
2.180572685 1.5873035060425116e-14
2.182180777 2.2936274392246286e-14
2.183788869 1.2357907462622906e-14
2.185396961 1.3691387683761116e-14
2.187005053 1.315519161814302e-14
2.1886131449999997 1.4518631798674838e-14
2.1902212359999997 1.954105963455849e-14
2.191829328 1.5299736684406746e-14
2.1934374200000004 9.329822296258318e-15
2.195045512 5.525952154676982e-15
2.196653604 7.874321819290232e-15
2.198261696 1.5624523273022655e-14
2.199869788 3.4897456121274224e-14
2.20147788 3.764970640985873e-14
2.203085972 2.2257383095799327e-14
2.204694064 1.686874030879406e-14
2.206302156 2.5247321384554425e-14
2.207910248 6.478527616787602e-14
2.2095183400000002 5.69428304377825e-14
2.211126432 5.199916980263214e-14
2.212734524 4.227538046644928e-14
2.2143426159999997 4.3684708479955724e-14
2.215950708 4.749223841853494e-14
2.2175588 4.2144385608494356e-14
2.219166892 8.895641644399266e-14
2.220774984 1.3534846706697705e-13
2.222383075 2.082083437672817e-13
2.2239911670000003 3.4069872587452456e-13
2.225599259 5.528940962505852e-13
2.227207351 9.793162506314564e-13
2.228815443 5.37928489649505e-13
2.230423535 3.1631568969109794e-13
2.232031627 2.8413386986335076e-13
2.2336397189999997 4.0951853892480313e-13
2.2352478110000003 3.7604015070954716e-13
2.236855903 2.004272115415395e-13
2.238463995 1.3238491042947552e-13
2.240072087 1.9558279213796245e-13
2.241680179 3.785900366548715e-13
2.243288271 7.188868106379443e-13
2.2448963629999996 8.890054195157054e-13
2.2465044549999997 1.2150914130221667e-12
2.2481125470000003 1.1492795547431092e-12
2.249720639 1.1574661568206311e-12
2.251328731 1.5369967557126698e-12
2.252936823 2.3096218304538537e-12
2.2545449140000002 2.742456619965456e-12
2.256153006 1.9736081295233708e-12
2.257761098 1.7689806561063983e-12
2.2593691899999997 2.5578696096840474e-12
2.260977282 4.372443027439113e-12
2.262585374 3.932673832006713e-12
2.264193466 1.2790056507948203e-12
2.265801558 5.852214591938886e-13
2.2674096500000003 4.1158598709029323e-13
2.269017742 1.0922961262482078e-12
2.270625834 1.8145105114920822e-12
2.2722339259999997 1.5850429887870888e-12
2.273842018 2.899457505715556e-12
2.2754501100000004 3.0526026076029838e-12
2.277058202 3.5498753376045337e-12
2.278666294 6.2040348025930066e-12
2.280274386 7.701627973007363e-12
2.281882478 9.937670494410653e-12
2.28349057 5.160316380958242e-12
2.285098662 4.130173953852656e-12
2.286706753 4.292903370036561e-12
2.288314845 5.879975848861179e-12
2.2899229369999996 1.4053121082259105e-11
2.291531029 1.051130796997687e-11
2.2931391210000003 9.232375218145983e-12
2.294747213 9.237282024289924e-12
2.296355305 1.154828181901053e-11
2.297963397 2.0928975376731476e-11
2.299571489 1.6702311037810947e-11
2.301179581 1.3050726783256049e-11
2.3027876729999996 1.4172767721452673e-11
2.304395765 2.5954747198079353e-11
2.3060038570000003 4.8713643943173974e-11
2.307611949 8.324850224560211e-11
2.309220041 1.4536860316849003e-10
2.310828133 2.5369500185125453e-10
2.312436225 3.567562861372283e-10
2.314044317 5.053720984292108e-10
2.3156524089999997 6.94468353969156e-10
2.3172605010000003 9.4462251383288e-10
2.318868592 1.271852543341254e-09
2.3204766840000004 1.5530801544428655e-09
2.322084776 1.887306151752306e-09
2.323692868 2.3176686811093144e-09
2.32530096 2.8502412969312342e-09
2.326909052 3.4603712962693845e-09
2.328517144 3.765976246415928e-09
2.3301252359999998 4.027615792766349e-09
2.331733328 4.263662325562193e-09
2.33334142 4.455771287925964e-09
2.334949512 4.606954531208502e-09
2.3365576040000002 4.493246603643874e-09
2.338165696 4.267867097276832e-09
2.339773788 3.924688621512665e-09
2.3413818799999997 3.0630639125769747e-09
2.342989972 2.3787289013401713e-09
2.344598064 1.8423446693745997e-09
2.346206156 1.4264976139899914e-09
2.347814248 1.1061607612556286e-09
2.3494223400000003 4.107448750019643e-10
2.3510304310000003 1.760708000173146e-10
2.352638523 8.650484429938298e-11
2.354246615 5.3242542207828007e-11
2.3558547069999998 8.416846491312906e-11
2.357462799 1.258412381152325e-10
2.359070891 5.799808324864514e-11
2.3606789829999997 4.4017137456513634e-11
2.3622870750000002 6.46811959689458e-11
2.363895167 1.0903394601631771e-10
2.365503259 1.6901427354112067e-10
2.367111351 1.4568063506455193e-10
2.368719443 1.7105329222433589e-10
2.370327535 1.4362099100241439e-10
2.371935627 1.1173493569712643e-10
2.3735437189999997 9.896110672799282e-11
2.3751518110000003 1.0784781355033388e-10
2.376759903 1.2853013486349302e-10
2.378367995 1.5854027845401007e-10
2.379976087 4.1758985542337306e-11
2.381584179 2.1793552300804765e-11
2.383192271 2.3488055423711358e-11
2.384800362 6.95209480488884e-11
2.3864084539999997 2.6200510163842305e-10
2.388016546 1.2781967220806265e-10
2.389624638 3.81773675454269e-11
2.39123273 2.106108860814754e-11
2.392840822 4.383467125877361e-11
2.3944489140000003 1.221699303143366e-10
2.396057006 3.406756429283661e-10
2.397665098 9.618051713595175e-11
2.3992731899999997 4.239849109587769e-11
2.400881282 5.032146601033513e-11
2.4024893740000004 9.092396926408452e-11
2.404097466 1.645344772490421e-10
2.405705558 2.1128769484085047e-10
2.40731365 2.2772714138809453e-10
2.408921742 3.0469266714573917e-10
2.410529834 1.7552755897987266e-10
2.4121379259999998 1.4038616686999862e-10
2.413746018 1.348333818396349e-10
2.41535411 2.121504649454769e-10
2.416962201 3.597843710229646e-10
2.418570293 4.3820215574198373e-10
2.4201783850000003 1.189058263002019e-10
2.421786477 3.590918916613327e-11
2.423394569 2.5020664647878823e-11
2.425002661 6.124244933140174e-11
2.426610753 2.5589848183432214e-10
2.428218845 2.5586978996813774e-10
2.4298269369999996 1.846452896636057e-10
2.431435029 1.7042056237669254e-10
2.4330431210000003 1.3685555864698026e-10
2.434651213 1.1622373946680363e-10
2.436259305 1.8422088562765007e-10
2.4378673969999998 1.7224990853717913e-10
2.439475489 2.2098696165568697e-10
2.441083581 2.635678818698804e-10
2.4426916729999997 1.2704830078642996e-10
2.4442997650000002 9.64359228605791e-11
2.4459078570000004 1.4773035716302027e-10
2.447515949 2.571617869917827e-10
2.44912404 4.740117128246133e-10
2.450732132 5.293643182983199e-10
2.452340224 2.414368968775453e-10
2.453948316 1.399859827155775e-10
2.455556408 1.355934255346424e-10
2.4571644999999998 2.2056730110869278e-10
2.458772592 3.8356443914132024e-10
2.460380684 2.783308226188743e-10
2.461988776 2.037762679793669e-10
2.463596868 1.9060182472672324e-10
2.46520496 1.4106997958249648e-10
2.466813052 1.0691243600773402e-10
2.468421144 2.6053671142049306e-10
2.470029236 4.3541490840671914e-10
2.471637328 4.5189548145696314e-10
2.47324542 4.850784587887594e-10
2.474853512 4.4059401806668343e-10
2.4764616040000003 3.846158212422044e-10
2.478069696 3.3757512798020553e-10
2.479677788 4.675781059337674e-10
2.481285879 6.945884353660982e-10
2.4828939709999998 1.037568962583117e-09
2.484502063 6.151777475198331e-10
2.486110155 4.773437997860553e-10
2.4877182469999997 3.948700322678989e-10
2.489326339 4.001973038266147e-10
2.4909344310000003 4.594237764115335e-10
2.492542523 6.968099954170638e-10
2.494150615 4.892201403089515e-10
2.495758707 8.280060956478897e-10
2.497366799 1.1957847513778273e-09
2.498974891 1.4718696604124318e-09
2.499778162 6.647200242558046e-10
2.5011293930000003 1.4749944971326606e-09
2.502480624 1.840437764848059e-09
2.5038318559999997 3.5249981416775485e-10
2.505183087 1.5047892147933666e-09
2.506534319 9.55969869319294e-10
2.50788555 2.0485572861550184e-09
2.509236782 3.98789155004298e-12
2.510588013 1.9065600275001924e-09
2.511939244 6.033570767503912e-09
2.5132904760000003 4.827597550436787e-09
2.514641707 1.9269021577381587e-09
2.515992939 2.602056913886905e-09
2.51734417 1.891729545462752e-09
2.5186954019999996 2.9785459381540442e-09
2.5200466329999998 3.057200577751172e-12
2.521397865 7.097632412979712e-10
2.522749096 9.160870424675801e-10
2.524100327 1.1508017656310671e-11
2.525451559 9.547987957710659e-10
2.52680279 2.11116926169659e-09
2.5281540220000003 1.3045204074020363e-09
2.529505253 2.779351433411891e-09
2.5308564849999997 8.196533526976563e-11
2.532207716 7.167416365411667e-10
2.533558948 1.4066297009320833e-09
2.534910179 1.417380089447048e-09
2.5362614100000003 9.074613643766743e-10
2.537612642 4.704661587392543e-10
2.538963873 2.5408566445833465e-10
2.5403151050000004 4.922091902583143e-10
2.5416663359999996 5.454915043102428e-10
2.5430175680000002 2.2713352241320577e-10
2.544368799 4.1560078902931844e-10
2.54572003 4.490759753898383e-10
2.547071262 3.858783013101781e-10
2.548422493 4.640085158415028e-10
2.549773725 4.073360109135278e-10
2.551124956 3.3794638009436374e-10
2.552476188 1.5898478378705918e-10
2.553827419 1.8583538385133259e-10
2.5551786510000003 1.8608408833965975e-10
2.556529882 1.0572819536250557e-10
2.557881113 3.159949897461296e-10
2.559232345 1.7373672251129403e-10
2.560583576 8.899993584996721e-11
2.561934808 6.801497527067409e-11
2.5632860390000003 1.7208083043529206e-11
2.564637271 1.16783396154918e-10
2.565988502 8.631922214552817e-11
2.567339733 5.6407043732164186e-11
2.5686909649999996 1.1570339256933745e-10
2.5700421959999997 3.135272279937904e-11
2.571393428 1.0510403716473603e-10
2.572744659 1.2604254165504515e-10
2.574095891 3.974731316864426e-11
2.575447122 2.9058748133018755e-11
2.576798354 5.928074780355079e-11
2.5781495850000002 1.9115292708683565e-11
2.5795008160000004 1.9642665250931956e-11
2.580852048 6.856498406234567e-12
2.582203279 1.0882055128449048e-11
2.583554511 7.471560860001622e-12
2.584905742 2.8183179651721552e-11
2.586256974 4.255942570834409e-11
2.587608205 3.663596348258996e-11
2.588959437 2.824339338754957e-11
2.590310668 1.5704501276384096e-11
2.591661899 1.9847306569296145e-11
2.593013131 1.2278400209442948e-11
2.594364362 1.1364258098591913e-11
2.5957155939999996 2.0968795223459947e-14
2.5970668249999997 3.074484126784833e-12
2.598418057 1.041614214541218e-12
2.599769288 1.0739996523420187e-11
2.601120519 2.3480210413333196e-11
2.602471751 1.6305892422127492e-11
2.603822982 1.4532451534207916e-11
2.6051742140000003 2.5117665770546754e-11
2.6065254450000004 1.576469969214525e-11
2.607876677 2.282463719423125e-11
2.609227908 3.8895165010852325e-13
2.61057914 1.5140907156897475e-12
2.611930371 3.124933474248137e-14
2.613281602 3.613013804509493e-14
2.614632834 2.0874700447482245e-12
2.615984065 1.1769442540645518e-11
2.617335297 3.520875609746925e-13
2.618686528 7.379320910501063e-14
2.62003776 3.1938264334212062e-12
2.621388991 1.3934157343588633e-12
2.622740222 2.859401020430991e-12
2.6240914539999998 2.3215418188291947e-12
2.625442685 1.471705368532617e-12
2.626793917 1.5385220374363048e-12
2.628145148 1.1483189792555334e-11
2.62949638 4.239453021149382e-12
2.630847611 7.672714714170306e-12
2.6321988430000003 6.018291355227373e-12
2.6335500740000004 1.334215291229355e-11
2.634901305 3.925177937435779e-12
2.636252537 1.2431120934136881e-11
2.637603768 1.6281742320945616e-12
2.6389549999999997 1.838477909343038e-11
2.640306231 8.531524257493497e-12
2.641657463 1.9411608746637608e-11
2.643008694 1.8356584125325567e-11
2.6443599250000003 6.977751469271571e-12
2.645711157 1.3477645839829654e-14
2.6470623879999997 1.373793801687329e-14
2.64841362 4.720869863062385e-13
2.649764851 2.2297571151742964e-13
2.651116083 2.4483947343869697e-12
2.652467314 4.862289537456914e-12
2.653818546 2.889177337801586e-13
2.6551697770000002 1.3566094810568207e-14
2.6565210080000004 1.270875373498423e-14
2.65787224 8.130296741337246e-13
2.659223471 2.508539029545356e-13
2.6605747030000004 6.207915982823253e-14
2.6619259339999997 1.6306414404509576e-12
2.663277166 8.447608927363771e-12
2.664628397 7.260720479713964e-13
2.6659796289999997 7.635848514205152e-12
2.66733086 3.239008131965771e-12
2.668682091 4.826008624919071e-12
2.670033323 1.1160674050739003e-12
2.6713845540000003 6.630634620991217e-12
2.672735786 2.8368048228772572e-11
2.6740870169999997 9.256477016322276e-12
2.675438249 7.837644432726538e-12
2.67678948 5.650722621397146e-12
2.678140711 8.166665391019478e-12
2.679491943 9.199344174696686e-12
2.680843174 3.8416036803917044e-12
2.6821944060000003 1.3138858564522347e-14
2.6835456370000004 7.636919525677161e-15
2.684896869 2.843985508689739e-12
2.6862481 2.407225676770548e-13
2.6875993319999996 3.812889872311173e-12
2.6889505629999997 2.501070132818868e-12
2.690301794 3.4284389975705925e-12
2.691653026 4.4720043109223797e-13
2.693004257 4.3435121228722617e-13
2.694355489 1.0513417003521891e-12
2.69570672 4.930448403382611e-15
2.697057952 4.4228241214711704e-13
2.6984091830000003 1.8100775358884162e-12
2.699760414 1.3578923917693541e-12
2.7011116459999998 2.287296020280697e-12
2.702462877 2.6045393949350994e-12
2.703814109 2.021872401791878e-12
2.70516534 3.0573093484451037e-12
2.706516572 2.2555012348370965e-12
2.707867803 6.562572455212692e-12
2.7092190350000003 9.321903015988874e-12
2.7105702660000004 1.0981779355274411e-12
2.7119214969999996 1.2582086367213413e-11
2.713272729 1.704245562129243e-11
2.71462396 7.608727417092415e-12
2.7159751919999997 5.597127650403662e-12
2.717326423 5.320415033099374e-13
2.718677655 7.0515402684592775e-15
2.720028886 2.1271103722376796e-12
2.7213801170000003 6.66829658322823e-13
2.722731349 4.302589498331594e-12
2.7240825799999997 3.9505611196592404e-12
2.7254338120000003 9.482985525660066e-13
2.726785043 6.142311880308379e-12
2.7281362749999998 4.1357979711721627e-13
2.729487506 1.0188940925106107e-14
2.730838738 1.3604648240866702e-12
2.732189969 2.085490064210822e-14
2.7335412000000003 2.489885818932418e-12
2.734892432 1.7506624885453032e-12
2.736243663 2.5046400026291856e-14
2.737594895 2.6404260401641593e-12
2.7389461259999996 2.6226231564530906e-12
2.740297358 2.6196261881646073e-12
2.741648589 1.2119290571003002e-12
2.7429998209999997 2.9912137461962656e-12
2.744351052 3.6671239514259504e-14
2.745702283 6.677864340122086e-14
2.747053515 9.503582603713896e-13
2.7484047460000003 5.996171803641902e-13
2.749755978 4.968792029828726e-13
2.7511072089999997 5.89296051641186e-13
2.7524584410000004 1.2716154068386784e-14
2.753809672 6.4926301255903574e-15
2.755160903 3.2605837009858576e-14
2.756512135 3.736447327995418e-12
2.757863366 4.257369355741635e-12
2.7592145980000002 7.810843483272905e-12
2.760565829 4.6635507668115076e-12
2.761917061 2.9623397991917896e-12
2.7632682920000002 2.759754585574863e-12
2.764619524 2.0377596078324054e-12
2.7659707549999997 1.7581848775628802e-13
2.767321986 2.026077558797917e-15
2.768673218 2.1587940168312075e-15
2.770024449 6.837144251933556e-13
2.771375681 1.014061399323483e-12
2.772726912 8.078017048959089e-13
2.774078144 8.911046771344251e-15
2.7754293750000003 2.7430278221151178e-12
2.776780606 1.418897796238503e-12
2.7781318379999997 2.1584599330374797e-13
2.779483069 8.090568834171574e-15
2.780834301 1.5284422784133333e-12
2.782185532 3.711634584051923e-12
2.783536764 1.3118283198173036e-12
2.784887995 4.4333638657857866e-12
2.786239227 1.0686124741231785e-12
2.787590458 3.073548952558115e-12
2.788941689 1.6945274985711311e-12
2.7902929210000003 4.730494784507489e-12
2.791644152 9.025935419485253e-12
2.7929953839999997 5.919049701909133e-12
2.794346615 4.0001374666010335e-13
2.795697847 9.239772060007921e-13
2.797049078 6.871326034217127e-12
2.7984003090000003 5.556403393482747e-12
2.799751541 1.2712798108975903e-12
2.801102772 2.3875418643675036e-12
2.8024540040000003 4.7748372287805085e-12
2.803805235 4.423559925521367e-12
2.8051564669999998 2.29477590192513e-12
2.806507698 4.1914067106965285e-12
2.80785893 4.3860961165640444e-12
2.8092101609999998 1.7004015917652874e-12
2.810561392 1.7381404135070195e-13
2.811912624 2.0292398350054263e-12
2.813263855 4.4001583783099977e-13
2.814615087 6.384489057308794e-12
2.8159663179999996 4.257417357389491e-12
2.8173175500000003 6.051246031294191e-13
2.818668781 3.417079112691891e-13
2.8200200129999997 8.83050502337535e-13
2.821371244 4.914439362183284e-13
2.822722475 1.2320978511098889e-13
2.824073707 1.5739960095662756e-12
2.8254249380000003 4.538197010513393e-14
2.82677617 1.832341969432992e-12
2.828127401 5.964647811686362e-13
2.8294786330000004 1.964063893264735e-12
2.830829864 2.737192319049898e-13
2.8321810949999997 1.8612359950121526e-12
2.833532327 1.4974469074221495e-12
2.834883558 3.286858271168865e-13
2.83623479 1.4428545754002872e-12
2.837586021 2.585810015782475e-12
2.838937253 6.276720996216075e-13
2.8402884840000002 5.569458133563323e-15
2.841639716 5.759079812166025e-14
2.8429909469999997 3.1619881473290424e-12
2.8443421779999998 1.795701332309722e-12
2.84569341 8.156670839872647e-14
2.847044641 1.3393462789017518e-13
2.848395873 6.569976403614295e-15
2.849747104 1.7916537452482718e-12
2.851098336 4.07747311837491e-12
2.8524495670000003 4.458949090057151e-12
2.8538007980000004 2.6076907793791307e-12
2.85515203 3.5772890799864134e-12
2.856503261 8.896526583524729e-13
2.8578544929999996 2.2625990438760422e-14
2.8592057239999997 1.8783818718162115e-12
2.860556956 1.588440914447398e-12
2.861908187 1.4384492443499119e-12
2.863259419 1.043230854925132e-12
2.86461065 1.2661271584027886e-13
2.865961881 1.6391058682718348e-12
2.8673131130000002 1.1193120822131793e-12
2.868664344 1.521242932962376e-12
2.8700155759999997 2.9734687887285094e-12
2.871366807 1.679639691848346e-14
2.872718039 8.414084866599608e-14
2.87406927 5.366000033913014e-12
2.8754205010000002 7.094560699848366e-12
2.876771733 5.417795818053096e-14
2.878122964 2.528509433723887e-14
2.8794741960000003 7.236822290094453e-12
2.8808254270000004 7.561200264212624e-12
2.882176659 4.319301331859312e-12
2.88352789 8.103522559805757e-12
2.8848791219999996 5.325562952640776e-14
2.8862303529999997 1.2117723189438968e-14
2.887581584 1.0683079837591509e-14
2.888932816 8.117548603473402e-15
2.890284047 3.749570009879212e-14
2.891635279 6.696496063556538e-13
2.89298651 1.0982220425654223e-12
2.8943377420000003 5.653916972341697e-13
2.895688973 4.4011499289945314e-13
2.8970402049999997 6.749017541799993e-13
2.898391436 7.990171548088016e-13
2.899742667 7.514531644742712e-14
2.901093899 7.472055568440888e-13
2.9024451300000003 1.1579606335758562e-12
2.903796362 7.793625380477994e-13
2.905147593 1.436048079994876e-12
2.9064988250000003 7.85932865729129e-13
2.907850056 1.5494713410409734e-12
2.9092012869999997 2.3494021058096445e-12
2.910552519 7.60905732390888e-14
2.91190375 1.0580308819364994e-13
2.9132549819999998 2.1975976984262085e-13
2.914606213 8.82014348339998e-14
2.915957445 2.015393077197304e-14
2.917308676 8.632853788718822e-14
2.918659908 2.0904736028366335e-12
2.920011139 4.286136313149479e-12
2.9213623699999998 8.783814164956045e-12
2.922713602 3.5620392328556256e-12
2.924064833 2.009555852008213e-12
2.925416065 7.334200156757815e-12
2.926767296 9.664212603550629e-13
2.928118528 1.0174280285574374e-14
2.9294697590000003 1.0883009549386122e-14
2.93082099 1.5292716530199325e-14
2.932172222 5.407016813842654e-12
2.933523453 1.972260130249814e-12
2.934874685 1.4126497138962307e-14
2.9362259159999997 2.1820353315857677e-12
2.937577148 7.575549068396856e-12
2.938928379 5.703014202177476e-12
2.940279611 6.078863487788953e-12
2.941630842 1.4049259992077864e-12
2.942982073 7.035293602378859e-15
2.9443333050000002 8.558503156702938e-13
2.9456845360000004 3.539617536705486e-12
2.947035768 3.68294089846521e-12
2.948386999 6.491927728631993e-12
2.949738231 1.0783111744149692e-12
2.951089462 1.192262849943906e-12
2.952440694 6.916475944499501e-12
2.953791925 2.3509576680037542e-12
2.955143156 4.505207697665432e-15
2.956494388 4.998651866574702e-14
2.957845619 3.6869812694360854e-14
2.959196851 2.3214390000737003e-12
2.960548082 1.5742695392473284e-12
2.9618993139999996 4.986682375513687e-15
2.9632505449999997 5.417768816255221e-15
2.964601776 3.060907772718175e-13
2.965953008 1.7679300859806869e-12
2.967304239 1.5800945058517016e-12
2.968655471 8.544501940402745e-13
2.970006702 1.3867256134559176e-12
2.9713579340000003 9.22382507188067e-13
2.9727091650000004 2.469612274936643e-12
2.974060397 4.316384700814862e-12
2.975411628 3.659184216667672e-12
2.976762859 2.615359621933639e-12
2.978114091 2.5039982810061932e-12
2.979465322 1.0161022805044423e-12
2.980816554 3.5908374924102813e-12
2.982167785 5.366743886634732e-12
2.983519017 3.94230757126897e-12
2.984870248 1.0348903596720315e-12
2.9862214789999997 2.5413083906145914e-15
2.987572711 8.190022473991651e-14
2.988923942 1.1584259315540295e-12
2.9902751739999998 5.5325198693371044e-12
2.991626405 6.447665394967945e-12
2.992977637 6.440200067197898e-12
2.994328868 7.999360620631205e-12
2.9956801 5.257580799586608e-12
2.997031331 6.076177065331247e-12
2.9983825619999998 5.128095941012367e-12
2.9997337940000004 3.3762558575665806e-12
3.001085025 2.5277852764303913e-12
3.002436257 3.489849603576808e-12
3.003787488 4.979755100703697e-12
3.0051387199999997 4.014499713734148e-12
3.006489951 2.795416114274915e-12
3.007841182 6.543084222828303e-13
3.009192414 6.881764217243671e-12
3.0105436450000003 5.964265181699727e-12
3.011894877 3.898554545987923e-12
3.0132461079999997 5.3604327459845446e-12
3.01459734 1.1232353481760313e-12
3.015948571 3.3562038792429453e-15
3.017299803 3.179768165297758e-15
3.018651034 8.462795449282029e-13
3.020002265 1.2401356750987676e-12
3.021353497 1.9316381984223273e-12
3.0227047280000003 1.856890352521736e-12
3.02405596 1.6413673674237224e-13
3.0254071909999998 9.12761441516439e-14
3.0267584230000004 4.093716985336778e-12
3.0281096539999997 8.229141881338515e-12
3.029460886 7.668569559625393e-12
3.030812117 4.006058881316554e-12
3.032163348 4.089006344065222e-12
3.03351458 1.7110832625354358e-11
3.034865811 2.5285502805489587e-11
3.036217043 1.6719500052406044e-11
3.0375682740000003 4.910558910377253e-12
3.038919506 1.4464119686758683e-11
3.0402707369999997 1.3407362418542405e-11
3.041621968 9.529907301981797e-12
3.0429732 6.065840604959604e-12
3.044324431 1.4392628705072592e-11
3.045675663 1.9534781550857468e-11
3.047026894 3.229030373958849e-11
3.0483781260000002 1.5145072114083173e-11
3.0497293570000004 2.2782746375802935e-12
3.051080589 1.0112994407439946e-11
3.05243182 5.512305025812676e-12
3.053783051 2.2289528333987025e-12
3.0551342829999997 8.17379091937412e-12
3.056485514 8.399891084354864e-12
3.057836746 4.948138567746268e-12
3.059187977 6.327286705050438e-12
3.060539209 1.4535021191868095e-11
3.06189044 1.5268939582340516e-11
3.063241671 1.3366472793134001e-11
3.0645929030000003 1.695348837503669e-11
3.065944134 1.9551034495442185e-11
3.0672953659999997 9.476142581909924e-12
3.068646597 2.57106544862921e-14
3.069997829 1.3231883163033441e-11
3.07134906 3.4914803849258586e-11
3.072700292 2.5509224650257374e-11
3.074051523 8.846979780670216e-12
3.075402754 6.438467384920972e-12
3.0767539860000004 1.3057601709074691e-11
3.0781052169999996 2.0853647326035878e-11
3.079456449 1.210698075600675e-11
3.08080768 1.12094624863736e-11
3.0821589119999997 1.6301408185760577e-11
3.083510143 1.6241957313594884e-11
3.084861374 3.7575473758574135e-12
3.086212606 3.5655576053887083e-12
3.0875638370000003 4.4902801856933215e-13
3.088915069 1.3683504668433452e-12
3.0902662999999997 4.190960325271338e-13
3.0916175320000003 1.6267914222601163e-11
3.092968763 2.2208117072577307e-11
3.0943199949999998 2.2935921575687638e-11
3.095671226 1.5336105423878584e-11
3.097022457 6.114850077856833e-14
3.098373689 1.529245125842353e-11
3.0997249200000003 9.080009027691145e-12
3.101076152 1.1517580584207234e-11
3.102427383 1.2865756199129007e-11
3.103778615 1.83294100602456e-11
3.1051298459999996 1.2941840918555072e-11
3.106481078 6.563538407159459e-12
3.107832309 1.5138438603878546e-12
3.10918354 3.649863119777547e-12
3.110534772 1.012290081045343e-11
3.111886003 1.582164003995155e-11
3.113237235 1.389799324090816e-11
3.1145884660000003 2.2055498631561663e-11
3.115939698 1.9772246067994796e-11
3.1172909289999997 5.502930358361702e-12
3.11864216 1.93333777761493e-12
3.119993392 2.8339962807765032e-11
3.121344623 2.6441921041824428e-11
3.122695855 2.307021853849309e-11
3.124047086 1.646894065088448e-11
3.1253983180000002 2.1016568939359947e-11
3.126749549 2.2619818585433224e-11
3.128100781 4.290833588314927e-11
3.1294520120000002 2.701286308639023e-11
3.130803243 3.548696186518817e-11
3.1321544749999997 1.7333706962743912e-11
3.133505706 5.0851578430410446e-11
3.134856938 4.743395401600944e-11
3.136208169 4.100964075557755e-11
3.137559401 1.2700076436905473e-11
3.138910632 2.0768154335072113e-11
3.140261863 1.925587458474586e-11
3.1416130950000003 3.8698160358385626e-11
3.142964326 8.452288536207087e-11
3.1443155579999997 3.0095369736758114e-11
3.145666789 1.7674256464684807e-11
3.147018021 5.282258115324081e-11
3.148369252 8.486742557235962e-11
3.149720484 5.5855258636489604e-11
3.151071715 4.554439734925481e-11
3.152422946 4.899208406044637e-11
3.153774178 3.985464356492531e-11
3.155125409 2.63674479396763e-11
3.1564766410000002 3.7704143628059806e-11
3.157827872 1.818047172668648e-11
3.1591791039999997 3.445035541515592e-11
3.160530335 7.444115171995191e-11
3.161881566 7.213531195370632e-11
3.163232798 8.319501496245748e-11
3.1645840290000002 2.8057893745217476e-11
3.165935261 1.5887884867064182e-11
3.167286492 3.6755386942395036e-11
3.1686377240000003 3.862318311782415e-11
3.169988955 1.5380920311759934e-11
3.1713401869999998 1.40836333119891e-11
3.172691418 1.826109238145413e-11
3.174042649 1.361590649296989e-11
3.1753938809999998 1.2032179869629837e-11
3.176745112 1.894060486526477e-11
3.178096344 6.728880824231519e-12
3.179447575 2.2197146522360585e-12
3.180798807 7.19065927062171e-12
3.182150038 7.016119843133505e-12
3.1835012700000003 2.842682256540987e-12
3.184852501 4.472313257602793e-13
3.186203732 3.910186165617423e-12
3.187554964 4.150704217147139e-12
3.188906195 4.276729615729109e-14
3.190257427 5.269595512797622e-12
3.1916086580000003 2.6120896778794666e-11
3.19295989 2.442843455050422e-11
3.194311121 1.4477380830003353e-11
3.195662352 8.482256192609697e-12
3.197013584 2.7579862925465174e-11
3.1983648149999997 1.9947455958604895e-11
3.199716047 3.3710960481362447e-12
3.201067278 1.791226047329256e-11
3.2024185099999998 3.3104937375550364e-11
3.203769741 2.5080052007669444e-11
3.205120973 1.007930427674734e-11
3.206472204 9.315394834578591e-12
3.207823435 1.7397998691486312e-11
3.209174667 2.347865117630417e-11
3.2105258979999998 4.256908455083482e-11
3.21187713 3.999949770072307e-11
3.213228361 2.034639750358116e-11
3.214579593 3.5756344848795886e-11
3.215930824 3.366710022388829e-11
3.217282055 9.568076877625272e-12
3.2186332870000003 1.0934633176755823e-11
3.2199845180000004 1.1287399051471706e-11
3.22133575 2.6040897558285714e-11
3.222686981 3.9979946699652176e-11
3.2240382129999996 4.404605608975498e-11
3.2253894439999997 3.3526262675704365e-11
3.226740676 6.771461730643347e-12
3.228091907 6.140992494183258e-12
3.229443138 1.962350609165895e-11
3.23079437 1.982866994485779e-11
3.232145601 3.0894848566991174e-11
3.2334968330000002 2.0727537161979683e-11
3.234848064 1.854060140763388e-11
3.2361992959999997 3.7185847597826625e-11
3.237550527 3.071712400116907e-11
3.238901759 9.207531502062306e-12
3.24025299 5.672336643618917e-14
3.2416042210000002 4.923177973704187e-12
3.242955453 5.0094411763578085e-12
3.244306684 1.335505180448216e-11
3.2456579160000003 2.507996377689874e-11
3.2470091470000004 3.399212644006503e-11
3.248360379 6.459797192066129e-11
3.24971161 8.929583022411934e-11
3.251062841 5.95132893802742e-11
3.2524140729999997 2.382410884452182e-11
3.253765304 3.225767702052605e-11
3.255116536 1.433108189382435e-12
3.256467767 6.169841658077575e-12
3.257818999 1.0810554125002377e-13
3.25917023 1.630549021854257e-11
3.2605214620000003 3.470647802887721e-11
3.261872693 4.6142128703069563e-11
3.263223924 4.349102590610483e-11
3.264575156 1.862313740945274e-11
3.265926387 7.353719583227282e-14
3.267277619 3.1298840762362307e-13
3.2686288500000003 9.16865233169939e-12
3.269980082 8.842222306021228e-14
3.271331313 2.3742760949602975e-11
3.272682544 1.3020682173817445e-11
3.274033776 7.2698221131847995e-12
3.2753850069999997 2.614077531730254e-11
3.276736239 3.1015574097316317e-11
3.27808747 5.935759225921681e-11
3.2794387019999998 4.0720125106020563e-11
3.280789933 9.212115326287838e-12
3.282141165 1.4197054202179061e-11
3.283492396 3.1693870200137e-11
3.2848436270000003 2.800440138512134e-11
3.286194859 3.8610881820070854e-11
3.2875460899999998 7.715123591649024e-11
3.288897322 7.427290898832689e-11
3.290248553 5.525968770767312e-11
3.291599785 3.748977543039878e-11
3.292951016 2.0768588425917998e-11
3.294302247 2.886171809437777e-11
3.2956534790000003 3.8026299948755625e-11
3.29700471 4.4957032152400105e-12
3.298355942 5.672725781755165e-14
3.299707173 7.095664762646065e-13
3.301058405 2.1117279895688137e-11
3.3024096359999997 3.5933501283314643e-11
3.303760868 3.003107607316151e-11
3.305112099 1.1633361530177507e-11
3.30646333 5.488334375108281e-14
3.307814562 2.491905967572974e-11
3.309165793 3.195299148349522e-11
3.3105170250000002 2.716806041023739e-11
3.3118682560000003 5.824833750811873e-11
3.313219488 1.963629304262885e-11
3.3145707189999998 2.021435439013656e-13
3.315921951 1.3554812870567248e-12
3.317273182 1.9235236583795502e-11
3.318624413 2.934444557426138e-11
3.319975645 2.6400361410212516e-11
3.321326876 4.6502809159359176e-11
3.322678108 2.244307637159378e-11
3.324029339 2.2745679240896713e-11
3.325380571 2.0707759418343503e-11
3.326731802 1.8698797455980596e-11
3.328083033 5.981826096822559e-12
3.3294342649999997 1.215736385920986e-13
3.330785496 5.256678663267302e-12
3.332136728 1.0694847050324596e-11
3.333487959 7.72081781464242e-12
3.334839191 5.2191478108656426e-12
3.336190422 1.2209711836434521e-11
3.3375416540000002 3.881433628421865e-11
3.3388928850000004 1.2825758599179485e-12
3.340244116 8.103054143802453e-14
3.341595348 2.318371464502554e-11
3.342946579 6.415323214151774e-11
3.344297811 4.867723123472969e-11
3.345649042 2.6000360796862018e-11
3.347000274 4.0927972870916e-11
3.348351505 3.8921910545666865e-11
3.3497027360000002 4.4973430321234e-11
3.351053968 3.542366052384823e-11
3.3524051989999997 1.944289471264501e-11
3.353756431 8.18876443535229e-14
3.355107662 8.714563928320857e-14
3.3564588939999997 1.668159971410901e-13
3.357810125 1.3690664982115744e-11
3.359161357 2.7687086670531108e-11
3.360512588 2.644153864950796e-11
3.3618638190000003 6.218597803274149e-11
3.363215051 7.588235876050731e-11
3.3645662819999997 2.0380411205172816e-11
3.3659175140000004 3.66062593793515e-11
3.367268745 9.210946999004896e-11
3.368619977 1.2021788144863868e-10
3.369971208 1.1841741296232142e-10
3.371322439 8.825878875193346e-11
3.372673671 6.774255360329792e-11
3.374024902 4.529258408598432e-11
3.375376134 5.142735627906611e-11
3.3767273650000003 8.186548840103974e-11
3.378078597 1.3938577706426372e-10
3.3794298279999997 7.791007716156235e-11
3.38078106 2.1111350414486533e-13
3.382132291 3.2787675138802957e-13
3.383483522 1.1367857875230294e-10
3.384834754 1.0654015981447531e-10
3.386185985 8.313754826894297e-11
3.387537217 1.0328024290450261e-10
3.3888884480000003 1.2182194916566094e-10
3.39023968 4.4797368090829345e-11
3.3915909109999998 6.788492743092588e-12
3.3929421430000004 1.1061004759463712e-10
3.3942933739999996 2.297264640354598e-11
3.3956446049999998 1.7247958876847933e-13
3.396995837 5.39062507365422e-12
3.398347068 1.3524244241081583e-10
3.3996983 1.2511866451515687e-10
3.401049531 7.300452253825054e-11
3.402400763 6.656742676590055e-11
3.4037519940000003 6.365101292402602e-11
3.405103225 4.274230176173921e-11
3.4064544569999997 4.5773417476753355e-11
3.407805688 4.358855482663184e-11
3.40915692 2.3696347570136177e-11
3.410508151 9.180901921517227e-11
3.411859383 9.738887951553401e-11
3.413210614 8.475614099843279e-11
3.4145618460000002 7.8905445442114e-11
3.4159130770000004 5.433418995632975e-11
3.4172643079999996 4.444924812875511e-11
3.41861554 2.1284957772600512e-13
3.419966771 6.036627337237556e-11
3.4213180029999997 6.574078937316941e-11
3.422669234 2.834213527668097e-11
3.424020466 6.085054976603321e-11
3.425371697 8.067423581168627e-11
3.4267229280000002 9.59428396159962e-11
3.42807416 3.370541730575039e-11
3.429425391 1.9685840253631807e-12
3.4307766230000003 1.428379507708759e-13
3.432127854 2.0000789759480647e-11
3.4334790859999997 7.83575405276429e-11
3.434830317 1.569472096400775e-13
3.436181549 3.7682908013218944e-13
3.43753278 1.4950894366438585e-12
3.4388840110000003 4.7313774404214075e-11
3.440235243 5.272202681669669e-11
3.441586474 2.4869077400753828e-11
3.4429377060000004 1.0239899200404382e-10
3.4442889369999996 1.5594219958943708e-10
3.445640169 9.708008047023139e-11
3.4469914 4.975970025534052e-11
3.448342631 4.107769261774435e-11
3.449693863 2.8118100773082284e-11
3.451045094 6.055443536522864e-11
3.452396326 5.7961767206604215e-11
3.4537475570000002 3.163505524175217e-11
3.455098789 4.074761486939356e-11
3.45645002 3.5344834892958935e-11
3.4578012520000003 1.175894641591874e-10
3.459152483 5.423603626665687e-11
3.460503714 1.4780199210909305e-11
3.461854946 1.85297902387295e-11
3.463206177 1.2850879338897157e-10
3.464557409 1.3672954386124048e-10
3.4659086400000003 5.676776432035699e-11
3.467259872 1.9000236520336376e-12
3.468611103 2.62489186622331e-12
3.469962335 1.678992731235404e-13
3.4713135659999996 6.6379443728393024e-12
3.4726647969999997 4.5287912205256406e-11
3.474016029 5.33518387654979e-12
3.47536726 5.066777889429348e-12
3.476718492 4.168246181069457e-12
3.478069723 1.153164584934797e-11
3.479420955 2.7199399512605082e-11
3.4807721860000003 2.0018541071450916e-12
3.482123417 1.2363224329589105e-13
3.483474649 3.4246431951447665e-13
3.48482588 2.146956862560442e-11
3.486177112 8.792641690874112e-11
3.487528343 6.009435735184149e-11
3.488879575 3.505711234434922e-11
3.490230806 2.717264130927634e-11
3.491582038 5.1957885090472895e-12
3.492933269 3.628278272519803e-11
3.4942845 6.404114368636556e-11
3.495635732 4.965596249809907e-11
3.496986963 3.741988433469294e-11
3.4983381949999997 1.0408613699705899e-11
3.4996894259999998 1.0939839544105238e-13
3.501040658 2.8681701972516777e-13
3.502391889 2.3882330550613217e-11
3.50374312 3.081957530340731e-11
3.505094352 8.47612265399289e-12
3.506445583 3.841953783418723e-12
3.5077968150000003 3.057169774343689e-11
3.509148046 5.134792617693875e-11
3.5104992779999997 5.111984632854124e-12
3.511850509 1.159058930707633e-13
3.513201741 1.866608945897434e-12
3.514552972 3.2917624394440286e-11
3.515904203 2.0613360739658892e-11
3.517255435 4.0710036468406566e-11
3.518606666 5.553856948996186e-11
3.519957898 2.700779928814719e-11
3.521309129 2.534594274713978e-11
3.5226603610000002 8.658053874208562e-12
3.524011592 9.712726866522123e-12
3.5253628239999997 7.914928322044967e-12
3.526714055 6.578972991552908e-11
3.528065286 3.998503248204437e-11
3.529416518 2.1270862625731183e-11
3.5307677490000002 2.7460203478617448e-11
3.532118981 4.843799831287174e-11
3.533470212 6.980698557315814e-11
3.5348214440000003 5.347661291902901e-11
3.536172675 2.2315747417381596e-11
3.537523906 2.5390270101704467e-11
3.538875138 2.5709182970587924e-11
3.540226369 7.265479035308693e-11
3.5415776009999997 8.856587852131794e-11
3.542928832 8.333292481018777e-11
3.544280064 6.62116727837223e-11
3.545631295 2.5520899878766756e-12
3.546982527 4.666272163292133e-11
3.548333758 5.912582574107078e-11
3.5496849889999997 6.793348248441926e-11
3.551036221 3.389438109989949e-11
3.552387452 3.631427149987506e-11
3.553738684 7.515441861546577e-11
3.555089915 7.40476522383373e-11
3.556441147 6.231767677505292e-11
3.5577923780000003 7.242755207145393e-11
3.5591436090000004 7.534846009452206e-11
3.560494841 5.701569221577918e-11
3.561846072 8.141403910780224e-11
3.563197304 8.721998649509197e-11
3.5645485349999997 9.687562791844218e-12
3.565899767 2.210304444389783e-11
3.567250998 9.288339799140336e-11
3.5686022299999998 1.5416434408963708e-10
3.569953461 1.4660523014108776e-11
3.571304692 7.654652458130434e-11
3.572655924 1.3302391392733057e-10
3.574007155 1.4510195644033635e-10
3.575358387 8.560713848632576e-11
3.5767096179999998 3.53540933249509e-11
3.57806085 7.592851832726908e-12
3.579412081 5.919426766682105e-11
3.580763312 1.3943753658198976e-10
3.582114544 1.0638610822955332e-10
3.583465775 6.884421999309423e-11
3.5848170070000003 6.995426399988574e-11
3.5861682380000004 7.302669552844973e-11
3.58751947 8.262103831344391e-11
3.588870701 1.25091927911446e-10
3.5902219329999996 4.863239576924813e-11
3.5915731639999997 4.609963561448857e-11
3.592924395 4.1391532029228916e-11
3.594275627 2.784921779798944e-13
3.595626858 3.3142433495381773e-12
3.59697809 3.33318994224157e-11
3.598329321 6.753389875807564e-11
3.5996805530000002 4.825505763285294e-12
3.601031784 3.689965921620792e-11
3.602383016 1.0902384163101653e-12
3.603734247 1.0352952838258417e-11
3.605085478 1.8839973414639583e-10
3.60643671 3.7988981109075184e-10
3.607787941 2.3056530940285767e-10
3.609139173 1.4140912245933986e-10
3.610490404 9.816811478601369e-11
3.6118416360000003 1.2398065046798014e-10
3.6131928670000004 1.3086314995913828e-10
3.6145440979999997 1.0222444705983279e-10
3.61589533 1.0946359429604043e-10
3.617246561 1.8497610140794693e-10
3.6185977929999997 1.1396260880500837e-10
3.619949024 3.767744580072296e-12
3.621300256 6.697486416648379e-11
3.622651487 2.927943450478461e-10
3.624002719 2.8224306265089045e-10
3.62535395 1.633486379775309e-10
3.6267051809999997 4.685338341278072e-11
3.628056413 3.064999308143257e-11
3.629407644 4.806992732164132e-11
3.630758876 5.3255658636748985e-11
3.632110107 1.9105277170936848e-11
3.633461339 1.0710648981674369e-11
3.6348125700000002 1.347427874921514e-10
3.6361638010000004 1.184464287115942e-10
3.637515033 9.66989502616382e-11
3.638866264 1.0728208089670919e-10
3.640217496 5.510323312380431e-12
3.6415687269999997 7.151754861696668e-11
3.642919959 2.420465169958414e-10
3.64427119 3.0997775539815804e-10
3.6456224219999998 3.3158603066230577e-10
3.646973653 1.7890094315040424e-10
3.648324884 6.253145119137509e-13
3.649676116 3.3862201977637745e-11
3.6510273470000003 1.5503556457043286e-10
3.652378579 2.3748137787753487e-10
3.6537298099999997 2.2215442886151797e-10
3.655081042 3.205349851137592e-10
3.656432273 7.525950197575429e-11
3.657783504 4.092190624929436e-13
3.659134736 4.168514481226094e-13
3.660485967 1.1746775134285417e-12
3.6618371990000003 6.887490351751477e-11
3.66318843 4.792414832386735e-11
3.664539662 4.17481390631671e-11
3.665890893 3.738092684580437e-12
3.667242125 4.5390427111903306e-13
3.6685933559999997 4.607372294698979e-13
3.669944587 1.005482992685759e-11
3.671295819 1.3090592217134617e-10
3.67264705 1.6814299746038447e-10
3.673998282 3.080499906069365e-10
3.675349513 1.6831602506977666e-10
3.676700745 1.4525361694408298e-10
3.6780519760000003 1.8296193313282386e-10
3.679403208 1.4027430147314937e-10
3.6807544389999998 5.62260466630103e-11
3.68210567 7.911351547940023e-11
3.683456902 1.983514258323792e-10
3.684808133 2.876042408413462e-10
3.686159365 2.1787752747919217e-10
3.687510596 5.891329389886433e-13
3.688861828 7.091007782789971e-13
3.690213059 5.1674953057562146e-11
3.6915642899999996 2.6463421911257637e-10
3.692915522 3.7381731321716004e-10
3.694266753 2.3833273539657755e-10
3.6956179849999997 9.619417433343707e-11
3.696969216 6.872429437455477e-11
3.698320448 1.1139635260848847e-10
3.699671679 3.294577630532257e-10
3.701022911 4.1981495849312595e-10
3.702374142 4.106064057079135e-10
3.703725373 4.69750240359282e-10
3.7050766050000004 6.537249059326313e-10
3.706427836 4.3324071266280586e-10
3.707779068 1.8341262395327252e-10
3.709130299 2.832845041887083e-10
3.710481531 3.274944014916513e-10
3.711832762 1.0404674781781168e-10
3.713183993 9.280090967468882e-12
3.714535225 9.558671593350992e-11
3.7158864560000002 4.014792549179208e-10
3.717237688 2.458475185521539e-10
3.7185889189999997 3.8632782087312585e-10
3.719940151 6.386666197105723e-10
3.721291382 1.3532998604842093e-09
3.7226426139999997 1.431994684603053e-09
3.723993845 1.1007292052602582e-09
3.725345076 8.634026483290705e-10
3.726696308 2.6624108357083955e-10
3.7280475390000003 3.3417201016076364e-11
3.729398771 4.273160691720925e-10
3.730750002 3.9875294997789153e-10
3.7321012340000004 9.067143993004571e-10
3.733452465 8.721680785382469e-10
3.7348036959999997 3.2751548258312685e-10
3.736154928 2.2674809291884544e-10
3.737506159 1.0164779816144719e-11
3.738857391 2.761738826254821e-11
3.740208622 1.020095260008612e-09
3.741559854 3.614669226796741e-09
3.7429110850000002 2.733923826393034e-09
3.744262317 1.0612184968018833e-09
3.7456135479999997 1.0127849910697887e-09
3.746964779 3.2677841271585416e-09
3.748316011 4.853530557959316e-09
3.749667242 7.543418488164544e-09
3.751018474 6.423294471641444e-09
3.752369705 3.389612636603006e-09
3.753720937 8.054933788483269e-10
3.7550721680000003 4.896252401275913e-10
3.7564234 1.986866109011521e-11
3.757774631 7.732379281664361e-12
3.759125862 8.227744909092725e-12
3.7604770939999996 4.036862588435454e-10
3.7618283249999998 7.312162941884402e-09
3.763179557 4.943551247995305e-09
3.764530788 1.361492748827801e-09
3.76588202 3.141902777706345e-09
3.767233251 3.534781678812419e-09
3.768584482 4.060260799966692e-09
3.7699357140000003 5.165797637039829e-09
3.771286945 4.434031032918406e-09
3.7726381769999997 3.919605018983141e-09
3.773989408 3.6963810101555353e-09
3.77534064 5.558481424266765e-09
3.776691871 4.035647598738054e-09
3.778043103 1.920852037819811e-09
3.779394334 4.774673253327635e-09
3.780745565 9.300093108947072e-09
3.7820967970000003 1.062963750905801e-08
3.7834480279999996 8.710621325148975e-09
3.7847992599999998 3.6893244141630758e-09
3.786150491 6.642830571717476e-09
3.7875017229999997 7.298855097896711e-09
3.7888529539999998 8.588862976148723e-09
3.790204185 7.547568388331663e-09
3.791555417 8.85650084108832e-09
3.792906648 1.7855402233658448e-08
3.79425788 2.8648723875589603e-08
3.795609111 2.218517153064041e-08
3.7969603430000003 1.9585656579886307e-08
3.798311574 3.197379421648069e-08
3.7996628059999997 3.344060677675802e-08
3.801014037 1.5212799084646955e-08
3.802365268 2.222771913488056e-08
3.8037165 2.4038159422778378e-08
3.8050677310000003 2.9496778256221615e-08
3.806418963 5.652052729162665e-08
3.807770194 6.820705478868079e-08
3.8091214260000004 3.686960536893592e-08
3.8104726569999996 2.245794639823968e-08
3.811823889 1.7350696483344558e-10
3.81317512 2.2538553953904973e-09
3.814526351 8.201136308344873e-09
3.815877583 2.7128723232163573e-09
3.817228814 2.1576091199471508e-08
3.818580046 4.81319984684857e-08
3.8199312770000002 3.796103744320249e-08
3.821282509 2.1725824542975506e-09
3.82263374 3.054639479708296e-08
3.823984971 5.265341511242527e-09
3.825336203 1.6904581342293118e-08
3.826687434 1.6822565465421772e-08
3.828038666 1.0928172091503137e-08
3.829389897 2.1668818916012467e-08
3.830741129 5.8156519749145536e-08
3.8320923600000003 1.1757407570194036e-07
3.833443592 1.5911776170922422e-07
3.834794823 2.2553068040979275e-07
3.836146054 2.7453266511276093e-07
3.8374972859999996 2.489816116927751e-07
3.8388485169999997 2.300594801885231e-07
3.840199749 1.6218583578688022e-07
3.84155098 2.333810706447283e-08
3.842902212 5.831965151726331e-10
3.844253443 1.3283861670122146e-08
3.845604674 1.6922523138661225e-07
3.8469559060000003 3.3044560402971687e-07
3.848307137 4.0092220838047675e-07
3.849658369 3.049913870324099e-07
3.8510096 1.7942868586760408e-07
3.852360832 1.0994682729768847e-08
3.853712063 2.5811844599749852e-09
3.855063295 3.6246969441408735e-07
3.856414526 5.01132695217026e-07
3.857765757 3.014988505416841e-07
3.859116989 1.6792931171246544e-07
3.86046822 4.345374841534633e-07
3.861819452 6.272889554989784e-07
3.863170683 6.17331547788802e-07
3.8645219149999996 6.353678010776975e-07
3.8658731459999998 8.841996442367256e-07
3.867224377 1.0914884236762729e-06
3.868575609 6.503411471986259e-07
3.86992684 1.3995602295816088e-07
3.871278072 3.336269693514205e-07
3.872629303 2.651589366188611e-07
3.8739805350000003 3.142111692504604e-08
3.875331766 1.9774767748640432e-09
3.876682998 2.1073736355679034e-09
3.878034229 2.2410349256306652e-09
3.87938546 2.3777739626230315e-09
3.880736692 3.2789115678537215e-09
3.882087923 8.35281904998058e-07
3.883439155 1.817628758096151e-06
3.884790386 2.331094295064561e-06
3.886141618 2.896593609821452e-06
3.887492849 2.768222983465047e-06
3.8888440810000002 1.898818141704847e-06
3.890195312 1.6610902771165963e-06
3.891546543 2.6804240250659466e-06
3.892897775 2.5931094816410995e-06
3.894249006 2.230993973782705e-06
3.895600238 1.4955254473492262e-06
3.8969514690000002 1.5383714406898377e-06
3.898302701 9.114742955000699e-07
3.899653932 7.015982464582675e-07
3.9010051629999998 6.995489728738109e-08
3.902356395 2.989940373809874e-08
3.903707626 6.127953975288186e-09
3.905058858 4.655792479672975e-09
3.906410089 4.729913410408857e-09
3.9077613209999997 4.799384801083039e-09
3.909112552 4.864461326447697e-09
3.910463784 2.4316633384183143e-08
3.911815015 8.482442956121772e-07
3.913166246 2.8983026781050266e-06
3.914517478 4.505888213869163e-06
3.9158687089999997 4.993949567237088e-06
3.917219941 2.8569691696892152e-06
3.918571172 1.565771129002387e-06
3.919922404 7.455904509810179e-07
3.921273635 1.1708532164552135e-06
3.922624866 2.4536235747614994e-06
3.9239760980000002 4.426546909576878e-06
3.9253273290000004 3.961424549095351e-06
3.926678561 2.75214370104351e-07
3.928029792 6.794807560244944e-07
3.929381024 3.87491579989993e-06
3.9307322549999997 3.4267061368789826e-06
3.932083487 1.8930069138824414e-06
3.933434718 1.7477851655101062e-06
3.934785949 1.4374188527768298e-06
3.936137181 8.897113631910407e-07
3.937488412 2.952614823741191e-07
3.938839644 4.2299338507358255e-07
3.940190875 1.0622554627371797e-06
3.941542107 1.8387237480785047e-06
3.9428933379999997 2.685188534623345e-06
3.944244569 4.504137414551943e-06
3.945595801 4.3919730931075335e-06
3.946947032 3.22960629793115e-06
3.948298264 2.602103256350604e-06
3.949649495 2.3401192937125028e-06
3.9510007270000003 2.4159292350951636e-06
3.9523519580000004 4.352557864426945e-06
3.95370319 6.864298189951965e-06
3.955054421 6.497775993699107e-06
3.956405652 4.705674908857565e-06
3.9577568839999997 4.866378865408473e-06
3.959108115 3.489848845319383e-06
3.960459347 2.6855743402770054e-06
3.961810578 5.185154403086754e-06
3.96316181 6.336067881802356e-06
3.964513041 5.261706829099977e-06
3.965864273 2.6432557525984273e-06
3.967215504 7.340708939470507e-07
3.968566735 9.779634363755264e-08
3.9699179669999998 1.0739196672913733e-06
3.971269198 4.350270303538169e-06
3.97262043 7.040394182917414e-06
3.973971661 8.654037470655619e-06
3.975322893 6.844178857828759e-06
3.976674124 7.083454995922073e-06
3.978025355 9.392297718814112e-06
3.9793765870000004 1.2436529199382889e-05
3.9807278179999996 1.2631423224095814e-05
3.98207905 1.0524735121795576e-05
3.983430281 9.259650947415737e-06
3.9847815129999997 7.66382497590063e-06
3.986132744 4.038706427847783e-06
3.987483976 2.5799625015459954e-06
3.988835207 3.497189481826157e-06
3.9901864380000003 5.17026574074702e-06
3.99153767 5.141477506138647e-06
3.9928889009999997 2.439820029939707e-06
3.994240133 1.5830556727561182e-06
3.995591364 1.2305948942065376e-06
3.996942596 7.171603475619617e-07
3.998293827 1.0818506463604647e-06
3.999645058 2.491697095258437e-06
4.00099629 4.826971804571638e-06
4.002347521 6.604056271647241e-06
4.003698753 7.556244338327634e-06
4.005049984 5.4473764596279165e-06
4.006401216 2.6356514465886446e-06
4.007752447 8.332185612743322e-07
4.009103679 2.4450641762832937e-06
4.01045491 3.0979789872704326e-06
4.011806141 3.6420674779703545e-06
4.013157373 4.115835566186338e-06
4.014508604 3.128771711228555e-06
4.015859836 3.6716025466107297e-06
4.017211067 6.337219867258913e-06
4.018562299 7.776420090279779e-06
4.01991353 6.295031825318447e-06
4.021264761 4.682983929865663e-06
4.022615993 3.7333316213123266e-06
4.023967224 2.4149569360384513e-06
4.025318456 1.9258224891577857e-06
4.026669687 2.451360699128168e-06
4.028020919 3.398206373090709e-06
4.02937215 4.025784992169081e-06
4.030723382 2.6016765136006012e-06
4.032074613 2.658036321690479e-06
4.033425844 3.5081004010282367e-06
4.034777076 4.376621553129574e-06
4.036128307 4.230870169698595e-06
4.037479539 3.205964172183763e-06
4.03883077 3.222400229090584e-06
4.040182002 4.877341098242369e-06
4.041533233 7.985068774463604e-06
4.042884465 8.88330280747646e-06
4.044235696 6.356651757653853e-06
4.0455869269999996 2.9240555388817714e-06
4.046938159 1.8445502720101861e-06
4.04828939 1.2300658293041553e-06
4.049640622 2.655702607951785e-06
4.050991853 2.0935328738561424e-06
4.052343085 1.258580396745613e-06
4.053694316 2.469665119461901e-06
4.055045547 3.7020611702640706e-06
4.056396779 3.695415466708619e-06
4.05774801 3.0466759871925046e-06
4.059099241999999 2.2824193036795747e-06
4.0604504729999995 1.1129152141473154e-06
4.061801705 1.5299065244519248e-07
4.063152936 2.3645295397154663e-07
4.064504168 7.563867277377032e-09
4.065855399 5.832908441194902e-09
4.06720663 2.619313076479554e-08
4.0685578620000005 3.6252413067834294e-07
4.069909093000001 1.7278164925776416e-06
4.071260325 4.542829524483014e-06
4.072611556 4.542447657652107e-06
4.073962788 1.156712555133739e-06
4.075314019 2.1841854303499278e-08
4.07666525 5.850273443111959e-09
4.078016482 5.851785684026102e-09
4.079367713 5.8532424917043354e-09
4.080718945 5.854289675991187e-09
4.082070176 5.854930017524397e-09
4.083421408 5.85547680798501e-09
4.084772639 1.2399044513063478e-08
4.086123871 1.6770765189226711e-07
4.087475102 2.9616853512527155e-06
4.088826333 3.7579567074112654e-06
4.090177565 3.4144869695985437e-06
4.091528796 2.5357542078327676e-06
4.092880028 7.845105702291852e-07
4.094231259 9.205040930755914e-07
4.095582491 1.733032523248944e-07
4.096933722 1.2153959150867332e-06
4.098284953 1.7565335901527024e-06
4.0996361850000005 1.1248811037826707e-06
4.100987416 7.999853356733666e-08
4.102338648 6.499236817125858e-08
4.103689878999999 1.6422076949952103e-08
4.105041110999999 1.5662373086052626e-06
4.106392342 3.1791171877878223e-06
4.107743574 1.405756521230319e-06
4.109094805 3.936422355516237e-08
4.110446036 3.070806208147996e-08
4.111797268 6.624600162842216e-07
4.113148499 2.6233227354022114e-06
4.1144997309999995 2.7343748944793442e-06
4.115850962000001 1.6113169320612902e-06
4.117202194000001 2.6372601241618327e-07
4.118553425 6.98874525535314e-07
4.119904657 1.2807356295028201e-07
4.121255887999999 5.8747408330630615e-09
4.122607119 2.5853769039691246e-07
4.123958351000001 3.696702371180659e-07
4.125309582 2.9443866759718358e-08
4.126660814 5.87729535174284e-09
4.128012045 7.25515637194238e-09
4.129363277 1.406404615686455e-07
4.130714508 9.682454195652396e-09
4.132065739 5.879010005784277e-09
4.133416971 5.878985949593925e-09
4.134768202 1.0705152161182585e-08
4.136119434 5.508610456292312e-07
4.1374706649999995 1.2621053253126018e-06
4.138821897 1.0721027973797206e-06
4.140173128000001 4.750945167747154e-08
4.14152436 1.2662426686102737e-08
4.142875591 1.2878796036963723e-07
4.144226821999999 6.461264980903297e-09
4.145578054 5.884521865068445e-09
4.146929285000001 5.885956467402775e-09
4.148280517 2.332044665060834e-08
4.149631748 2.110141546276958e-07
4.15098298 5.896225535813605e-09
4.152334211 5.896747900629168e-09
4.153685442 5.897217944663276e-09
4.155036674 5.897628207058714e-09
4.156387905 5.898026570137392e-09
4.157739136999999 5.898355018505418e-09
4.159090368 5.89860758899441e-09
4.1604416 5.901697549525483e-09
4.161792831 5.9055323367466665e-09
4.163144063 5.905652007724034e-09
4.164495294 5.905715523837878e-09
4.165846525 5.905767156542532e-09
4.167197757 5.905758271394387e-09
4.1685489879999995 5.905609285135125e-09
4.169900220000001 5.905412206494683e-09
4.171251451 5.9051919735341435e-09
4.172602683 5.9048886962481485e-09
4.173953914 5.904517246127084e-09
4.1753051459999995 5.904089450874564e-09
4.1766563770000005 5.903611546256775e-09
4.178007608 5.9030455590036836e-09
4.17935884 5.9024506399064066e-09
4.180710071 7.850687141464648e-08
4.182061303 5.623113816462013e-07
4.183412534 1.202213953878104e-06
4.184763766 1.2989975744549336e-06
4.186114997 1.2651158538950142e-06
4.187466228 1.2636529078667642e-06
4.18881746 1.555068692087558e-06
4.190168691 2.3700905884753986e-06
4.1915199229999995 3.643071288971275e-06
4.1928711540000005 3.5823764612790155e-06
4.194222386000001 1.380039110474352e-06
4.195573617 3.390370253885402e-08
4.196924849 1.1960798699382767e-08
4.198276079999999 5.559454951571362e-08
4.199627311 6.295308580408303e-09
4.200978543 5.309224570292015e-07
4.202329774 4.703942433277874e-06
4.203681006 5.945096078340142e-06
4.205032237 5.9314729856432915e-06
4.206383469 4.393107037504124e-06
4.2077347 3.4445760112360536e-06
4.209085931 3.8109509057514865e-06
4.210437163 4.675843838448711e-06
4.211788394 6.011959495843595e-06
4.213139626 7.038827776924906e-06
4.2144908569999995 5.9344135789908585e-06
4.215842089 4.127694724059876e-06
4.217193320000001 4.702647743872405e-06
4.218544552 2.6908723376978847e-06
4.219895783 1.185135327878377e-08
4.221247013999999 8.038800508141966e-08
4.2225982459999996 1.1470270875899336e-06
4.223949477 4.242752431219201e-06
4.225300709 5.269534500530302e-06
4.22665194 4.099728120394252e-06
4.228003171999999 2.084793715248792e-06
4.229354403 1.9916275699760225e-07
4.2307056339999995 2.60770715829737e-07
4.232056866 1.1835658994598365e-06
4.233408097000001 1.7727669725582886e-06
4.234759329 4.277550082385811e-06
4.23611056 7.626670339707697e-06
4.237461792 9.903761453935519e-06
4.238813023 1.0182745033525887e-05
4.240164255 9.837719509647259e-06
4.241515486 8.446248129693794e-06
4.242866717 5.875340157999933e-06
4.244217949 3.162276535445904e-06
4.24556918 3.5464169383853706e-06
4.246920412000001 5.182126725746649e-06
4.248271643 6.47276082026616e-06
4.249622875 4.6087706852394275e-06
4.250974105999999 8.735160973077229e-07
4.2523253379999995 1.3175010264732044e-07
4.2536765690000005 2.7360787953264615e-06
4.2550278 2.558422892946411e-06
4.256379032 2.1203532416320896e-06
4.257730263 2.797677125629818e-06
4.259081495 8.064872254745318e-07
4.260432726 5.989483214770311e-08
4.261783958 6.1889860608028205e-09
4.263135189 5.849642950371751e-09
4.26448642 3.3279293841080794e-08
4.265837652 6.804439402983482e-07
4.267188883 2.3519293855714424e-06
4.2685401149999995 2.395515101302637e-06
4.2698913460000005 1.6486841624200709e-06
4.271242578000001 7.652198279559051e-07
4.272593809 1.700545295980857e-07
4.273945041 7.240604917857103e-09
4.275296271999999 5.7224668958275494e-09
4.276647503 2.8928096305165262e-08
4.277998735 1.1446230303777556e-06
4.279349966 3.011666296625613e-06
4.280701198 3.476974462686063e-06
4.282052429 2.893039927423912e-06
4.283403661 1.6033157042702075e-06
4.284754892 5.146437381840578e-07
4.286106123 1.090415585128022e-08
4.287457355 5.807997660625773e-09
4.288808586 5.834317469633797e-09
4.290159818 6.5505454535357985e-09
4.2915110489999995 1.7923688602936456e-07
4.292862281 2.4035140262854174e-08
4.294213512000001 5.865697859398977e-09
4.295564744 5.871085343194702e-09
4.296915975 5.871221142394047e-09
4.298267206 5.87135857828562e-09
4.299618438 5.8715035381237644e-09
4.300969669 5.8710768410071535e-09
4.302320901 5.8704035570552065e-09
4.303672132 5.869714652875114e-09
4.305023363999999 5.869028340958335e-09
4.306374595 9.295994284984843e-09
4.3077258259999995 7.36503729240987e-07
4.309077058 7.3969708412253e-07
4.310428289000001 5.5447525460406153e-08
4.311779521 8.511426271870429e-09
4.313130752 1.9134502145350599e-07
4.314481984 1.3337112735439344e-08
4.315833215 4.9881049448395396e-09
4.317184447 4.5466280787784405e-09
4.318535678 5.6977540623169105e-09
4.319886909 2.8650978123216415e-07
4.321238141 1.8322410061777008e-06
4.322589372 3.0972572199929686e-06
4.323940604000001 3.845717464247349e-06
4.325291835 3.927261446597812e-06
4.326643067 2.895603685337466e-06
4.327994297999999 2.2063076404611918e-06
4.329345529999999 2.2824232483495137e-06
4.3306967610000004 2.0222639211005106e-06
4.332047992 1.0499316653474595e-07
4.333399224 8.949041016647873e-09
4.334750455 3.168910174623816e-07
4.336101687 1.6477636017894395e-08
4.337452918 5.849195640733208e-09
4.33880415 8.136704282076467e-09
4.340155381 1.90720558607871e-07
4.341506612 1.6056063170038124e-08
4.342857844 5.8448925637873795e-09
4.344209075 5.843710786858778e-09
4.3455603069999995 5.846079384355365e-09
4.3469115380000005 5.8476496018560995e-09
4.34826277 1.751079287095498e-08
4.349614001 5.586535831614334e-07
4.350965233 1.4143924294538086e-06
4.352316464 1.515002655328131e-06
4.353667695 7.09122743434681e-07
4.355018927 1.741564680746607e-07
4.356370158 2.4965654373184973e-07
4.35772139 6.519665705954756e-07
4.359072621 1.4896132430680544e-06
4.360423853 3.3163930914101255e-06
4.361775084 3.332356963555602e-06
4.363126315000001 1.594689375205046e-06
4.364477547000001 1.295591637470498e-06
4.365828778 6.048855122377237e-07
4.36718001 1.8109506884741684e-07
4.3685312409999995 1.7000933734142284e-06
4.369882473 2.0641395957462687e-06
4.371233704 1.1172834362302038e-06
4.372584936 2.5341050415429957e-08
4.373936167 5.813897280476798e-09
4.375287398 5.811202421845611e-09
4.37663863 5.808451698624622e-09
4.377989861 8.507859761355743e-08
4.379341093 2.0390665654738004e-06
4.380692324 2.515389132380981e-06
4.382043555999999 2.5510722856170455e-06
4.383394787 2.3663996941284943e-06
4.3847460179999995 1.916589198424763e-06
4.38609725 1.2270653115637275e-06
4.387448481000001 2.2085728933366915e-08
4.388799713 5.782205280427396e-09
4.390150944 5.77919569043846e-09
4.391502176 5.7762002020053e-09
4.392853407 5.773216305899069e-09
4.394204639 5.770260257493353e-09
4.39555587 5.76733365312071e-09
4.396907101 5.764787140449718e-09
4.398258332999999 5.762440942576014e-09
4.399609564 5.760116737800775e-09
4.400960796000001 5.757827903975312e-09
4.402312027 5.755566192023576e-09
4.403663259 5.753356914082469e-09
4.405014489999999 5.75127488344943e-09
4.406365721999999 5.755385874344257e-09
4.407716953 5.7533164832271564e-09
4.409068184 5.751328933074106e-09
4.410419416 5.749403613899525e-09
4.411770647 5.747567629244281e-09
4.413121879 5.746597126570081e-09
4.41447311 5.750657789840937e-09
4.415824342 5.749037075214478e-09
4.417175573000001 5.747493248512109e-09
4.418526804 1.489013485249096e-08
4.419878036 1.1281370081262331e-06
4.421229266999999 1.650277418009544e-08
4.4225804989999995 5.741889965850427e-09
4.4239317300000005 5.740623607755076e-09
4.425282962 5.739393694865237e-09
4.426634193 5.7382293384782775e-09
4.427985425 5.737101237940765e-09
4.429336656 5.736038909811586e-09
4.430687887 5.735011687914225e-09
4.432039119 5.734033844691002e-09
4.43339035 5.733083374137483e-09
4.434741582 5.732186030124684e-09
4.436092813 5.731324906599464e-09
4.437444045 5.730498860449674e-09
4.438795276 5.729699396336204e-09
4.440146507000001 5.7289286361668e-09
4.441497739000001 5.728194473925875e-09
4.44284897 5.727479570221942e-09
4.444200202 5.726760813269006e-09
4.445551432999999 5.9534063947073037e-08
4.446902665 2.187137024110603e-07
4.448253896 6.3454724429737574e-09
4.449605128 5.723151689575435e-09
4.450956359 5.722267998562357e-09
4.45230759 5.721407823731452e-09
4.453658822 5.72054030672708e-09
4.455010053 5.719677178322795e-09
4.456361285 5.718815133606639e-09
4.457712516 5.717954355224208e-09
4.459063747999999 5.717092900328024e-09
4.460414979 5.7162191988844685e-09
4.4617662110000005 5.715359352990752e-09
4.463117442 5.7144915732112185e-09
4.464468673000001 5.713627555801596e-09
4.465819905 5.7127295032127565e-09
4.467171136 5.711834796328846e-09
4.468522368 5.7109202074417825e-09
4.469873599 1.2595456181171602e-08
4.471224831000001 9.397631687422515e-07
4.472576062 8.550751521533812e-07
4.473927293 9.434439061578852e-08
4.475278524999999 5.706154063693378e-09
4.476629756 5.709104791530429e-09
4.4779809880000006 5.710403514433795e-09
4.479332219 5.709390149231689e-09
4.480683451 5.7083431845113085e-09
4.482034682 5.7072803570195575e-09
4.483385914 5.706175948965815e-09
4.484737145 5.7098507078713e-09
4.486088376 5.710409707771438e-09
4.487439608 5.709241853286246e-09
4.488790839 5.708052237931373e-09
4.490142071 5.706851437881398e-09
4.491493302 5.705640510465055e-09
4.492844534 5.704388350513752e-09
4.494195765000001 5.703107682314374e-09
4.495546996 5.70169574504307e-09
4.496898228 5.700288653213373e-09
4.498249458999999 5.6988386646033296e-09
4.4996006909999995 5.697371529704658e-09
4.5009519220000005 5.695879494316128e-09
4.502303154 5.694384549674522e-09
4.503654385 5.692850922854374e-09
4.505005617 5.691266501180831e-09
4.506356848 5.689660384612124e-09
4.507708079 5.688007652479239e-09
4.509059311 5.686323154787554e-09
4.510410542 5.684567245694209e-09
4.511761774 5.6827848472568205e-09
4.513113005 5.6809539941132955e-09
4.514464237 5.679099019320038e-09
4.5158154679999996 5.677189046377318e-09
4.517166699000001 5.675240378616221e-09
4.518517931 1.832959743477013e-08
4.519869162 2.408754577147767e-06
4.521220394 4.99026330937864e-06
4.522571624999999 2.97434632414494e-06
4.523922857 2.0967655158897225e-06
4.525274088 2.138275410644107e-06
4.52662532 2.341996855660395e-06
4.527976551 2.7180100179228084e-06
4.529327782 1.6180752152182063e-06
4.530679014 1.2283043482983715e-07
4.532030245 5.651242831240427e-09
4.533381477 5.648815673027476e-09
4.534732708 5.646347581070744e-09
4.53608394 5.643893360285524e-09
4.537435171 5.641390705169981e-09
4.5387864030000005 5.638855008112529e-09
4.540137634 5.63628072626917e-09
4.541488865 5.633698486152793e-09
4.542840097 5.631091562278263e-09
4.544191328 5.628423884232613e-09
4.5455425599999995 5.6257092955163545e-09
4.5468937910000005 5.622935180311011e-09
4.548245023000001 5.620155250568316e-09
4.549596254 5.617325982112602e-09
4.550947485 1.1462741880929246e-07
4.552298716999999 2.8644883861637694e-06
4.553649948 2.7724797537294083e-06
4.5550011800000005 1.2093251830412632e-06
4.556352411 4.297380081162718e-06
4.557703643 7.82547365771053e-06
4.559054874 1.39442290932032e-05
4.560406106 2.8836864195029228e-05
4.561757337 4.78303578572929e-05
4.563108568 7.251874314228013e-05
4.5644598 0.00010709235878557603
4.565811031 0.0001540886325852453
4.567162263 0.00021061155211345595
4.568513493999999 0.00028118428711119113
4.569864726 0.0003664976506508947
4.571215957000001 0.00046774975066289344
4.572567188 0.0005925390211111482
4.57391842 0.0007440719822499801
4.575269650999999 0.0009080309912557441
4.5766208829999995 0.001084435326980525
4.5779721140000005 0.0012673114662587303
4.579323346 0.0014051949048100674
4.580674577 0.0015131201816131993
4.582025809 0.0015832775330348334
4.58337704 0.0015776479730077572
4.584728271 0.0015513816419703435
4.586079503 0.0015069157260625338
4.587430734 0.0014686761467336158
4.588781966 0.0014464623205072114
4.590133197 0.0014391744134764452
4.591484429 0.001469523303579238
4.5928356599999995 0.0015216542149780912
4.5941868910000005 0.0015972499910672658
4.595538123 0.0017138812397672258
4.596889354 0.0018551820046867275
4.598240586 0.0020262768152876785
4.599591817 0.0022534880827191936
4.6009430490000005 0.002527060048684034
4.60229428 0.0028591491109436445
4.603645512 0.00328434653658502
4.604996743 0.0038036884625204047
4.606347974 0.004445878853955771
4.607699206 0.005274745350239481
4.609050437 0.006304002536330433
4.610401669 0.007599639616381304
4.611752900000001 0.009290613960545584
4.613104132 0.011443944042449373
4.614455363 0.014232886774272176
4.6158065950000005 0.01795005143493211
4.617157826 0.022813684624363634
4.618509057 0.02929955587613749
4.619860289 0.038040224215353365
4.62121152 0.049583749655460606
4.622562751999999 0.06489292155176257
4.6239139830000004 0.08450084357294572
4.625265215000001 0.10924989277029866
4.626616446 0.13893698155856196
4.627967677 0.17205235509469063
4.629318908999999 0.2093234474743594
4.63067014 0.2458022628500925
4.6320213720000005 0.27998326403171725
4.633372603 0.31273744838141
4.634723835 0.3361963657424405
4.636075066 0.353974117789298
4.637426298 0.36685783281094425
4.638777529 0.3711864150806651
4.64012876 0.3730424580807856
4.641479992 0.3725994703907779
4.642831223 0.3712577674302668
4.644182455 0.37051489476792904
4.645533685999999 0.3704933820720622
4.646884918 0.37218579355337283
4.648236149000001 0.3745547120888101
4.64958738 0.3777735561098875
4.650938612 0.38113725982125546
4.652289842999999 0.3846735809863998
4.6536410749999995 0.3870884194294593
4.6549923060000005 0.38820637950903575
4.656343538 0.38849441204390084
4.657694769 0.3872229441973353
4.659046001 0.3850586538091767
4.660397232 0.3823940611489213
4.661748463 0.37944346913614574
4.663099695 0.3768816534052046
4.664450926000001 0.3746409239076576
4.665802158 0.3735707836817004
4.667153389 0.3726378422231103
4.668504621 0.37186481238148206
4.6698558519999995 0.36895145260766965
4.6712070830000005 0.3637465582748321
4.672558315 0.3546694689094425
4.673909546 0.338380413254007
4.675260778 0.31847040571845375
4.676612009 0.29123700563333144
4.6779632410000005 0.25915575361789317
4.679314472 0.2266357337381155
4.680665704 0.19053002532044613
4.682016935 0.15698810384785955
4.683368166 0.1270350122747026
4.684719398 0.09973055575440887
4.686070629 0.0776285466094046
4.687421861 0.05971212623608376
4.688773092 0.04565587353376771
4.690124324 0.03490785899880949
4.691475555 0.026775061556629377
4.6928267869999996 0.020706932140429714
4.694178018 0.01610466726515629
4.695529249 0.012693204410300567
4.696880481 0.010093955044007135
4.698231712 0.00809584352900132
4.699582943999999 0.006581066595805311
4.700934175 0.005381708268227974
4.702285407000001 0.0044376042145867056
4.703636638 0.0036988292303031197
4.704987869 0.0030992049394359053
4.706339100999999 0.0026194068676839246
4.707690332 0.002229726681106107
4.7090415640000005 0.0019069287077451865
4.710392795 0.0016491597983172546
4.711744027 0.0014320272346060588
4.713095258 0.0012485282215506598
4.71444649 0.0010922549547268349
4.7157977209999995 0.0009576363041755884
4.717148952 0.0008427868689453099
4.718500184000001 0.0007433758692004881
4.719851415 0.0006564177611643457
4.721202647 0.0005803483076897583
4.722553877999999 0.0005148404560675952
4.72390511 0.00045796235340445264
4.725256341000001 0.00040926992232879285
4.726607572 0.0003674836000666028
4.727958804 0.0003324018124182784
4.729310035 0.00030606841770618144
4.730661267 0.0002840726428939318
4.7320124980000005 0.00026690100201380503
4.73336373 0.0002525866027682374
4.734714961 0.0002405018711452605
4.736066193 0.00023091154781362182
4.737417424 0.00022048051221439525
4.738768654999999 0.00020858435258158718
4.740119887 0.00019476337338911046
4.741471118000001 0.00018135303645641093
4.74282235 0.00016929105231584202
4.744173581 0.00015884544634474208
4.745524813 0.0001496275223252887
4.7468760439999995 0.0001427000489378813
4.748227276 0.00013563430513335756
4.749578507 0.0001280396842241253
4.750929738 0.00011551490777464765
4.75228097 0.00010202222074032877
4.753632201 8.640771367587453e-05
4.7549834330000005 7.402653751453776e-05
4.756334664 6.417009978190505e-05
4.757685896 5.7405637123191394e-05
4.759037127 5.172221653134634e-05
4.760388358 4.697534771899382e-05
4.76173959 4.230110209714311e-05
4.763090821 3.773306987109308e-05
4.764442053 3.125091278728425e-05
4.765793284 2.469954841210035e-05
4.767144516 1.828575899455301e-05
4.768495747 9.881175574925772e-06
4.7698469789999995 4.359447715828632e-06
4.77119821 9.569015717975662e-07
4.772549441 7.864475861110344e-08
4.773900673 5.504001525499808e-09
4.775251904 5.1140805992147595e-09
4.776603135999999 5.111021707922167e-09
4.777954367 5.1079188775579364e-09
4.779305599000001 4.243265981674783e-08
4.78065683 2.143191772284515e-06
4.782008061000001 3.2847898027983344e-06
4.783359293 5.235400881407282e-06
4.784710524 5.350202706869651e-06
4.7860617560000005 6.268417945951704e-06
4.787412987 7.502240961146029e-06
4.788764219 9.041193977528542e-06
4.79011545 1.0425869692148109e-05
4.791466682 1.2401905676406874e-05
4.7928179129999995 1.327242280820459e-05
4.7941691440000005 1.2873562885693367e-05
4.795520376000001 1.1428640875026306e-05
4.796871607 1.106879506853184e-05
4.798222839 1.1795083475502514e-05
4.799574069999999 1.2942416244150713e-05
4.800925302 1.3467447484781306e-05
4.802276533000001 1.2177897803963928e-05
4.803627764 8.861629644603893e-06
4.804978996 6.754827254567726e-06
4.806330227 3.5553963329776087e-06
4.807681459 2.715978877979355e-06
4.80903269 1.3708169728611865e-06
4.810383922 4.876667135185867e-07
4.811735153 2.7375268902832143e-07
4.813086384999999 1.2122310060311577e-06
4.814437616 3.297811203680517e-06
4.815788846999999 4.249999848803091e-06
4.817140079 3.957858749886791e-06
4.818491310000001 3.3092892547813002e-06
4.819842542 2.7778838781816575e-06
4.821193773 2.8534926869747907e-06
4.822545005 2.812643355098469e-06
4.8238962359999995 1.0272257090131928e-07
4.825247468 5.012856952796087e-09
4.826598699 5.010644694275894e-09
4.82794993 5.008496461935477e-09
4.829301162 5.006370199278175e-09
4.830652393 5.004245215863584e-09
4.8320036250000005 5.002130034250678e-09
4.833354856 5.000072147262605e-09
4.834706088 4.998053925473113e-09
4.836057318999999 4.996014355562753e-09
4.83740855 4.993930720875118e-09
4.838759782 4.991811738764047e-09
4.840111013 4.989688851450522e-09
4.841462245 4.987538296480676e-09
4.842813476 4.985297721098895e-09
4.844164708 4.982963998342137e-09
4.845515939 4.980558128746359e-09
4.8468671709999995 4.978111147802597e-09
4.8482184020000005 4.975601427016317e-09
4.849569633 4.972958129667851e-09
4.850920865 4.970195247465205e-09
4.852272096 4.967333360277436e-09
4.853623327999999 4.96439521897952e-09
4.854974559 4.961356086249058e-09
4.856325791000001 4.958143283165279e-09
4.857677022 4.954778487028856e-09
4.859028253 4.951281975936174e-09
4.860379485 4.94767194140112e-09
4.861730716 4.943919095997417e-09
4.863081948 4.939962235151871e-09
4.864433179 2.265260232692238e-08
4.865784411 8.281180304217152e-07
4.867135642 5.116051986784673e-07
4.868486874 1.393859726878643e-07
4.8698381049999995 9.268502543449985e-09
4.8711893360000005 4.91240033405248e-09
4.872540568000001 4.9071092344773245e-09
4.873891799 4.901644787065909e-09
4.875243031 4.895970652111131e-09
4.876594261999999 4.893235807291646e-09
4.8779454939999995 4.8892959241948195e-09
4.879296725000001 4.881054963496968e-09
4.880647956 4.872581017253924e-09
4.881999188 4.863915555390805e-09
4.883350419 4.855047703817964e-09
4.884701651 4.846016455373176e-09
4.8860528819999995 4.836853748846552e-09
4.887404114 4.827558227110753e-09
4.888755345 4.818086361937494e-09
4.890106576999999 4.8084436320726386e-09
4.891457808 4.798662505352263e-09
4.892809038999999 4.7887863035899056e-09
4.894160271 4.778810532487789e-09
4.895511502000001 4.7686903220613405e-09
4.896862734 4.758441708093537e-09
4.898213965 4.748097811727505e-09
4.899565197 4.737706878290947e-09
4.900916428 4.7272698176743134e-09
4.902267660000001 4.716748289627853e-09
4.903618891 4.706163613344894e-09
4.904970122 4.7343827743354675e-09
4.906321354 2.443757466411719e-08
4.907672585 2.204344741961477e-07
4.9090238170000005 1.3836614859402963e-06
4.910375048 4.638831310183137e-06
4.91172628 6.758683365899526e-06
4.913077511 6.974570366601088e-06
4.914428742 6.712138335543189e-06
4.915779974 6.307073836392618e-06
4.917131205 5.972306096949708e-06
4.918482437 6.139817681020839e-06
4.919833668 4.252698673037013e-06
4.9211849 2.0657127560399152e-06
4.922536131 6.761915133803961e-08
4.9238873629999995 4.549017217438349e-09
4.9252385940000005 4.538736914343352e-09
4.926589825 1.2355490443153465e-08
4.927941057 3.883262560689423e-07
4.929292288 9.009966854368604e-07
4.930643519999999 7.701486498187405e-07
4.931994751 2.3069105668199318e-08
4.933345983000001 4.477380288168195e-09
4.934697214 4.467097823194199e-09
4.936048445 4.456713419411581e-09
4.937399677 4.446183022772345e-09
4.938750908 4.4355332736226935e-09
4.94010214 4.4247400900671794e-09
4.941453371 4.4159173579966385e-09
4.942804603 4.407266569621474e-09
4.944155834 4.3956517281075045e-09
4.945507066 4.38374919772861e-09
4.9468582969999995 4.3714878192554105e-09
4.9482095280000005 4.358845334307536e-09
4.949560760000001 4.3457242565381574e-09
4.950911991 4.332079198339424e-09
4.952263223 4.317933389149721e-09
4.953614453999999 4.303194909754529e-09
4.9549656859999995 4.287886483305664e-09
4.9563169170000005 4.271813572767676e-09
4.957668148 4.255013956359325e-09
4.95901938 4.237426195481223e-09
4.960370611 4.219027986600982e-09
4.961721843 4.199796141812643e-09
4.9630730739999995 4.1795460945796e-09
4.964424306 4.158364664415268e-09
4.965775537000001 4.136058926983162e-09
4.967126769 4.1127682673744224e-09
4.968478 4.088333524258931e-09
4.969829230999999 4.062718610956658e-09
4.971180463 4.035916473944353e-09
4.972531694000001 4.007820564966622e-09
4.973882926 3.978619659552994e-09
4.975234157 3.9480282807905186e-09
4.976585389 3.916235893326481e-09
4.97793662 3.883063850896209e-09
4.979287852000001 3.848620343284505e-09
4.980639083 3.812924505425614e-09
4.981990314 3.775901925475938e-09
4.983341545999999 3.737687696149433e-09
4.984692777 3.698058446033651e-09
4.986044009 8.933162741475514e-09
4.98739524 7.940970585531376e-08
4.988746472 1.2898334398351371e-08
4.990097703 3.528164674758595e-09
4.991448934 3.4828949851022477e-09
4.992800166 3.436680956336926e-09
4.9941513969999995 3.3894408940579354e-09
4.995502629 3.3414742018222344e-09
4.99685386 3.2925514300427894e-09
4.998205092 3.242940611490147e-09
4.999556323 3.1925858075053173e-09
5.0009075549999995 3.1420131295295605e-09
5.0022587860000005 3.0910965848540425e-09
5.003610017 3.0396514206990144e-09
5.004961249 2.987850057568919e-09
5.006312479999999 2.9355937728955633e-09
5.007663711999999 2.8832046263545293e-09
5.009014943 2.8336485223213398e-09
5.010366175 2.780887650807586e-09
5.011717406 2.7280344736808098e-09
5.013068637 2.6751765670728924e-09
5.014419869 2.622421353150662e-09
5.0157711 2.5697623884594817e-09
5.017122332 2.5173481449048537e-09
5.018473563 2.465083638989466e-09
5.019824795000001 2.413154011423817e-09
5.021176026 2.3615073668419296e-09
5.022527258 2.3102745942203356e-09
5.0238784889999994 2.259432644809709e-09
5.0252297200000005 2.209004430099175e-09
5.026580952000001 2.159032258439392e-09
5.027932183 2.1094902267912943e-09
5.029283415 2.060491581924678e-09
5.030634646 2.0119340028890475e-09
5.031985878 1.9639144223865943e-09
5.033337109 1.916326722265682e-09
5.034688341 1.8692572513501273e-09
5.036039572 1.822677782587953e-09
5.037390803 1.7766065359280736e-09
5.038742035 1.7310391786251912e-09
5.0400932659999995 1.6859224814258412e-09
5.041444498 1.6413338395860394e-09
5.042795729000001 1.5971818436955975e-09
5.044146961 1.5535934787891042e-09
5.045498192 1.5104271290614883e-09
5.046849422999999 1.4677689080176117e-09
5.048200655 1.4255437796868564e-09
5.049551886000001 1.3837992724682174e-09
5.050903118 1.342525747969232e-09
5.052254349 1.3016938612658834e-09
5.053605581 2.3503126017540732e-09
5.054956812 6.988889403380422e-08
5.056308044000001 4.0613625310163164e-07
5.057659275 3.2674949518975365e-07
5.059010506 2.5056076377860373e-08
5.060361737999999 1.3131528300311832e-09
5.061712969 1.0288137081372898e-09
5.063064201 9.917608626893976e-10
5.064415432 9.55528270309726e-10
5.065766664 9.198421574124964e-10
5.067117895 8.84680328686008e-10
5.068469126 8.501405946845043e-10
5.069820358 8.161576074826844e-10
5.0711715889999995 7.828902060432405e-10
5.072522821 7.502565105159341e-10
5.073874052 7.183820797762073e-10
5.075225284 6.872007911619336e-10
5.076576515 6.567975248707238e-10
5.0779277469999995 6.277992713037693e-10
5.0792789780000005 5.989909287718624e-10
5.080630209 5.709648015294163e-10
5.081981441 5.437549898283572e-10
5.083332671999999 5.174184168497604e-10
5.084683904 4.91911685217459e-10
5.086035135 4.673150056476273e-10
5.087386367 4.435743976621825e-10
5.088737598 4.207417590935543e-10
5.090088829 3.987740283638516e-10
5.091440061 3.77700948535223e-10
5.092791292 3.574994839902617e-10
5.094142524 3.381715414267649e-10
5.095493755000001 3.197016220841866e-10
5.096844987000001 3.0206720818439967e-10
5.098196218 2.8526309641333934e-10
5.09954745 2.69255606937644e-10
