Wavelength_microns Throughput
2.0004663860000003 2.0060723763897373e-12
2.002074478 2.8385644067464048e-12
2.00368257 3.793673387483798e-12
2.005290662 3.2388595090623686e-12
2.006898754 2.485466585902025e-12
2.008506846 1.6366968535600261e-12
2.010114938 2.5088080952801755e-12
2.01172303 3.094198186764e-12
2.013331122 3.5775886267177156e-12
2.014939214 3.63815344541917e-12
2.016547306 3.453744510355376e-12
2.018155398 3.0576695910520573e-12
2.01976349 2.098698870295073e-12
2.021371582 1.2000651967023663e-12
2.022979674 1.5162179526179964e-13
2.0245877660000002 9.542982151800805e-14
2.026195858 3.153408505225029e-13
2.027803949 4.737036522745878e-13
2.029412041 7.408331030818627e-13
2.031020133 8.41863785751268e-13
2.032628225 4.742108445597717e-13
2.034236317 5.828962569802891e-13
2.035844409 6.380937672761471e-13
2.037452501 6.623027423588113e-13
2.039060593 5.78116482294825e-13
2.040668685 7.073519847631753e-13
2.042276777 8.174210254397869e-13
2.0438848689999998 9.734995377178502e-13
2.045492961 1.013796502829033e-12
2.047101053 1.009029331694873e-12
2.0487091449999997 1.1271254241094709e-12
2.0503172370000002 1.2991664329140787e-12
2.0519253290000004 1.5446513925208289e-12
2.053533421 1.9512252263038003e-12
2.055141513 1.9984703479466876e-12
2.056749605 1.948899895129929e-12
2.058357697 1.3904250167405724e-12
2.059965788 1.1847420148159955e-12
2.06157388 1.4370692256659834e-12
2.0631819719999998 2.519283931346845e-12
2.064790064 3.798028441412131e-12
2.066398156 4.2055736876449896e-12
2.068006248 3.395184879953665e-12
2.06961434 2.0990256380234172e-12
2.071222432 8.151552653779309e-13
2.072830524 5.34201230991767e-13
2.074438616 7.862183116996698e-13
2.076046708 2.231001733922041e-12
2.0776548 5.502443574235309e-12
2.079262892 7.967822258530004e-12
2.080870984 9.453032961979145e-12
2.0824790760000003 6.999994526148879e-12
2.084087168 6.776210778986337e-12
2.08569526 5.469327153091976e-12
2.0873033519999997 4.696235202172308e-12
2.088911444 6.059821355976952e-12
2.090519536 8.927887915535073e-12
2.092127627 1.1809908579015432e-11
2.0937357189999997 1.872060672750386e-11
2.0953438110000002 2.3834793145224437e-11
2.0969519030000003 2.9713469547605106e-11
2.098559995 3.3357249594700264e-11
2.100168087 3.930312061672435e-11
2.101776179 3.6497246332487687e-11
2.103384271 3.1216393584740394e-11
2.104992363 1.2416333381234925e-11
2.1066004549999997 5.7068616506258776e-12
2.1082085470000003 1.912996207842574e-12
2.109816639 2.152711971149227e-12
2.111424731 1.5682016574197715e-11
2.113032823 2.3890749675346193e-11
2.114640915 3.44542040245256e-11
2.116249007 4.276427736521124e-11
2.1178570989999996 1.0527365343441801e-10
2.1194651909999997 1.0790433096682399e-10
2.1210732830000003 1.0997578351894508e-10
2.122681375 9.657607894925281e-11
2.124289466 9.018177312780907e-11
2.125897558 7.687100341935046e-11
2.1275056500000002 6.483882736966453e-11
2.129113742 7.41368344839555e-11
2.130721834 9.381211843630395e-11
2.1323299259999997 1.2056219880845778e-10
2.133938018 1.3720359279527856e-10
2.1355461100000004 1.5758218082550447e-10
2.137154202 1.315626059824382e-10
2.138762294 1.2065058085979228e-10
2.140370386 6.910769462794502e-11
2.141978478 4.788722790724587e-11
2.14358657 4.1386832484971455e-11
2.1451946619999998 5.888694518344237e-11
2.146802754 6.132463006605977e-11
2.1484108460000004 4.4719302798295226e-11
2.150018938 1.338905172418559e-11
2.15162703 4.095493245739829e-12
2.153235122 4.570690806637927e-11
2.154843214 6.79340345691454e-11
2.156451305 1.0134657310919875e-10
2.158059397 1.1461096801040582e-10
2.159667489 1.2678502182476553e-10
2.161275581 1.0256140266933196e-10
2.1628836729999996 7.585473840023731e-11
2.164491765 7.49265509059815e-11
2.1660998570000003 7.434357165603789e-11
2.167707949 8.135019082968772e-11
2.169316041 4.895506691011061e-11
2.170924133 4.4461074224902764e-11
2.172532225 3.1663571981907296e-11
2.174140317 5.1723030208518e-11
2.1757484089999997 5.0673190694671103e-11
2.177356501 3.571232493335686e-11
2.1789645930000003 1.1089795507986565e-11
2.180572685 5.625021021050692e-12
2.182180777 8.168684826473141e-11
2.183788869 3.053663468475086e-11
2.185396961 1.1541361497923475e-11
2.187005053 2.4293053101131526e-12
2.1886131449999997 6.280394835867201e-12
2.1902212359999997 2.2708117706453467e-11
2.191829328 2.8596283686157963e-11
2.1934374200000004 2.1317157887583264e-11
2.195045512 2.0876586063525028e-12
2.196653604 6.210229781213398e-13
2.198261696 3.6238004373057913e-12
2.199869788 4.019955456253284e-11
2.20147788 1.4393168042315606e-10
2.203085972 2.0713017975440947e-10
2.204694064 2.7157687696365005e-10
2.206302156 2.6569376343629235e-10
2.207910248 3.2317133625347283e-10
2.2095183400000002 3.053160335465144e-11
2.211126432 2.4292996320870714e-12
2.212734524 9.100166003491922e-13
2.2143426159999997 1.0478393857333528e-12
2.215950708 2.099437553463858e-12
2.2175588 3.3696270695227866e-11
2.219166892 5.463934573344978e-10
2.220774984 7.662395159838422e-10
2.222383075 7.104336688190883e-10
2.2239911670000003 2.385596743344817e-10
2.225599259 2.6163484617396683e-11
2.227207351 3.910272667346848e-12
2.228815443 1.7703672533896173e-11
2.230423535 1.4990371867345027e-10
2.232031627 3.391865963139412e-10
2.2336397189999997 4.4720207510312875e-10
2.2352478110000003 2.4429261526619107e-10
2.236855903 2.4789124344259876e-11
2.238463995 5.3313293428081154e-12
2.240072087 5.463996008029387e-12
2.241680179 6.036487029118205e-12
2.243288271 6.727741050054462e-12
2.2448963629999996 7.57191778875878e-12
2.2465044549999997 9.317999763371806e-12
2.2481125470000003 4.207764984089645e-11
2.249720639 3.5976986299487186e-10
2.251328731 1.1208463573119567e-09
2.252936823 2.058108621456249e-09
2.2545449140000002 3.3120587696161145e-09
2.256153006 3.5491706782321734e-09
2.257761098 3.786848505002769e-09
2.2593691899999997 5.1812308631458944e-09
2.260977282 7.492164839461185e-09
2.262585374 1.0026024867899277e-08
2.264193466 1.1746744504943966e-08
2.265801558 1.3631798796710074e-08
2.2674096500000003 1.3316364528741898e-08
2.269017742 1.2926019929068367e-08
2.270625834 5.282442555626759e-09
2.2722339259999997 3.0813180234246987e-09
2.273842018 8.867452786126943e-09
2.2754501100000004 5.0947940507182335e-09
2.277058202 3.908454941426786e-09
2.278666294 1.398824539653517e-09
2.280274386 5.368232805174521e-10
2.281882478 1.931206256345977e-09
2.28349057 4.6287878869222367e-10
2.285098662 1.1847025628099527e-10
2.286706753 6.768862548867382e-11
2.288314845 7.138900680484528e-11
2.2899229369999996 7.573195913369864e-11
2.291531029 8.074974418855163e-11
2.2931391210000003 8.653548472359058e-11
2.294747213 1.5196944759829342e-10
2.296355305 1.1661703728496514e-09
2.297963397 1.3549226958648934e-08
2.299571489 2.8084451553428364e-09
2.301179581 1.1568494394708762e-08
2.3027876729999996 7.2595590836287e-08
2.304395765 9.089766581874788e-08
2.3060038570000003 1.2488163895407015e-07
2.307611949 1.641581718557739e-07
2.309220041 2.2412660475573036e-07
2.310828133 3.524259613857416e-07
2.312436225 5.0563389397675e-07
2.314044317 7.47175929258944e-07
2.3156524089999997 1.1333786342201128e-06
2.3172605010000003 1.733478819337292e-06
2.318868592 2.6235971736728266e-06
2.3204766840000004 3.5738688404066332e-06
2.322084776 4.841552465474172e-06
2.323692868 6.323901455336262e-06
2.32530096 7.947467175043193e-06
2.326909052 9.868386842201292e-06
2.328517144 1.1850840074205673e-05
2.3301252359999998 1.406657743688943e-05
2.331733328 1.6758449579688918e-05
2.33334142 2.022622344944628e-05
2.334949512 2.4214521204589964e-05
2.3365576040000002 2.8181166402711963e-05
2.338165696 3.224212326744167e-05
2.339773788 3.618435758825612e-05
2.3413818799999997 3.8687041088910836e-05
2.342989972 4.097930884358962e-05
2.344598064 4.2643866624692234e-05
2.346206156 4.372877488150153e-05
2.347814248 4.474084940281194e-05
2.3494223400000003 4.421395033055164e-05
2.3510304310000003 4.348442947510536e-05
2.352638523 4.294404033686903e-05
2.354246615 4.292777868656177e-05
2.3558547069999998 4.307660080280863e-05
2.357462799 4.373603476139878e-05
2.359070891 4.475643451069159e-05
2.3606789829999997 4.606428976657399e-05
2.3622870750000002 4.6996390015415073e-05
2.363895167 4.7973892990079556e-05
2.365503259 4.887238038047826e-05
2.367111351 4.945534198234796e-05
2.368719443 4.99180149409537e-05
2.370327535 5.066095470577919e-05
2.371935627 5.175793644400194e-05
2.3735437189999997 5.2714693467600066e-05
2.3751518110000003 5.485200883941486e-05
2.376759903 5.717238687472127e-05
2.378367995 5.922015491004893e-05
2.379976087 5.9351642616600735e-05
2.381584179 5.945674793519683e-05
2.383192271 5.865386323604331e-05
2.384800362 5.6505129085027866e-05
2.3864084539999997 5.442567449288774e-05
2.388016546 5.298240849105533e-05
2.389624638 5.181307122332378e-05
2.39123273 5.069852790633841e-05
2.392840822 5.0551221949144384e-05
2.3944489140000003 5.060154766240089e-05
2.396057006 5.055312297040752e-05
2.397665098 4.955371152979998e-05
2.3992731899999997 4.8609290595874344e-05
2.400881282 4.792679939917568e-05
2.4024893740000004 4.763676916686176e-05
2.404097466 4.741495950829719e-05
2.405705558 4.767233044445832e-05
2.40731365 4.821073018101052e-05
2.408921742 4.876940825274794e-05
2.410529834 4.9617683928749236e-05
2.4121379259999998 5.055565071189746e-05
2.413746018 5.1526888593969735e-05
2.41535411 5.243434991238234e-05
2.416962201 5.335484381602234e-05
2.418570293 5.375960626322825e-05
2.4201783850000003 5.264198335656369e-05
2.421786477 5.159638631583512e-05
2.423394569 5.0844882207155266e-05
2.425002661 5.047012700957171e-05
2.426610753 5.009414410237234e-05
2.428218845 4.968458176081462e-05
2.4298269369999996 4.925033346146655e-05
2.431435029 4.8814611475201525e-05
2.4330431210000003 4.8216497657066436e-05
2.434651213 4.7585443683475836e-05
2.436259305 4.696776786145597e-05
2.4378673969999998 4.718204092152938e-05
2.439475489 4.745352356658407e-05
2.441083581 4.77012903624732e-05
2.4426916729999997 4.76174967620406e-05
2.4442997650000002 4.755076039847369e-05
2.4459078570000004 4.7376173850237925e-05
2.447515949 4.677575354291285e-05
2.44912404 4.6198735334092316e-05
2.450732132 4.58952861219655e-05
2.452340224 4.601640035287505e-05
2.453948316 4.614629708953404e-05
2.455556408 4.675373324130743e-05
2.4571644999999998 4.7914528055242994e-05
2.458772592 4.91053495602674e-05
2.460380684 4.9373136722696664e-05
2.461988776 4.894241474863045e-05
2.463596868 4.851729626202111e-05
2.46520496 4.8188680898115384e-05
2.466813052 4.792051794989468e-05
2.468421144 4.76674271877042e-05
2.470029236 4.7576608251583e-05
2.471637328 4.754070704112293e-05
2.47324542 4.752189611656361e-05
2.474853512 4.716018234905856e-05
2.4764616040000003 4.66930963821946e-05
2.478069696 4.6247221108861587e-05
2.479677788 4.650150724422082e-05
2.481285879 4.684431060395753e-05
2.4828939709999998 4.717013682980184e-05
2.484502063 4.767614918209343e-05
2.486110155 4.8208387170804324e-05
2.4877182469999997 4.8756001953828204e-05
2.489326339 4.9141914012982104e-05
2.4909344310000003 4.9521564483462335e-05
2.492542523 4.990203145997099e-05
2.494150615 4.893462143763502e-05
2.495758707 4.79689890568717e-05
2.497366799 4.702600047015167e-05
2.498974891 4.569702972187765e-05
2.499778162 0.0003447219256168545
2.5011293930000003 0.0003287377542858083
2.502480624 0.0003108867886944887
2.5038318559999997 0.00030167326487754153
2.505183087 0.0002939287565875958
2.506534319 0.0002764900523527109
2.50788555 0.0002541563708435952
2.509236782 0.0002345722036856447
2.510588013 0.00021716609044219442
2.511939244 0.00020266172637990523
2.5132904760000003 0.00018556391731405756
2.514641707 0.00016599160286157378
2.515992939 0.00014653439907499926
2.51734417 0.0001410564132350269
2.5186954019999996 0.0001201436739841293
2.5200466329999998 0.00011614873298005365
2.521397865 0.00010212022867170935
2.522749096 9.200811458712828e-05
2.524100327 8.021879082271814e-05
2.525451559 6.772201906476162e-05
2.52680279 6.237587680108744e-05
2.5281540220000003 5.1824399547276724e-05
2.529505253 5.382478554124397e-05
2.5308564849999997 4.5526513154364925e-05
2.532207716 3.5713031388183924e-05
2.533558948 4.061038359956873e-05
2.534910179 3.518871995072979e-05
2.5362614100000003 2.9361764444715522e-05
2.537612642 2.382109362915133e-05
2.538963873 2.0365181955539295e-05
2.5403151050000004 2.0456730252769274e-05
2.5416663359999996 1.6030435840038316e-05
2.5430175680000002 1.3471208138402296e-05
2.544368799 1.7355316219053305e-05
2.54572003 1.571071625023149e-05
2.547071262 1.4175943392802676e-05
2.548422493 2.0782180650337122e-05
2.549773725 2.0287412626953826e-05
2.551124956 1.4998417753515106e-05
2.552476188 1.2860821920419673e-05
2.553827419 1.128208365664045e-05
2.5551786510000003 6.025241438601297e-06
2.556529882 1.0381036102977776e-05
2.557881113 9.759616622057858e-06
2.559232345 1.2019751189794212e-05
2.560583576 1.290628135371381e-05
2.561934808 6.847835631855851e-06
2.5632860390000003 5.295423501867403e-06
2.564637271 7.058437764264737e-06
2.565988502 1.1189812452509543e-05
2.567339733 7.4489783071405214e-06
2.5686909649999996 7.496723050188313e-06
2.5700421959999997 4.561601566219571e-06
2.571393428 6.976589371824471e-07
2.572744659 3.7304072311972795e-06
2.574095891 7.827951906283755e-06
2.575447122 7.038468919529381e-06
2.576798354 4.3478081275271285e-08
2.5781495850000002 6.392051624626847e-07
2.5795008160000004 1.2098587904725144e-06
2.580852048 3.84344845923694e-06
2.582203279 7.5600760149939706e-06
2.583554511 4.937137779681792e-06
2.584905742 6.318692757086108e-07
2.586256974 8.922696360400628e-07
2.587608205 3.962170728451912e-06
2.588959437 3.357325049213472e-06
2.590310668 5.998134437191772e-06
2.591661899 6.131442308616132e-06
2.593013131 2.214945133226324e-06
2.594364362 3.8868818588277906e-07
2.5957155939999996 1.831905683089779e-06
2.5970668249999997 4.833018548335283e-09
2.598418057 1.6409639011769245e-07
2.599769288 2.40703138400029e-06
2.601120519 6.846432839755197e-07
2.602471751 3.484265568963329e-07
2.603822982 7.702556358539882e-07
2.6051742140000003 2.2210980991580163e-06
2.6065254450000004 4.084882545779404e-06
2.607876677 1.8302166468945222e-06
2.609227908 2.6766157770053692e-06
2.61057914 6.066384687043787e-06
2.611930371 3.0387650495734597e-06
2.613281602 7.654027895505578e-09
2.614632834 2.255414343607521e-06
2.615984065 1.8418691382840565e-06
2.617335297 1.5517708851551123e-06
2.618686528 4.2526038070378235e-07
2.62003776 1.4536803876949887e-06
2.621388991 2.876151779594461e-06
2.622740222 3.6050572721663713e-06
2.6240914539999998 2.080360276659107e-06
2.625442685 8.322650828416674e-08
2.626793917 7.97524832883122e-07
2.628145148 3.4858058556564055e-06
2.62949638 4.647508369931449e-06
2.630847611 3.2258087764139964e-06
2.6321988430000003 2.3159596847131088e-08
2.6335500740000004 5.3687071811833715e-08
2.634901305 3.1088612472444623e-07
2.636252537 2.8952551653720313e-07
2.637603768 3.5591931469326913e-06
2.6389549999999997 1.5291278188957998e-06
2.640306231 8.393403331040058e-07
2.641657463 4.800236594466405e-07
2.643008694 6.180420538804704e-08
2.6443599250000003 7.191194020827412e-07
2.645711157 5.86164980427732e-06
2.6470623879999997 2.056393315760355e-06
2.64841362 4.906066547672677e-09
2.649764851 4.904863279471475e-09
2.651116083 2.893706575445483e-06
2.652467314 9.561019850094488e-07
2.653818546 1.772048979086859e-06
2.6551697770000002 9.611368094333575e-07
2.6565210080000004 2.703456162549716e-07
2.65787224 3.047677952984233e-06
2.659223471 4.896682806491479e-09
2.6605747030000004 3.756938787281827e-08
2.6619259339999997 6.042921903626485e-07
2.663277166 8.028755196196639e-07
2.664628397 2.9624027159406043e-06
2.6659796289999997 3.578273779689404e-07
2.66733086 2.1684330474073665e-06
2.668682091 1.7795802291832766e-06
2.670033323 2.6599838850444356e-06
2.6713845540000003 2.3993303595651164e-06
2.672735786 1.2238893528679303e-06
2.6740870169999997 5.411928008259958e-07
2.675438249 2.0406513126347716e-07
2.67678948 2.221581112817985e-08
2.678140711 3.4553346227137106e-06
2.679491943 4.1751006127873217e-07
2.680843174 9.681203776943275e-09
2.6821944060000003 1.9887086331132445e-06
2.6835456370000004 9.825565619605155e-07
2.684896869 2.015070050545906e-06
2.6862481 9.49899221790844e-07
2.6875993319999996 6.350585073843645e-09
2.6889505629999997 8.92935791485908e-07
2.690301794 9.35060133866663e-09
2.691653026 4.848889307495011e-09
2.693004257 5.246624938230496e-07
2.694355489 1.2146897721061806e-06
2.69570672 4.1272759340151005e-06
2.697057952 2.479716612351752e-06
2.6984091830000003 2.1413056091781437e-07
2.699760414 4.850153185205119e-09
2.7011116459999998 4.85283267589542e-09
2.702462877 5.727358616235568e-09
2.703814109 6.870593375396891e-07
2.70516534 1.2953320704990242e-06
2.706516572 2.158150791590407e-06
2.707867803 4.86819499393071e-09
2.7092190350000003 1.8355719173403973e-06
2.7105702660000004 4.1285415002563696e-08
2.7119214969999996 3.2371784574570464e-08
2.713272729 1.7026006290193245e-06
2.71462396 1.4689157079088909e-06
2.7159751919999997 5.907109469451265e-07
2.717326423 1.973079372848146e-06
2.718677655 2.811647753548093e-06
2.720028886 2.268972311744957e-06
2.7213801170000003 1.3202737339586823e-06
2.722731349 2.1220621826779247e-06
2.7240825799999997 1.429174941737243e-06
2.7254338120000003 2.960464805527347e-07
2.726785043 1.715096703411223e-07
2.7281362749999998 5.904848275807565e-07
2.729487506 4.1402467202743413e-07
2.730838738 6.350720225667376e-07
2.732189969 1.5978153376300134e-07
2.7335412000000003 1.3835878182582945e-06
2.734892432 5.258322334045742e-07
2.736243663 1.3928183697443667e-06
2.737594895 4.317366696890731e-07
2.7389461259999996 9.411035684189628e-09
2.740297358 2.5372812654397913e-06
2.741648589 5.705136668946598e-09
2.7429998209999997 1.117567399527719e-06
2.744351052 3.0932810031349466e-06
2.745702283 1.8862813198131677e-06
2.747053515 4.835899106951048e-06
2.7484047460000003 3.796736818019622e-06
2.749755978 2.115461626155601e-06
2.7511072089999997 3.7586036243693935e-06
2.7524584410000004 1.4565555407826422e-07
2.753809672 4.603025428127273e-07
2.755160903 4.894166335970997e-09
2.756512135 2.756988028552529e-07
2.757863366 2.8681613137530158e-06
2.7592145980000002 2.950605051445594e-06
2.760565829 7.093808595781026e-09
2.761917061 1.3958147457038412e-06
2.7632682920000002 1.7891710756778808e-06
2.764619524 2.0983653832235238e-07
2.7659707549999997 1.0222554583255947e-06
2.767321986 1.4275643368662463e-06
2.768673218 1.3078983711102876e-06
2.770024449 1.4672722528075702e-06
2.771375681 2.2589893650884123e-08
2.772726912 1.4063806205850099e-06
2.774078144 4.480894746960809e-06
2.7754293750000003 3.375759973583615e-06
2.776780606 1.8112887947522368e-06
2.7781318379999997 5.823502743257325e-08
2.779483069 1.706532916026608e-06
2.780834301 2.0085904008574377e-07
2.782185532 6.144465900878922e-07
2.783536764 2.6004562291959618e-06
2.784887995 6.705631496129427e-08
2.786239227 4.5094835608054994e-07
2.787590458 3.5457557612316562e-06
2.788941689 2.3536549977053664e-06
2.7902929210000003 3.438023887858701e-06
2.791644152 2.031342060693157e-06
2.7929953839999997 5.080896327124392e-06
2.794346615 4.6194060601570295e-06
2.795697847 4.6827080462345695e-06
2.797049078 3.0711589649199584e-06
2.7984003090000003 4.340498091742309e-06
2.799751541 6.471071492530288e-07
2.801102772 2.7943449623457444e-06
2.8024540040000003 1.4787219608364022e-06
2.803805235 5.29782344664672e-07
2.8051564669999998 4.626824524758293e-06
2.806507698 5.29889698555436e-06
2.80785893 6.190208948660493e-06
2.8092101609999998 4.845954204222829e-06
2.810561392 1.870515218495193e-06
2.811912624 1.526472777589123e-06
2.813263855 3.066394672875535e-06
2.814615087 6.154487391350063e-07
2.8159663179999996 2.771122382570988e-06
2.8173175500000003 3.7840379113569435e-08
2.818668781 1.3755848709750754e-08
2.8200200129999997 3.699940976451401e-06
2.821371244 5.033555246689743e-06
2.822722475 7.3422409965601165e-06
2.824073707 8.900727317416891e-06
2.8254249380000003 1.3649487884031018e-05
2.82677617 8.686850949966937e-06
2.828127401 3.754047918587125e-06
2.8294786330000004 4.26365716822399e-06
2.830829864 1.9150261647383484e-07
2.8321810949999997 4.91468078353273e-09
2.833532327 4.912056971195788e-09
2.834883558 1.317159865291254e-06
2.83623479 3.2611828890122763e-06
2.837586021 2.853268868799765e-06
2.838937253 6.212035230764449e-07
2.8402884840000002 2.10891128440366e-06
2.841639716 3.2018069945835347e-06
2.8429909469999997 1.4095491434234941e-06
2.8443421779999998 1.6895000439455608e-06
2.84569341 5.649307687604318e-06
2.847044641 3.052989361209244e-06
2.848395873 2.08414082593964e-06
2.849747104 7.198907053638554e-06
2.851098336 5.092002171056885e-06
2.8524495670000003 4.742643903191609e-06
2.8538007980000004 9.737461586422608e-06
2.85515203 9.589112704747249e-06
2.856503261 5.69897760420849e-06
2.8578544929999996 5.839297470732215e-06
2.8592057239999997 1.6213861183728778e-06
2.860556956 4.836202325958429e-09
2.861908187 4.561358791495667e-08
2.863259419 1.8549795248606836e-06
2.86461065 2.6209313331956025e-07
2.865961881 4.827046095028442e-09
2.8673131130000002 7.162408050837347e-07
2.868664344 1.1373438887643001e-06
2.8700155759999997 3.0531951100453053e-06
2.871366807 4.027220187969151e-06
2.872718039 3.6430213239101645e-06
2.87406927 1.0623989686021393e-06
2.8754205010000002 9.54860981428439e-07
2.876771733 2.2786679615492467e-06
2.878122964 2.5484436849985135e-06
2.8794741960000003 5.91930594373811e-06
2.8808254270000004 3.921732228329267e-06
2.882176659 1.8424936294901862e-06
2.88352789 1.1967029470041463e-06
2.8848791219999996 9.382658777287447e-07
2.8862303529999997 2.621482901080549e-06
2.887581584 2.0466419399391548e-06
2.888932816 3.1940478541984424e-06
2.890284047 2.684103772144082e-08
2.891635279 1.6891885011188685e-07
2.89298651 7.185029161733532e-07
2.8943377420000003 1.536987829519435e-06
2.895688973 5.7470894933978746e-06
2.8970402049999997 3.037132191237204e-06
2.898391436 2.280786485459215e-06
2.899742667 3.1459630554961436e-06
2.901093899 1.3501360726869875e-06
2.9024451300000003 1.3689015699078988e-06
2.903796362 5.865914066967394e-07
2.905147593 7.334364373644711e-09
2.9064988250000003 6.16527997095488e-08
2.907850056 7.108541445791174e-06
2.9092012869999997 3.050594375692742e-06
2.910552519 1.1980001113548489e-06
2.91190375 2.0875353497720906e-06
2.9132549819999998 1.4194971149920638e-08
2.914606213 4.74763637198562e-09
2.915957445 1.5297106921920793e-06
2.917308676 2.8379521583711263e-06
2.918659908 2.437396362603457e-06
2.920011139 3.898367305256477e-06
2.9213623699999998 1.0379166440940648e-06
2.922713602 5.0858131272721e-06
2.924064833 7.3677527867583855e-06
2.925416065 5.32673481690381e-06
2.926767296 6.184282931129693e-07
2.928118528 5.85518889246598e-07
2.9294697590000003 7.336029547527019e-07
2.93082099 1.9734824098643995e-06
2.932172222 1.6433277946987353e-06
2.933523453 4.037739758330354e-06
2.934874685 4.431182251601498e-06
2.9362259159999997 3.7354268777531116e-06
2.937577148 4.79747676293537e-06
2.938928379 5.474131935761013e-06
2.940279611 4.707099843005907e-06
2.941630842 6.104123972197071e-06
2.942982073 2.634040240313751e-06
2.9443333050000002 1.9770876166853116e-06
2.9456845360000004 3.1586818104976334e-06
2.947035768 7.412870977912195e-07
2.948386999 2.814418376340943e-06
2.949738231 2.488426085927741e-06
2.951089462 4.035979992810841e-08
2.952440694 5.5454914962988e-06
2.953791925 7.4477847612171955e-06
2.955143156 7.699527284548923e-06
2.956494388 4.181410486647374e-06
2.957845619 3.6737365579443626e-06
2.959196851 4.910720182860746e-09
2.960548082 4.522145561185536e-09
2.9618993139999996 4.515836645638332e-09
2.9632505449999997 4.509762186018371e-09
2.964601776 2.071349870966662e-08
2.965953008 2.7893581893762615e-06
2.967304239 2.184778760197794e-06
2.968655471 5.62981704702178e-06
2.970006702 5.9742928918793035e-06
2.9713579340000003 4.851440843768017e-06
2.9727091650000004 2.3042718192689385e-06
2.974060397 4.567080532728885e-06
2.975411628 5.894000001386149e-06
2.976762859 9.400641698435518e-07
2.978114091 3.288753628384311e-06
2.979465322 2.5414624196557868e-06
2.980816554 4.268742295310759e-06
2.982167785 6.020703965783547e-06
2.983519017 2.5720393213923744e-06
2.984870248 7.859980368465657e-07
2.9862214789999997 3.694514004115374e-07
2.987572711 3.84066983508806e-06
2.988923942 7.557491077363419e-06
2.9902751739999998 7.369044528881785e-06
2.991626405 5.531309901739469e-06
2.992977637 6.692821854134627e-06
2.994328868 6.153254981859622e-06
2.9956801 3.87857457355652e-06
2.997031331 3.832657026984599e-06
2.9983825619999998 2.9691572529947612e-06
2.9997337940000004 4.09528187940082e-06
3.001085025 3.540147538290044e-06
3.002436257 5.184979181058065e-06
3.003787488 3.330519021535272e-06
3.0051387199999997 4.793622183432793e-06
3.006489951 6.9887018922515825e-06
3.007841182 6.553021274953331e-06
3.009192414 4.851026667492673e-06
3.0105436450000003 5.488863901481337e-06
3.011894877 5.983395413704974e-06
3.0132461079999997 8.487870304308375e-06
3.01459734 1.0881132206487204e-05
3.015948571 1.0480622013595176e-05
3.017299803 1.149967819136456e-05
3.018651034 9.739583567503043e-06
3.020002265 5.620668670884093e-06
3.021353497 6.335006323375172e-06
3.0227047280000003 3.19378931068678e-06
3.02405596 2.448748517195406e-06
3.0254071909999998 5.73038049369839e-06
3.0267584230000004 2.5457919961046086e-06
3.0281096539999997 1.8016008786669123e-06
3.029460886 2.6222690461334585e-06
3.030812117 3.226327436737233e-06
3.032163348 2.353370580896589e-06
3.03351458 3.601415392965833e-06
3.034865811 1.476429729055273e-06
3.036217043 2.4954370123285335e-06
3.0375682740000003 4.490434664962092e-06
3.038919506 7.959188811701769e-06
3.0402707369999997 1.1517478258717234e-05
3.041621968 8.919435865881533e-06
3.0429732 6.077297686939299e-06
3.044324431 6.389787497577376e-06
3.045675663 4.531842809037435e-06
3.047026894 5.344899269338937e-06
3.0483781260000002 2.592996066888213e-06
3.0497293570000004 5.553350050768596e-06
3.051080589 5.878092717569529e-06
3.05243182 7.053356073059202e-06
3.053783051 1.1084041431328106e-05
3.0551342829999997 1.0964751678399705e-05
3.056485514 6.090497129046005e-06
3.057836746 7.92744369261595e-06
3.059187977 7.247918415516738e-06
3.060539209 7.069671245064841e-06
3.06189044 7.28655526692149e-06
3.063241671 1.0361260913617629e-05
3.0645929030000003 8.699387000338969e-06
3.065944134 1.067703842302164e-05
3.0672953659999997 1.2256656472489014e-05
3.068646597 8.960654659322262e-06
3.069997829 3.914280910996912e-06
3.07134906 5.7254128940100905e-06
3.072700292 8.607950698995742e-06
3.074051523 8.625451488638545e-06
3.075402754 7.804918777063616e-06
3.0767539860000004 7.394188330275639e-06
3.0781052169999996 5.085543714116428e-06
3.079456449 2.547612575468641e-06
3.08080768 8.264441994336661e-06
3.0821589119999997 8.341849507555226e-06
3.083510143 5.844038081592635e-06
3.084861374 6.839620019824409e-06
3.086212606 7.778006406010746e-06
3.0875638370000003 6.551607724928814e-06
3.088915069 5.64718023031522e-06
3.0902662999999997 6.6335768498059e-06
3.0916175320000003 4.778462258570909e-06
3.092968763 2.598639220691492e-06
3.0943199949999998 6.939967072781778e-06
3.095671226 6.356614566560672e-06
3.097022457 4.307740523267383e-06
3.098373689 5.135300716152272e-06
3.0997249200000003 4.064348097224795e-06
3.101076152 7.390097986220946e-06
3.102427383 1.4237869056495168e-05
3.103778615 1.0126324104628361e-05
3.1051298459999996 9.133772564046203e-06
3.106481078 9.30038721087686e-06
3.107832309 8.143187165465047e-06
3.10918354 9.958928698001119e-06
3.110534772 2.7677511315673446e-06
3.111886003 1.3967354470909924e-06
3.113237235 4.251134502564197e-06
3.1145884660000003 5.073966510143041e-06
3.115939698 7.79235410785634e-06
3.1172909289999997 1.2303237925802394e-05
3.11864216 1.0447638062181436e-05
3.119993392 8.546173280288263e-06
3.121344623 3.3754432080071248e-06
3.122695855 3.3986218457806005e-06
3.124047086 2.8362903866900506e-06
3.1253983180000002 1.4076388749044087e-06
3.126749549 1.4005286789439742e-06
3.128100781 9.30299578619254e-06
3.1294520120000002 1.09437555369777e-05
3.130803243 7.1245023100518116e-06
3.1321544749999997 9.290445416427768e-06
3.133505706 4.337070754236171e-06
3.134856938 1.9485091816324187e-06
3.136208169 4.359896084396767e-06
3.137559401 9.32573907003247e-06
3.138910632 1.0403799363429804e-05
3.140261863 7.33019462506025e-06
3.1416130950000003 3.0101639453615297e-06
3.142964326 1.37562422366566e-06
3.1443155579999997 1.2488513712848607e-06
3.145666789 3.622796404203853e-06
3.147018021 3.9423135062622295e-06
3.148369252 1.4356014472772397e-06
3.149720484 4.691865061178055e-06
3.151071715 8.15583408441266e-06
3.152422946 7.654056889771507e-06
3.153774178 5.168821712133629e-06
3.155125409 4.036343911309411e-06
3.1564766410000002 5.599142421128787e-06
3.157827872 8.206642426691441e-06
3.1591791039999997 6.340066636701641e-06
3.160530335 5.036013561446668e-06
3.161881566 2.622919554810019e-06
3.163232798 6.347328777929054e-06
3.1645840290000002 5.9620508251654635e-06
3.165935261 4.076617891623044e-06
3.167286492 3.43159287505216e-06
3.1686377240000003 2.8800486161543346e-06
3.169988955 5.086376162582662e-06
3.1713401869999998 5.847794066122538e-07
3.172691418 1.2548967318482224e-07
3.174042649 4.666744540270855e-09
3.1753938809999998 7.114290878784049e-08
3.176745112 2.58242675526004e-06
3.178096344 1.6744552152902e-06
3.179447575 3.867980735388212e-06
3.180798807 6.350896657752278e-06
3.182150038 9.319149669379566e-08
3.1835012700000003 6.44047573987676e-07
3.184852501 3.22904373305632e-06
3.186203732 3.6722827031516977e-06
3.187554964 4.173958367891142e-06
3.188906195 2.412029878151472e-06
3.190257427 6.571383572988812e-06
3.1916086580000003 7.891394008681682e-06
3.19295989 5.740590983695171e-06
3.194311121 3.987754225608533e-06
3.195662352 4.0313423033018695e-06
3.197013584 1.7039752033319455e-06
3.1983648149999997 1.96840116649534e-06
3.199716047 4.499592317788646e-06
3.201067278 4.135098769976386e-06
3.2024185099999998 3.0920090966703666e-06
3.203769741 3.7672003296498186e-06
3.205120973 3.084220540214312e-06
3.206472204 8.741727055799147e-07
3.207823435 1.2143448624880387e-07
3.209174667 1.8354935129237362e-06
3.2105258979999998 1.6170585423074773e-06
3.21187713 1.1863332296509284e-06
3.213228361 2.5382336907584974e-06
3.214579593 4.446186012170597e-06
3.215930824 2.878133561692286e-06
3.217282055 4.001371433293902e-06
3.2186332870000003 6.365012700368576e-06
3.2199845180000004 9.61322997293985e-06
3.22133575 1.01483049547775e-05
3.222686981 8.398549597272193e-06
3.2240382129999996 5.466869524596579e-06
3.2253894439999997 1.4065116574771756e-06
3.226740676 7.45789967353972e-08
3.228091907 3.0610459620118975e-06
3.229443138 5.045389378841243e-06
3.23079437 4.375071450446958e-06
3.232145601 2.6905725273433373e-06
3.2334968330000002 2.8512302588363825e-06
3.234848064 3.91384171451715e-06
3.2361992959999997 2.698648331632797e-06
3.237550527 1.6285142545906149e-06
3.238901759 2.582303722860818e-06
3.24025299 5.555653565616497e-06
3.2416042210000002 6.758425306923381e-06
3.242955453 7.731493305309893e-06
3.244306684 1.467795508979433e-05
3.2456579160000003 1.7242610102775956e-05
3.2470091470000004 1.8781024697023993e-05
3.248360379 1.566505390261727e-05
3.24971161 1.2597044825987706e-05
3.251062841 1.1133635662276385e-05
3.2524140729999997 9.606773506480136e-06
3.253765304 7.347979170764965e-06
3.255116536 4.43198253669568e-06
3.256467767 3.197973940182502e-06
3.257818999 7.74787731308479e-06
3.25917023 9.678339173769231e-06
3.2605214620000003 7.373502567121243e-06
3.261872693 8.685277500624078e-06
3.263223924 1.1015301362995086e-05
3.264575156 7.058853116990533e-06
3.265926387 3.6522066037953663e-06
3.267277619 5.515576817016361e-06
3.2686288500000003 5.755044617722331e-06
3.269980082 4.536665706963268e-06
3.271331313 1.723527576749103e-07
3.272682544 3.616377362569606e-06
3.274033776 3.7608827334539256e-06
3.2753850069999997 2.0959066149697813e-06
3.276736239 3.145345012196351e-06
3.27808747 3.9471788939200155e-06
3.2794387019999998 5.976167492904209e-06
3.280789933 1.0264370006302983e-05
3.282141165 1.2278082306162208e-05
3.283492396 4.707989986485721e-06
3.2848436270000003 3.3850619146651065e-06
3.286194859 2.9670216167242697e-06
3.2875460899999998 4.864170951390469e-06
3.288897322 2.696411857313287e-06
3.290248553 2.4111584956705365e-06
3.291599785 6.464251807917818e-06
3.292951016 6.004179606952536e-06
3.294302247 4.176911888883118e-06
3.2956534790000003 5.2191961070588725e-06
3.29700471 5.566814814097241e-06
3.298355942 4.949732168733115e-06
3.299707173 4.46147095135976e-06
3.301058405 2.346983399985081e-06
3.3024096359999997 1.0909711681491911e-06
3.303760868 1.7574083741641645e-06
3.305112099 3.3467644911301347e-06
3.30646333 6.75904311839237e-06
3.307814562 4.612367165691772e-06
3.309165793 1.9328296827161984e-06
3.3105170250000002 5.392492677088824e-07
3.3118682560000003 3.721884802943676e-06
3.313219488 3.682319371049176e-06
3.3145707189999998 5.009762758968998e-07
3.315921951 5.061668566590896e-07
3.317273182 1.0781104083519055e-06
3.318624413 4.211060257122062e-06
3.319975645 3.337492604089892e-06
3.321326876 1.4048356146612736e-06
3.322678108 1.3359667903446003e-06
3.324029339 2.613786183801214e-08
3.325380571 2.9119206117639007e-07
3.326731802 2.2729021736022222e-06
3.328083033 2.4339723537686607e-06
3.3294342649999997 1.6178621784758555e-06
3.330785496 4.699939674822945e-06
3.332136728 3.760040021733243e-06
3.333487959 5.017474853971563e-06
3.334839191 6.384653808945612e-06
3.336190422 6.84697910533445e-06
3.3375416540000002 2.2395521588197886e-06
3.3388928850000004 4.119824885668827e-06
3.340244116 5.802229688418805e-06
3.341595348 5.406428356957274e-06
3.342946579 4.209524326485676e-06
3.344297811 3.6409770854825455e-06
3.345649042 3.6810010966383386e-06
3.347000274 2.8817890519257133e-06
3.348351505 6.8281126907237625e-06
3.3497027360000002 3.940133836984388e-06
3.351053968 4.079409209334824e-07
3.3524051989999997 1.2684595566754817e-06
3.353756431 3.290059610253915e-06
3.355107662 4.088313981432003e-06
3.3564588939999997 4.055681229607344e-06
3.357810125 4.9562873981773e-06
3.359161357 3.763375380794825e-06
3.360512588 2.532999862022948e-06
3.3618638190000003 1.0808808255187288e-06
3.363215051 2.0507772463109773e-06
3.3645662819999997 4.295249760131704e-06
3.3659175140000004 3.488986837206874e-06
3.367268745 2.8846733905006595e-06
3.368619977 5.395198731402049e-06
3.369971208 5.9577776823812174e-06
3.371322439 1.4230972438742511e-06
3.372673671 1.3747479645106193e-06
3.374024902 7.533397521515645e-06
3.375376134 1.067893877862645e-05
3.3767273650000003 7.3751229699902185e-06
3.378078597 2.687099927334325e-06
3.3794298279999997 1.5555578726664053e-06
3.38078106 7.898455932927905e-07
3.382132291 2.280717032151188e-06
3.383483522 4.530660329201009e-06
3.384834754 3.4461543908117854e-06
3.386185985 3.837483896941997e-06
3.387537217 5.497672613551095e-06
3.3888884480000003 3.6235309671362926e-06
3.39023968 2.70169886192007e-06
3.3915909109999998 5.755861371853612e-06
3.3929421430000004 5.444406636249927e-06
3.3942933739999996 1.590970875725819e-07
3.3956446049999998 5.434634251587714e-09
3.396995837 5.431079797479925e-09
3.398347068 2.8720572636022373e-07
3.3996983 1.6201285949447578e-06
3.401049531 3.5478556333505634e-07
3.402400763 4.6415862093215406e-08
3.4037519940000003 1.974780700755555e-06
3.405103225 4.408167274558777e-07
3.4064544569999997 6.116580855640499e-09
3.407805688 1.8604916958729346e-06
3.40915692 1.5112613872560402e-07
3.410508151 4.335304204845524e-06
3.411859383 5.249667193769598e-06
3.413210614 8.307839526129008e-06
3.4145618460000002 4.317673633839396e-06
3.4159130770000004 3.8359046474010595e-06
3.4172643079999996 6.356778896594243e-06
3.41861554 8.523117592678789e-06
3.419966771 5.039399472863823e-06
3.4213180029999997 4.479996425438458e-06
3.422669234 1.1404060077185771e-05
3.424020466 1.1926525115267298e-05
3.425371697 8.627518200832234e-06
3.4267229280000002 6.661111052861873e-06
3.42807416 4.744752355730493e-06
3.429425391 2.70929246766551e-06
3.4307766230000003 2.8416173390120142e-08
3.432127854 5.39958970167498e-09
3.4334790859999997 5.399541882566586e-09
3.434830317 5.3995114197818045e-09
3.436181549 2.36555335975411e-08
3.43753278 2.294750999035564e-06
3.4388840110000003 6.130790251323805e-06
3.440235243 4.083787942598916e-06
3.441586474 1.939559725564838e-06
3.4429377060000004 5.069128741046305e-07
3.4442889369999996 1.8916099001228172e-08
3.445640169 1.4868974401841332e-07
3.4469914 2.326677202989303e-06
3.448342631 2.9411537626115054e-06
3.449693863 2.718402676190369e-06
3.451045094 3.4266847608819997e-06
3.452396326 5.1266879939539145e-06
3.4537475570000002 4.893166684002941e-06
3.455098789 1.1031929987757383e-05
3.45645002 1.3166837489640784e-05
3.4578012520000003 1.2282612775913424e-05
3.459152483 1.0728971744990362e-05
3.460503714 7.390413080523887e-06
3.461854946 5.876267410399452e-06
3.463206177 4.682619948788173e-06
3.464557409 5.703435391901507e-06
3.4659086400000003 5.348604175195372e-06
3.467259872 1.0290471044439916e-06
3.468611103 1.5921433632529982e-06
3.469962335 4.482247890151248e-06
3.4713135659999996 2.143031195363833e-06
3.4726647969999997 1.8070720647226537e-07
3.474016029 2.0476180300822684e-08
3.47536726 4.388795030588659e-06
3.476718492 5.050863491808659e-06
3.478069723 2.812052009531285e-06
3.479420955 1.4090817405472945e-06
3.4807721860000003 9.816145727375914e-07
3.482123417 1.5435345158361262e-06
3.483474649 8.693459130542153e-08
3.48482588 4.335688377489204e-07
3.486177112 1.419465320204299e-06
3.487528343 4.185025546582005e-07
3.488879575 2.786856673532725e-06
3.490230806 1.327393782832643e-06
3.491582038 8.796665734767776e-07
3.492933269 1.102675825799559e-07
3.4942845 1.944697192325992e-06
3.495635732 1.3488331363833115e-06
3.496986963 8.52951040785456e-09
3.4983381949999997 5.566838208501686e-09
3.4996894259999998 5.574248638198312e-09
3.501040658 5.5810680126204044e-09
3.502391889 5.587686728946771e-09
3.50374312 5.594277718119594e-09
3.505094352 4.3915791359580104e-07
3.506445583 3.781349415053458e-06
3.5077968150000003 2.5335081519496798e-06
3.509148046 1.425151229067981e-06
3.5104992779999997 3.468518496674728e-06
3.511850509 6.4356645671940315e-06
3.513201741 5.369183014942636e-06
3.514552972 1.6393042129768542e-06
3.515904203 1.2168240226619599e-06
3.517255435 3.484837599784247e-06
3.518606666 5.466374346029527e-06
3.519957898 5.078635104344407e-06
3.521309129 6.99005934123211e-06
3.5226603610000002 7.3620956419301675e-06
3.524011592 3.1470564128954237e-06
3.5253628239999997 2.518402660501898e-06
3.526714055 1.6503985589043038e-06
3.528065286 5.2677187503240875e-06
3.529416518 8.36044935670713e-06
3.5307677490000002 8.695472695670245e-06
3.532118981 5.399426775759945e-06
3.533470212 2.75771806512216e-06
3.5348214440000003 5.306998226128869e-06
3.536172675 5.397145573399457e-06
3.537523906 2.8760915517793997e-06
3.538875138 2.4289563950768465e-06
3.540226369 4.546718921608822e-07
3.5415776009999997 1.1511877386478571e-07
3.542928832 1.6157104168999703e-08
3.544280064 1.0151357239598678e-06
3.545631295 1.1766353440317256e-06
3.546982527 4.61420267178485e-06
3.548333758 2.6489173579478353e-06
3.5496849889999997 5.537149049005286e-07
3.551036221 9.802553628701386e-07
3.552387452 1.8196051731002543e-06
3.553738684 1.459473711725002e-07
3.555089915 9.525081864337903e-09
3.556441147 4.0309985017878424e-08
3.5577923780000003 2.5056478579573823e-06
3.5591436090000004 3.21342318112188e-08
3.560494841 5.83570184434751e-09
3.561846072 5.838960901111507e-09
3.563197304 2.509574981725585e-06
3.5645485349999997 8.490732475735137e-06
3.565899767 8.104444923396358e-06
3.567250998 5.934977394402148e-06
3.5686022299999998 6.680523580561586e-06
3.569953461 8.620509878234e-06
3.571304692 8.586092998784985e-06
3.572655924 4.80966842880178e-06
3.574007155 6.834448793552332e-06
3.575358387 1.1549541667647985e-05
3.5767096179999998 1.1742334038899636e-05
3.57806085 7.255972643797163e-06
3.579412081 2.0043683671419957e-06
3.580763312 6.396471595194428e-07
3.582114544 2.1309752588736385e-06
3.583465775 5.836979410291253e-06
3.5848170070000003 5.3294042177093525e-06
3.5861682380000004 3.688488215619926e-06
3.58751947 1.922123247036403e-06
3.588870701 8.918795119500731e-07
3.5902219329999996 1.750757070845078e-06
3.5915731639999997 1.3048643121325004e-06
3.592924395 1.8942995544621421e-06
3.594275627 4.905552600934354e-06
3.595626858 4.9006093426180735e-06
3.59697809 3.172283274076648e-06
3.598329321 2.445805838830642e-06
3.5996805530000002 2.2914964900819697e-06
3.601031784 3.4260795147992456e-06
3.602383016 4.035731263006524e-06
3.603734247 2.9944827945580557e-06
3.605085478 1.909497518011695e-06
3.60643671 3.523942698811298e-06
3.607787941 8.355280126820532e-06
3.609139173 9.946764221758165e-06
3.610490404 9.930214161449286e-06
3.6118416360000003 1.0408269152472438e-05
3.6131928670000004 1.1417097918982707e-05
3.6145440979999997 1.4711892097650192e-05
3.61589533 1.7754155687979046e-05
3.617246561 1.9078287087377e-05
3.6185977929999997 1.984125832203e-05
3.619949024 1.9264001972604098e-05
3.621300256 1.7918660800060555e-05
3.622651487 1.6208587333995097e-05
3.624002719 1.1353356435198342e-05
3.62535395 1.0835911318118027e-05
3.6267051809999997 1.9244514655417486e-05
3.628056413 2.8440759619805014e-05
3.629407644 3.125142935293042e-05
3.630758876 3.298341765377853e-05
3.632110107 3.709479443636703e-05
3.633461339 4.085735334230233e-05
3.6348125700000002 4.268074968341168e-05
3.6361638010000004 4.035390133771781e-05
3.637515033 3.120535061516035e-05
3.638866264 2.2313131573115282e-05
3.640217496 2.0977264379890484e-05
3.6415687269999997 2.442816568186841e-05
3.642919959 2.8389625934219768e-05
3.64427119 3.214234020944535e-05
3.6456224219999998 3.44049492494636e-05
3.646973653 3.8690211412538663e-05
3.648324884 4.6080011177089615e-05
3.649676116 4.831546429208973e-05
3.6510273470000003 4.3502204840325005e-05
3.652378579 3.719912343620283e-05
3.6537298099999997 2.9776106137365187e-05
3.655081042 2.3777758149302188e-05
3.656432273 2.2595057317710084e-05
3.657783504 1.9951960032132376e-05
3.659134736 6.3706179934871735e-06
3.660485967 4.0153669263479995e-06
3.6618371990000003 3.6066090540503615e-06
3.66318843 3.625948193364094e-06
3.664539662 2.9074540175805145e-06
3.665890893 1.4576243784907787e-06
3.667242125 2.3850059502716124e-07
3.6685933559999997 2.233529843193573e-07
3.669944587 5.2250772841743545e-06
3.671295819 6.7047586853438e-06
3.67264705 9.000755289609796e-06
3.673998282 1.3419704030942217e-05
3.675349513 1.4911897900889439e-05
3.676700745 1.7247381366091714e-05
3.6780519760000003 1.571590792858318e-05
3.679403208 9.726843066935033e-06
3.6807544389999998 3.6118278035657317e-06
3.68210567 7.513998055361188e-09
3.683456902 6.056894715646786e-09
3.684808133 6.0594720608546484e-09
3.686159365 6.062043214663106e-09
3.687510596 6.06460896048172e-09
3.688861828 9.433999275769149e-09
3.690213059 5.86533549047858e-06
3.6915642899999996 1.2290472806283832e-05
3.692915522 2.0461656425244157e-05
3.694266753 2.3655716106618658e-05
3.6956179849999997 1.36263786347632e-05
3.696969216 8.878349580659037e-06
3.698320448 2.540663173718507e-06
3.699671679 3.6507460818868756e-07
3.701022911 6.500473525634169e-07
3.702374142 1.0524377814907106e-07
3.703725373 6.085501336355702e-09
3.7050766050000004 6.086412766523874e-09
3.706427836 4.323746137774923e-08
3.707779068 2.026283015843378e-06
3.709130299 4.0657482524335115e-06
3.710481531 4.2830643334474e-06
3.711832762 9.210948516449916e-06
3.713183993 1.2158348040402973e-05
3.714535225 1.5396290642805873e-05
3.7158864560000002 2.4165728776009104e-05
3.717237688 3.150203415824353e-05
3.7185889189999997 3.2372487034002315e-05
3.719940151 3.0189062495679152e-05
3.721291382 3.0758466590561014e-05
3.7226426139999997 3.54583193601893e-05
3.723993845 3.922174649719772e-05
3.725345076 3.7264002035608e-05
3.726696308 3.149428001779357e-05
3.7280475390000003 2.668733367420721e-05
3.729398771 2.5667302553009034e-05
3.730750002 2.5424783998341862e-05
3.7321012340000004 2.2887853892631404e-05
3.733452465 2.146398272550929e-05
3.7348036959999997 2.2215605856238764e-05
3.736154928 2.273447340474943e-05
3.737506159 2.437876744247276e-05
3.738857391 2.653823383321161e-05
3.740208622 2.4702981061363737e-05
3.741559854 1.883535477613736e-05
3.7429110850000002 1.3293314686386003e-05
3.744262317 7.965250319162284e-06
3.7456135479999997 3.394295424880747e-06
3.746964779 2.469101996667923e-06
3.748316011 5.451006589523977e-06
3.749667242 1.0288193635428837e-05
3.751018474 1.175264940526531e-05
3.752369705 7.908549306825567e-06
3.753720937 5.7172260455407674e-06
3.7550721680000003 5.801453255484568e-06
3.7564234 6.620809649175554e-06
3.757774631 5.300564503346227e-06
3.759125862 5.802743602431772e-06
3.7604770939999996 7.386346071468586e-06
3.7618283249999998 5.845848238423196e-06
3.763179557 2.5292677430494308e-06
3.764530788 2.0551512204821323e-06
3.76588202 3.3654672829152436e-06
3.767233251 3.186406036039767e-06
3.768584482 2.2837297126384715e-06
3.7699357140000003 6.884839856551333e-08
3.771286945 6.171141231461805e-09
3.7726381769999997 7.654979725066607e-08
3.773989408 3.0337748288454704e-06
3.77534064 2.9906058584816137e-06
3.776691871 6.149770012015471e-07
3.778043103 5.661179095009681e-08
3.779394334 9.104417400903987e-07
3.780745565 2.0591116916660432e-06
3.7820967970000003 7.431363610570137e-07
3.7834480279999996 6.13665719444855e-07
3.7847992599999998 4.617698181273024e-07
3.786150491 6.952702026154133e-07
3.7875017229999997 3.7301359715662317e-07
3.7888529539999998 6.436199675339551e-08
3.790204185 6.196961486720882e-09
3.791555417 6.196836024950587e-09
3.792906648 1.66533594491297e-08
3.79425788 3.242672567458208e-06
3.795609111 5.634577125364774e-06
3.7969603430000003 4.448235542477692e-06
3.798311574 4.4487437001213984e-06
3.7996628059999997 5.394321157193862e-06
3.801014037 5.838134079678395e-06
3.802365268 4.417214824075741e-06
3.8037165 8.326764939387785e-07
3.8050677310000003 7.281806999191359e-09
3.806418963 6.201501666745122e-09
3.807770194 6.202698626978619e-09
3.8091214260000004 4.395114737056206e-07
3.8104726569999996 1.903234506823984e-07
3.811823889 3.6554690645069785e-07
3.81317512 2.4213309813053914e-06
3.814526351 2.7904796438705277e-06
3.815877583 8.810429362190099e-07
3.817228814 2.4199882442662446e-08
3.818580046 6.955774475688498e-08
3.8199312770000002 2.0008256507237575e-06
3.821282509 6.410829121476815e-06
3.82263374 7.509723550148932e-06
3.823984971 5.842893064066458e-06
3.825336203 6.733963769593901e-06
3.826687434 7.255715461746578e-06
3.828038666 3.4227492928155504e-06
3.829389897 2.436349736723358e-06
3.830741129 4.606567868692202e-06
3.8320923600000003 6.586097127119179e-06
3.833443592 6.740278916010457e-06
3.834794823 5.8734290587883544e-06
3.836146054 4.579142232688811e-06
3.8374972859999996 4.8752420002324625e-06
3.8388485169999997 4.936082180848292e-06
3.840199749 3.2094219489516103e-06
3.84155098 3.935044857351727e-06
3.842902212 1.9687367048658405e-06
3.844253443 8.941305901697374e-07
3.845604674 1.0595183316236086e-06
3.8469559060000003 1.5650825461988351e-06
3.848307137 2.405673811577057e-06
3.849658369 2.4019159396718845e-06
3.8510096 1.9089404707725484e-06
3.852360832 1.4730121317816953e-06
3.853712063 2.51867741913841e-06
3.855063295 8.886453964525027e-07
3.856414526 4.300754753615959e-06
3.857765757 4.76176845656773e-06
3.859116989 3.6901652978284622e-06
3.86046822 1.6768748334119473e-06
3.861819452 6.6047581660085224e-09
3.863170683 2.1151484008483755e-07
3.8645219149999996 8.489564306064396e-09
3.8658731459999998 8.236086344456112e-07
3.867224377 6.799716050091667e-06
3.868575609 7.118041166836153e-06
3.86992684 6.007485694515006e-06
3.871278072 6.182261599410365e-06
3.872629303 5.358327136203371e-06
3.8739805350000003 4.027343729597238e-06
3.875331766 2.0181359804373293e-06
3.876682998 2.854683968445205e-07
3.878034229 1.706257174793258e-07
3.87938546 2.8110479239470355e-06
3.880736692 4.65553735061269e-06
3.882087923 3.447646735482636e-06
3.883439155 2.313851049384451e-06
3.884790386 2.6104488964008956e-06
3.886141618 1.6124383001194306e-06
3.887492849 1.8047680738337475e-08
3.8888440810000002 6.21672372321352e-09
3.890195312 1.0189454104186735e-07
3.891546543 2.9135236755409175e-06
3.892897775 3.060022772114802e-06
3.894249006 5.918484620968173e-07
3.895600238 1.0293712123443937e-06
3.8969514690000002 1.7380059127609405e-06
3.898302701 1.6694966017227602e-06
3.899653932 8.711264692996635e-07
3.9010051629999998 3.617443516735303e-06
3.902356395 6.7946010862909525e-06
3.903707626 7.148114919946638e-06
3.905058858 4.2610298183515635e-06
3.906410089 6.542534634121876e-06
3.9077613209999997 6.800867450415149e-06
3.909112552 5.174497246171604e-06
3.910463784 4.4236349493466075e-06
3.911815015 4.613476073887826e-06
3.913166246 8.592429804224203e-07
3.914517478 6.231250527114052e-09
3.9158687089999997 6.235006305131305e-09
3.917219941 6.235444081862915e-09
3.918571172 6.889528685637957e-07
3.919922404 1.6383366945911944e-06
3.921273635 3.302710053840397e-06
3.922624866 3.560829324873677e-06
3.9239760980000002 2.9581802394981963e-06
3.9253273290000004 4.629768400181356e-06
3.926678561 6.768479348462755e-06
3.928029792 5.173617149387984e-06
3.929381024 3.5526820881565665e-06
3.9307322549999997 6.4321101249718345e-06
3.932083487 6.634695949856207e-06
3.933434718 3.7135751755131543e-06
3.934785949 4.7540986408735353e-07
3.936137181 6.413005922064741e-07
3.937488412 1.3529924840370698e-06
3.938839644 3.0731271553891085e-06
3.940190875 4.03230245694703e-06
3.941542107 6.439538884183957e-06
3.9428933379999997 1.1197784325324043e-05
3.944244569 1.4136551403193214e-05
3.945595801 1.2277703798741884e-05
3.946947032 1.1919154718367252e-05
3.948298264 1.4460554410172536e-05
3.949649495 1.4296181021474352e-05
3.9510007270000003 8.348652621075845e-06
3.9523519580000004 1.6005771965952239e-06
3.95370319 8.872154899363811e-07
3.955054421 1.6844998970699298e-07
3.956405652 3.520347084703633e-07
3.9577568839999997 6.267680295045283e-09
3.959108115 6.268372856062181e-09
3.960459347 9.493175616769102e-07
3.961810578 2.69765993289476e-06
3.96316181 1.1881426767160384e-06
3.964513041 6.457731725749049e-07
3.965864273 6.9994764993296365e-06
3.967215504 4.320117725444722e-06
3.968566735 7.767194144726995e-07
3.9699179669999998 4.377012449164684e-08
3.971269198 1.0086490943417815e-07
3.97262043 3.5862057090840633e-07
3.973971661 6.079966322706625e-07
3.975322893 5.989954372445827e-07
3.976674124 9.928742898620763e-07
3.978025355 2.129528540234263e-06
3.9793765870000004 5.038528152293168e-06
3.9807278179999996 5.388305468556755e-06
3.98207905 4.970727997354288e-06
3.983430281 3.1705440210358345e-06
3.9847815129999997 2.3087468861855295e-06
3.986132744 2.5669212535135805e-06
3.987483976 2.430748261887064e-07
3.988835207 4.081001729178492e-07
3.9901864380000003 3.934396035186341e-08
3.99153767 6.2971848801347425e-09
3.9928889009999997 8.747381033002423e-09
3.994240133 1.8261157571884075e-06
3.995591364 3.897328413358098e-06
3.996942596 5.112819482277484e-06
3.998293827 5.704742517358335e-06
3.999645058 7.193205331084116e-06
4.00099629 1.016293518693065e-05
4.002347521 7.290573487890151e-06
4.003698753 4.810599146940217e-06
4.005049984 3.2820170190211086e-06
4.006401216 2.9694083158653417e-06
4.007752447 2.974514196648463e-06
4.009103679 3.4097648292969996e-06
4.01045491 6.9038863080296385e-06
4.011806141 1.080333288679078e-05
4.013157373 1.1501284473047344e-05
4.014508604 7.18055682329114e-06
4.015859836 3.642060550262874e-06
4.017211067 2.5843020097544306e-06
4.018562299 1.8842635497625786e-07
4.01991353 1.3212598298356362e-08
4.021264761 6.538097286036806e-08
4.022615993 5.171117359315978e-06
4.023967224 8.326634398725378e-06
4.025318456 4.448493321115293e-06
4.026669687 2.2584196846539083e-06
4.028020919 2.9170455768627364e-06
4.02937215 4.841414218983263e-06
4.030723382 7.526298874524947e-06
4.032074613 1.0573570733320547e-05
4.033425844 9.428071059728118e-06
4.034777076 6.856939392058602e-06
4.036128307 7.5797063747285196e-06
4.037479539 7.769129508347592e-06
4.03883077 5.6938643726456294e-06
4.040182002 1.0364898729235105e-05
4.041533233 1.286981430105999e-05
4.042884465 1.3615671912528472e-05
4.044235696 1.3806415067988997e-05
4.0455869269999996 1.4095501257676888e-05
4.046938159 1.1397544142362533e-05
4.04828939 9.797969172039648e-06
4.049640622 1.332998943675395e-05
4.050991853 1.5573514914518218e-05
4.052343085 1.6233410864529013e-05
4.053694316 1.646447163658035e-05
4.055045547 1.3567126193199213e-05
4.056396779 1.0170410810235031e-05
4.05774801 1.2006307392812156e-05
4.059099241999999 1.3560101197839693e-05
4.0604504729999995 1.2140198012080232e-05
4.061801705 9.860990080861779e-06
4.063152936 1.1956790962367687e-05
4.064504168 1.377530051402743e-05
4.065855399 1.3801168151083237e-05
4.06720663 1.4158434584026242e-05
4.0685578620000005 1.2305653220296782e-05
4.069909093000001 8.998556368400004e-06
4.071260325 6.789220902362055e-06
4.072611556 8.68894218654577e-06
4.073962788 1.1570745641238638e-05
4.075314019 1.1401187685188993e-05
4.07666525 7.883491447101685e-06
4.078016482 8.18415893112001e-06
4.079367713 7.084980986043551e-06
4.080718945 1.1252427816727143e-05
4.082070176 1.6730579742962655e-05
4.083421408 1.934151715731584e-05
4.084772639 2.0981121890976555e-05
4.086123871 2.145786596201146e-05
4.087475102 1.958789889751678e-05
4.088826333 1.6489833307866775e-05
4.090177565 1.7388750199508377e-05
4.091528796 1.9765231105594366e-05
4.092880028 2.0479987072265776e-05
4.094231259 1.87096523541039e-05
4.095582491 1.599726347040168e-05
4.096933722 1.1900548225552863e-05
4.098284953 8.17322684461415e-06
4.0996361850000005 7.836466715579223e-06
4.100987416 5.36224932564712e-06
4.102338648 4.382938636143562e-06
4.103689878999999 1.9243521386143593e-06
4.105041110999999 3.045382608780025e-07
4.106392342 8.004897148626062e-09
4.107743574 2.7468410293770303e-07
4.109094805 3.1062481822818435e-06
4.110446036 9.951992614631088e-06
4.111797268 9.968543772777708e-06
4.113148499 5.466741776712326e-06
4.1144997309999995 2.44517419059867e-06
4.115850962000001 2.568558565606549e-07
4.117202194000001 1.7433513901089382e-08
4.118553425 2.0472052210712548e-08
4.119904657 9.180745755926391e-07
4.121255887999999 2.991618303082699e-06
4.122607119 4.908643366059447e-06
4.123958351000001 6.620351180176774e-06
4.125309582 1.3058103320610646e-06
4.126660814 1.1933684326502956e-07
4.128012045 6.409760388374834e-09
4.129363277 6.41060572639216e-09
4.130714508 6.410979533935875e-09
4.132065739 6.410930503471193e-09
4.133416971 6.410865520449736e-09
4.134768202 1.2245539131876347e-08
4.136119434 8.35687942421337e-07
4.1374706649999995 1.8135112803662004e-06
4.138821897 5.93421873987933e-07
4.140173128000001 3.1151758955367286e-08
4.14152436 1.6694737120193367e-08
4.142875591 2.9173621724711946e-07
4.144226821999999 2.5177623894300375e-06
4.145578054 5.918568512718061e-06
4.146929285000001 7.832007571970876e-06
4.148280517 1.0189909924385036e-05
4.149631748 8.085556116393153e-06
4.15098298 3.4340514974607465e-06
4.152334211 1.0781103989688589e-06
4.153685442 1.073712891847718e-06
4.155036674 2.0552546688862924e-06
4.156387905 4.6713105640922235e-06
4.157739136999999 4.95212260887389e-06
4.159090368 8.944069589289729e-07
4.1604416 5.774727472731277e-07
4.161792831 3.1506326842451342e-06
4.163144063 7.472519780990844e-06
4.164495294 9.217802428386798e-06
4.165846525 1.5420679076100315e-05
4.167197757 2.2919255168767757e-05
4.1685489879999995 2.405903155907993e-05
4.169900220000001 1.9494189020525533e-05
4.171251451 1.4701123555624493e-05
4.172602683 1.3282437882111585e-05
4.173953914 1.5639061149325397e-05
4.1753051459999995 1.9548517067807977e-05
4.1766563770000005 2.0388587220522894e-05
4.178007608 1.8622143934236636e-05
4.17935884 1.2260087253712029e-05
4.180710071 9.357903899154543e-06
4.182061303 7.339573523106426e-06
4.183412534 4.526348175316107e-06
4.184763766 2.4385217277854572e-06
4.186114997 3.1581976424701704e-06
4.187466228 2.8451414968203953e-06
4.18881746 3.2273140678652877e-06
4.190168691 6.1799402489280705e-06
4.1915199229999995 1.3865755206613439e-05
4.1928711540000005 1.741856284247805e-05
4.194222386000001 1.6093198149852937e-05
4.195573617 1.5231174185162049e-05
4.196924849 1.4018006674383707e-05
4.198276079999999 1.2479844653111143e-05
4.199627311 1.2424418613203587e-05
4.200978543 1.4410709329912052e-05
4.202329774 1.2459394647347413e-05
4.203681006 9.030817083572644e-06
4.205032237 6.644294829721578e-06
4.206383469 7.154422622369324e-06
4.2077347 5.775078775950654e-06
4.209085931 5.81396850820072e-06
4.210437163 7.540762216165549e-06
4.211788394 9.931669087092008e-06
4.213139626 8.809870005277323e-06
4.2144908569999995 7.534489547817952e-06
4.215842089 9.904953657821956e-06
4.217193320000001 1.081311138217625e-05
4.218544552 1.0329516569702594e-05
4.219895783 1.0220261929735671e-05
4.221247013999999 8.370061922200848e-06
4.2225982459999996 6.188842403880231e-06
4.223949477 5.77220200101391e-06
4.225300709 9.879698245647526e-06
4.22665194 1.19814651811919e-05
4.228003171999999 1.2099407741616511e-05
4.229354403 1.1756839794987185e-05
4.2307056339999995 1.0836140556180338e-05
4.232056866 1.016889697706186e-05
4.233408097000001 1.0739588983948247e-05
4.234759329 1.0417642264983534e-05
4.23611056 7.48745847447179e-06
4.237461792 2.953941265046548e-06
4.238813023 1.478293162905262e-07
4.240164255 6.936110946815676e-07
4.241515486 5.94064590765819e-06
4.242866717 6.470650260468653e-06
4.244217949 7.5711252188268905e-06
4.24556918 1.2061027644617349e-05
4.246920412000001 1.4404279532177017e-05
4.248271643 1.3530758993969627e-05
4.249622875 1.4373173548653417e-05
4.250974105999999 1.7008481058886276e-05
4.2523253379999995 1.917341216013469e-05
4.2536765690000005 2.014710347058613e-05
4.2550278 2.1957585144107084e-05
4.256379032 2.305059740588082e-05
4.257730263 2.118895196860728e-05
4.259081495 2.1583846518639887e-05
4.260432726 2.429137103942494e-05
4.261783958 2.6516862878825736e-05
4.263135189 2.3839040237287586e-05
4.26448642 2.234623853838323e-05
4.265837652 2.10022487264295e-05
4.267188883 1.7476199352528785e-05
4.2685401149999995 1.2348026670652716e-05
4.2698913460000005 1.4747140659832106e-05
4.271242578000001 1.9255614360161778e-05
4.272593809 2.1110694560771357e-05
4.273945041 1.6774839982737533e-05
4.275296271999999 1.4720413702204465e-05
4.276647503 1.285507268234812e-05
4.277998735 1.138629142102492e-05
4.279349966 1.0274783126462108e-05
4.280701198 1.3707702726182936e-05
4.282052429 1.681743145002449e-05
4.283403661 1.8363204867057706e-05
4.284754892 1.7267942566186542e-05
4.286106123 1.4239420304885763e-05
4.287457355 1.2183210883323238e-05
4.288808586 1.186955683653339e-05
4.290159818 1.6772978822663484e-05
4.2915110489999995 2.1144406956227688e-05
4.292862281 1.9258592032697054e-05
4.294213512000001 1.6627272814647516e-05
4.295564744 1.6034096690805508e-05
4.296915975 1.9037550102623847e-05
4.298267206 1.9411768658813412e-05
4.299618438 1.9856754717299433e-05
4.300969669 2.122673853112487e-05
4.302320901 2.2075907757399273e-05
4.303672132 2.1387595800332292e-05
4.305023363999999 2.225957807662489e-05
4.306374595 2.378905418093845e-05
4.3077258259999995 2.1401420886701292e-05
4.309077058 1.5320729523028052e-05
4.310428289000001 1.5989969752996243e-05
4.311779521 1.879374696234754e-05
4.313130752 2.0563168740873484e-05
4.314481984 2.0354195266779195e-05
4.315833215 2.2755320354430068e-05
4.317184447 2.7598367315785412e-05
4.318535678 2.7833478605065016e-05
4.319886909 2.3396465730577287e-05
4.321238141 2.22994747519188e-05
4.322589372 2.3914323020115063e-05
4.323940604000001 2.681121812852908e-05
4.325291835 3.124094253750041e-05
4.326643067 3.573631234224524e-05
4.327994297999999 3.792913929808677e-05
4.329345529999999 3.3742215103892174e-05
4.3306967610000004 3.2322927351533034e-05
4.332047992 3.539018078649068e-05
4.333399224 4.1275490854126205e-05
4.334750455 4.333938181542336e-05
4.336101687 4.247613942471673e-05
4.337452918 4.073260357591252e-05
4.33880415 3.820263852991703e-05
4.340155381 3.4672521730166986e-05
4.341506612 3.543695660699843e-05
4.342857844 3.601201929155131e-05
4.344209075 3.508200384853999e-05
4.3455603069999995 3.1171587927507816e-05
4.3469115380000005 3.1791007750612876e-05
4.34826277 3.2105003353211695e-05
4.349614001 3.0406243987821015e-05
4.350965233 2.5467579708570324e-05
4.352316464 2.5036211872106084e-05
4.353667695 2.4360606847485983e-05
4.355018927 2.2235694092053753e-05
4.356370158 2.047132163508087e-05
4.35772139 2.375413121769992e-05
4.359072621 2.6617566609415815e-05
4.360423853 2.4681135561407426e-05
4.361775084 1.7457850492242326e-05
4.363126315000001 1.498910075610727e-05
4.364477547000001 1.5376713268340926e-05
4.365828778 1.4687068688281415e-05
4.36718001 1.2136408374695617e-05
4.3685312409999995 1.2128782356764737e-05
4.369882473 1.251941604611646e-05
4.371233704 1.0229057766610822e-05
4.372584936 8.676402368202606e-06
4.373936167 8.128941354291842e-06
4.375287398 8.188982920706282e-06
4.37663863 6.22749500085688e-06
4.377989861 5.647951988384637e-06
4.379341093 5.961967576789737e-06
4.380692324 7.3061115028206655e-06
4.382043555999999 6.192259180201206e-06
4.383394787 5.7091011512950255e-06
4.3847460179999995 8.87926244048112e-06
4.38609725 7.836674173469786e-06
4.387448481000001 2.9325588298962326e-06
4.388799713 3.764049255356564e-06
4.390150944 7.783671117297165e-06
4.391502176 8.499068893327447e-06
4.392853407 4.405957145459935e-06
4.394204639 2.6676330228432364e-06
4.39555587 2.944388403415608e-06
4.396907101 5.374330632398065e-06
4.398258332999999 6.981185971684728e-06
4.399609564 8.914538047019386e-06
4.400960796000001 1.2547889954774327e-05
4.402312027 1.2373320006138448e-05
4.403663259 1.0694538485098323e-05
4.405014489999999 8.924267453814466e-06
4.406365721999999 1.1326029313880516e-05
4.407716953 1.231722004604721e-05
4.409068184 1.2815366116473855e-05
4.410419416 1.1040785262682786e-05
4.411770647 1.2173267372660907e-05
4.413121879 1.1850436034810184e-05
4.41447311 1.0498854706627019e-05
4.415824342 1.034353596897948e-05
4.417175573000001 1.4273593716086654e-05
4.418526804 1.976995182824676e-05
4.419878036 2.2787622684897856e-05
4.421229266999999 2.862659087887644e-05
4.4225804989999995 3.524798623220812e-05
4.4239317300000005 4.052736056724899e-05
4.425282962 3.7660343363821e-05
4.426634193 3.8823115051679796e-05
4.427985425 4.3914438152289204e-05
4.429336656 4.8449545885326345e-05
4.430687887 3.630982141962662e-05
4.432039119 3.280958220374913e-05
4.43339035 3.3686377366447195e-05
4.434741582 4.037149262315401e-05
4.436092813 4.2818166713878815e-05
4.437444045 4.7053733584524254e-05
4.438795276 5.771239137641491e-05
4.440146507000001 6.555767367327181e-05
4.441497739000001 6.918491378696273e-05
4.44284897 6.95019253695003e-05
4.444200202 7.569777512188275e-05
4.445551432999999 7.630144885279292e-05
4.446902665 7.368988133791628e-05
4.448253896 6.847778102645186e-05
4.449605128 7.531311570575062e-05
4.450956359 8.0573969019046e-05
4.45230759 8.315847073257828e-05
4.453658822 8.49337813120757e-05
4.455010053 9.130145540416064e-05
4.456361285 9.6647881986378e-05
4.457712516 9.154876226842579e-05
4.459063747999999 9.038477526927386e-05
4.460414979 9.636400684163631e-05
4.4617662110000005 0.00011240900844264876
4.463117442 0.00011627930749267054
4.464468673000001 0.0001190801146676135
4.465819905 0.00012168612375108017
4.467171136 0.00012721102344768117
4.468522368 0.00012458689795332302
4.469873599 0.000122825405873855
4.471224831000001 0.00012844668755416106
4.472576062 0.00013780614176218755
4.473927293 0.00014107403654336034
4.475278524999999 0.00013719935556434003
4.476629756 0.00014642503388552893
4.4779809880000006 0.00015807191165738207
4.479332219 0.00016832438914322776
4.480683451 0.00016292527276240895
4.482034682 0.00016462662875286332
4.483385914 0.00017061072880973082
4.484737145 0.00018065965664445862
4.486088376 0.00018433523487167684
4.487439608 0.00019266703979036048
4.488790839 0.00020882234146008574
4.490142071 0.000222354058366906
4.491493302 0.00023112309751936535
4.492844534 0.0002367997129209477
4.494195765000001 0.0002491941707793672
4.495546996 0.0002542238210022398
4.496898228 0.00025535931266146056
4.498249458999999 0.00025523930908754136
4.4996006909999995 0.0002693144539648286
4.5009519220000005 0.0002837521826027137
4.502303154 0.00029114737499484297
4.503654385 0.0002966973826475517
4.505005617 0.0003083547566878123
4.506356848 0.0003277943830637753
4.507708079 0.0003335046763708439
4.509059311 0.0003413094111192842
4.510410542 0.00035259310182857807
4.511761774 0.00037805430875632753
4.513113005 0.0003952216268758187
4.514464237 0.000408784094357973
4.5158154679999996 0.0004260008064775443
4.517166699000001 0.0004485052661523285
4.518517931 0.0004680017258254154
4.519869162 0.0004744294523979272
4.521220394 0.0004889180742240098
4.522571624999999 0.0005084778202304908
4.523922857 0.0005340090989865441
4.525274088 0.0005474516677265965
4.52662532 0.0005662958521130751
4.527976551 0.0005935447560941831
4.529327782 0.000622874201142533
4.530679014 0.0006460330149824287
4.532030245 0.0006643615277491826
4.533381477 0.0007004912991555904
4.534732708 0.0007349444848501878
4.53608394 0.0007662500946428057
4.537435171 0.000783381113215603
4.5387864030000005 0.000814695360946627
4.540137634 0.0008541285140132551
4.541488865 0.0008932565795682085
4.542840097 0.0009282192538942178
4.544191328 0.0009673427224921021
4.5455425599999995 0.0010246479995640418
4.5468937910000005 0.0010763906870408606
4.548245023000001 0.0011255571546901915
4.549596254 0.0011709396586975036
4.550947485 0.0012324609915645875
4.552298716999999 0.0012949944145886662
4.553649948 0.0013497138727222562
4.5550011800000005 0.001406564550285108
4.556352411 0.001472587589616907
4.557703643 0.0015532560312874896
4.559054874 0.0016201406486121995
4.560406106 0.0016905254627630347
4.561757337 0.0017693667789698043
4.563108568 0.0018678339043957093
4.5644598 0.0019632568179243294
4.565811031 0.0020515713466273456
4.567162263 0.0021559185877939304
4.568513493999999 0.0022710900253920035
4.569864726 0.0023982909527547757
4.571215957000001 0.0025071142355551947
4.572567188 0.002631731242292588
4.57391842 0.0027706647225605343
4.575269650999999 0.0029260261283649562
4.5766208829999995 0.003075865080800763
4.5779721140000005 0.003218879910389158
4.579323346 0.0033920407058552907
4.580674577 0.003578456242366528
4.582025809 0.0037787607373499727
4.58337704 0.003970216710729481
4.584728271 0.0041867751800087425
4.586079503 0.0044304247700387555
4.587430734 0.004687152395324834
4.588781966 0.004948285271162975
4.590133197 0.005213800040857621
4.591484429 0.005524105046400566
4.5928356599999995 0.0058483474372418714
4.5941868910000005 0.006186921654813009
4.595538123 0.006536340142231067
4.596889354 0.00692579275011984
4.598240586 0.007360634072336392
4.599591817 0.007807248473648191
4.6009430490000005 0.008276406163024714
4.60229428 0.008768769047978924
4.603645512 0.009328683670662344
4.604996743 0.009917262606939812
4.606347974 0.010531878573013497
4.607699206 0.011191878722270567
4.609050437 0.011912553011530925
4.610401669 0.01270766144689644
4.611752900000001 0.013535259364006232
4.613104132 0.014419636446510075
4.614455363 0.01537096798165855
4.6158065950000005 0.016421758350443915
4.617157826 0.01754057872139553
4.618509057 0.018716783233264322
4.619860289 0.0199988823938845
4.62121152 0.02138610700385737
4.622562751999999 0.022904161882200777
4.6239139830000004 0.02451173742304706
4.625265215000001 0.026237513501326616
4.626616446 0.028120731343898104
4.627967677 0.030170123753571865
4.629318908999999 0.03237639917115062
4.63067014 0.034724444636889645
4.6320213720000005 0.03728444882551608
4.633372603 0.0400601286874174
4.634723835 0.04307907678979578
4.636075066 0.04631286766785139
4.637426298 0.04978474910947621
4.638777529 0.0535887455143876
4.64012876 0.057696521525416024
4.641479992 0.06213106764102025
4.642831223 0.06687620926692782
4.644182455 0.07201319120298223
4.645533685999999 0.07758334312052602
4.646884918 0.08358409920508872
4.648236149000001 0.09002670340691481
4.64958738 0.09692851564249802
4.650938612 0.10438286875587861
4.652289842999999 0.11251057207993964
4.6536410749999995 0.12107184522089641
4.6549923060000005 0.1301642505773828
4.656343538 0.13987089731294441
4.657694769 0.15020814338554503
4.659046001 0.16112318502627168
4.660397232 0.17268349743880904
4.661748463 0.18471128205040313
4.663099695 0.19735484938498266
4.664450926000001 0.2106690207383464
4.665802158 0.22423635505371078
4.667153389 0.23832497309518913
4.668504621 0.2528361253854045
4.6698558519999995 0.26744202778149323
4.6712070830000005 0.28240422253432834
4.672558315 0.29740206937327907
4.673909546 0.3121574637962351
4.675260778 0.3270271430671656
4.676612009 0.34147075802872834
4.6779632410000005 0.3554664223593792
4.679314472 0.3692805732416635
4.680665704 0.38202423079909187
4.682016935 0.39430160327894237
4.683368166 0.4061464059639681
4.684719398 0.4166068946493192
4.686070629 0.4265789289564756
4.687421861 0.4357260569200269
4.688773092 0.44375551519556894
4.690124324 0.4512640311135548
4.691475555 0.4577670909759564
4.6928267869999996 0.46340195509154464
4.694178018 0.46853410951948005
4.695529249 0.4727037732749217
4.696880481 0.47633390586129176
4.698231712 0.4800552455255564
4.699582943999999 0.4823653950496577
4.700934175 0.4843837161947231
4.702285407000001 0.48598877552826253
4.703636638 0.48709400065655867
4.704987869 0.4879711377423672
4.706339100999999 0.4884745131343207
4.707690332 0.48877603360424965
4.7090415640000005 0.4889519527641414
4.710392795 0.48889363019471865
4.711744027 0.48877566760092583
4.713095258 0.48854986943593914
4.71444649 0.48824652637371213
4.7157977209999995 0.487905686490743
4.717148952 0.48750105131124005
4.718500184000001 0.48705794426403043
4.719851415 0.4866065619172044
4.721202647 0.4861282462461361
4.722553877999999 0.48563664966900827
4.72390511 0.48514112380157187
4.725256341000001 0.4846483752346273
4.726607572 0.4841808905498534
4.727958804 0.4837529828072474
4.729310035 0.4833345590071513
4.730661267 0.48293012823449866
4.7320124980000005 0.4825707603477865
4.73336373 0.48227158750390214
4.734714961 0.48239174817158353
4.736066193 0.4823006189589528
4.737417424 0.4820781626807384
4.738768654999999 0.4818850495057169
4.740119887 0.48175947823673443
4.741471118000001 0.4816549842985013
4.74282235 0.48155459568789766
4.744173581 0.48147115121696565
4.745524813 0.4814009616283098
4.7468760439999995 0.4813622848845937
4.748227276 0.4813118321288008
4.749578507 0.48123543888359605
4.750929738 0.4811728163342788
4.75228097 0.48112027794290696
4.753632201 0.4810926383299881
4.7549834330000005 0.4810451280713217
4.756334664 0.4809800683402421
4.757685896 0.4809394950152361
4.759037127 0.4809086409318496
4.760388358 0.4808930590818579
4.76173959 0.4808457768286562
4.763090821 0.48076605834039654
4.764442053 0.48069406922024777
4.765793284 0.480619125116913
4.767144516 0.4805395552627898
4.768495747 0.4804108149465145
4.7698469789999995 0.4802731891116958
4.77119821 0.4801390761816293
4.772549441 0.4799907030120315
4.773900673 0.4798304329665002
4.775251904 0.479623235531533
4.776603135999999 0.47942044331232136
4.777954367 0.4792343949793
4.779305599000001 0.4790345218291268
4.78065683 0.47882784779280685
4.782008061000001 0.4785967027249371
4.783359293 0.47838329873006846
4.784710524 0.4781923204411949
4.7860617560000005 0.47798083940038527
4.787412987 0.47776118411995705
4.788764219 0.47752310662656594
4.79011545 0.47730406931364133
4.791466682 0.4771030119833775
4.7928179129999995 0.47686801459624967
4.7941691440000005 0.4766234059739496
4.795520376000001 0.47636367741431745
4.796871607 0.4761222689450764
4.798222839 0.475893813823968
4.799574069999999 0.4756339954987647
4.800925302 0.47537625661399785
4.802276533000001 0.4751254797774817
4.803627764 0.47490076261089675
4.804978996 0.47468885002465694
4.806330227 0.474446968582467
4.807681459 0.47421563482633905
4.80903269 0.4745193760897108
4.810383922 0.4743285098738459
4.811735153 0.47414466501776764
4.813086384999999 0.4739270859513107
4.814437616 0.47372567739299326
4.815788846999999 0.4735467782315448
4.817140079 0.47338780742929554
4.818491310000001 0.4732291070309919
4.819842542 0.4730266018734354
4.821193773 0.47283552475424767
4.822545005 0.4726575931612257
4.8238962359999995 0.47248180168385084
4.825247468 0.4723005410000999
4.826598699 0.47208328379658143
4.82794993 0.47189158344125154
4.829301162 0.4717282799546527
4.830652393 0.4715751605194515
4.8320036250000005 0.4714202202443698
4.833354856 0.47123812236505364
4.834706088 0.47107616678282827
4.836057318999999 0.4709364554541419
4.83740855 0.47078165248897846
4.838759782 0.4706171596119095
4.840111013 0.47042017689046495
4.841462245 0.4702415598100727
4.842813476 0.47008488497415574
4.844164708 0.46990278375696887
4.845515939 0.4697092919882314
4.8468671709999995 0.46948747206883773
4.8482184020000005 0.4692786765470109
4.849569633 0.4690871793921898
4.850920865 0.46886114208765967
4.852272096 0.4686209625833526
4.853623327999999 0.4683695706729359
4.854974559 0.4681331874363589
4.856325791000001 0.46792236994470227
4.857677022 0.4676800949335884
4.859028253 0.46742395235216594
4.860379485 0.46716848843433106
4.861730716 0.4669195400803228
4.863081948 0.466685257988622
4.864433179 0.4664003127192773
4.865784411 0.4660888760402927
4.867135642 0.46577518698143866
4.868486874 0.4654648681526859
4.8698381049999995 0.465166575020543
4.8711893360000005 0.4648269900037329
4.872540568000001 0.4644561626489127
4.873891799 0.46409309427441714
4.875243031 0.4637304245200601
4.876594261999999 0.46367594507975624
4.8779454939999995 0.4634956098781162
4.879296725000001 0.46289310529051814
4.880647956 0.46230642729975424
4.881999188 0.46172456547255525
4.883350419 0.4611419138533287
4.884701651 0.4605378475289703
4.8860528819999995 0.45990356802998344
4.887404114 0.4592950567113171
4.888755345 0.45869692949633567
4.890106576999999 0.4580732030047696
4.891457808 0.45743050972516386
4.892809038999999 0.45674246607693514
4.894160271 0.45607352960205483
4.895511502000001 0.4554186995839344
4.896862734 0.45473548939647507
4.898213965 0.45404128181664766
4.899565197 0.45331601948864036
4.900916428 0.4526142392271368
4.902267660000001 0.45194144583607615
4.903618891 0.4512432250284705
4.904970122 0.4505339369765603
4.906321354 0.44980373864475093
4.907672585 0.4490901626298391
4.9090238170000005 0.448418261539311
4.910375048 0.44772265229547503
4.91172628 0.44700850984623053
4.913077511 0.4462851287913318
4.914428742 0.4455636985979354
4.915779974 0.4448785765459694
4.917131205 0.44416779984239685
4.918482437 0.4434208817028237
4.919833668 0.44267997239524937
4.9211849 0.4419415276864412
4.922536131 0.44124688018302916
4.9238873629999995 0.44053915444719477
4.9252385940000005 0.43978214069727317
4.926589825 0.43903616904449444
4.927941057 0.4383019481452077
4.929292288 0.4376030839864294
4.930643519999999 0.4369130998215655
4.931994751 0.43617342443811263
4.933345983000001 0.4354452631958334
4.934697214 0.4347474776449314
4.936048445 0.43406127346712553
4.937399677 0.4333844655637142
4.938750908 0.43265113805171784
4.94010214 0.4319059451854043
4.941453371 0.431400428239194
4.942804603 0.43093280142440654
4.944155834 0.43019664772745453
4.945507066 0.4294131712766321
4.9468582969999995 0.428596889687264
4.9482095280000005 0.427809318770734
4.949560760000001 0.42702346522447227
4.950911991 0.4261955976270674
4.952263223 0.4253294538615064
4.953614453999999 0.42439086071683846
4.9549656859999995 0.4234463039025773
4.9563169170000005 0.422497671852166
4.957668148 0.4214519875426268
4.95901938 0.4203745168395264
4.960370611 0.4191535391567035
4.961721843 0.41790904533452006
4.9630730739999995 0.41661378059556214
4.964424306 0.415192033741849
4.965775537000001 0.41367602343862847
4.967126769 0.41194958676016374
4.968478 0.4101679773248611
4.969829230999999 0.40818235226895183
4.971180463 0.40609195459126474
4.972531694000001 0.40372966318894954
4.973882926 0.4011715662906263
4.975234157 0.39843836158013624
4.976585389 0.3954456211023699
4.97793662 0.3923851978285077
4.979287852000001 0.3887874777226146
4.980639083 0.3850906064650787
4.981990314 0.3809827072141745
4.983341545999999 0.3766645217322325
4.984692777 0.37208350696777653
4.986044009 0.3670471720711447
4.98739524 0.3618344788589492
4.988746472 0.35604114213678434
4.990097703 0.3501784828374336
4.991448934 0.34377192889447555
4.992800166 0.3371735937288336
4.9941513969999995 0.33012406210328515
4.995502629 0.32276128683871513
4.99685386 0.31521797032877713
4.998205092 0.3072240099913664
4.999556323 0.29926622439871875
5.0009075549999995 0.2906481691338925
5.0022587860000005 0.2821306890888486
5.003610017 0.27327526164610166
5.004961249 0.26438874460267264
5.006312479999999 0.25539217020364813
5.007663711999999 0.2462049035770134
5.009014943 0.23733955581874905
5.010366175 0.22803076455990418
5.011717406 0.21897023034851268
5.013068637 0.20975601248610568
5.014419869 0.2007781561185534
5.0157711 0.19177654980151929
5.017122332 0.1829919928269071
5.018473563 0.17440896097807676
5.019824795000001 0.16599439338945712
5.021176026 0.1578795681562108
5.022527258 0.14985819794894045
5.0238784889999994 0.14219053565306833
5.0252297200000005 0.13473032851042416
5.026580952000001 0.12761146406705515
5.027932183 0.12073679837666254
5.029283415 0.11414371900970963
5.030634646 0.10781495766187373
5.031985878 0.10179426152305604
5.033337109 0.0960904004023125
5.034688341 0.09064113895580744
5.036039572 0.08548767957640509
5.037390803 0.08053837638500994
5.038742035 0.0758757515619527
5.0400932659999995 0.07147935570144473
5.041444498 0.06732629927215572
5.042795729000001 0.06339916930294862
5.044146961 0.059680178759879944
5.045498192 0.05616710516002668
5.046849422999999 0.05288711751368624
5.048200655 0.049806204786917184
5.049551886000001 0.04689331939436065
5.050903118 0.044148747159102004
5.052254349 0.04155093221495772
5.053605581 0.039121477984824814
5.054956812 0.036862447337407137
5.056308044000001 0.03473263877346231
5.057659275 0.032724838768490756
5.059010506 0.0308305454835783
5.060361737999999 0.02904515704137191
5.061712969 0.02740025096782203
5.063064201 0.02585507210768696
5.064415432 0.024399426651655242
5.065766664 0.023026001363771285
5.067117895 0.02172937485896101
5.068469126 0.020519414827459587
5.069820358 0.019399002496845227
5.0711715889999995 0.0183353454164633
5.072522821 0.017326346861002487
5.073874052 0.016377115510863363
5.075225284 0.015481817625734771
5.076576515 0.014662391471668826
5.0779277469999995 0.013904597556668539
5.0792789780000005 0.013160060487244312
5.080630209 0.012455854378920128
5.081981441 0.0117947905503102
5.083332671999999 0.01117789693118459
5.084683904 0.010610274012347685
5.086035135 0.010063940450313094
5.087386367 0.009538264905950031
5.088737598 0.009046210221533894
5.090088829 0.008582899742670689
5.091440061 0.00815979599842842
5.092791292 0.007761740653274337
5.094142524 0.007367628504738793
5.095493755000001 0.006993736267193233
5.096844987000001 0.006648227399241976
5.098196218 0.006323608346090479
5.09954745 0.006026285265701048
