    0.0099999
    0.0500000
    0.10151800
    0.12780400
    0.16089600
    0.18052899
    0.22727200
    0.28611901
    0.32103101
    0.40415398
    0.50880099
    0.57088397
    0.71870099
    0.90479200
    1.0151900
    1.2780500
    1.6089800
    1.6800000
    1.8000000
    2.0000000
    2.1000000
    2.3000000
    2.5000000
    2.6000000
    3.0000000
    3.5000000
    3.7500001
    4.2499999
    4.7500001
    5.0000000
    5.5000003
    6.0000000
    6.2499999
    6.7500001
    7.2499999
    7.5000003
    8.0000000
    8.4999997
    8.7500001
    9.2499999
    9.7499996
    10.000000
    10.500000
    11.000001
    11.250000
    11.750000
    12.250000
    12.500000
    12.999999
    13.500000
    13.750000
    14.250000
    14.750000
